tables,1508997153.286139,1509006127.5026603
query,1509006127.50351,1509006131.123519,10270
query,1509006131.1396239,1509006132.2933462,13322
query,1509006132.2933512,1509006132.9282262,8963
query,1509006132.9282303,1509006133.2766306,4693
query,1509006133.2766345,1509006133.7499268,8698
query,1509006133.749931,1509006133.871565,3888
query,1509006133.8715706,1509006133.941136,847
query,1509006133.94114,1509006135.9227185,7589
query,1509006135.922723,1509006136.0998619,3443
query,1509006136.0998664,1509006136.5734863,8835
query,1509006136.5734906,1509006136.6275668,3
query,1509006136.627571,1509006136.7034242,217
query,1509006136.703429,1509006137.4817345,14502
query,1509006137.4817386,1509006138.1037586,7580
query,1509006138.1037629,1509006138.6293604,13734
query,1509006138.6293647,1509006138.8403158,8146
query,1509006138.8403194,1509006139.3699071,13128
query,1509006139.3699114,1509006140.1886697,10848
query,1509006140.1886747,1509006141.1050117,7596
query,1509006141.105016,1509006141.2801504,3994
query,1509006141.280347,1509006141.6172762,7427
query,1509006141.6334784,1509006142.44327,7588
query,1509006142.4432745,1509006142.5475366,2142
query,1509006142.5475407,1509006143.391977,14457
query,1509006143.391981,1509006143.8267498,7480
query,1509006143.8267536,1509006143.9809797,2161
query,1509006143.9809842,1509006144.5767736,10933
query,1509006144.5767782,1509006144.6770916,3549
query,1509006144.677096,1509006144.740456,578
query,1509006144.7404606,1509006145.5233605,14471
query,1509006145.5233645,1509006145.9028301,12888
query,1509006145.902835,1509006146.1935523,8265
query,1509006146.1935568,1509006146.582454,10051
query,1509006146.5824585,1509006147.2705388,14575
query,1509006147.270543,1509006147.6385584,7752
query,1509006147.6385627,1509006148.3230186,7584
query,1509006148.323023,1509006148.514194,4699
query,1509006148.5141988,1509006149.460438,13553
query,1509006149.4604425,1509006149.98999,7581
query,1509006149.9899945,1509006150.770043,14529
query,1509006150.7700863,1509006151.1256678,11014
query,1509006151.1385713,1509006151.7919645,9897
query,1509006151.7919688,1509006152.1058831,7533
query,1509006152.1058881,1509006152.4295208,8420
query,1509006152.4295251,1509006153.0444314,7580
query,1509006153.044436,1509006153.9504352,7576
query,1509006153.9504392,1509006154.2261455,4696
query,1509006154.22615,1509006154.6171882,12999
query,1509006154.6171925,1509006154.7723157,3669
query,1509006154.7723196,1509006155.220738,7528
query,1509006155.2207422,1509006155.7318897,14542
query,1509006155.7318938,1509006155.8867385,15
query,1509006155.8867426,1509006156.4154508,12800
query,1509006156.4154546,1509006156.5311775,1494
query,1509006156.5311823,1509006156.6805804,26
query,1509006156.680584,1509006157.3090737,9475
query,1509006157.3090775,1509006158.2304618,10290
query,1509006158.2304661,1509006158.4151847,53
query,1509006158.415189,1509006158.6212199,648
query,1509006158.6212244,1509006158.8764977,7943
query,1509006158.8765535,1509006159.1595008,7294
query,1509006159.173244,1509006160.0609024,14842
query,1509006160.0609078,1509006160.529417,9410
query,1509006160.5294218,1509006161.1974146,14620
query,1509006161.1974192,1509006161.557743,13078
query,1509006161.5577474,1509006161.7824712,7587
query,1509006161.7824752,1509006162.4526105,11541
query,1509006162.4526145,1509006163.1434872,14485
query,1509006163.1434903,1509006163.5956504,8090
query,1509006163.5956545,1509006164.0892959,13190
query,1509006164.0893002,1509006164.6864836,7544
query,1509006164.6864882,1509006165.023773,3249
query,1509006165.0237777,1509006165.293183,4408
query,1509006165.2931867,1509006166.0397546,10457
query,1509006166.0397582,1509006166.748567,8135
query,1509006166.7485712,1509006167.1956582,4412
query,1509006167.1956618,1509006168.9749115,19256
query,1509006168.974916,1509006169.8763468,17425
query,1509006169.876351,1509006169.9632668,1274
query,1509006169.9632711,1509006170.6015253,21408
query,1509006170.6015673,1509006170.7645156,1948
query,1509006170.7780285,1509006171.153197,5374
query,1509006171.1532016,1509006171.464603,5662
query,1509006171.4646072,1509006172.5441992,12419
query,1509006172.5442023,1509006173.27623,13589
query,1509006173.2762353,1509006174.3544424,14533
query,1509006174.3544466,1509006174.7552238,6169
query,1509006174.755228,1509006174.786282,1
query,1509006174.7862856,1509006175.5605226,17163
query,1509006175.5605266,1509006175.931507,11125
query,1509006175.9315112,1509006176.5616696,7506
query,1509006176.5616744,1509006177.057676,9141
query,1509006177.0576804,1509006177.2725196,5994
query,1509006177.2725239,1509006177.3177798,0
query,1509006177.3177845,1509006177.9179664,7160
query,1509006177.9179704,1509006179.0508552,21511
query,1509006179.0508595,1509006179.6213746,7773
query,1509006179.621379,1509006180.2288666,5281
query,1509006180.2288709,1509006180.3063471,287
query,1509006180.3063512,1509006180.8220038,5768
query,1509006180.8220508,1509006181.3783503,4836
query,1509006181.3913558,1509006181.5094554,658
query,1509006181.5094597,1509006182.955441,11849
query,1509006182.9554458,1509006183.1930645,9783
query,1509006183.1930687,1509006183.571164,8876
query,1509006183.5711677,1509006183.9288874,2291
query,1509006183.9288917,1509006185.339263,17322
query,1509006185.3392675,1509006185.7703393,3084
query,1509006185.7703443,1509006185.9090583,2582
query,1509006185.9090624,1509006186.768681,12158
query,1509006186.768685,1509006186.9353712,3528
query,1509006186.9353752,1509006187.0276115,162
query,1509006187.0276155,1509006188.1321044,13840
query,1509006188.132109,1509006188.2807128,182
query,1509006188.2807171,1509006189.1108336,12259
query,1509006189.1108382,1509006189.2909474,5589
query,1509006189.290951,1509006189.394304,1252
query,1509006189.3943086,1509006189.4634087,13
query,1509006189.463413,1509006190.3144805,7783
query,1509006190.3144841,1509006190.6875155,4767
query,1509006190.6875613,1509006191.5618548,11280
query,1509006191.5763686,1509006192.4312809,12564
query,1509006192.4312844,1509006192.7139478,2963
query,1509006192.713952,1509006193.4870245,9797
query,1509006193.4870293,1509006194.251108,11892
query,1509006194.2511125,1509006195.063058,17578
query,1509006195.063062,1509006195.5767746,8873
query,1509006195.5767787,1509006195.8257515,8197
query,1509006195.8257556,1509006196.1783118,3228
query,1509006196.178316,1509006197.1944342,17047
query,1509006197.194438,1509006197.578338,4842
query,1509006197.5783415,1509006199.1182752,19294
query,1509006199.118279,1509006199.2833369,3014
query,1509006199.2833407,1509006200.0118203,9313
query,1509006200.0118244,1509006200.4985178,11102
query,1509006200.4985216,1509006200.619409,1653
query,1509006200.6194127,1509006200.8234546,6317
query,1509006200.8234582,1509006201.4418864,6884
query,1509006201.4418907,1509006202.3608956,8372
query,1509006202.3608997,1509006202.6871264,6572
query,1509006202.6871693,1509006203.1725059,8799
query,1509006203.1855793,1509006204.1541724,13296
query,1509006204.1541772,1509006204.4002807,3283
query,1509006204.4002845,1509006204.4837253,5
query,1509006204.4837303,1509006205.5210109,14970
query,1509006205.5210152,1509006205.9528575,2565
query,1509006205.952861,1509006205.9882493,0
query,1509006205.9882534,1509006206.428975,8852
query,1509006206.4289787,1509006206.5363393,1499
query,1509006206.5363429,1509006207.3299668,9939
query,1509006207.3299708,1509006208.6152284,21474
query,1509006208.615233,1509006208.9288776,2755
query,1509006208.9288814,1509006209.4195151,11750
query,1509006209.419519,1509006210.8531916,14495
query,1509006210.8531954,1509006211.2209287,8837
query,1509006211.2209332,1509006212.255622,16716
query,1509006212.2556262,1509006212.665662,4844
query,1509006212.6656673,1509006212.923463,10183
query,1509006212.9234676,1509006213.5393114,7711
query,1509006213.5393152,1509006213.8622565,5445
query,1509006213.8623064,1509006215.4704292,18847
query,1509006215.4836044,1509006216.9741824,15451
query,1509006216.9741862,1509006217.3130355,10009
query,1509006217.31304,1509006218.0079513,12327
query,1509006218.0079548,1509006218.8997836,18555
query,1509006218.8997877,1509006219.2913725,6790
query,1509006219.291377,1509006219.3655794,1249
query,1509006219.3655832,1509006220.3657627,16519
query,1509006220.3657672,1509006220.6201887,4083
query,1509006220.6201932,1509006221.4235015,14387
query,1509006221.4235053,1509006222.056574,7221
query,1509006222.056578,1509006222.12053,2
query,1509006222.1205332,1509006222.214873,26
query,1509006222.2148776,1509006222.4233031,2168
query,1509006222.423307,1509006222.8007534,8146
query,1509006222.8007574,1509006223.2663615,4955
query,1509006223.2663655,1509006223.3638082,27
query,1509006223.3638122,1509006223.6059597,4725
query,1509006223.6059637,1509006223.923608,5432
query,1509006223.9236116,1509006224.38322,6186
query,1509006224.3832605,1509006224.478037,0
query,1509006224.4794858,1509006226.5543027,19105
query,1509006226.5543067,1509006226.683097,35
query,1509006226.683101,1509006227.9478836,18358
query,1509006227.9478872,1509006228.3145897,9473
query,1509006228.314594,1509006228.7902098,8608
query,1509006228.790215,1509006228.8714905,2564
query,1509006228.8714943,1509006229.2124846,3496
query,1509006229.2124882,1509006229.8310974,8717
query,1509006229.8311014,1509006230.5560026,7178
query,1509006230.5560074,1509006231.743545,13935
query,1509006231.7435498,1509006231.7982626,2
query,1509006231.7982671,1509006232.0307388,3764
query,1509006232.030743,1509006232.1470847,1627
query,1509006232.1470885,1509006233.707527,22288
query,1509006233.707531,1509006234.7924228,12243
query,1509006234.7924268,1509006235.3434255,3851
query,1509006235.3434298,1509006235.697393,4779
query,1509006235.6973975,1509006236.94589,16944
query,1509006236.9458935,1509006238.6521428,17475
query,1509006238.6521845,1509006238.8667793,411
query,1509006238.87966,1509006239.8095357,8251
query,1509006239.8095396,1509006241.0697198,16440
query,1509006241.069724,1509006241.875359,8008
query,1509006241.8753645,1509006242.5576265,16819
query,1509006242.5576303,1509006243.9298007,17271
query,1509006243.929805,1509006244.2326925,6285
query,1509006244.2326968,1509006244.345486,1339
query,1509006244.34549,1509006244.848046,7816
query,1509006244.8480504,1509006245.7275326,12312
query,1509006245.7275367,1509006245.865272,3828
query,1509006245.8652763,1509006245.906222,1
query,1509006245.9062276,1509006246.0232646,82
query,1509006246.0232692,1509006247.4782407,12925
query,1509006247.4782453,1509006248.7412524,22029
query,1509006248.7412562,1509006249.010603,2323
query,1509006249.0106075,1509006250.1953857,4951
query,1509006250.19539,1509006250.3630552,1563
query,1509006250.363059,1509006250.4892735,715
query,1509006250.4892776,1509006251.079996,7841
query,1509006251.0800338,1509006252.098984,12567
query,1509006252.1110504,1509006252.5717363,7199
query,1509006252.5717404,1509006252.9826388,4682
query,1509006252.982643,1509006254.0884998,12743
query,1509006254.0885036,1509006254.8357193,4926
query,1509006254.8357232,1509006255.5436883,17287
query,1509006255.543692,1509006256.1834455,9973
query,1509006256.1834495,1509006256.7446096,13437
query,1509006256.7446141,1509006256.7795556,0
query,1509006256.77956,1509006257.5469692,13113
query,1509006257.5469735,1509006258.395843,13434
query,1509006258.3958476,1509006258.7305658,6284
query,1509006258.7305703,1509006259.9446278,17905
query,1509006259.9446316,1509006261.1239653,17906
query,1509006261.1239698,1509006262.942571,19105
query,1509006262.9425745,1509006263.0646737,843
query,1509006263.064677,1509006263.2647278,10683
query,1509006263.264732,1509006263.3832839,2094
query,1509006263.383288,1509006263.633253,5409
query,1509006263.6332567,1509006263.7510917,42
query,1509006263.7511418,1509006264.427574,16866
query,1509006264.4403737,1509006265.2539482,13762
query,1509006265.253952,1509006265.683452,9108
query,1509006265.6834562,1509006266.2113771,12118
query,1509006266.211381,1509006267.346065,15206
query,1509006267.3460693,1509006267.9330368,9024
query,1509006267.9330413,1509006268.01407,1704
query,1509006268.0140738,1509006269.3919683,16266
query,1509006269.3919725,1509006270.9208384,17656
query,1509006270.9208426,1509006271.7685535,7471
query,1509006271.7685573,1509006271.8995564,2426
query,1509006271.8995602,1509006272.8511698,13663
query,1509006272.8511734,1509006273.537877,9490
query,1509006273.537881,1509006274.331618,15296
query,1509006274.331622,1509006274.3762047,0
query,1509006274.3762088,1509006274.4668891,20
query,1509006274.4668927,1509006275.0974529,10500
query,1509006275.097457,1509006275.178567,145
query,1509006275.1785707,1509006275.267103,47
query,1509006275.2671077,1509006276.736745,17960
query,1509006276.736787,1509006277.6552444,12474
query,1509006277.667296,1509006278.3398576,12245
query,1509006278.3398619,1509006278.6351762,6329
query,1509006278.63518,1509006278.6891341,0
query,1509006278.6891387,1509006278.7672987,199
query,1509006278.7673025,1509006280.3779626,23391
query,1509006280.3779671,1509006280.8061378,6359
query,1509006280.8061419,1509006281.0312245,5378
query,1509006281.0312285,1509006281.0768611,99
query,1509006281.0768657,1509006281.3953173,3715
query,1509006281.3953216,1509006282.9477887,13247
query,1509006282.9477928,1509006283.8138812,4941
query,1509006283.813885,1509006283.903226,2
query,1509006283.9032297,1509006284.580336,12702
query,1509006284.5803397,1509006284.6362832,3
query,1509006284.6362867,1509006286.0632873,19120
query,1509006286.0632918,1509006287.6511881,14960
query,1509006287.6511924,1509006287.7930455,365
query,1509006287.7930498,1509006288.0938709,2492
query,1509006288.0938816,1509006289.356497,14944
query,1509006289.3565419,1509006291.4101944,20452
query,1509006291.4225879,1509006291.651447,2354
query,1509006291.6514509,1509006292.0711033,9561
query,1509006292.071109,1509006292.232447,113
query,1509006292.2324507,1509006292.4216905,4596
query,1509006292.421695,1509006292.7069478,5810
query,1509006292.706952,1509006293.1304836,4767
query,1509006293.1304884,1509006293.2172585,461
query,1509006293.2172618,1509006293.2520788,0
query,1509006293.2520826,1509006293.854939,16791
query,1509006293.854944,1509006294.1683226,3851
query,1509006294.168327,1509006294.3623958,1113
query,1509006294.3624008,1509006295.6601303,21608
query,1509006295.660134,1509006296.71096,21843
query,1509006296.7109637,1509006296.879532,997
query,1509006296.8795357,1509006297.2689333,8297
query,1509006297.2689378,1509006298.5112548,17145
query,1509006298.5112593,1509006298.9515173,4437
query,1509006298.9515214,1509006299.1869185,4015
query,1509006299.1869228,1509006299.9382064,12562
query,1509006299.9382594,1509006301.7494447,22430
query,1509006301.7620976,1509006301.94546,185
query,1509006301.9454646,1509006302.4702065,7145
query,1509006302.4702103,1509006303.189775,6989
query,1509006303.189779,1509006303.319973,5922
query,1509006303.3199773,1509006303.5060685,8239
query,1509006303.5060723,1509006304.1974914,10356
query,1509006304.197496,1509006304.7115571,4791
query,1509006304.7115614,1509006305.5500073,10875
query,1509006305.5500116,1509006305.6601548,827
query,1509006305.6601596,1509006305.9047744,4833
query,1509006305.9047787,1509006307.194779,16050
query,1509006307.1947827,1509006307.41012,15501
query,1509006307.410124,1509006307.4794788,6
query,1509006307.4794827,1509006308.9550192,12723
query,1509006308.9550242,1509006309.0328636,2
query,1509006309.0328689,1509006310.6991737,17091
query,1509006310.6991782,1509006310.835861,1481
query,1509006310.8358657,1509006311.2949126,9931
query,1509006311.2949162,1509006311.7095828,11901
query,1509006311.7096374,1509006312.5492616,13148
query,1509006312.562225,1509006313.842044,16298
query,1509006313.8420486,1509006313.9042373,822
query,1509006313.9042413,1509006314.7690828,14314
query,1509006314.7690868,1509006315.1891403,4808
query,1509006315.189145,1509006315.2695684,31
query,1509006315.2695725,1509006316.1841147,15107
query,1509006316.1841187,1509006316.2390873,5
query,1509006316.239092,1509006316.320338,1369
query,1509006316.3203425,1509006317.3181384,19273
query,1509006317.3181424,1509006317.6965687,5868
query,1509006317.6965725,1509006318.7221785,12591
query,1509006318.7221832,1509006320.7008393,18299
query,1509006320.7008436,1509006322.0905719,15256
query,1509006322.0905766,1509006322.6304092,5209
query,1509006322.6304138,1509006323.0746384,13614
query,1509006323.0746427,1509006323.4904304,9304
query,1509006323.490435,1509006323.5556905,2
query,1509006323.555694,1509006325.175698,21705
query,1509006325.1757016,1509006325.4059336,3817
query,1509006325.405979,1509006325.484215,1014
query,1509006325.497677,1509006326.041387,11128
query,1509006326.0413911,1509006326.1000564,1332
query,1509006326.1000605,1509006326.134218,1
query,1509006326.1342218,1509006326.3802903,2350
query,1509006326.3802943,1509006326.7663345,5614
query,1509006326.7663388,1509006327.752916,11704
query,1509006327.7529204,1509006328.1415431,6856
query,1509006328.1415477,1509006328.2092514,0
query,1509006328.209256,1509006328.3162196,1611
query,1509006328.3162236,1509006329.5499632,12729
query,1509006329.549967,1509006330.436201,17252
query,1509006330.4362059,1509006331.6218255,15280
query,1509006331.6218297,1509006333.2564552,17131
query,1509006333.2564592,1509006334.0592358,8145
query,1509006334.0592399,1509006334.1299245,857
query,1509006334.129928,1509006334.6142592,7856
query,1509006334.6142633,1509006335.7842116,13507
query,1509006335.7842157,1509006335.859175,6
query,1509006335.8591788,1509006336.5263135,12053
query,1509006336.5263567,1509006337.7977004,17106
query,1509006337.8107152,1509006337.963992,32
query,1509006337.9639964,1509006338.4240716,12202
query,1509006338.4240758,1509006339.6662796,17305
query,1509006339.666284,1509006339.71208,0
query,1509006339.712084,1509006339.8656025,12
query,1509006339.8656065,1509006339.9932919,1589
query,1509006339.9932964,1509006340.0971363,1137
query,1509006340.0971406,1509006341.358295,20316
query,1509006341.3582985,1509006341.8185232,7016
query,1509006341.8185275,1509006341.998805,4150
query,1509006341.998809,1509006342.392539,6253
query,1509006342.392543,1509006342.7576435,3413
query,1509006342.7576485,1509006342.8441923,1785
query,1509006342.8441966,1509006342.9113357,120
query,1509006342.9113407,1509006343.1784213,3230
query,1509006343.1784256,1509006343.760609,8750
query,1509006343.7606134,1509006345.3483362,22175
query,1509006345.34834,1509006346.0414674,12418
query,1509006346.0414727,1509006347.0530543,14880
query,1509006347.0530984,1509006347.7913241,12680
query,1509006347.803541,1509006347.9577415,12695
query,1509006347.9577465,1509006348.4129798,12178
query,1509006348.4129846,1509006348.770961,5836
query,1509006348.7709656,1509006349.793413,17238
query,1509006349.7934172,1509006350.327779,6780
query,1509006350.3277833,1509006350.799768,9201
query,1509006350.7997718,1509006352.241742,21032
query,1509006352.2417457,1509006352.3353968,9
query,1509006352.335401,1509006353.4383013,15493
query,1509006353.4383056,1509006353.5273244,1747
query,1509006353.5273633,1509006353.8193643,2971
query,1509006353.8193686,1509006354.304703,12096
query,1509006354.3047068,1509006354.6861765,5317
query,1509006354.6861813,1509006355.0008447,12077
query,1509006355.0008492,1509006355.617202,9999
query,1509006355.6172056,1509006355.6749644,452
query,1509006355.6749682,1509006356.208709,5950
query,1509006356.2087133,1509006356.6721883,7165
query,1509006356.672192,1509006357.3473601,13546
query,1509006357.3474019,1509006357.4737508,1223
query,1509006357.4877253,1509006358.388659,21606
query,1509006358.3886628,1509006358.9450662,6491
query,1509006358.9450703,1509006359.8481243,12869
query,1509006359.848128,1509006361.1496415,19014
query,1509006361.149647,1509006361.7590446,7774
query,1509006361.7590487,1509006362.3846166,7822
query,1509006362.3846214,1509006362.9907417,7293
query,1509006362.9907455,1509006363.1362758,3263
query,1509006363.1362793,1509006363.7186205,7516
query,1509006363.7186248,1509006363.7817369,60
query,1509006363.7817411,1509006364.5247567,17222
query,1509006364.5247614,1509006364.7675614,4848
query,1509006364.767566,1509006365.2688625,6485
query,1509006365.2688668,1509006366.111838,10789
query,1509006366.1118422,1509006367.6062346,18491
query,1509006367.6062388,1509006369.1125119,16562
query,1509006369.1125162,1509006369.7849965,8014
query,1509006369.785001,1509006370.2017367,4992
query,1509006370.2017412,1509006370.29767,231
query,1509006370.2977161,1509006370.7474189,7848
query,1509006370.75988,1509006370.8448615,24
query,1509006370.8448672,1509006371.8683028,21846
query,1509006371.8683074,1509006372.4184992,11380
query,1509006372.4185035,1509006372.86691,6299
query,1509006372.8669143,1509006373.5658135,15365
query,1509006373.565818,1509006375.2074065,21604
query,1509006375.2074108,1509006375.5137956,5237
query,1509006375.5137997,1509006375.5642338,87
query,1509006375.5642378,1509006376.0836494,11802
query,1509006376.083654,1509006377.5262148,18570
query,1509006377.5262184,1509006378.8128316,17404
query,1509006378.8128357,1509006379.1483607,8311
query,1509006379.148366,1509006379.1966827,2
query,1509006379.1966863,1509006380.0639544,14360
query,1509006380.0639582,1509006380.7102313,13578
query,1509006380.7102356,1509006381.300019,13413
query,1509006381.300023,1509006381.6442993,7456
query,1509006381.6443033,1509006381.750123,1174
query,1509006381.750127,1509006382.4267297,11620
query,1509006382.426766,1509006383.4639764,18546
query,1509006383.4762092,1509006384.1158636,17739
query,1509006384.1158676,1509006385.0858567,12770
query,1509006385.085861,1509006386.1138391,16309
query,1509006386.113843,1509006386.1789029,3
query,1509006386.1789062,1509006386.5760148,7340
query,1509006386.576019,1509006386.7099369,3
query,1509006386.709941,1509006387.088551,6851
query,1509006387.0885553,1509006387.9104013,5749
query,1509006387.9104056,1509006388.1727333,7436
query,1509006388.1727376,1509006388.6258614,12063
query,1509006388.6258664,1509006389.0096881,5196
query,1509006389.0096924,1509006389.294144,5271
query,1509006389.2941482,1509006389.8919816,5875
query,1509006389.891986,1509006390.103285,2755
query,1509006390.1032896,1509006391.2940192,25322
query,1509006391.294024,1509006391.847633,7922
query,1509006391.847637,1509006391.9261434,1236
query,1509006391.926147,1509006392.0075798,210
query,1509006392.0075834,1509006392.365978,5400
query,1509006392.366017,1509006393.3179543,14914
query,1509006393.3304253,1509006393.5141947,409
query,1509006393.5141995,1509006393.888191,6951
query,1509006393.8881955,1509006394.8086634,20014
query,1509006394.8086674,1509006395.6539962,11311
query,1509006395.654,1509006396.1285586,6519
query,1509006396.1285625,1509006396.3595731,5604
query,1509006396.3595777,1509006396.6560104,7541
query,1509006396.6560144,1509006396.8572783,3065
query,1509006396.857283,1509006397.1381702,6763
query,1509006397.1381748,1509006397.9320748,17034
query,1509006397.9320788,1509006398.613705,12150
query,1509006398.6137092,1509006398.9111042,4411
query,1509006398.911108,1509006399.0792344,8718
query,1509006399.0792394,1509006399.7109315,12483
query,1509006399.7109356,1509006399.82256,1775
query,1509006399.8225644,1509006399.8560846,0
query,1509006399.8560886,1509006400.1924171,6683
query,1509006400.1924279,1509006400.5233853,5799
query,1509006400.5233898,1509006401.4094594,12938
query,1509006401.409513,1509006402.5795033,15468
query,1509006402.59283,1509006403.603224,15203
query,1509006403.6032279,1509006403.8695102,2732
query,1509006403.8695142,1509006405.0189261,20471
query,1509006405.0189307,1509006405.1901138,3677
query,1509006405.1901178,1509006406.0316775,23180
query,1509006406.0316815,1509006407.4168315,21548
query,1509006407.416837,1509006409.1896217,23496
query,1509006409.1896253,1509006409.2659,78
query,1509006409.2659042,1509006409.6472435,12150
query,1509006409.647248,1509006409.8229322,2727
query,1509006409.822936,1509006411.0210793,19500
query,1509006411.0210838,1509006411.4655306,4727
query,1509006411.4655352,1509006412.1052518,12472
query,1509006412.105256,1509006412.5305696,5760
query,1509006412.5305736,1509006413.17876,16812
query,1509006413.1787639,1509006413.482129,4179
query,1509006413.4821334,1509006414.0209658,4114
query,1509006414.0209703,1509006414.245436,7824
query,1509006414.24544,1509006414.324212,431
query,1509006414.3242528,1509006415.5961258,4951
query,1509006415.6123211,1509006415.983607,6905
query,1509006415.9836109,1509006416.5249395,6794
query,1509006416.524943,1509006417.1631253,5227
query,1509006417.1631293,1509006417.4964418,2215
query,1509006417.496446,1509006417.678142,987
query,1509006417.6781456,1509006418.3113263,16926
query,1509006418.3113308,1509006418.7588453,6948
query,1509006418.7588499,1509006419.0909681,2416
query,1509006419.0909722,1509006419.1254268,2
query,1509006419.1254306,1509006419.9683146,12253
query,1509006419.968319,1509006420.4231536,13669
query,1509006420.4231582,1509006421.9621494,18199
query,1509006421.9621532,1509006422.1575124,496
query,1509006422.1575165,1509006422.9610472,8966
query,1509006422.9610515,1509006423.9292548,12184
query,1509006423.9292588,1509006424.583641,9276
query,1509006424.583646,1509006425.4833403,16856
query,1509006425.4833455,1509006426.588231,16865
query,1509006426.5882354,1509006427.3803537,11547
query,1509006427.3803933,1509006428.2261848,11075
query,1509006428.2388575,1509006429.324091,21489
query,1509006429.3240948,1509006430.9195268,17206
query,1509006430.9195309,1509006431.2946641,4808
query,1509006431.2946677,1509006432.301999,13504
query,1509006432.3020036,1509006433.0848427,12333
query,1509006433.0848467,1509006433.4457705,4308
query,1509006433.4457753,1509006433.4923618,0
query,1509006433.4923663,1509006433.589786,634
query,1509006433.5897899,1509006434.126991,7638
query,1509006434.1269948,1509006435.551404,19520
query,1509006435.5514085,1509006435.7984135,3808
query,1509006435.7984185,1509006436.7094176,14878
query,1509006436.7094226,1509006437.238547,12345
query,1509006437.2385514,1509006438.863403,18041
query,1509006438.8634071,1509006439.0738208,4025
query,1509006439.0738246,1509006440.6382215,21652
query,1509006440.6382258,1509006441.0382714,6111
query,1509006441.0382752,1509006441.3753319,7607
query,1509006441.3753357,1509006442.3842716,17131
query,1509006442.3843105,1509006442.9917135,8290
query,1509006443.0056381,1509006443.3890753,7388
query,1509006443.3890796,1509006443.5116248,762
query,1509006443.511629,1509006443.5899773,230
query,1509006443.5899813,1509006444.5705876,11329
query,1509006444.5705924,1509006444.8225396,2312
query,1509006444.8225439,1509006446.8817492,22010
query,1509006446.8817532,1509006447.286175,10037
query,1509006447.2861788,1509006447.534831,5722
query,1509006447.5348353,1509006447.8887153,3959
query,1509006447.8887196,1509006448.1676695,3101
query,1509006448.167674,1509006449.1417706,19125
query,1509006449.141775,1509006449.5513115,5276
query,1509006449.5513153,1509006450.1861975,12421
query,1509006450.1862025,1509006451.133116,9863
query,1509006451.1331203,1509006452.545013,17657
query,1509006452.5450175,1509006453.874549,22210
query,1509006453.8745534,1509006454.6913593,16291
query,1509006454.6913636,1509006455.6313083,16766
query,1509006455.6313124,1509006455.9159696,5752
query,1509006455.9160109,1509006457.2998762,13496
query,1509006457.3129082,1509006458.1620605,18328
query,1509006458.1620648,1509006458.3619764,2529
query,1509006458.3619802,1509006459.2196672,9726
query,1509006459.2196712,1509006460.775131,18769
query,1509006460.7751355,1509006462.2585301,21653
query,1509006462.2585344,1509006462.638848,6998
query,1509006462.6388524,1509006462.7831032,995
query,1509006462.7831073,1509006462.8883336,60
query,1509006462.8883376,1509006463.8261752,12633
query,1509006463.8261793,1509006463.9845023,21
query,1509006463.984507,1509006464.8411496,9005
query,1509006464.8411539,1509006465.7789502,2927
query,1509006465.7789545,1509006466.491865,6772
query,1509006466.491869,1509006466.8950129,7079
query,1509006466.8950176,1509006467.3903155,4877
query,1509006467.3903198,1509006468.1909766,8529
query,1509006468.190981,1509006468.3654823,2097
query,1509006468.365487,1509006468.8073194,6659
query,1509006468.8073232,1509006469.1392841,4605
query,1509006469.1393278,1509006469.7507393,6846
query,1509006469.7632926,1509006470.7321997,12598
query,1509006470.7322037,1509006470.7761006,0
query,1509006470.7761054,1509006470.8628583,135
query,1509006470.8628626,1509006471.339433,7192
query,1509006471.339437,1509006471.694232,6434
query,1509006471.6942356,1509006471.7530148,20
query,1509006471.7530189,1509006471.8164513,470
query,1509006471.8164554,1509006471.8821099,8
query,1509006471.8821144,1509006472.785602,4949
query,1509006472.7856069,1509006473.6547303,18020
query,1509006473.6547341,1509006474.8668163,17427
query,1509006474.8668206,1509006475.0033686,2561
query,1509006475.0033724,1509006475.0363996,0
query,1509006475.0364037,1509006475.857761,15097
query,1509006475.8577657,1509006476.2118654,4252
query,1509006476.21187,1509006477.424288,19461
query,1509006477.4242926,1509006478.7475257,15272
query,1509006478.74753,1509006479.3235562,9233
query,1509006479.3235612,1509006479.7262037,12755
query,1509006479.7262444,1509006479.9447184,3771
query,1509006479.9581225,1509006480.0265028,94
query,1509006480.0265071,1509006481.1475906,13939
query,1509006481.147595,1509006482.515826,23510
query,1509006482.5158298,1509006483.0035465,12783
query,1509006483.003551,1509006484.1086192,13798
query,1509006484.108623,1509006484.8317013,14882
query,1509006484.831705,1509006485.1152186,8723
query,1509006485.115223,1509006485.9506228,17336
query,1509006485.9506266,1509006486.686193,4852
query,1509006486.6861968,1509006486.7467284,56
query,1509006486.7467325,1509006487.178685,21390
query,1509006487.1786892,1509006487.3694668,6527
query,1509006487.369471,1509006488.4593956,21522
query,1509006488.4594004,1509006488.83058,6924
query,1509006488.830585,1509006489.5330646,21436
query,1509006489.5330687,1509006491.379942,18375
query,1509006491.3799462,1509006492.1086257,17260
query,1509006492.1086297,1509006493.034115,12216
query,1509006493.034119,1509006493.2032585,1876
query,1509006493.2033014,1509006493.901199,12220
query,1509006493.9143434,1509006494.5955029,8050
query,1509006494.5955074,1509006494.9653122,9161
query,1509006494.9653168,1509006495.039956,2
query,1509006495.0399604,1509006495.9597797,17941
query,1509006495.9597838,1509006496.5478003,9245
query,1509006496.547805,1509006496.6149676,2069
query,1509006496.6149719,1509006496.71947,1615
query,1509006496.7194743,1509006498.0463183,21887
query,1509006498.0463226,1509006498.358289,4968
query,1509006498.358294,1509006499.2091284,11003
query,1509006499.2091331,1509006500.357286,15332
query,1509006500.3572912,1509006500.6442606,2057
query,1509006500.6442654,1509006501.0701118,11166
query,1509006501.0701163,1509006501.7821233,8308
query,1509006501.7821279,1509006502.3991888,4645
query,1509006502.399193,1509006503.2329054,8254
query,1509006503.2329104,1509006503.334627,1462
query,1509006503.3346317,1509006503.7883685,7454
query,1509006503.788373,1509006504.0631766,3689
query,1509006504.0632315,1509006504.1652074,0
query,1509006504.1667206,1509006504.9884312,10110
query,1509006504.988436,1509006505.0388896,284
query,1509006505.0388937,1509006506.4027126,21956
query,1509006506.4027166,1509006506.748404,6515
query,1509006506.7484083,1509006506.9665222,8461
query,1509006506.9665272,1509006508.0083108,16406
query,1509006508.008315,1509006509.2079787,17631
query,1509006509.2079833,1509006509.9529643,8867
query,1509006509.9529686,1509006511.115965,15552
query,1509006511.1159687,1509006512.5697865,21739
query,1509006512.5697904,1509006513.9971807,14846
query,1509006513.9971848,1509006515.2179298,14445
query,1509006515.2179334,1509006515.8064044,11720
query,1509006515.8064086,1509006515.8535726,2
query,1509006515.8535762,1509006516.8736463,15719
query,1509006516.8736503,1509006517.681868,16743
query,1509006517.6818728,1509006518.4763017,7005
query,1509006518.4763062,1509006519.3844323,17000
query,1509006519.3844361,1509006519.7605743,5024
query,1509006519.7606122,1509006521.3257203,17467
query,1509006521.3384442,1509006523.167248,17957
query,1509006523.167253,1509006523.2299721,2
query,1509006523.2299762,1509006523.5167694,701
query,1509006523.516774,1509006524.48457,21605
query,1509006524.4845743,1509006524.529975,0
query,1509006524.529979,1509006524.5688722,0
query,1509006524.5688767,1509006525.0292315,8569
query,1509006525.0292356,1509006525.1327019,747
query,1509006525.132706,1509006525.603171,13664
query,1509006525.6031752,1509006525.7290573,167
query,1509006525.7290611,1509006526.2991414,16282
query,1509006526.299145,1509006527.1366482,10391
query,1509006527.1366532,1509006527.4945219,5937
query,1509006527.494526,1509006528.04068,11912
query,1509006528.0406847,1509006528.4793005,5001
query,1509006528.4793046,1509006528.6643698,4356
query,1509006528.6643748,1509006529.4168234,14480
query,1509006529.4168284,1509006529.461703,1
query,1509006529.461707,1509006529.585775,2019
query,1509006529.5858183,1509006530.9216752,19780
query,1509006530.9340494,1509006532.094507,12142
query,1509006532.0945115,1509006532.3368742,3469
query,1509006532.3368788,1509006532.749452,4943
query,1509006532.7494566,1509006534.4187067,18014
query,1509006534.418711,1509006536.744236,18822
query,1509006536.7442403,1509006537.9547114,4932
query,1509006537.954716,1509006538.3546185,3616
query,1509006538.3546228,1509006539.2268398,17548
query,1509006539.2268443,1509006540.264072,16590
query,1509006540.264076,1509006542.9244537,18537
query,1509006542.9244578,1509006543.6959035,10624
query,1509006543.6959074,1509006544.7282891,12349
query,1509006544.7282934,1509006544.801274,2
query,1509006544.8012788,1509006545.1376941,5226
query,1509006545.1376982,1509006545.9622414,7818
query,1509006545.962246,1509006547.4524105,22343
query,1509006547.4524145,1509006547.892093,8194
query,1509006547.892097,1509006549.1612203,21503
query,1509006549.161225,1509006549.271928,775
query,1509006549.271973,1509006550.1725414,14467
query,1509006550.1855228,1509006550.9024363,8467
query,1509006550.9024403,1509006551.107625,5580
query,1509006551.107629,1509006551.2725577,2535
query,1509006551.2725623,1509006551.3711462,284
query,1509006551.37115,1509006553.0752347,18498
query,1509006553.0752392,1509006554.6770616,23869
query,1509006554.6770658,1509006554.9679618,2582
query,1509006554.9679658,1509006555.5130427,7190
query,1509006555.513047,1509006555.7981565,3358
query,1509006555.798161,1509006555.8946786,1212
query,1509006555.8946831,1509006556.552843,8853
query,1509006556.5528471,1509006557.0767002,9767
query,1509006557.0767055,1509006557.1304932,697
query,1509006557.1304972,1509006558.508457,21985
query,1509006558.5084615,1509006558.6908417,31
query,1509006558.690846,1509006558.9319334,5946
query,1509006558.931938,1509006559.651793,12452
query,1509006559.6517973,1509006560.3145165,11530
query,1509006560.3145208,1509006560.3781924,419
query,1509006560.3782403,1509006561.548343,16814
query,1509006561.561037,1509006561.9149036,2843
query,1509006561.9149082,1509006562.9396513,22293
query,1509006562.9396555,1509006563.6575522,10115
query,1509006563.6575563,1509006564.4245257,13947
query,1509006564.42453,1509006565.4815547,12855
query,1509006565.4815602,1509006567.0143886,13873
query,1509006567.0143929,1509006568.436458,19103
query,1509006568.4364624,1509006568.5114226,17
query,1509006568.5114276,1509006569.3695962,15319
query,1509006569.3696003,1509006569.6715233,3803
query,1509006569.6715279,1509006570.8045528,17094
query,1509006570.8045566,1509006570.9377882,106
query,1509006570.9377935,1509006571.8850322,14076
query,1509006571.8850365,1509006571.932427,0
query,1509006571.9324315,1509006572.1753764,2390
query,1509006572.1753807,1509006572.2490485,490
query,1509006572.2490525,1509006572.3394508,1708
query,1509006572.339455,1509006572.5123866,2565
query,1509006572.5123906,1509006573.9451287,18055
query,1509006573.94518,1509006574.0462048,102
query,1509006574.059343,1509006574.7385845,4938
query,1509006574.738589,1509006575.7948623,18660
query,1509006575.794866,1509006576.0032318,4679
query,1509006576.0032365,1509006576.0794282,4
query,1509006576.079433,1509006576.292616,2489
query,1509006576.2926202,1509006577.0514548,9617
query,1509006577.0514593,1509006577.104385,245
query,1509006577.104389,1509006577.5446432,16282
query,1509006577.544647,1509006578.5912123,12279
query,1509006578.591217,1509006578.9475806,2029
query,1509006578.9475846,1509006580.1310468,20809
query,1509006580.1310508,1509006580.3739653,4951
query,1509006580.3739696,1509006580.658645,8682
query,1509006580.6586487,1509006580.766591,1169
query,1509006580.7665946,1509006582.5706937,13863
query,1509006582.5706985,1509006583.8774142,17635
query,1509006583.8774183,1509006584.4046915,6815
query,1509006584.4046953,1509006585.1121695,12059
query,1509006585.1121743,1509006585.364174,4701
query,1509006585.3642135,1509006585.6758423,5644
query,1509006585.688611,1509006585.979543,8686
query,1509006585.9795473,1509006586.4982765,8859
query,1509006586.4982808,1509006587.090636,11278
query,1509006587.0906398,1509006587.175849,491
query,1509006587.175853,1509006588.7539642,15246
query,1509006588.7539682,1509006589.923966,17116
query,1509006589.92397,1509006591.1625772,15353
query,1509006591.1625817,1509006592.1179445,21839
query,1509006592.1179483,1509006593.5732222,17399
query,1509006593.5732267,1509006593.6575775,21
query,1509006593.6575813,1509006593.6876812,0
query,1509006593.6876855,1509006594.3113506,9751
query,1509006594.3113554,1509006595.199238,11798
query,1509006595.1992428,1509006595.727008,8086
query,1509006595.7270122,1509006595.8247046,1332
query,1509006595.8247097,1509006596.696457,12165
query,1509006596.696461,1509006598.024115,16507
query,1509006598.0241194,1509006598.8927667,10685
query,1509006598.892771,1509006599.1086552,5879
query,1509006599.1087067,1509006600.269914,21462
query,1509006600.2825994,1509006600.6159558,6116
query,1509006600.6159604,1509006600.8238251,6945
query,1509006600.8238297,1509006600.9674668,1947
query,1509006600.9674711,1509006601.2955582,8689
query,1509006601.2955627,1509006602.8580084,25062
query,1509006602.8580124,1509006603.3589637,10069
query,1509006603.3589678,1509006604.152225,3565
query,1509006604.152229,1509006605.0285623,14601
query,1509006605.0285666,1509006606.4230394,16498
query,1509006606.4230444,1509006606.6170878,2173
query,1509006606.617092,1509006607.2469254,16282
query,1509006607.2469294,1509006608.3830287,17966
query,1509006608.3830333,1509006609.4456317,11688
query,1509006609.4456363,1509006610.4960783,15600
query,1509006610.4960825,1509006612.4076197,17406
query,1509006612.4076238,1509006612.7154155,6121
query,1509006612.7154202,1509006613.137213,4932
query,1509006613.1372168,1509006613.442489,5702
query,1509006613.4424937,1509006613.5308058,1865
query,1509006613.5308573,1509006614.205505,13218
query,1509006614.2179601,1509006614.5284019,4506
query,1509006614.5284061,1509006614.5857453,8
query,1509006614.5857494,1509006616.1869981,21552
query,1509006616.1870022,1509006616.4197738,3990
query,1509006616.4197786,1509006616.6972892,2638
query,1509006616.6972935,1509006617.930547,18145
query,1509006617.9305515,1509006618.967178,15701
query,1509006618.9671826,1509006619.0291154,183
query,1509006619.0291197,1509006620.1837306,18037
query,1509006620.1837354,1509006620.6609333,5633
query,1509006620.6609378,1509006621.4570858,12075
query,1509006621.4570897,1509006622.5321112,14872
query,1509006622.532116,1509006623.216569,9381
query,1509006623.216573,1509006624.6951165,18507
query,1509006624.695121,1509006626.3709612,14834
query,1509006626.3709657,1509006628.733157,19007
query,1509006628.7331614,1509006629.0125017,2978
query,1509006629.0125058,1509006629.358017,4069
query,1509006629.3580213,1509006631.960774,17488
query,1509006631.9610517,1509006632.6951609,9800
query,1509006632.7076588,1509006632.7984262,1773
query,1509006632.7984304,1509006633.0356371,2401
query,1509006633.0356417,1509006633.2478306,2366
query,1509006633.2478344,1509006633.4629853,4419
query,1509006633.4629896,1509006634.3477135,22022
query,1509006634.3477175,1509006634.807181,10505
query,1509006634.8071852,1509006635.4039116,4881
query,1509006635.4039156,1509006636.3036175,7640
query,1509006636.3036222,1509006636.9278913,9043
query,1509006636.9278953,1509006638.0351143,12329
query,1509006638.0351193,1509006639.1398602,12704
query,1509006639.1398637,1509006639.279497,691
query,1509006639.279501,1509006641.206589,19217
query,1509006641.206593,1509006641.272089,1231
query,1509006641.2720933,1509006641.6232271,5876
query,1509006641.6232316,1509006643.071906,18823
query,1509006643.0719109,1509006644.639992,15527
query,1509006644.6399963,1509006644.7601852,747
query,1509006644.760189,1509006645.3268366,13840
query,1509006645.3268812,1509006646.4884837,21490
query,1509006646.5010045,1509006646.5629163,366
query,1509006646.5629203,1509006647.0397205,7335
query,1509006647.0397246,1509006648.349392,17101
query,1509006648.3493965,1509006648.4541516,1603
query,1509006648.4541554,1509006649.046391,14166
query,1509006649.0463948,1509006649.126497,6
query,1509006649.126501,1509006650.063747,22422
query,1509006650.0637515,1509006650.4564738,5716
query,1509006650.456478,1509006651.5226755,15297
query,1509006651.52268,1509006652.2799907,12170
query,1509006652.279995,1509006652.3116796,1
query,1509006652.3116837,1509006652.5822518,5492
query,1509006652.5822563,1509006653.092636,7457
query,1509006653.0926409,1509006653.6948476,9354
query,1509006653.694852,1509006653.9876175,4737
query,1509006653.9876213,1509006654.8686624,16426
query,1509006654.8686671,1509006654.9718583,1523
query,1509006654.9718618,1509006655.2121878,2066
query,1509006655.2121918,1509006655.7094297,9566
query,1509006655.7094724,1509006657.2810767,17483
query,1509006657.2936604,1509006657.6312168,13127
query,1509006657.6312208,1509006658.2451549,10051
query,1509006658.2451594,1509006660.7614992,22256
query,1509006660.7615035,1509006661.7231255,12329
query,1509006661.7231293,1509006661.9294534,1985
query,1509006661.929458,1509006662.7251558,22044
query,1509006662.72516,1509006663.4869072,8346
query,1509006663.4869118,1509006664.4627736,21851
query,1509006664.462778,1509006664.5543978,324
query,1509006664.554402,1509006666.1564262,17358
query,1509006666.1564322,1509006667.2913315,21604
query,1509006667.291336,1509006667.792588,5798
query,1509006667.7925923,1509006668.1997428,12981
query,1509006668.1997476,1509006668.9676955,16289
query,1509006668.9677002,1509006669.0417123,487
query,1509006669.0417168,1509006669.1104763,319
query,1509006669.1104808,1509006670.6109538,17370
query,1509006670.6109586,1509006672.0472531,18823
query,1509006672.0472577,1509006672.5808313,12229
query,1509006672.5808814,1509006673.4730425,17109
query,1509006673.485558,1509006674.2874396,9648
query,1509006674.2874439,1509006675.6133168,21783
query,1509006675.6133606,1509006676.3958628,14455
query,1509006676.3958673,1509006677.3359036,16953
query,1509006677.335908,1509006677.495394,495
query,1509006677.495398,1509006678.7329724,16264
query,1509006678.732977,1509006678.8244796,961
query,1509006678.8244843,1509006678.9966886,3096
query,1509006678.996693,1509006680.4561532,23019
query,1509006680.456158,1509006680.7415957,1973
query,1509006680.7416012,1509006681.7951224,12351
query,1509006681.795127,1509006681.9315562,1080
query,1509006681.9315608,1509006682.7220862,11894
query,1509006682.722091,1509006683.422266,6407
query,1509006683.4222708,1509006684.5437317,12447
query,1509006684.5437357,1509006685.081994,9963
query,1509006685.0819983,1509006686.321572,17600
query,1509006686.3215759,1509006686.4401054,2247
query,1509006686.44011,1509006686.7400613,2396
query,1509006686.740108,1509006687.4040732,7796
query,1509006687.4167805,1509006687.752459,7261
query,1509006687.7524638,1509006688.594557,10668
query,1509006688.594562,1509006689.9012606,4951
query,1509006689.901265,1509006690.4005005,7052
query,1509006690.400505,1509006691.9807835,16332
query,1509006691.9807878,1509006692.2356975,8049
query,1509006692.2357023,1509006693.172862,12313
query,1509006693.172866,1509006693.2866237,6
query,1509006693.286628,1509006693.4112308,327
query,1509006693.4112349,1509006693.7788005,4843
query,1509006693.778805,1509006694.9238682,12481
query,1509006694.9238727,1509006695.2103436,6078
query,1509006695.2103486,1509006695.2860594,3
query,1509006695.2860637,1509006695.401772,1330
query,1509006695.4017766,1509006695.6792712,9051
query,1509006695.679275,1509006696.9375427,22397
query,1509006696.937547,1509006697.083668,1479
query,1509006697.0836728,1509006697.189476,1
query,1509006697.1894803,1509006697.3175576,1607
query,1509006697.3176012,1509006698.0636306,12032
query,1509006698.075889,1509006699.1484444,21615
query,1509006699.1484494,1509006699.1925976,1
query,1509006699.1926017,1509006700.104284,13799
query,1509006700.1042893,1509006700.435567,4538
query,1509006700.4355717,1509006700.81855,11126
query,1509006700.8185544,1509006701.157468,4079
query,1509006701.1574721,1509006701.4647179,6586
query,1509006701.4647217,1509006701.5574687,1417
query,1509006701.557473,1509006701.761769,640
query,1509006701.761773,1509006702.5302436,16390
query,1509006702.5302482,1509006702.6480606,1708
query,1509006702.648065,1509006702.7751255,6
query,1509006702.7751293,1509006704.1375039,18050
query,1509006704.1375077,1509006705.3097224,18016
query,1509006705.3097274,1509006705.6678834,6674
query,1509006705.6678877,1509006705.9437604,4157
query,1509006705.9437644,1509006706.025986,2047
query,1509006706.0259902,1509006707.4042583,14255
query,1509006707.4042623,1509006707.5144987,177
query,1509006707.5145404,1509006708.1685624,7278
query,1509006708.1818357,1509006708.7728248,9859
query,1509006708.7728295,1509006709.8662066,22262
query,1509006709.866212,1509006710.9243517,10316
query,1509006710.924356,1509006711.966541,17399
query,1509006711.966545,1509006712.305432,6611
query,1509006712.3054366,1509006712.827301,7595
query,1509006712.8273048,1509006713.1670582,2417
query,1509006713.1670625,1509006714.7097926,21100
query,1509006714.709798,1509006715.8990524,19690
query,1509006715.8990567,1509006716.1851275,5615
query,1509006716.185132,1509006718.1947882,18027
query,1509006718.1947927,1509006718.7623978,8965
query,1509006718.7624025,1509006719.7030568,7463
query,1509006719.703061,1509006719.8266187,2672
query,1509006719.8266227,1509006719.8951812,8
query,1509006719.8951862,1509006720.4905446,8880
query,1509006720.4905493,1509006720.5806117,1370
query,1509006720.5806158,1509006720.8085938,2106
query,1509006720.808598,1509006722.0612452,15916
query,1509006722.0612845,1509006722.7436192,13137
query,1509006722.7564316,1509006723.2101178,3877
query,1509006723.2101226,1509006724.6196756,21637
query,1509006724.6196797,1509006724.751846,739
query,1509006724.75185,1509006726.4340024,21645
query,1509006726.434007,1509006727.5342596,12795
query,1509006727.5342636,1509006727.6216707,1694
query,1509006727.621675,1509006727.890472,3609
query,1509006727.8904765,1509006728.0151849,693
query,1509006728.015189,1509006728.228876,3765
query,1509006728.2288802,1509006728.8754125,12718
query,1509006728.875417,1509006729.4328802,7951
query,1509006729.432885,1509006730.6830628,20098
query,1509006730.6830678,1509006731.097657,9594
query,1509006731.0976615,1509006731.2090774,468
query,1509006731.2090812,1509006732.1553836,18075
query,1509006732.155388,1509006732.798915,12762
query,1509006732.7989192,1509006732.8883002,24
query,1509006732.888304,1509006733.402233,12573
query,1509006733.4022367,1509006733.6063714,2677
query,1509006733.6064117,1509006734.4605763,17073
query,1509006734.473762,1509006734.685045,3370
query,1509006734.6850493,1509006735.1219559,3716
query,1509006735.1219604,1509006735.3180826,3336
query,1509006735.3180864,1509006735.344275,0
query,1509006735.3442788,1509006736.3109677,12367
query,1509006736.3109717,1509006736.3832984,170
query,1509006736.383303,1509006737.3709252,20825
query,1509006737.3709292,1509006738.2376838,6799
query,1509006738.2376885,1509006738.59121,7124
query,1509006738.5912147,1509006739.0794482,12296
query,1509006739.079453,1509006739.1692524,7
query,1509006739.1692562,1509006739.2182662,1
query,1509006739.2182703,1509006739.941053,4733
query,1509006739.941057,1509006740.0358653,719
query,1509006740.0358698,1509006740.8659308,14812
query,1509006740.8659348,1509006740.9566865,581
query,1509006740.9566905,1509006741.66581,12639
query,1509006741.6658144,1509006743.0490541,4948
query,1509006743.049058,1509006743.1222744,20
query,1509006743.122326,1509006743.924326,15828
query,1509006743.9371521,1509006744.3630054,9835
query,1509006744.3630095,1509006744.4056578,0
query,1509006744.405662,1509006744.440102,1
query,1509006744.440106,1509006745.4622731,12685
query,1509006745.4622772,1509006746.6116168,10002
query,1509006746.6116219,1509006747.5544612,14475
query,1509006747.5544658,1509006748.9454772,14537
query,1509006748.945482,1509006750.9358335,21871
query,1509006750.9358377,1509006751.005235,5
query,1509006751.0052388,1509006751.1120417,555
query,1509006751.1120458,1509006753.1216261,22480
query,1509006753.1216302,1509006753.3068576,3545
query,1509006753.3068624,1509006753.8417547,9682
query,1509006753.8417594,1509006753.978593,1544
query,1509006753.9785972,1509006754.7440739,17324
query,1509006754.744078,1509006755.0967522,5717
query,1509006755.0967567,1509006755.3147254,3795
query,1509006755.3147297,1509006756.2221234,10517
query,1509006756.2221272,1509006756.8615813,9732
query,1509006756.8616245,1509006759.0754106,24929
query,1509006759.0886889,1509006759.3610444,6337
query,1509006759.3610485,1509006759.6312025,6163
query,1509006759.6312065,1509006760.1012387,8936
query,1509006760.101243,1509006761.5474658,18684
query,1509006761.5474696,1509006761.6134894,1488
query,1509006761.6134934,1509006762.6149697,5614
query,1509006762.6149735,1509006762.6813962,296
query,1509006762.6814,1509006764.2562358,17234
query,1509006764.2562401,1509006764.3485374,1226
query,1509006764.3485417,1509006765.3523986,17413
query,1509006765.3524024,1509006766.4265192,13449
query,1509006766.426523,1509006766.9880667,5589
query,1509006766.9880712,1509006767.9481683,18653
query,1509006767.9481719,1509006769.172003,18839
query,1509006769.1720068,1509006770.4384286,17330
query,1509006770.438433,1509006771.3760774,17964
query,1509006771.3760812,1509006772.1812034,14621
query,1509006772.1812077,1509006773.0025861,22317
query,1509006773.0025907,1509006773.3379982,5317
query,1509006773.3380427,1509006773.412443,484
query,1509006773.426418,1509006774.381682,13236
query,1509006774.381686,1509006774.6975198,6343
query,1509006774.6975238,1509006775.3651023,9075
query,1509006775.365106,1509006776.2671072,9351
query,1509006776.2671108,1509006777.45431,24899
query,1509006777.4543142,1509006777.515507,0
query,1509006777.5155115,1509006777.552231,1
query,1509006777.5522356,1509006777.6514888,1341
query,1509006777.6514926,1509006777.684246,0
query,1509006777.6842499,1509006778.0017107,8679
query,1509006778.001715,1509006779.4851532,23460
query,1509006779.4851573,1509006779.7619455,2742
query,1509006779.76195,1509006780.1767044,4932
query,1509006780.1767087,1509006781.7536018,19074
query,1509006781.7536054,1509006783.105094,15815
query,1509006783.105098,1509006784.0974314,10595
query,1509006784.097436,1509006785.4753077,18614
query,1509006785.4753115,1509006787.293759,16154
query,1509006787.293763,1509006787.9183002,16774
query,1509006787.9183407,1509006788.3845282,8801
query,1509006788.3979053,1509006788.6024704,1792
query,1509006788.6024742,1509006788.9766994,6174
query,1509006788.9767032,1509006789.8113697,14239
query,1509006789.811374,1509006791.465664,17816
query,1509006791.4656684,1509006791.8317597,7111
query,1509006791.831764,1509006792.5530806,13946
query,1509006792.5530846,1509006793.871,16265
query,1509006793.871004,1509006794.040374,1870
query,1509006794.0403786,1509006794.7610824,13648
query,1509006794.761087,1509006795.2991643,8469
query,1509006795.2991683,1509006795.3813846,92
query,1509006795.3813899,1509006795.6090798,3759
query,1509006795.6090846,1509006795.9952257,6733
query,1509006795.9952302,1509006796.1239429,218
query,1509006796.1239471,1509006796.8202424,7684
query,1509006796.8202465,1509006796.9601703,154
query,1509006796.9601746,1509006797.063347,46
query,1509006797.0633512,1509006797.9570563,11004
query,1509006797.9570606,1509006798.3548107,230
query,1509006798.3548691,1509006799.1613686,12256
query,1509006799.1744769,1509006800.4752803,15328
query,1509006800.4752843,1509006800.8644235,2994
query,1509006800.8644276,1509006801.2089565,5105
query,1509006801.208961,1509006802.1403835,16802
query,1509006802.1403885,1509006802.4750695,11108
query,1509006802.4750745,1509006803.64928,15065
query,1509006803.649285,1509006803.9576435,3122
query,1509006803.9576473,1509006804.869701,16829
query,1509006804.8697054,1509006805.6846755,8979
query,1509006805.6846795,1509006806.9189882,17200
query,1509006806.9189925,1509006808.0464058,17630
query,1509006808.0464103,1509006808.336433,3495
query,1509006808.336438,1509006810.200879,16051
query,1509006810.2008839,1509006811.2277424,9598
query,1509006811.2277467,1509006812.791888,20452
query,1509006812.7918923,1509006813.89134,16405
query,1509006813.8913443,1509006815.1843684,15829
query,1509006815.1843731,1509006815.4643042,4492
query,1509006815.464309,1509006815.8111732,10138
query,1509006815.8112202,1509006816.6036446,12403
query,1509006816.616196,1509006816.884561,8797
query,1509006816.884566,1509006817.8428879,21631
query,1509006817.8428924,1509006818.3190935,11105
query,1509006818.319098,1509006819.8469946,18903
query,1509006819.8470001,1509006820.8069553,13927
query,1509006820.80696,1509006821.8728387,17373
query,1509006821.8728442,1509006822.5028453,13217
query,1509006822.50285,1509006822.609784,1655
query,1509006822.6097887,1509006822.945735,2693
query,1509006822.9457393,1509006823.554227,10417
query,1509006823.5542321,1509006823.857452,9017
query,1509006823.857457,1509006824.081739,2722
query,1509006824.081745,1509006824.811479,8009
query,1509006824.8114839,1509006825.7089674,11594
query,1509006825.708973,1509006826.5520334,15120
query,1509006826.5520382,1509006827.767949,13069
query,1509006827.767954,1509006827.8719938,17
query,1509006827.8719983,1509006829.8638055,19105
query,1509006829.8638103,1509006830.322072,11993
query,1509006830.3221283,1509006831.3006094,11638
query,1509006831.3168693,1509006831.647948,4157
query,1509006831.647952,1509006832.0538132,3814
query,1509006832.0538173,1509006832.1370454,1667
query,1509006832.1370492,1509006832.468283,3786
query,1509006832.4682868,1509006832.5926645,6
query,1509006832.5926685,1509006833.4282682,14739
query,1509006833.4282725,1509006833.4818158,3
query,1509006833.4818194,1509006833.5911734,157
query,1509006833.5911775,1509006835.973115,19625
query,1509006835.973119,1509006836.5710223,6934
query,1509006836.5710266,1509006836.6646845,1764
query,1509006836.6646883,1509006837.0095859,11107
query,1509006837.0095904,1509006838.3799486,14387
query,1509006838.379953,1509006838.6965644,2630
query,1509006838.696569,1509006839.7706804,12705
query,1509006839.7706845,1509006840.4995182,11751
query,1509006840.4995224,1509006840.6009188,1264
query,1509006840.6009228,1509006840.6889665,1149
query,1509006840.6889713,1509006841.025308,4956
query,1509006841.025416,1509006841.9122102,8191
query,1509006841.92337,1509006843.4344645,17289
query,1509006843.4344692,1509006843.684507,4683
query,1509006843.6845117,1509006844.4678733,10404
query,1509006844.467877,1509006844.7855713,6321
query,1509006844.7855756,1509006845.4956906,6114
query,1509006845.495694,1509006847.0073369,10019
query,1509006847.0073414,1509006847.9750025,22347
query,1509006847.9750063,1509006849.0091178,22424
query,1509006849.009122,1509006849.9291875,12463
query,1509006849.9291933,1509006851.5347185,18886
query,1509006851.5347228,1509006851.8589005,1860
query,1509006851.8589044,1509006853.0130274,21472
query,1509006853.0130317,1509006854.282741,13384
query,1509006854.2827451,1509006855.0102727,10793
query,1509006855.0102763,1509006856.592737,20063
query,1509006856.5927415,1509006857.1569777,8507
query,1509006857.1569831,1509006858.247784,12596
query,1509006858.2477875,1509006859.4186602,17163
query,1509006859.4186642,1509006859.8866136,16889
query,1509006859.8866563,1509006860.6640239,12105
query,1509006860.6765993,1509006860.9132175,7062
query,1509006860.9132218,1509006861.9722226,17412
query,1509006861.9722273,1509006862.2713513,4034
query,1509006862.2713556,1509006863.5774295,17148
query,1509006863.5774343,1509006863.8219514,4047
query,1509006863.8219552,1509006864.0889287,2209
query,1509006864.088933,1509006864.1369991,1
query,1509006864.137004,1509006864.9277687,12370
query,1509006864.9277737,1509006865.0387583,721
query,1509006865.0387619,1509006865.8224983,7037
query,1509006865.8225029,1509006866.4291847,5613
query,1509006866.42919,1509006867.0273695,6424
query,1509006867.0273736,1509006868.4559453,18822
query,1509006868.455949,1509006869.4459326,21512
query,1509006869.445937,1509006869.9498656,10608
query,1509006869.9498694,1509006870.0633461,179
query,1509006870.06335,1509006870.200199,474
query,1509006870.200203,1509006871.066414,21611
query,1509006871.0664182,1509006871.746575,9771
query,1509006871.7466202,1509006872.2354295,5473
query,1509006872.2485783,1509006872.7007775,5647
query,1509006872.700782,1509006874.2844522,14295
query,1509006874.2844558,1509006875.2611434,13550
query,1509006875.261147,1509006875.506858,10195
query,1509006875.5068629,1509006875.7340677,2226
query,1509006875.734072,1509006877.0178177,21453
query,1509006877.0178218,1509006878.0018063,17166
query,1509006878.001811,1509006878.1010368,494
query,1509006878.1010413,1509006878.8310692,12083
query,1509006878.8310738,1509006880.3372135,21509
query,1509006880.3372169,1509006880.554993,2488
query,1509006880.554997,1509006881.3959148,17315
query,1509006881.3959186,1509006881.8444142,7610
query,1509006881.8444178,1509006882.9140568,15612
query,1509006882.914061,1509006883.0428684,2535
query,1509006883.042872,1509006883.1151047,31
query,1509006883.115109,1509006883.7417204,12203
query,1509006883.7417247,1509006885.2016122,17566
query,1509006885.2016165,1509006886.0207808,13625
query,1509006886.020879,1509006886.7934818,13770
query,1509006886.805679,1509006886.8988745,8
query,1509006886.8988783,1509006888.1874697,12523
query,1509006888.1874743,1509006888.2379386,0
query,1509006888.2379427,1509006888.8639133,6638
query,1509006888.8639178,1509006888.9169583,1272
query,1509006888.9169624,1509006889.1301389,3142
query,1509006889.1301425,1509006890.62375,21900
query,1509006890.623754,1509006891.559103,21475
query,1509006891.5591075,1509006892.5797033,13298
query,1509006892.5797074,1509006892.7627358,2430
query,1509006892.7627409,1509006893.6711538,8199
query,1509006893.6711576,1509006894.6444142,17381
query,1509006894.6444182,1509006894.765203,1195
query,1509006894.7652066,1509006895.1861253,4521
query,1509006895.1861293,1509006896.81855,19155
query,1509006896.818555,1509006898.0820866,19137
query,1509006898.0820904,1509006898.9918015,16794
query,1509006898.991806,1509006900.4765856,21921
query,1509006900.47659,1509006900.9310668,7311
query,1509006900.9311066,1509006901.8726113,8923
query,1509006901.8848572,1509006902.13665,3368
query,1509006902.136654,1509006903.298994,18979
query,1509006903.2989986,1509006905.0233674,22683
query,1509006905.023372,1509006905.808651,15268
query,1509006905.808655,1509006906.183169,6235
query,1509006906.1831727,1509006906.2814224,1015
query,1509006906.2814267,1509006906.3429794,21
query,1509006906.3429832,1509006906.4127269,211
query,1509006906.4127307,1509006906.7043982,4457
query,1509006906.7044024,1509006908.072757,4952
query,1509006908.072761,1509006909.8857691,23190
query,1509006909.885774,1509006910.1572242,2692
query,1509006910.157228,1509006911.067383,17591
query,1509006911.0673876,1509006911.5304334,3179
query,1509006911.5304375,1509006912.6379788,12414
query,1509006912.6379826,1509006913.1799047,7488
query,1509006913.1799102,1509006913.2203937,0
query,1509006913.2203982,1509006914.2981508,21650
query,1509006914.2981553,1509006915.2861128,10645
query,1509006915.2861571,1509006916.950216,17970
query,1509006916.9627733,1509006917.916942,13801
query,1509006917.9169464,1509006919.6365821,19247
query,1509006919.6365867,1509006920.4521713,21417
query,1509006920.4521756,1509006921.5785277,12665
query,1509006921.5785315,1509006922.8635008,7661
query,1509006922.863505,1509006924.0638509,17106
query,1509006924.0638554,1509006924.1418378,1016
query,1509006924.1418428,1509006925.076138,21414
query,1509006925.0761425,1509006926.9594014,16022
query,1509006926.959405,1509006927.4084797,5656
query,1509006927.4084837,1509006928.5416253,14136
query,1509006928.5416293,1509006928.784761,6057
query,1509006928.7847652,1509006929.3068995,6024
query,1509006929.3069043,1509006930.8014193,17597
query,1509006930.8014238,1509006931.8835423,13170
query,1509006931.8835464,1509006931.9708836,1426
query,1509006931.9708877,1509006932.5962207,7955
query,1509006932.5962248,1509006934.5753267,17433
query,1509006934.5753314,1509006935.8591473,21543
query,1509006935.859189,1509006936.0510306,1055
query,1509006936.0666516,1509006936.5588312,6870
query,1509006936.5588353,1509006937.1947052,11325
query,1509006937.1947095,1509006938.92806,15950
query,1509006938.9280648,1509006940.4284148,16772
query,1509006940.4284189,1509006941.5646403,14399
query,1509006941.5646443,1509006944.0599089,19255
query,1509006944.0599136,1509006944.710574,9030
query,1509006944.7105784,1509006947.3366146,19105
query,1509006947.3366187,1509006948.6828895,18346
query,1509006948.6828938,1509006949.4737623,7002
query,1509006949.473766,1509006949.5062687,0
query,1509006949.5062726,1509006950.196521,7814
query,1509006950.196525,1509006951.1774828,4953
query,1509006951.1774864,1509006952.310838,4948
query,1509006952.3108423,1509006954.32342,18824
query,1509006954.323424,1509006954.7909138,7658
query,1509006954.7909179,1509006955.1104565,3345
query,1509006955.110461,1509006955.196282,6
query,1509006955.1962862,1509006955.7439528,5652
query,1509006955.7439866,1509006956.877008,17992
query,1509006956.8895164,1509006957.2655225,7503
query,1509006957.2655268,1509006959.023333,17070
query,1509006959.0233371,1509006959.3414602,6162
query,1509006959.3414645,1509006960.7024083,21479
query,1509006960.7024124,1509006960.9294703,2440
query,1509006960.929474,1509006961.0722399,1754
query,1509006961.072244,1509006961.9663363,12441
query,1509006961.9663405,1509006963.5972028,18533
query,1509006963.5972073,1509006964.0816023,7306
query,1509006964.0816069,1509006964.2061992,111
query,1509006964.2062035,1509006964.9883864,9584
query,1509006964.988391,1509006966.8322961,21901
query,1509006966.8323014,1509006967.0833573,3722
query,1509006967.083362,1509006968.8590932,17492
query,1509006968.8590984,1509006968.9455857,78
query,1509006968.94559,1509006970.1083827,22022
query,1509006970.1083868,1509006970.1687157,2
query,1509006970.1687202,1509006970.956416,8402
query,1509006970.9564207,1509006971.167433,5912
query,1509006971.167478,1509006971.9670186,18044
query,1509006971.979681,1509006973.210069,17461
query,1509006973.2100737,1509006973.2723224,1
query,1509006973.2723267,1509006974.9313607,22384
query,1509006974.9313648,1509006975.644366,8836
query,1509006975.64437,1509006976.8730917,13014
query,1509006976.8730967,1509006976.9724462,438
query,1509006976.9724503,1509006977.66694,9298
query,1509006977.6669443,1509006978.9945462,15808
query,1509006978.9945514,1509006979.4282162,9592
query,1509006979.428221,1509006981.2531698,17788
query,1509006981.2531748,1509006981.3160217,9
query,1509006981.3160267,1509006981.6716547,2342
query,1509006981.6716588,1509006982.036474,5472
query,1509006982.0364783,1509006982.6801987,8095
query,1509006982.6802037,1509006983.503487,12491
query,1509006983.503492,1509006983.7169306,6111
query,1509006983.7169352,1509006984.2691984,11104
query,1509006984.2692027,1509006984.3948727,1193
query,1509006984.3948774,1509006985.1122384,9756
query,1509006985.1122882,1509006985.2793005,842
query,1509006985.2917843,1509006986.8651335,14905
query,1509006986.865138,1509006987.5634794,12448
query,1509006987.5634842,1509006988.404133,12381
query,1509006988.404138,1509006988.7005312,8667
query,1509006988.700535,1509006988.8187883,2819
query,1509006988.8187926,1509006989.2158096,6670
query,1509006989.215814,1509006989.910963,12149
query,1509006989.910967,1509006990.0243309,1650
query,1509006990.024335,1509006990.7925317,13012
query,1509006990.792536,1509006991.0620313,8676
query,1509006991.0620353,1509006991.3296144,8650
query,1509006991.3296187,1509006991.4361947,1366
query,1509006991.4361992,1509006992.1491935,12304
query,1509006992.149198,1509006993.20763,10041
query,1509006993.207634,1509006993.6920712,12864
query,1509006993.6920757,1509006994.8917842,10193
query,1509006994.8917892,1509006995.5951207,8416
query,1509006995.595126,1509006996.8110957,21861
query,1509006996.8110998,1509006996.874651,55
query,1509006996.874699,1509006998.2905679,17287
query,1509006998.3031394,1509006998.3820376,0
query,1509006998.3820417,1509006998.5912864,4326
query,1509006998.5912898,1509006998.7276778,1449
query,1509006998.727681,1509006999.3702261,9045
query,1509006999.3702302,1509007000.953294,22247
query,1509007000.953298,1509007001.0135036,7
query,1509007001.0135076,1509007001.164836,2156
query,1509007001.1648402,1509007001.754343,5841
query,1509007001.754347,1509007001.8153434,0
query,1509007001.8153474,1509007001.8960946,5
query,1509007001.8960989,1509007002.6073556,12667
query,1509007002.6073604,1509007002.7188146,1487
query,1509007002.7188194,1509007003.0951676,8299
query,1509007003.0951715,1509007004.6531672,19145
query,1509007004.6531718,1509007005.2430706,8041
query,1509007005.2430751,1509007005.4032264,2413
query,1509007005.4032311,1509007005.9404898,8676
query,1509007005.9404938,1509007006.5082574,4189
query,1509007006.5082622,1509007006.8943505,2924
query,1509007006.8943934,1509007008.4270813,15275
query,1509007008.4407043,1509007009.4830039,15753
query,1509007009.4830081,1509007009.5346034,2
query,1509007009.5346076,1509007010.9833627,18016
query,1509007010.9833667,1509007011.0993156,462
query,1509007011.0993202,1509007011.2104044,34
query,1509007011.2104094,1509007011.9636476,9517
query,1509007011.9636524,1509007013.0118995,14270
query,1509007013.0119038,1509007013.444563,11179
query,1509007013.4445672,1509007013.5313082,1189
query,1509007013.5313122,1509007013.7321186,1746
query,1509007013.732123,1509007013.839799,703
query,1509007013.839804,1509007014.36139,12540
query,1509007014.3613951,1509007014.801523,8831
query,1509007014.8015273,1509007015.4236383,10462
query,1509007015.4236426,1509007016.9625897,15850
query,1509007016.9625945,1509007017.7602892,12955
query,1509007017.7602932,1509007018.6512692,12409
query,1509007018.6512737,1509007018.7328205,2
query,1509007018.7328248,1509007019.1720839,8821
query,1509007019.1721303,1509007019.2727869,15
query,1509007019.2856023,1509007020.0581279,17238
query,1509007020.058132,1509007020.7497315,17221
query,1509007020.749736,1509007021.5609646,10659
query,1509007021.560969,1509007022.0374932,5401
query,1509007022.0374975,1509007022.6361444,10854
query,1509007022.6361485,1509007023.2299256,8524
query,1509007023.22993,1509007023.3331153,459
query,1509007023.333119,1509007023.6356125,2442
query,1509007023.6356165,1509007025.0375378,18256
query,1509007025.037542,1509007025.1305435,1194
query,1509007025.1305473,1509007026.251451,17128
query,1509007026.251455,1509007026.4931748,2394
query,1509007026.4931784,1509007026.7125654,9205
query,1509007026.71257,1509007027.783634,13547
query,1509007027.783638,1509007028.475823,13837
query,1509007028.4758275,1509007029.186434,7188
query,1509007029.1864386,1509007029.6603527,11556
query,1509007029.6603575,1509007029.7562542,224
query,1509007029.7562587,1509007029.8695714,1319
query,1509007029.8696182,1509007030.0625463,8
query,1509007030.075084,1509007030.223289,4046
query,1509007030.223293,1509007031.0891361,16295
query,1509007031.089141,1509007031.7563798,16348
query,1509007031.756384,1509007032.455299,12442
query,1509007032.4553032,1509007033.186387,8970
query,1509007033.186391,1509007033.7001176,7871
query,1509007033.7001219,1509007033.7572868,1
query,1509007033.7572908,1509007034.9713335,22579
query,1509007034.9713373,1509007035.403652,5614
query,1509007035.4036562,1509007035.5918784,2215
query,1509007035.5918832,1509007036.0410454,9661
query,1509007036.0410497,1509007036.4625912,5772
query,1509007036.4625955,1509007037.4571292,16301
query,1509007037.4571342,1509007038.1952946,16970
query,1509007038.1952987,1509007038.3226705,99
query,1509007038.322675,1509007038.384412,5
query,1509007038.3844159,1509007038.702284,11183
query,1509007038.7022884,1509007039.5026746,12643
query,1509007039.502679,1509007039.6560087,2547
query,1509007039.6560483,1509007039.9893675,9108
query,1509007040.0026011,1509007040.7974703,22789
query,1509007040.7974744,1509007041.1073163,3924
query,1509007041.1073205,1509007041.2526252,2415
query,1509007041.2526298,1509007042.238834,18064
query,1509007042.2388382,1509007042.7065508,7445
query,1509007042.7065556,1509007043.8788877,17435
query,1509007043.8788922,1509007044.4027786,10605
query,1509007044.4027824,1509007044.5764341,4186
query,1509007044.5764382,1509007045.0788105,6856
query,1509007045.0788143,1509007046.5878808,22035
query,1509007046.5878847,1509007046.661629,746
query,1509007046.6616328,1509007047.9997654,15918
query,1509007047.9997694,1509007048.7733662,15639
query,1509007048.7733705,1509007049.355015,12168
query,1509007049.355019,1509007049.8228831,12035
query,1509007049.8228874,1509007050.3305905,5958
query,1509007050.3305945,1509007052.0430543,17381
query,1509007052.0430584,1509007053.1793234,22877
query,1509007053.1793275,1509007054.295447,17438
query,1509007054.295494,1509007054.6294844,6999
query,1509007054.6418939,1509007054.683383,0
query,1509007054.6833873,1509007055.4569547,10277
query,1509007055.4569588,1509007056.3617043,12838
query,1509007056.3617084,1509007056.4388256,1100
query,1509007056.4388297,1509007057.6208172,11122
query,1509007057.6208217,1509007058.9192276,17137
query,1509007058.9192321,1509007059.4180286,5661
query,1509007059.4180331,1509007059.821488,5565
query,1509007059.8214922,1509007060.6198118,13601
query,1509007060.6198158,1509007060.9953818,5628
query,1509007060.9953861,1509007061.5382872,11422
query,1509007061.5382912,1509007061.950451,11113
query,1509007061.9504554,1509007062.9429402,13814
query,1509007062.9429445,1509007063.4744067,7573
query,1509007063.4744108,1509007064.8094008,21849
query,1509007064.8094053,1509007064.8532264,0
query,1509007064.8532305,1509007065.949885,7987
query,1509007065.9498892,1509007067.2952492,12663
query,1509007067.2952535,1509007067.9647698,13348
query,1509007067.9650385,1509007068.0859492,1282
query,1509007068.098482,1509007069.2896516,12355
query,1509007069.2896557,1509007069.9486873,13493
query,1509007069.9486911,1509007071.3832717,16050
query,1509007071.3832757,1509007071.475257,1645
query,1509007071.475261,1509007072.0514796,6298
query,1509007072.0514843,1509007072.6425693,12056
query,1509007072.6425729,1509007072.9029064,5480
query,1509007072.9029102,1509007073.1593082,4884
query,1509007073.1593122,1509007073.9997225,9238
query,1509007073.999727,1509007074.8335454,10287
query,1509007074.8335493,1509007075.5959625,13773
query,1509007075.5959673,1509007076.4524002,12208
query,1509007076.452404,1509007077.4464002,12904
query,1509007077.4464045,1509007077.904139,3899
query,1509007077.9041429,1509007077.989831,285
query,1509007077.9898353,1509007078.479843,3253
query,1509007078.4798474,1509007079.1727796,13081
query,1509007079.1727839,1509007080.136982,17981
query,1509007080.1369858,1509007080.3741043,3301
query,1509007080.3741548,1509007080.9005945,11552
query,1509007080.9136972,1509007081.8937347,21422
query,1509007081.8937387,1509007082.513581,9194
query,1509007082.513585,1509007082.8586316,12138
query,1509007082.8586357,1509007083.3398778,8414
query,1509007083.3398824,1509007084.2467532,23044
query,1509007084.246757,1509007085.163562,12556
query,1509007085.163566,1509007085.9455676,15610
query,1509007085.945572,1509007087.3042154,18925
query,1509007087.30422,1509007087.4288437,10
query,1509007087.4288483,1509007087.7512326,3241
query,1509007087.7512364,1509007087.877656,4251
query,1509007087.8776593,1509007088.2556565,5743
query,1509007088.2556608,1509007088.43152,3143
query,1509007088.431524,1509007089.5117748,21565
query,1509007089.5117793,1509007090.5946193,21650
query,1509007090.5946236,1509007091.204653,12089
query,1509007091.2046568,1509007091.2318397,0
query,1509007091.2318435,1509007091.3396335,1251
query,1509007091.339638,1509007091.9639432,6220
query,1509007091.9639864,1509007092.0944524,36
query,1509007092.1066513,1509007092.615401,13257
query,1509007092.615405,1509007092.7740762,298
query,1509007092.7740805,1509007094.2124572,21571
query,1509007094.2124624,1509007095.3605947,21927
query,1509007095.3605993,1509007095.431356,682
query,1509007095.4313602,1509007096.4002779,12998
query,1509007096.400283,1509007096.5955625,2089
query,1509007096.5955665,1509007096.7804694,2857
query,1509007096.7804735,1509007097.3499875,11320
query,1509007097.349992,1509007098.2410452,13681
query,1509007098.2410505,1509007098.3080387,0
query,1509007098.308043,1509007098.8510637,7667
query,1509007098.8510683,1509007099.107519,8071
query,1509007099.107523,1509007099.2822635,4899
query,1509007099.2822678,1509007100.483175,9671
query,1509007100.483179,1509007100.9896982,4746
query,1509007100.9897025,1509007101.8728561,8612
query,1509007101.8728604,1509007102.8229976,16699
query,1509007102.8230016,1509007104.558013,13713
query,1509007104.558058,1509007104.7198398,81
query,1509007104.7354252,1509007105.667694,12692
query,1509007105.6676977,1509007106.1596658,5623
query,1509007106.1596699,1509007106.44688,3455
query,1509007106.446884,1509007107.6200888,18813
query,1509007107.6200933,1509007108.3926322,11949
query,1509007108.3926365,1509007108.639177,2589
query,1509007108.639181,1509007109.640523,21587
query,1509007109.640527,1509007111.6032796,22491
query,1509007111.6032836,1509007112.2073936,5765
query,1509007112.2073984,1509007112.3183925,128
query,1509007112.3183968,1509007112.827899,6267
query,1509007112.8279035,1509007112.9259524,1371
query,1509007112.9259562,1509007112.9603224,1
query,1509007112.9603264,1509007113.187864,7441
query,1509007113.1878679,1509007113.6631477,6331
query,1509007113.6631522,1509007113.9667687,4098
query,1509007113.9667728,1509007114.123388,2989
query,1509007114.123392,1509007114.1976495,196
query,1509007114.197654,1509007114.6765568,3049
query,1509007114.676594,1509007116.0752356,4952
query,1509007116.0884898,1509007116.3428576,2852
query,1509007116.3428614,1509007116.4495184,1820
query,1509007116.4495223,1509007116.5287442,11
query,1509007116.5287483,1509007116.6009693,1474
query,1509007116.6009731,1509007116.8089662,3334
query,1509007116.8089707,1509007116.9541142,575
query,1509007116.9541183,1509007117.2480164,2231
query,1509007117.2480204,1509007117.5929554,8969
query,1509007117.5929604,1509007118.4108262,14024
query,1509007118.4108303,1509007119.7030227,17437
query,1509007119.7030268,1509007119.7965515,1272
query,1509007119.7965555,1509007120.5174642,12766
query,1509007120.5174685,1509007121.1106637,5796
query,1509007121.1106737,1509007121.2833564,5156
query,1509007121.2833602,1509007121.3663404,333
query,1509007121.366344,1509007121.4724474,15
query,1509007121.4724517,1509007121.707992,3785
query,1509007121.7079961,1509007123.0188615,16653
query,1509007123.0188656,1509007124.0283153,16482
query,1509007124.0283575,1509007124.5405934,12181
query,1509007124.55291,1509007125.67987,17529
query,1509007125.6798744,1509007127.067984,24574
query,1509007127.0679882,1509007127.6167045,4554
query,1509007127.6167083,1509007129.117034,23846
query,1509007129.1170382,1509007129.166603,0
query,1509007129.1666079,1509007130.5942032,15519
query,1509007130.5942078,1509007131.3376663,10423
query,1509007131.3376703,1509007131.9440727,9815
query,1509007131.9440768,1509007132.2595937,5088
query,1509007132.2595987,1509007132.9468749,8054
query,1509007132.9468791,1509007133.1242495,1799
query,1509007133.1242535,1509007133.6210706,11829
query,1509007133.6210747,1509007133.83945,5462
query,1509007133.8394537,1509007134.3014772,9503
query,1509007134.3014817,1509007135.0036745,6074
query,1509007135.0036788,1509007136.7415705,16780
query,1509007136.7415745,1509007138.3149753,19381
query,1509007138.314979,1509007139.625111,16558
query,1509007139.6251154,1509007141.011695,12291
query,1509007141.0117338,1509007141.2982097,5852
query,1509007141.3111084,1509007141.8528864,10791
query,1509007141.8528914,1509007142.1182985,5751
query,1509007142.1183026,1509007142.7595723,4709
query,1509007142.759608,1509007143.128865,6593
query,1509007143.1288698,1509007144.527774,17994
query,1509007144.5277786,1509007144.9910216,7069
query,1509007144.991026,1509007145.927322,10598
query,1509007145.9273262,1509007146.6951854,21400
query,1509007146.6951902,1509007147.068108,3261
query,1509007147.0681121,1509007147.4028566,2367
query,1509007147.4028609,1509007148.3908126,17121
query,1509007148.3908165,1509007148.839101,13293
query,1509007148.8391051,1509007150.242241,17245
query,1509007150.2422447,1509007150.7712188,9859
query,1509007150.7712228,1509007151.837076,17146
query,1509007151.83708,1509007152.159105,8659
query,1509007152.15911,1509007152.3900213,2850
query,1509007152.3900256,1509007152.434851,2
query,1509007152.434855,1509007152.8232195,9755
query,1509007152.8232605,1509007153.983622,17072
query,1509007153.9961224,1509007154.0879292,143
query,1509007154.0879345,1509007154.779454,9701
query,1509007154.7794578,1509007154.852674,2
query,1509007154.8526773,1509007155.3421524,8717
query,1509007155.3421564,1509007155.4285676,373
query,1509007155.4285715,1509007156.6129174,18123
query,1509007156.6129222,1509007158.005645,17474
query,1509007158.005649,1509007159.5636375,19098
query,1509007159.5636415,1509007159.9137034,10294
query,1509007159.9137084,1509007160.0133884,222
query,1509007160.0133932,1509007160.8602028,5000
query,1509007160.8602078,1509007161.7021883,10046
query,1509007161.7021925,1509007162.706027,15077
query,1509007162.706032,1509007163.261544,11705
query,1509007163.2615485,1509007163.3014586,0
query,1509007163.3014627,1509007164.016681,13637
query,1509007164.0166855,1509007164.6283464,7275
query,1509007164.6283507,1509007166.0874393,18498
query,1509007166.0874434,1509007166.783967,8804
query,1509007166.7840068,1509007166.8362167,1
query,1509007166.8398805,1509007167.766959,21594
query,1509007167.7669637,1509007168.1757505,4609
query,1509007168.1757548,1509007168.2085295,0
query,1509007168.2085335,1509007169.3115819,12642
query,1509007169.3115861,1509007170.0466962,13773
query,1509007170.0467005,1509007171.034736,17852
query,1509007171.03474,1509007171.2206483,10169
query,1509007171.2206526,1509007171.3198614,130
query,1509007171.3198657,1509007171.4422514,1038
query,1509007171.4422562,1509007172.4137654,17140
query,1509007172.4137692,1509007172.9372406,13707
query,1509007172.937245,1509007174.6379943,15455
query,1509007174.6379983,1509007176.28013,15182
query,1509007176.2801347,1509007176.4044554,30
query,1509007176.4044597,1509007177.175134,21465
query,1509007177.1751382,1509007177.7792823,12490
query,1509007177.7792873,1509007177.919608,2349
query,1509007177.919613,1509007178.0037653,1634
query,1509007178.0037696,1509007178.0994315,685
query,1509007178.0994747,1509007178.3872685,1961
query,1509007178.3996453,1509007179.8559074,21683
query,1509007179.855912,1509007180.070579,4130
query,1509007180.070584,1509007181.0015314,12695
query,1509007181.001536,1509007182.4032497,18289
query,1509007182.4032545,1509007183.6234717,15486
query,1509007183.623476,1509007184.339358,10187
query,1509007184.339362,1509007184.9074094,16781
query,1509007184.9074137,1509007185.3708782,5057
query,1509007185.3708823,1509007185.8738408,6910
query,1509007185.873845,1509007185.9677775,459
query,1509007185.9677815,1509007186.2686064,6861
query,1509007186.2686102,1509007187.2725978,17004
query,1509007187.2726028,1509007187.3100698,0
query,1509007187.310074,1509007188.9875264,17430
query,1509007188.9875321,1509007189.7013457,16776
query,1509007189.70135,1509007189.8047104,1651
query,1509007189.8047144,1509007190.5678172,10421
query,1509007190.567821,1509007191.258474,12016
query,1509007191.2584782,1509007191.5665267,8913
query,1509007191.5665655,1509007191.5965984,1
query,1509007191.5992064,1509007191.6722226,43
query,1509007191.6722267,1509007192.0960128,9243
query,1509007192.096017,1509007193.4505436,15632
query,1509007193.4505482,1509007194.4476604,8017
query,1509007194.4476652,1509007195.3540092,15544
query,1509007195.3540134,1509007196.0604513,9532
query,1509007196.0604553,1509007197.0432787,12308
query,1509007197.043283,1509007197.9609659,12303
query,1509007197.9609709,1509007199.3745039,16525
query,1509007199.3745089,1509007199.4098787,0
query,1509007199.4098825,1509007199.7648633,6428
query,1509007199.764868,1509007199.939354,11
query,1509007199.9393585,1509007200.466252,7000
query,1509007200.4662561,1509007202.2745767,17184
query,1509007202.274581,1509007203.641935,15942
query,1509007203.6419399,1509007204.8230574,14672
query,1509007204.8230617,1509007204.9401455,5
query,1509007204.9401495,1509007204.9941278,1
query,1509007204.9941316,1509007207.1800387,22294
query,1509007207.180079,1509007207.4363408,29
query,1509007207.4487813,1509007207.5621636,110
query,1509007207.5621686,1509007208.4045744,16944
query,1509007208.4045784,1509007209.5999715,14296
query,1509007209.5999763,1509007210.6946182,13052
query,1509007210.694622,1509007211.8389444,23181
query,1509007211.838949,1509007211.9160204,65
query,1509007211.9160244,1509007212.9175074,16799
query,1509007212.9175112,1509007213.6726854,12177
query,1509007213.6726892,1509007213.8363118,4205
query,1509007213.8363156,1509007214.1146169,7612
query,1509007214.1146214,1509007214.4659786,4018
query,1509007214.4659827,1509007214.9613998,10076
query,1509007214.9614036,1509007215.8395028,17752
query,1509007215.8395073,1509007215.964376,424
query,1509007215.9643798,1509007216.508087,9424
query,1509007216.5080905,1509007217.1313841,16335
query,1509007217.1313891,1509007218.3607864,17960
query,1509007218.360834,1509007219.4947195,17259
query,1509007219.4947243,1509007221.5900826,19105
query,1509007221.5901213,1509007221.9484727,6097
query,1509007221.9609313,1509007223.0923316,17660
query,1509007223.0923362,1509007224.0804074,12756
query,1509007224.0804117,1509007224.1934526,13
query,1509007224.1934571,1509007224.889384,21806
query,1509007224.8893888,1509007225.5724564,15027
query,1509007225.57246,1509007225.971489,3300
query,1509007225.9714935,1509007227.0676196,22018
query,1509007227.067624,1509007227.3987615,4156
query,1509007227.3987653,1509007228.504522,11908
query,1509007228.5045285,1509007229.1888385,2656
query,1509007229.1888435,1509007229.807157,12386
query,1509007229.8071609,1509007230.0593424,4124
query,1509007230.0593464,1509007230.5214996,6994
query,1509007230.5215034,1509007230.9597619,5220
query,1509007230.9597661,1509007231.0537457,190
query,1509007231.05375,1509007231.1095486,172
query,1509007231.1095529,1509007231.189815,828
query,1509007231.1898193,1509007231.4445693,5067
query,1509007231.4445739,1509007231.7120743,4034
query,1509007231.7121212,1509007232.1711907,5236
query,1509007232.184226,1509007232.2684617,1449
query,1509007232.268466,1509007233.219894,10143
query,1509007233.2198977,1509007233.8993957,7654
query,1509007233.8994005,1509007234.8668575,12332
query,1509007234.8668618,1509007235.8172505,17961
query,1509007235.8172545,1509007237.1559749,19432
query,1509007237.1559794,1509007237.3786547,1242
query,1509007237.378659,1509007238.5675738,16276
query,1509007238.5675778,1509007239.4919136,13457
query,1509007239.491918,1509007240.9710445,15664
query,1509007240.9710486,1509007241.6376054,12173
query,1509007241.6376092,1509007242.1535017,8705
query,1509007242.1535063,1509007242.7535412,11197
query,1509007242.7535458,1509007243.8279192,14248
query,1509007243.8279238,1509007243.9652638,1862
query,1509007243.9652686,1509007245.6336198,15851
query,1509007245.6336243,1509007246.02809,13100
query,1509007246.0280948,1509007246.63233,9839
query,1509007246.6323338,1509007247.836199,23963
query,1509007247.8362417,1509007247.8925333,0
query,1509007247.8939788,1509007248.1946237,3800
query,1509007248.1946278,1509007248.2577941,874
query,1509007248.2577982,1509007248.7473884,6481
query,1509007248.7473924,1509007249.6065404,12330
query,1509007249.6065445,1509007250.4445806,5612
query,1509007250.4445848,1509007251.1231751,4943
query,1509007251.1231794,1509007253.0662525,20357
query,1509007253.066257,1509007253.5832095,4835
query,1509007253.5832143,1509007254.029554,4987
query,1509007254.0295584,1509007254.0857916,0
query,1509007254.0857959,1509007254.4392395,6198
query,1509007254.4392436,1509007254.4989362,2
query,1509007254.4989412,1509007254.576655,4
query,1509007254.576659,1509007255.6661193,19028
query,1509007255.6661243,1509007255.7692785,1559
query,1509007255.7692828,1509007255.9014125,5325
query,1509007255.9014173,1509007257.3061392,19323
query,1509007257.3061435,1509007257.5759487,5350
query,1509007257.5759525,1509007257.9584103,13516
query,1509007257.9584525,1509007259.6551254,23113
query,1509007259.6694274,1509007260.8332117,17899
query,1509007260.8332157,1509007261.5842295,7846
query,1509007261.5842338,1509007262.5128262,3
query,1509007262.5128312,1509007263.5310702,13576
query,1509007263.5310748,1509007264.7908273,21818
query,1509007264.7908323,1509007265.1112592,10417
query,1509007265.1112638,1509007265.5461729,10194
query,1509007265.5461779,1509007265.890909,3943
query,1509007265.890913,1509007266.309584,7445
query,1509007266.3095882,1509007266.3534112,0
query,1509007266.3534153,1509007267.032915,8330
query,1509007267.0329201,1509007267.0617013,0
query,1509007267.061706,1509007267.5605118,12172
query,1509007267.5605168,1509007267.6455047,418
query,1509007267.6455085,1509007268.0373588,6610
query,1509007268.037364,1509007268.467413,4119
query,1509007268.467417,1509007269.099485,16280
query,1509007269.0994895,1509007269.3155053,2301
query,1509007269.3155096,1509007270.665517,15792
query,1509007270.6655629,1509007270.7663937,682
query,1509007270.7916765,1509007270.8480346,0
query,1509007270.8480394,1509007271.0428553,1906
query,1509007271.0428598,1509007272.1350074,17356
query,1509007272.1350117,1509007272.2338367,53
query,1509007272.2338417,1509007273.1200912,8190
query,1509007273.1200953,1509007273.429612,3542
query,1509007273.4296165,1509007273.881786,4123
query,1509007273.8817897,1509007274.187306,4829
query,1509007274.187311,1509007274.848408,10039
query,1509007274.8484116,1509007275.6183152,16286
query,1509007275.6183193,1509007276.4443145,12755
query,1509007276.4443202,1509007277.0659933,8770
query,1509007277.0659976,1509007277.7283967,10154
query,1509007277.7284017,1509007277.7658923,0
query,1509007277.7658968,1509007279.010719,15910
query,1509007279.0107229,1509007279.3133893,7772
query,1509007279.313394,1509007279.7726088,4492
query,1509007279.7726128,1509007280.3879466,15135
query,1509007280.387951,1509007281.6430812,14398
query,1509007281.643126,1509007282.767695,12573
query,1509007282.7803047,1509007283.3797076,12278
query,1509007283.3797116,1509007284.1728296,13821
query,1509007284.1728337,1509007284.9996312,8279
query,1509007284.999635,1509007285.4417264,8540
query,1509007285.4417312,1509007285.693409,2946
query,1509007285.693414,1509007285.769642,0
query,1509007285.7696464,1509007286.996419,17483
query,1509007286.9964237,1509007288.7436604,18052
query,1509007288.7436647,1509007289.2162004,9482
query,1509007289.216205,1509007290.574664,22210
query,1509007290.5746682,1509007290.9777372,5665
query,1509007290.9777415,1509007292.6036906,15786
query,1509007292.603695,1509007292.855125,6515
query,1509007292.8551302,1509007293.984206,23428
query,1509007293.9842105,1509007295.2994401,26749
query,1509007295.2994444,1509007296.499407,12723
query,1509007296.4994113,1509007297.0538318,7460
query,1509007297.0538359,1509007298.816149,21690
query,1509007298.8161542,1509007299.19832,7140
query,1509007299.198365,1509007299.9071496,13698
query,1509007299.919568,1509007301.4623873,17415
query,1509007301.4623923,1509007302.3191762,21382
query,1509007302.319181,1509007303.6885579,17175
query,1509007303.6885624,1509007303.7597756,9
query,1509007303.7597797,1509007304.2478979,12069
query,1509007304.2479026,1509007304.5162804,6243
query,1509007304.5162857,1509007304.5881739,1
query,1509007304.5881786,1509007305.6793847,12317
query,1509007305.67939,1509007306.9954011,14987
query,1509007306.9954066,1509007307.069875,1282
query,1509007307.0698798,1509007307.9155016,8008
query,1509007307.9155056,1509007308.065848,2003
query,1509007308.0658526,1509007308.9115398,13070
query,1509007308.911544,1509007309.8668954,19041
query,1509007309.866901,1509007310.0596933,2209
query,1509007310.0596988,1509007310.633553,7151
query,1509007310.6335576,1509007310.788934,3047
query,1509007310.7889383,1509007311.8870044,17166
query,1509007311.8870091,1509007312.9304786,14905
query,1509007312.9305212,1509007314.481506,17441
query,1509007314.4939325,1509007315.293665,12183
query,1509007315.293669,1509007315.6106513,3446
query,1509007315.6106558,1509007316.4756827,21409
query,1509007316.4756868,1509007316.826365,5695
query,1509007316.8263693,1509007317.1841729,5751
query,1509007317.1841776,1509007319.0049458,20888
query,1509007319.0049505,1509007319.210276,2852
query,1509007319.2102797,1509007319.8706343,11311
query,1509007319.8706388,1509007320.017665,2435
query,1509007320.0176692,1509007320.691357,8959
query,1509007320.6913624,1509007322.1545262,15467
query,1509007322.15453,1509007322.7203224,7060
query,1509007322.720327,1509007323.078301,3204
query,1509007323.078305,1509007324.287987,12732
query,1509007324.2879908,1509007325.0424387,8763
query,1509007325.0424428,1509007325.840289,7998
query,1509007325.8402934,1509007326.4994814,16493
query,1509007326.499485,1509007326.7327173,7519
query,1509007326.732721,1509007327.2398524,6626
query,1509007327.2398913,1509007328.4710512,17313
query,1509007328.4841292,1509007329.6887407,17138
query,1509007329.6887448,1509007330.5118694,13143
query,1509007330.511874,1509007331.124707,6280
query,1509007331.124712,1509007331.408515,5959
query,1509007331.4085193,1509007331.6168332,1866
query,1509007331.616839,1509007331.8895266,3244
query,1509007331.8895311,1509007332.9550447,12796
query,1509007332.9550495,1509007333.7756774,8276
query,1509007333.7756824,1509007334.2206047,3475
query,1509007334.2206087,1509007335.4934645,12790
query,1509007335.4934685,1509007336.8577514,17359
query,1509007336.8577564,1509007337.1651564,5081
query,1509007337.1651611,1509007337.6580806,12367
query,1509007337.6580844,1509007337.731592,135
query,1509007337.7315962,1509007339.0580797,22725
query,1509007339.0580835,1509007339.1712346,6
query,1509007339.1712394,1509007339.517702,5470
query,1509007339.5177064,1509007340.9253414,17548
query,1509007340.9253452,1509007341.1297505,3112
query,1509007341.1297884,1509007341.7258596,10272
query,1509007341.7386456,1509007342.2719884,13405
query,1509007342.2719932,1509007343.1920412,12414
query,1509007343.1920466,1509007343.9992418,21454
query,1509007343.9992456,1509007344.1565664,1924
query,1509007344.1565716,1509007344.3560421,2875
query,1509007344.3560464,1509007344.4433966,4
query,1509007344.4434023,1509007344.489855,156
query,1509007344.4898596,1509007344.755922,8187
query,1509007344.755926,1509007346.352139,21664
query,1509007346.3521438,1509007347.043592,8428
query,1509007347.043596,1509007348.1915102,10995
query,1509007348.1915143,1509007349.0892363,9325
query,1509007349.0892415,1509007349.1532743,9
query,1509007349.15328,1509007350.03585,14564
query,1509007350.035854,1509007350.410457,9863
query,1509007350.4104607,1509007351.439462,15108
query,1509007351.4394662,1509007352.0160549,5828
query,1509007352.0160592,1509007352.0595627,0
query,1509007352.0595672,1509007352.682179,5877
query,1509007352.6822188,1509007352.7868497,199
query,1509007352.7992358,1509007353.6306531,11830
query,1509007353.630658,1509007355.122991,14359
query,1509007355.122995,1509007355.459356,7082
query,1509007355.4593604,1509007355.5294516,1
query,1509007355.5294557,1509007356.3049061,7401
query,1509007356.3049104,1509007357.6180437,10423
query,1509007357.6180475,1509007358.5635626,21606
query,1509007358.5635667,1509007358.7946277,5556
query,1509007358.7946327,1509007359.5065165,5783
query,1509007359.5065205,1509007359.8335445,3471
query,1509007359.8335485,1509007359.8951237,748
query,1509007359.8951275,1509007359.9351594,1
query,1509007359.9351637,1509007360.9773948,11145
query,1509007360.977399,1509007361.569717,10535
query,1509007361.569722,1509007362.2433155,8893
query,1509007362.2433193,1509007362.3051322,119
query,1509007362.3051367,1509007362.3825963,2124
query,1509007362.3826008,1509007363.435455,10760
query,1509007363.4354591,1509007364.156155,5377
query,1509007364.1561966,1509007365.4464068,14895
query,1509007365.460949,1509007366.4996011,12886
query,1509007366.4996057,1509007366.5468106,1
query,1509007366.5468154,1509007367.3991518,16617
query,1509007367.3991559,1509007368.4924839,15998
query,1509007368.4924886,1509007368.6867342,3837
query,1509007368.6867387,1509007369.5001528,15484
query,1509007369.500158,1509007369.8969867,7535
query,1509007369.8969913,1509007369.9841855,72
query,1509007369.9841893,1509007370.133479,1778
query,1509007370.133483,1509007371.748676,19103
query,1509007371.7486799,1509007372.065964,2417
query,1509007372.0659678,1509007372.1413865,1716
query,1509007372.1413903,1509007372.9410124,16877
query,1509007372.9410167,1509007373.3895497,5623
query,1509007373.389554,1509007373.9281645,8755
query,1509007373.9281683,1509007374.603548,13087
query,1509007374.6035523,1509007374.7813427,5790
query,1509007374.7813466,1509007374.831883,614
query,1509007374.8318872,1509007374.8859353,9
query,1509007374.8859823,1509007376.5935109,22197
query,1509007376.606474,1509007377.02746,5523
query,1509007377.027465,1509007377.4549623,6743
query,1509007377.4549665,1509007377.9521463,8697
query,1509007377.9521503,1509007378.2781827,3884
query,1509007378.2781866,1509007379.7779691,16214
query,1509007379.7779734,1509007380.715825,15984
query,1509007380.7158291,1509007380.9781404,2129
query,1509007380.9781451,1509007381.277749,3390
query,1509007381.2777536,1509007381.9393392,8017
query,1509007381.9393432,1509007382.2800996,8033
query,1509007382.280104,1509007382.46973,3515
query,1509007382.4697337,1509007383.3043494,15285
query,1509007383.3043535,1509007384.7319984,22325
query,1509007384.7320027,1509007384.7702467,0
query,1509007384.7702513,1509007385.3923368,9976
query,1509007385.392341,1509007386.8970222,21779
query,1509007386.8970263,1509007387.112217,2604
query,1509007387.1122215,1509007388.233871,13713
query,1509007388.2338746,1509007388.8934672,9075
query,1509007388.8935087,1509007390.347056,17280
query,1509007390.3592892,1509007390.4636643,36
query,1509007390.4636683,1509007391.666014,8370
query,1509007391.6660192,1509007391.997533,2969
query,1509007391.9975374,1509007392.1603258,2307
query,1509007392.1603298,1509007393.0815833,12299
query,1509007393.0815873,1509007394.391355,15377
query,1509007394.391359,1509007395.030372,21439
query,1509007395.0303757,1509007396.1862237,14855
query,1509007396.186228,1509007396.604446,11661
query,1509007396.6044505,1509007397.3820412,8494
query,1509007397.382045,1509007397.5571997,3942
query,1509007397.5572035,1509007397.8559372,3532
query,1509007397.855941,1509007399.0524626,12813
query,1509007399.052467,1509007400.7482595,17359
query,1509007400.748264,1509007400.9025905,13
query,1509007400.9025948,1509007401.1650667,3891
query,1509007401.165071,1509007401.519335,4836
query,1509007401.5193388,1509007401.618455,7
query,1509007401.6184595,1509007401.663989,0
query,1509007401.6640248,1509007401.8122125,958
query,1509007401.8244796,1509007402.1954837,6240
query,1509007402.195488,1509007403.211649,15645
query,1509007403.2116537,1509007404.235293,17893
query,1509007404.2352977,1509007404.9044406,9794
query,1509007404.9044452,1509007405.4033954,11148
query,1509007405.4033992,1509007405.5171824,257
query,1509007405.5171866,1509007405.6434753,49
query,1509007405.6434793,1509007406.424586,12189
query,1509007406.424591,1509007406.823238,6133
query,1509007406.8232424,1509007407.6984131,4941
query,1509007407.6984177,1509007408.8346174,18314
query,1509007408.8346212,1509007409.298745,9246
query,1509007409.298749,1509007410.570543,21924
query,1509007410.5705478,1509007412.234052,22440
query,1509007412.2340567,1509007412.5677416,2913
query,1509007412.567746,1509007412.6430228,1123
query,1509007412.6430273,1509007413.970028,19239
query,1509007413.9700317,1509007414.6259193,15794
query,1509007414.6259234,1509007415.0969236,7847
