tables,1509223567.0550423,1509226450.5304763
query,1509226450.5314415,1509226450.7224305,2856
query,1509226450.737542,1509226451.045031,3896
query,1509226451.0450356,1509226451.1005428,772
query,1509226451.100546,1509226451.1502748,496
query,1509226451.1502786,1509226451.3808625,3797
query,1509226451.3808668,1509226451.4331334,327
query,1509226451.4331372,1509226451.4763873,13
query,1509226451.4763901,1509226451.8842092,1628
query,1509226451.884213,1509226451.9327002,190
query,1509226451.9327037,1509226451.981606,236
query,1509226451.9816093,1509226451.9926965,0
query,1509226451.9926996,1509226452.0406349,13
query,1509226452.0406384,1509226452.1440911,2000
query,1509226452.144095,1509226452.2896938,1628
query,1509226452.289698,1509226452.3386877,1059
query,1509226452.338691,1509226452.384338,613
query,1509226452.3843412,1509226452.4375777,1332
query,1509226452.437581,1509226452.623588,6107
query,1509226452.623593,1509226452.8023708,1628
query,1509226452.8023746,1509226452.8341138,242
query,1509226452.8341606,1509226452.8768299,266
query,1509226452.8892877,1509226453.0947294,1627
query,1509226453.094734,1509226453.1445403,77
query,1509226453.144544,1509226453.3932312,6768
query,1509226453.3932354,1509226453.5063148,1625
query,1509226453.5063188,1509226453.5350401,236
query,1509226453.5350442,1509226453.686927,5503
query,1509226453.686932,1509226453.7368264,53
query,1509226453.7368302,1509226453.7882202,59
query,1509226453.7882245,1509226453.9332027,2041
query,1509226453.9332073,1509226453.9992554,2117
query,1509226453.9992592,1509226454.0417488,336
query,1509226454.0417523,1509226454.0890853,1212
query,1509226454.0890892,1509226454.1857848,2025
query,1509226454.1857886,1509226454.2229266,800
query,1509226454.2229307,1509226454.3816447,1628
query,1509226454.3816488,1509226454.4341414,218
query,1509226454.4341455,1509226454.5941796,2856
query,1509226454.5941837,1509226454.6838193,1610
query,1509226454.6838236,1509226454.720772,1428
query,1509226454.7208307,1509226454.832837,2618
query,1509226454.845237,1509226455.0475805,5843
query,1509226455.0475848,1509226455.1484962,1311
query,1509226455.1485012,1509226455.2008598,958
query,1509226455.2008638,1509226455.381987,1627
query,1509226455.3819916,1509226455.5558956,1628
query,1509226455.5558996,1509226455.609659,662
query,1509226455.6096632,1509226455.6576357,703
query,1509226455.6576402,1509226455.7014222,419
query,1509226455.701426,1509226455.9353259,1627
query,1509226455.9353304,1509226456.04444,1642
query,1509226456.044444,1509226456.0613174,1
query,1509226456.061321,1509226456.178085,2090
query,1509226456.1780894,1509226456.2526338,695
query,1509226456.2526374,1509226456.2626548,1
query,1509226456.262658,1509226456.3728607,2009
query,1509226456.3728647,1509226456.5203342,5496
query,1509226456.5203385,1509226456.534415,1
query,1509226456.5344198,1509226456.551818,1
query,1509226456.5518224,1509226456.607337,798
query,1509226456.6073759,1509226456.7747514,1615
query,1509226456.7880793,1509226456.9029415,2251
query,1509226456.9029455,1509226456.9979062,1744
query,1509226456.997911,1509226457.0558863,1436
query,1509226457.0558903,1509226457.2161133,2582
query,1509226457.2161171,1509226457.2721648,627
query,1509226457.272169,1509226457.532052,3840
query,1509226457.5320568,1509226457.621931,2045
query,1509226457.621935,1509226457.6522686,1039
query,1509226457.6522727,1509226457.8489797,6415
query,1509226457.8489838,1509226457.9743366,1629
query,1509226457.9743407,1509226458.0076873,579
query,1509226458.007692,1509226458.0433056,170
query,1509226458.0433097,1509226458.2249708,5609
query,1509226458.2249749,1509226458.3459814,2446
query,1509226458.345985,1509226458.396374,818
query,1509226458.396378,1509226458.8021328,9205
query,1509226458.802144,1509226458.9773173,3764
query,1509226458.9773219,1509226458.9972754,3
query,1509226458.9972792,1509226459.0415223,254
query,1509226459.0415738,1509226459.110614,10
query,1509226459.123252,1509226459.1687815,621
query,1509226459.168785,1509226459.2041535,939
query,1509226459.2041569,1509226459.3366072,4369
query,1509226459.3366115,1509226459.4776058,2511
query,1509226459.477611,1509226459.6566513,5010
query,1509226459.6566553,1509226459.703947,558
query,1509226459.703951,1509226459.718155,0
query,1509226459.7181582,1509226459.9059927,7908
query,1509226459.9059975,1509226459.959881,137
query,1509226459.9598851,1509226460.0179877,1213
query,1509226460.017992,1509226460.408379,10323
query,1509226460.4083834,1509226460.4547436,69
query,1509226460.4547474,1509226460.4665582,0
query,1509226460.466562,1509226460.5944073,2118
query,1509226460.5944114,1509226460.811022,4661
query,1509226460.811026,1509226460.8806772,1046
query,1509226460.8806815,1509226460.9327273,213
query,1509226460.9327319,1509226460.9621732,8
query,1509226460.9621768,1509226461.0170438,483
query,1509226461.0173028,1509226461.1071246,1075
query,1509226461.1202598,1509226461.1507857,3
query,1509226461.150789,1509226461.3526344,3350
query,1509226461.3526382,1509226461.4067879,551
query,1509226461.406792,1509226461.6834586,5763
query,1509226461.6834629,1509226461.7652102,2010
query,1509226461.7652142,1509226461.9419112,4385
query,1509226461.941915,1509226461.9913101,794
query,1509226461.9913135,1509226462.0075703,1
query,1509226462.0075734,1509226462.209992,3885
query,1509226462.2099962,1509226462.2615573,230
query,1509226462.2615619,1509226462.303636,71
query,1509226462.3036401,1509226462.5816708,10568
query,1509226462.581675,1509226462.6122236,37
query,1509226462.6122274,1509226462.8362324,4327
query,1509226462.8362362,1509226462.8932235,962
query,1509226462.8932273,1509226462.9262571,11
query,1509226462.9262614,1509226462.9397643,1
query,1509226462.9397686,1509226463.0098557,1252
query,1509226463.0098596,1509226463.0590057,580
query,1509226463.0590467,1509226463.520004,12800
query,1509226463.532326,1509226463.6571054,2809
query,1509226463.657109,1509226463.708123,1126
query,1509226463.7081273,1509226463.751143,1680
query,1509226463.751147,1509226463.963622,6443
query,1509226463.9636278,1509226464.1186476,3957
query,1509226464.1186516,1509226464.2900572,3460
query,1509226464.290061,1509226464.345281,294
query,1509226464.3452852,1509226464.407137,856
query,1509226464.407141,1509226464.493256,2350
query,1509226464.49326,1509226464.5427487,1141
query,1509226464.5427532,1509226464.7625368,4078
query,1509226464.762541,1509226464.7968655,7
query,1509226464.796869,1509226464.9231136,1552
query,1509226464.9231308,1509226464.9679518,806
query,1509226464.967956,1509226465.0125587,25
query,1509226465.0125632,1509226465.0486915,548
query,1509226465.0486953,1509226465.0970461,282
query,1509226465.097051,1509226465.1554115,2290
query,1509226465.1554155,1509226465.199965,32
query,1509226465.200006,1509226465.2714047,763
query,1509226465.283992,1509226465.4872952,7941
query,1509226465.487299,1509226465.5292325,35
query,1509226465.5292363,1509226465.5398145,1
query,1509226465.539818,1509226465.693096,4012
query,1509226465.6931007,1509226465.7395523,920
query,1509226465.739556,1509226465.751372,0
query,1509226465.751376,1509226465.8593795,3188
query,1509226465.8593836,1509226465.904205,94
query,1509226465.904209,1509226465.9639075,3370
query,1509226465.9639113,1509226466.326263,5014
query,1509226466.326267,1509226466.3780046,15
query,1509226466.378009,1509226466.4407678,1034
query,1509226466.4407713,1509226466.62315,3373
query,1509226466.6231537,1509226466.665871,1001
query,1509226466.6658747,1509226467.0282738,8245
query,1509226467.0282776,1509226467.0840523,445
query,1509226467.0840564,1509226467.1400735,163
query,1509226467.140077,1509226467.3781703,5551
query,1509226467.3781745,1509226467.515227,1728
query,1509226467.5152702,1509226467.9241965,11632
query,1509226467.9370518,1509226468.1153564,5351
query,1509226468.1153607,1509226468.1972368,1617
query,1509226468.197241,1509226468.3040009,2315
query,1509226468.304005,1509226468.6406538,5479
query,1509226468.6406577,1509226468.689297,189
query,1509226468.6893005,1509226468.7241,58
query,1509226468.7241037,1509226468.8451154,2835
query,1509226468.8451195,1509226468.9111502,166
query,1509226468.9111543,1509226469.2362397,10913
query,1509226469.2362437,1509226469.4003975,2072
query,1509226469.400402,1509226469.411052,0
query,1509226469.4110556,1509226469.4206815,0
query,1509226469.4206853,1509226469.4582434,267
query,1509226469.4582467,1509226469.4931033,763
query,1509226469.493107,1509226469.551288,1300
query,1509226469.5512917,1509226469.5698218,1
query,1509226469.5698256,1509226469.6203609,65
query,1509226469.6203647,1509226469.6706138,631
query,1509226469.6706183,1509226469.9361787,4259
query,1509226469.9362197,1509226469.9834538,0
query,1509226469.9849648,1509226470.3928304,12032
query,1509226470.3928347,1509226470.4057279,0
query,1509226470.4057312,1509226470.7794049,11290
query,1509226470.7794092,1509226470.8242505,959
query,1509226470.8242543,1509226470.8838274,668
query,1509226470.8838325,1509226470.938157,235
query,1509226470.9381614,1509226470.991946,966
query,1509226470.9919503,1509226471.2094588,5576
query,1509226471.2094638,1509226471.261464,1194
query,1509226471.2614677,1509226471.6133566,5269
query,1509226471.6133611,1509226471.6245975,0
query,1509226471.624601,1509226471.6780345,136
query,1509226471.6780388,1509226471.7294183,67
query,1509226471.7294223,1509226472.292889,8662
query,1509226472.2928944,1509226472.4154437,3603
query,1509226472.4154482,1509226472.4660604,613
query,1509226472.4660652,1509226472.5157807,254
query,1509226472.5157847,1509226472.7769563,8645
query,1509226472.7769601,1509226473.0876107,5453
query,1509226473.0876522,1509226473.116343,9
query,1509226473.1287847,1509226473.2371264,1991
query,1509226473.2371309,1509226473.5722537,10552
query,1509226473.5722575,1509226473.7137887,2212
query,1509226473.7137933,1509226473.7509193,787
query,1509226473.7509236,1509226474.2277908,9213
query,1509226474.2277951,1509226474.2605422,148
query,1509226474.260546,1509226474.302443,43
query,1509226474.3024473,1509226474.3475394,1031
query,1509226474.347543,1509226474.4765549,3694
query,1509226474.476559,1509226474.5096319,5
query,1509226474.509636,1509226474.521449,0
query,1509226474.5214527,1509226474.5586336,14
query,1509226474.5586383,1509226474.9508283,6522
query,1509226474.9508326,1509226475.2437162,8136
query,1509226475.243721,1509226475.267009,7
query,1509226475.2670128,1509226476.2150953,3034
query,1509226476.2150998,1509226476.2595184,83
query,1509226476.2595224,1509226476.310094,37
query,1509226476.3100984,1509226476.3756516,1122
query,1509226476.3757,1509226476.8959184,5605
query,1509226476.9087546,1509226476.9763327,1352
query,1509226476.9763393,1509226477.0373104,1643
query,1509226477.0373147,1509226477.2207866,3142
query,1509226477.2208197,1509226477.567283,2943
query,1509226477.567287,1509226478.0336096,8551
query,1509226478.033615,1509226478.1830516,3880
query,1509226478.1830568,1509226478.3175147,2641
query,1509226478.3175192,1509226478.3331807,0
query,1509226478.3331845,1509226478.4519978,2765
query,1509226478.452002,1509226478.745011,5195
query,1509226478.7450151,1509226478.7966797,327
query,1509226478.796685,1509226479.1517885,9116
query,1509226479.1517937,1509226479.414322,5277
query,1509226479.4143264,1509226479.7635393,5631
query,1509226479.7635436,1509226479.8149307,114
query,1509226479.8149345,1509226479.8726509,1179
query,1509226479.8726547,1509226479.9226146,297
query,1509226479.9226189,1509226480.0250971,1983
query,1509226480.0251007,1509226480.044557,2
query,1509226480.0445964,1509226480.1895478,2308
query,1509226480.2019856,1509226480.4007194,5864
query,1509226480.4007235,1509226480.5994866,3977
query,1509226480.5994904,1509226480.872592,4454
query,1509226480.872596,1509226481.19298,5991
query,1509226481.1929843,1509226481.248053,244
query,1509226481.2480574,1509226481.2787142,27
query,1509226481.2787185,1509226481.7298448,10831
query,1509226481.7298486,1509226481.964865,6022
query,1509226481.9648697,1509226482.193128,5596
query,1509226482.1931329,1509226482.2122056,1
query,1509226482.2122092,1509226482.3987694,3420
query,1509226482.398773,1509226482.6050503,5541
query,1509226482.6050541,1509226482.8261006,5492
query,1509226482.8261046,1509226482.836567,0
query,1509226482.8365705,1509226482.850646,2
query,1509226482.8506494,1509226483.0417743,5784
query,1509226483.0417788,1509226483.057733,4
query,1509226483.0577376,1509226483.1012917,11
query,1509226483.1012957,1509226483.2748837,3048
query,1509226483.2749279,1509226483.5775294,4893
query,1509226483.589986,1509226483.7418396,2751
query,1509226483.7418444,1509226483.7813978,247
query,1509226483.7814023,1509226483.7918785,0
query,1509226483.7918818,1509226483.8033614,1
query,1509226483.8033652,1509226484.1889837,12236
query,1509226484.1889877,1509226484.228713,1534
query,1509226484.2287176,1509226484.2628736,16
query,1509226484.2628782,1509226484.2789602,2
query,1509226484.2789645,1509226484.493378,2700
query,1509226484.4933822,1509226484.9743657,12387
query,1509226484.97437,1509226485.3674383,2937
query,1509226485.3674426,1509226485.378241,1
query,1509226485.3782446,1509226485.5404725,3145
query,1509226485.5404768,1509226485.5521095,0
query,1509226485.552113,1509226485.8949647,5598
query,1509226485.8949692,1509226486.2131581,11063
query,1509226486.2131627,1509226486.266544,35
query,1509226486.266549,1509226486.3124182,179
query,1509226486.3124223,1509226486.4566796,5149
query,1509226486.4567215,1509226486.5326662,3759
query,1509226486.5450082,1509226486.583881,398
query,1509226486.583885,1509226486.7216785,3021
query,1509226486.7216828,1509226486.7578106,4
query,1509226486.757816,1509226486.804426,19
query,1509226486.8044298,1509226486.8399673,860
query,1509226486.839971,1509226486.9035923,779
query,1509226486.9035969,1509226486.9135103,0
query,1509226486.9135144,1509226486.9251683,0
query,1509226486.925172,1509226486.9718297,556
query,1509226486.9718335,1509226487.0199192,784
query,1509226487.0199237,1509226487.0716186,10
query,1509226487.0716228,1509226487.4737902,6496
query,1509226487.4737954,1509226487.6330144,4775
query,1509226487.633019,1509226487.6444333,0
query,1509226487.6444368,1509226487.6974585,1042
query,1509226487.6974618,1509226487.9632366,6594
query,1509226487.963241,1509226488.0092537,131
query,1509226488.0092573,1509226488.0620384,317
query,1509226488.062043,1509226488.194177,2967
query,1509226488.1942174,1509226488.7077131,7919
query,1509226488.7200441,1509226488.7570086,11
query,1509226488.7570124,1509226488.902977,4089
query,1509226488.902981,1509226488.9595485,1034
query,1509226488.9595525,1509226489.013872,44
query,1509226489.0138762,1509226489.0663064,305
query,1509226489.06631,1509226489.3553314,11689
query,1509226489.355336,1509226489.4675732,1534
query,1509226489.467577,1509226489.7212143,5994
query,1509226489.7212186,1509226489.7724285,50
query,1509226489.7724323,1509226489.824369,289
query,1509226489.824374,1509226490.2309394,10773
query,1509226490.2309434,1509226490.30748,1173
query,1509226490.307484,1509226490.3283257,0
query,1509226490.3283298,1509226490.499263,3795
query,1509226490.4992673,1509226490.511414,0
query,1509226490.5114176,1509226490.9048731,10581
query,1509226490.904878,1509226490.9556894,18
query,1509226490.9556942,1509226491.0074549,176
query,1509226491.007459,1509226491.0593483,63
query,1509226491.0593843,1509226491.5117245,6874
query,1509226491.523876,1509226491.8068266,9148
query,1509226491.8068314,1509226491.8248796,4
query,1509226491.8248832,1509226492.0456507,5926
query,1509226492.0456553,1509226492.0977447,1316
query,1509226492.0977488,1509226492.1387873,11
query,1509226492.1387916,1509226492.1992462,1848
query,1509226492.1992505,1509226492.216095,1
query,1509226492.216098,1509226492.264266,220
query,1509226492.2642705,1509226492.5957177,6440
query,1509226492.5957222,1509226492.6391723,323
query,1509226492.6391768,1509226492.7817693,3673
query,1509226492.7817733,1509226493.0605752,8833
query,1509226493.0605798,1509226493.5036898,7517
query,1509226493.5036938,1509226493.5529962,932
query,1509226493.5529997,1509226493.5879037,470
query,1509226493.5879078,1509226493.6222532,1553
query,1509226493.622258,1509226493.6321323,0
query,1509226493.632136,1509226493.9485197,6814
query,1509226493.9485245,1509226494.005076,528
query,1509226494.0051153,1509226494.0814672,6
query,1509226494.094016,1509226494.1307805,1312
query,1509226494.1307845,1509226494.1622512,49
query,1509226494.1622558,1509226494.1736033,0
query,1509226494.173608,1509226494.204915,193
query,1509226494.2049193,1509226494.2376983,896
query,1509226494.2377026,1509226494.4198756,3540
query,1509226494.41988,1509226494.4621952,1245
query,1509226494.462199,1509226494.4732127,0
query,1509226494.4732168,1509226494.5064862,230
query,1509226494.5064907,1509226494.6754746,3543
query,1509226494.675479,1509226494.8859835,5073
query,1509226494.8859878,1509226495.046275,4745
query,1509226495.0462794,1509226495.493493,6375
query,1509226495.4934978,1509226495.5944827,1984
query,1509226495.5944867,1509226495.62162,2
query,1509226495.6216235,1509226495.7428958,2722
query,1509226495.7429001,1509226496.0220113,7749
query,1509226496.0220156,1509226496.0432923,3
query,1509226496.0432963,1509226496.1026762,1359
query,1509226496.1027157,1509226496.339412,4543
query,1509226496.3555737,1509226496.388231,0
query,1509226496.3882349,1509226496.445208,647
query,1509226496.4452121,1509226496.8895679,9088
query,1509226496.889572,1509226496.8995583,0
query,1509226496.8995621,1509226496.9164686,2
query,1509226496.9164724,1509226497.0092702,586
query,1509226497.009275,1509226497.0373917,3
query,1509226497.0373957,1509226497.2398474,5382
query,1509226497.2398517,1509226497.3667936,2133
query,1509226497.3667977,1509226497.4019976,224
query,1509226497.4020019,1509226497.4506223,1184
query,1509226497.4506266,1509226497.529538,349
query,1509226497.5295432,1509226497.5843923,35
query,1509226497.5843966,1509226497.6383154,10
query,1509226497.6383193,1509226497.6918266,980
query,1509226497.6918304,1509226497.8257127,2160
query,1509226497.8257172,1509226498.3045003,7179
query,1509226498.3045046,1509226498.359749,674
query,1509226498.3597534,1509226498.58388,5071
query,1509226498.5839355,1509226498.7631438,2175
query,1509226498.775658,1509226498.826945,367
query,1509226498.8269498,1509226498.8617046,739
query,1509226498.8617084,1509226498.9127762,639
query,1509226498.9127803,1509226499.1374958,4112
query,1509226499.1374998,1509226499.1849458,1946
query,1509226499.1849504,1509226499.236773,1274
query,1509226499.2367773,1509226499.5730343,6464
query,1509226499.5730388,1509226499.5913098,2
query,1509226499.5913134,1509226499.8343492,7217
query,1509226499.8343532,1509226499.874823,155
query,1509226499.8748271,1509226499.9053047,275
query,1509226499.9053595,1509226499.9394093,2200
query,1509226499.9394133,1509226499.994635,1728
query,1509226499.9946394,1509226500.040999,24
query,1509226500.0410032,1509226500.1943467,4476
query,1509226500.1943507,1509226500.209091,2
query,1509226500.2090945,1509226500.2533038,124
query,1509226500.2533152,1509226500.2995195,519
query,1509226500.2995234,1509226500.3959062,2676
query,1509226500.3959448,1509226500.473774,38
query,1509226500.4870384,1509226500.6261606,2092
query,1509226500.6261659,1509226500.6858263,1414
query,1509226500.685831,1509226500.9873278,4938
query,1509226500.987332,1509226501.557478,8609
query,1509226501.557483,1509226501.6472669,1597
query,1509226501.647271,1509226501.7005615,1329
query,1509226501.7005658,1509226501.842122,2953
query,1509226501.8421266,1509226501.872688,72
query,1509226501.8726919,1509226501.906665,1445
query,1509226501.906669,1509226501.9342494,2
query,1509226501.9342537,1509226501.9776354,2458
query,1509226501.97764,1509226502.024985,696
query,1509226502.0249894,1509226502.07975,1177
query,1509226502.079754,1509226502.3395314,5711
query,1509226502.3395364,1509226502.707042,7743
query,1509226502.7070456,1509226502.94058,6789
query,1509226502.9405842,1509226502.992526,1138
query,1509226502.99253,1509226503.1098464,2999
query,1509226503.1098506,1509226503.1368341,6
query,1509226503.1368763,1509226503.2770438,5457
query,1509226503.2892284,1509226503.3078249,2
query,1509226503.3078303,1509226503.3511176,2230
query,1509226503.3511224,1509226503.4679625,3026
query,1509226503.4679673,1509226503.5922956,2371
query,1509226503.5922997,1509226503.640549,1149
query,1509226503.6405528,1509226503.809277,6090
query,1509226503.8092813,1509226503.8591185,468
query,1509226503.8591223,1509226503.8760252,1
query,1509226503.8760295,1509226503.9151177,1221
query,1509226503.915122,1509226504.2489617,5411
query,1509226504.248966,1509226504.4886498,8404
query,1509226504.4886541,1509226504.5395455,433
query,1509226504.53955,1509226504.5513234,0
query,1509226504.5513282,1509226504.5890346,304
query,1509226504.5890388,1509226504.7187018,4608
query,1509226504.718706,1509226504.849483,2709
query,1509226504.8494875,1509226504.88356,48
query,1509226504.883565,1509226504.9226038,20
query,1509226504.9226077,1509226505.1085434,6133
query,1509226505.1085863,1509226505.2171495,3461
query,1509226505.2293923,1509226505.3672361,3349
query,1509226505.3672402,1509226505.5426338,4133
query,1509226505.5426378,1509226505.76046,5035
query,1509226505.760464,1509226505.7796514,1
query,1509226505.7796555,1509226505.9786777,5554
query,1509226505.9786818,1509226505.9906104,1
query,1509226505.9906147,1509226506.0379655,1068
query,1509226506.0379703,1509226506.0736935,680
query,1509226506.073698,1509226506.1070814,606
query,1509226506.1070855,1509226506.1975489,2315
query,1509226506.197553,1509226506.294315,2785
query,1509226506.29432,1509226506.429239,5483
query,1509226506.4292445,1509226506.4734077,639
query,1509226506.4734116,1509226506.521464,202
query,1509226506.521468,1509226506.568063,698
query,1509226506.5680668,1509226506.6357949,1800
query,1509226506.635799,1509226506.7551925,2594
query,1509226506.7551973,1509226506.8005757,17
query,1509226506.8005795,1509226506.8455894,318
query,1509226506.8456295,1509226507.211218,6324
query,1509226507.2243812,1509226507.2444453,2
query,1509226507.24445,1509226507.337926,2441
query,1509226507.337931,1509226507.5129707,4614
query,1509226507.5129745,1509226507.6610608,2332
query,1509226507.6610649,1509226507.7200863,1181
query,1509226507.7200902,1509226507.8740888,2323
query,1509226507.8740923,1509226507.9254534,248
query,1509226507.925457,1509226507.9791727,239
query,1509226507.979177,1509226508.0247414,286
query,1509226508.0247455,1509226508.1664302,3646
query,1509226508.1664343,1509226508.2166636,1894
query,1509226508.2166677,1509226508.2629428,392
query,1509226508.262947,1509226508.3114772,55
query,1509226508.3114812,1509226508.471629,2288
query,1509226508.471634,1509226508.5086744,15
query,1509226508.508679,1509226508.5234733,0
query,1509226508.5234773,1509226508.5674329,125
query,1509226508.5674367,1509226508.6540167,2066
query,1509226508.654021,1509226508.7591434,3058
query,1509226508.759183,1509226508.8089736,2169
query,1509226508.821574,1509226508.9428322,4679
query,1509226508.9428368,1509226508.9766526,113
query,1509226508.9766567,1509226509.0268688,1597
query,1509226509.0268729,1509226509.0637054,1806
query,1509226509.0637097,1509226509.2574918,5598
query,1509226509.257496,1509226509.608661,12795
query,1509226509.608665,1509226509.7776253,4723
query,1509226509.7776296,1509226509.7916336,0
query,1509226509.791637,1509226509.8224862,1009
query,1509226509.8224905,1509226509.8564885,473
query,1509226509.8564937,1509226509.9762943,2982
query,1509226509.9762986,1509226510.033044,269
query,1509226510.0330484,1509226510.148732,3911
query,1509226510.1487362,1509226510.3538024,10466
query,1509226510.3538072,1509226510.4886973,3483
query,1509226510.4887016,1509226510.5905428,2491
query,1509226510.5905476,1509226510.9804,2713
query,1509226510.9804049,1509226511.0277135,440
query,1509226511.0277178,1509226511.0729096,27
query,1509226511.0729542,1509226511.9775512,3034
query,1509226511.9902885,1509226512.040668,523
query,1509226512.0406728,1509226512.157877,2305
query,1509226512.1578815,1509226512.2094462,1423
query,1509226512.2094505,1509226512.2354789,2
query,1509226512.235483,1509226512.287533,16
query,1509226512.287537,1509226512.3516467,1782
query,1509226512.3516512,1509226512.3922956,325
query,1509226512.3923,1509226512.4365315,128
query,1509226512.4365358,1509226512.4471533,0
query,1509226512.4471574,1509226512.6341162,4236
query,1509226512.6341207,1509226512.7650678,5492
query,1509226512.7650716,1509226513.2359607,6494
query,1509226513.2359648,1509226513.2569318,2
query,1509226513.256936,1509226513.3499389,2390
query,1509226513.349944,1509226513.4721348,5544
query,1509226513.4721391,1509226513.5717297,4013
query,1509226513.571734,1509226513.8016403,8373
query,1509226513.801646,1509226514.0050101,7999
query,1509226514.0050159,1509226514.14298,2413
query,1509226514.1430252,1509226514.258786,3714
query,1509226514.2713058,1509226514.3839674,3990
query,1509226514.383972,1509226514.644289,6703
query,1509226514.6442924,1509226514.686773,432
query,1509226514.6867774,1509226514.8463843,4861
query,1509226514.8463888,1509226515.0579057,4941
query,1509226515.0579097,1509226515.1082458,749
query,1509226515.1082506,1509226515.121237,0
query,1509226515.121242,1509226515.1663744,21
query,1509226515.1663785,1509226515.211605,985
query,1509226515.211609,1509226515.5123708,5446
query,1509226515.512375,1509226515.5479267,504
query,1509226515.547931,1509226515.6942937,4705
query,1509226515.6942976,1509226515.7514944,1408
query,1509226515.7514985,1509226515.9847484,7967
query,1509226515.9847522,1509226516.0287702,374
query,1509226516.028774,1509226516.3192616,6733
query,1509226516.319266,1509226516.3780484,1253
query,1509226516.378053,1509226516.4318347,745
query,1509226516.4318388,1509226516.7475088,8725
query,1509226516.7475514,1509226516.869879,2746
query,1509226516.8837433,1509226516.9203792,1037
query,1509226516.9203827,1509226516.9559135,28
query,1509226516.9559183,1509226517.006716,10
query,1509226517.0067205,1509226517.2956705,10626
query,1509226517.2956755,1509226517.3490381,496
query,1509226517.3490448,1509226517.8930466,8694
query,1509226517.8930514,1509226518.0238616,2209
query,1509226518.0238662,1509226518.0721495,1190
query,1509226518.0721536,1509226518.1176572,838
query,1509226518.1176622,1509226518.1682744,1260
query,1509226518.1682787,1509226518.3280144,3299
query,1509226518.3280182,1509226518.3874876,1232
query,1509226518.387492,1509226518.5233448,2524
query,1509226518.5233493,1509226518.7056422,7902
query,1509226518.7056468,1509226519.028593,7734
query,1509226519.028597,1509226519.1428552,4222
query,1509226519.14286,1509226519.2398975,2530
query,1509226519.2399023,1509226519.4546604,5370
query,1509226519.4546652,1509226519.5027747,456
query,1509226519.502833,1509226519.7640464,10354
query,1509226519.7769692,1509226519.831315,1726
query,1509226519.8313203,1509226519.8811996,1105
query,1509226519.8812041,1509226519.9865644,2628
query,1509226519.9865685,1509226520.2184987,8227
query,1509226520.2185032,1509226520.4995277,8195
query,1509226520.4995317,1509226520.539167,153
query,1509226520.5391705,1509226520.5819318,502
query,1509226520.581935,1509226520.5910518,1
query,1509226520.5910544,1509226520.9592574,11000
query,1509226520.9592617,1509226520.9702625,0
query,1509226520.9702663,1509226521.092052,2604
query,1509226521.0920558,1509226521.1256037,102
query,1509226521.1256075,1509226521.1567295,231
query,1509226521.156733,1509226521.3081608,5504
query,1509226521.308165,1509226521.3417048,581
query,1509226521.341709,1509226521.4419794,2830
query,1509226521.4419847,1509226521.487504,100
query,1509226521.4875078,1509226521.5321612,713
query,1509226521.5321648,1509226521.5795555,459
query,1509226521.579601,1509226521.7517564,3287
query,1509226521.764534,1509226521.8060324,2478
query,1509226521.8060367,1509226521.8164573,0
query,1509226521.8164608,1509226521.8295164,2
query,1509226521.82952,1509226521.9023185,1991
query,1509226521.9023228,1509226521.9388888,745
query,1509226521.9388926,1509226521.9570003,2
query,1509226521.9570043,1509226521.9913542,75
query,1509226521.9913578,1509226522.005368,2
query,1509226522.005372,1509226522.4842262,3019
query,1509226522.484231,1509226522.6724317,8263
query,1509226522.6724365,1509226523.0420523,6961
query,1509226523.0420587,1509226523.0767112,162
query,1509226523.0767164,1509226523.0885406,0
query,1509226523.0885448,1509226523.1424103,1312
query,1509226523.1424146,1509226523.187797,403
query,1509226523.1878016,1509226523.4493656,7756
query,1509226523.4493704,1509226523.5786483,3695
query,1509226523.5786533,1509226523.6930518,2674
query,1509226523.6930568,1509226523.7252343,312
query,1509226523.7252793,1509226523.772017,273
query,1509226523.7843184,1509226523.8267982,17
query,1509226523.826802,1509226523.9319336,1840
query,1509226523.9319377,1509226524.342182,12617
query,1509226524.3421931,1509226524.3941908,1729
query,1509226524.394195,1509226524.5526536,5359
query,1509226524.5526576,1509226524.8070683,6428
query,1509226524.8070726,1509226524.849755,193
query,1509226524.8497593,1509226525.0543697,6967
query,1509226525.0543742,1509226525.3967738,2897
query,1509226525.3967783,1509226525.4088597,0
query,1509226525.4088645,1509226525.459817,882
query,1509226525.459821,1509226525.513459,119
query,1509226525.5134637,1509226525.6836686,4269
query,1509226525.6836734,1509226525.81305,5488
query,1509226525.8130555,1509226525.856964,992
query,1509226525.8569684,1509226526.2037408,9165
query,1509226526.2037456,1509226526.3039556,3006
query,1509226526.3039603,1509226526.5683324,6323
query,1509226526.5683384,1509226526.6118321,122
query,1509226526.6118774,1509226526.6720808,832
query,1509226526.6881046,1509226526.7310643,881
query,1509226526.7310688,1509226526.8050358,2277
query,1509226526.8050413,1509226526.8142347,0
query,1509226526.8142383,1509226526.9488637,2480
query,1509226526.9488678,1509226526.9999356,1194
query,1509226526.99994,1509226527.0567672,222
query,1509226527.0567715,1509226527.067469,1
query,1509226527.0674725,1509226527.2896326,5999
query,1509226527.2896369,1509226527.3328993,183
query,1509226527.3329034,1509226527.5535998,2966
query,1509226527.553604,1509226527.612268,1086
query,1509226527.6122723,1509226527.6567674,50
query,1509226527.6567714,1509226527.709061,54
query,1509226527.7090654,1509226527.81021,2578
query,1509226527.8102143,1509226527.8683658,1977
query,1509226527.8683703,1509226527.924267,1655
query,1509226527.9242716,1509226527.9552557,30
query,1509226527.95526,1509226527.992028,638
query,1509226527.9920318,1509226528.0263324,13
query,1509226528.0263748,1509226528.050278,0
query,1509226528.0516505,1509226528.2067192,2969
query,1509226528.2067235,1509226528.2467353,54
query,1509226528.246741,1509226528.6706634,13217
query,1509226528.6706676,1509226528.6959403,6
query,1509226528.6959443,1509226528.726121,300
query,1509226528.7261314,1509226528.7647607,2083
query,1509226528.7647653,1509226528.8543952,2308
query,1509226528.8543992,1509226528.8939068,2089
query,1509226528.8939116,1509226529.1496477,5879
query,1509226529.1496518,1509226529.4921443,7660
query,1509226529.4921486,1509226529.8811436,7792
query,1509226529.8811479,1509226530.0447102,4418
query,1509226530.0447142,1509226530.0765407,1235
query,1509226530.076545,1509226530.086059,0
query,1509226530.0860627,1509226530.2932105,4697
query,1509226530.2932148,1509226530.3278372,2489
query,1509226530.327841,1509226530.3578286,352
query,1509226530.3578327,1509226530.391204,1731
query,1509226530.3912082,1509226530.4254363,971
query,1509226530.4254813,1509226530.8945994,9024
query,1509226530.907259,1509226531.0883174,5702
query,1509226531.0883217,1509226531.0996182,0
query,1509226531.0996225,1509226531.1491234,121
query,1509226531.1491282,1509226531.1991718,998
query,1509226531.199177,1509226531.2085183,0
query,1509226531.2085218,1509226531.2180567,0
query,1509226531.2180603,1509226531.2648504,601
query,1509226531.264855,1509226531.2922244,49
query,1509226531.2922285,1509226531.3231385,285
query,1509226531.3231423,1509226531.3458836,3
query,1509226531.3458877,1509226531.377909,602
query,1509226531.377913,1509226531.4775033,2452
query,1509226531.477508,1509226531.6585774,2861
query,1509226531.6585822,1509226531.7390068,2198
query,1509226531.739011,1509226531.7798226,1094
query,1509226531.7798264,1509226531.8244326,59
query,1509226531.824437,1509226531.873737,1396
query,1509226531.873741,1509226531.8866496,1
query,1509226531.8866544,1509226531.8999338,0
query,1509226531.8999665,1509226532.077664,5364
query,1509226532.0899768,1509226532.2114086,2434
query,1509226532.2114139,1509226532.256341,54
query,1509226532.256345,1509226532.303767,1163
query,1509226532.3037713,1509226532.573212,6609
query,1509226532.573216,1509226533.0286553,11508
query,1509226533.0286593,1509226533.3362248,2878
query,1509226533.3362288,1509226533.385725,275
query,1509226533.3857296,1509226533.5507312,4978
query,1509226533.550736,1509226533.5958643,1226
query,1509226533.5958683,1509226533.9723,9050
query,1509226533.9723046,1509226534.158366,3869
query,1509226534.15837,1509226534.3986714,4334
query,1509226534.3986757,1509226534.4087555,1
query,1509226534.408759,1509226534.4365396,462
query,1509226534.4365432,1509226534.4920382,2476
query,1509226534.4920423,1509226534.6667962,3432
query,1509226534.6668005,1509226534.7201312,777
query,1509226534.7201357,1509226535.0134711,6165
query,1509226535.0134761,1509226535.0642912,52
query,1509226535.0643263,1509226535.2787366,5877
query,1509226535.291512,1509226535.3413882,625
query,1509226535.3413925,1509226535.3888505,24
query,1509226535.388854,1509226535.445859,84
query,1509226535.445863,1509226535.4942877,74
query,1509226535.4942918,1509226535.8584971,12138
query,1509226535.8585021,1509226536.2602723,11934
query,1509226536.2602766,1509226536.2914195,21
query,1509226536.2914233,1509226536.338576,815
query,1509226536.3385801,1509226536.3730638,412
query,1509226536.3730676,1509226536.4217243,13
query,1509226536.4217286,1509226536.6579542,6436
query,1509226536.6579578,1509226536.806462,2622
query,1509226536.8064673,1509226536.853124,297
query,1509226536.853128,1509226537.236164,7525
query,1509226537.2361684,1509226537.2550178,3
query,1509226537.2550216,1509226537.304866,525
query,1509226537.3048704,1509226537.4604356,5675
query,1509226537.4604394,1509226537.6299834,5166
query,1509226537.6299877,1509226537.6468492,4
query,1509226537.6468866,1509226537.824764,4218
query,1509226537.839306,1509226537.8982358,1520
query,1509226537.8982403,1509226538.0639966,2649
query,1509226538.0640006,1509226538.1561725,1573
query,1509226538.156177,1509226538.3000479,2209
query,1509226538.3000517,1509226538.5585015,10424
query,1509226538.5585063,1509226538.8647413,6819
query,1509226538.8647459,1509226539.0684083,3995
query,1509226539.0684118,1509226539.0919416,2
query,1509226539.0919456,1509226539.2373445,5395
query,1509226539.237349,1509226539.2771041,639
query,1509226539.2771082,1509226539.522553,6443
query,1509226539.522557,1509226539.535929,1
query,1509226539.535933,1509226539.5691068,1368
query,1509226539.5691106,1509226539.5800555,0
query,1509226539.5800595,1509226539.627907,170
query,1509226539.6279116,1509226539.6442635,2
query,1509226539.6442683,1509226539.696151,567
query,1509226539.6961553,1509226539.7476914,1326
query,1509226539.747696,1509226540.182608,6531
query,1509226540.1826532,1509226540.2069025,2
query,1509226540.2175107,1509226540.332121,2760
query,1509226540.3321254,1509226540.5275998,6748
query,1509226540.527604,1509226540.5629463,1228
query,1509226540.5629506,1509226540.5765927,1
query,1509226540.5765965,1509226540.6094353,437
query,1509226540.609439,1509226540.7086365,3045
query,1509226540.708641,1509226540.7403758,6
query,1509226540.7403793,1509226540.770193,974
query,1509226540.7701972,1509226540.9395368,4817
query,1509226540.939541,1509226540.9717765,306
query,1509226540.9717808,1509226541.1445954,4393
query,1509226541.1446009,1509226541.2357945,3017
query,1509226541.2357988,1509226541.2814758,1210
query,1509226541.28148,1509226541.3259346,88
query,1509226541.3259392,1509226541.622403,7832
query,1509226541.6224072,1509226541.9155824,6691
query,1509226541.915587,1509226541.9535828,1702
query,1509226541.9535873,1509226542.0678296,3126
query,1509226542.0678341,1509226542.0977116,93
query,1509226542.0977578,1509226542.1429574,786
query,1509226542.155982,1509226542.2158427,766
query,1509226542.215846,1509226542.3723276,4574
query,1509226542.3723314,1509226542.558992,7935
query,1509226542.558996,1509226542.5895128,16
query,1509226542.5895169,1509226542.793182,5094
query,1509226542.793193,1509226543.0174499,8616
query,1509226543.0174546,1509226543.1432545,5506
query,1509226543.143259,1509226543.3007379,4335
query,1509226543.3007421,1509226543.4844828,6192
query,1509226543.4844868,1509226543.4946775,0
query,1509226543.4946811,1509226543.5048213,0
query,1509226543.5048246,1509226543.6000714,2667
query,1509226543.600075,1509226543.7839377,5663
query,1509226543.7839415,1509226543.872401,2242
query,1509226543.8724053,1509226543.9021447,639
query,1509226543.902149,1509226544.023754,3811
query,1509226544.0237582,1509226544.2882538,6987
query,1509226544.288258,1509226544.6811144,10462
query,1509226544.6811187,1509226544.7106702,282
query,1509226544.7107112,1509226544.9679937,6017
query,1509226544.9817288,1509226545.067523,3055
query,1509226545.067527,1509226545.0965774,314
query,1509226545.0965812,1509226545.1186855,4
query,1509226545.1186895,1509226545.1501153,306
query,1509226545.150119,1509226545.436845,6990
query,1509226545.4368494,1509226545.4756076,669
query,1509226545.4756124,1509226545.5127628,804
query,1509226545.5127664,1509226545.6374922,2015
query,1509226545.637496,1509226545.7851305,5605
query,1509226545.7851353,1509226545.8302567,441
query,1509226545.830261,1509226545.8731408,527
query,1509226545.8731446,1509226546.1601708,10338
query,1509226546.1601758,1509226546.4173498,4700
query,1509226546.4173546,1509226546.7310908,11725
query,1509226546.7310963,1509226547.0397854,6823
query,1509226547.0397894,1509226547.0827022,158
query,1509226547.0827067,1509226547.1275969,440
query,1509226547.1276014,1509226547.1613598,254
query,1509226547.1613643,1509226547.195263,621
query,1509226547.1953042,1509226547.3576093,3238
query,1509226547.3707783,1509226547.4255087,358
query,1509226547.425513,1509226547.4359694,1
query,1509226547.435973,1509226547.6277237,5524
query,1509226547.6277282,1509226547.6603692,393
query,1509226547.660373,1509226547.6994624,2064
query,1509226547.699466,1509226548.135225,7607
query,1509226548.1352298,1509226548.3443093,4339
query,1509226548.3443143,1509226548.3564804,1
query,1509226548.3564842,1509226548.64743,11247
query,1509226548.647434,1509226548.7000628,1010
query,1509226548.7000673,1509226548.797037,2927
query,1509226548.7970412,1509226548.8525577,3293
query,1509226548.852562,1509226548.8964062,879
query,1509226548.8964105,1509226549.0949636,5307
query,1509226549.0949676,1509226549.396659,6768
query,1509226549.3966632,1509226549.6144502,4983
query,1509226549.6144545,1509226549.653188,322
query,1509226549.6531923,1509226549.680655,265
query,1509226549.6806593,1509226549.9832654,8592
query,1509226549.983313,1509226550.1927152,4915
query,1509226550.2057066,1509226550.2597387,418
query,1509226550.2597432,1509226550.3120697,279
query,1509226550.312075,1509226550.3663929,368
query,1509226550.3663967,1509226550.416266,7
query,1509226550.4162707,1509226550.5982504,4169
query,1509226550.5982544,1509226550.6480205,554
query,1509226550.648024,1509226550.7021408,963
query,1509226550.7021446,1509226550.7618165,1967
query,1509226550.7618196,1509226550.796611,1319
query,1509226550.796615,1509226550.9521878,3015
query,1509226550.9521916,1509226551.1313777,5359
query,1509226551.1313818,1509226551.1466956,1
query,1509226551.146699,1509226551.3910432,5745
query,1509226551.391047,1509226551.4163263,2
query,1509226551.4163294,1509226551.457697,145
query,1509226551.4577007,1509226551.658409,3885
query,1509226551.6584136,1509226552.0477846,11254
query,1509226552.0477889,1509226552.0743277,4
query,1509226552.0743313,1509226552.1259701,446
query,1509226552.1260087,1509226552.277231,3539
query,1509226552.290189,1509226552.3391113,6
query,1509226552.3391151,1509226552.3900552,140
query,1509226552.3900592,1509226552.5500946,5231
query,1509226552.5500987,1509226552.5951245,116
query,1509226552.5951285,1509226552.6566849,2202
query,1509226552.6566892,1509226552.6750789,1
query,1509226552.6750827,1509226552.826488,4791
query,1509226552.8264916,1509226552.8783867,1838
query,1509226552.8783896,1509226552.9280508,1060
query,1509226552.9280548,1509226553.0610578,3107
query,1509226553.0610619,1509226553.0722597,0
query,1509226553.0722628,1509226553.1141436,185
query,1509226553.114148,1509226553.1620336,897
query,1509226553.162037,1509226553.321432,3752
query,1509226553.3214364,1509226553.427635,2518
query,1509226553.4276395,1509226553.7147474,10583
query,1509226553.7147512,1509226553.7559884,14
query,1509226553.7559922,1509226553.802303,732
query,1509226553.8023071,1509226553.8332255,1032
query,1509226553.8332682,1509226554.1540828,9165
query,1509226554.1665897,1509226554.212712,857
query,1509226554.2127159,1509226554.261192,1285
query,1509226554.261196,1509226554.5725355,7249
query,1509226554.57254,1509226554.7423131,4267
query,1509226554.7423174,1509226554.7938778,315
query,1509226554.7938821,1509226554.9034727,3119
query,1509226554.9034767,1509226555.070131,5549
query,1509226555.0701358,1509226555.3540688,10194
query,1509226555.354073,1509226555.3876967,4
query,1509226555.3877015,1509226555.5232103,3892
query,1509226555.523215,1509226555.6789412,4629
query,1509226555.6789453,1509226555.708239,552
query,1509226555.7082431,1509226555.79472,2268
query,1509226555.7947235,1509226555.95382,4101
query,1509226555.953825,1509226555.9866126,11
query,1509226555.9866164,1509226556.0163639,9
query,1509226556.0163682,1509226556.3519428,11250
query,1509226556.351947,1509226556.7293575,7408
query,1509226556.7293615,1509226556.953187,5576
query,1509226556.9532309,1509226557.1538115,7970
query,1509226557.1666832,1509226557.2105894,325
query,1509226557.2105932,1509226557.3985617,6096
query,1509226557.3985658,1509226557.4487245,1959
query,1509226557.4487288,1509226557.6671853,8137
query,1509226557.6671903,1509226557.69512,52
query,1509226557.6951237,1509226558.092289,10848
query,1509226558.0922928,1509226558.1227472,474
query,1509226558.1227512,1509226558.1552434,672
query,1509226558.1552477,1509226558.3620508,5286
query,1509226558.362055,1509226558.4057784,99
query,1509226558.4057827,1509226558.515648,2702
query,1509226558.5156531,1509226558.5259573,0
query,1509226558.5259612,1509226558.6968737,4169
query,1509226558.696878,1509226558.7469935,1334
query,1509226558.7469976,1509226558.913421,5350
query,1509226558.913425,1509226559.0354905,3917
query,1509226559.0354948,1509226559.2370954,5281
query,1509226559.2370994,1509226559.2855718,116
query,1509226559.2855759,1509226559.3382368,1292
query,1509226559.3382819,1509226559.4139905,1654
query,1509226559.4266222,1509226559.562353,5623
query,1509226559.5623572,1509226559.7812495,8322
query,1509226559.7812536,1509226560.3735223,3027
query,1509226560.3735268,1509226560.4194381,409
query,1509226560.4194422,1509226560.7965539,11020
query,1509226560.7965584,1509226560.8429072,60
query,1509226560.8429115,1509226560.9597387,3396
query,1509226560.9597433,1509226560.9701076,1
query,1509226560.9701116,1509226560.9998987,209
query,1509226560.9999025,1509226561.036348,900
query,1509226561.0363522,1509226561.2910523,5055
query,1509226561.2910576,1509226561.325804,1112
query,1509226561.3258083,1509226561.341152,1
query,1509226561.3411558,1509226561.38752,55
query,1509226561.3875241,1509226561.440288,437
query,1509226561.440292,1509226561.8646352,12748
query,1509226561.8646393,1509226561.8978648,8
query,1509226561.8978689,1509226561.9064603,0
query,1509226561.9064639,1509226561.921516,6
query,1509226561.9215574,1509226562.1096838,5639
query,1509226562.1219327,1509226562.2739673,4857
query,1509226562.2739713,1509226562.2867408,0
query,1509226562.2867439,1509226562.538445,6335
query,1509226562.5384498,1509226562.5954545,352
query,1509226562.595458,1509226562.6505377,1661
query,1509226562.650541,1509226562.7029953,368
query,1509226562.7029989,1509226562.7534993,21
query,1509226562.7535033,1509226562.8634946,2832
query,1509226562.8634982,1509226562.909781,176
query,1509226562.909785,1509226563.1219883,5218
query,1509226563.121992,1509226563.1776564,524
query,1509226563.1776602,1509226563.195832,1
query,1509226563.1958358,1509226563.5163205,8131
query,1509226563.5163248,1509226563.6870837,5917
query,1509226563.6870878,1509226563.7185605,508
query,1509226563.7185645,1509226563.746932,51
query,1509226563.7469358,1509226563.7756,465
query,1509226563.7756038,1509226564.129058,7477
query,1509226564.1290622,1509226564.1726189,134
query,1509226564.1726615,1509226564.2348516,550
query,1509226564.24734,1509226564.2895072,872
query,1509226564.2895117,1509226564.6442451,7700
query,1509226564.6442492,1509226564.7837512,2830
query,1509226564.7837553,1509226565.099895,8927
query,1509226565.099899,1509226565.1409664,803
query,1509226565.1409698,1509226565.1721644,854
query,1509226565.1721678,1509226565.2034936,470
query,1509226565.2034972,1509226565.3434193,3605
query,1509226565.3434236,1509226565.4364285,1793
query,1509226565.4364326,1509226565.4840314,799
query,1509226565.4840353,1509226565.6603742,5288
query,1509226565.6603785,1509226565.7057483,1372
query,1509226565.7057528,1509226565.7613783,1704
query,1509226565.7613823,1509226565.823644,1247
query,1509226565.8236485,1509226565.8344643,1
query,1509226565.8344681,1509226565.8849385,315
query,1509226565.8849425,1509226565.9357302,68
query,1509226565.9357352,1509226565.9874477,367
query,1509226565.9874518,1509226566.2901282,7347
query,1509226566.2901652,1509226566.4452698,1729
query,1509226566.4577978,1509226566.5293324,865
query,1509226566.5293365,1509226567.018036,6625
query,1509226567.0180407,1509226567.0675104,16
query,1509226567.0675147,1509226567.544651,7225
query,1509226567.5446556,1509226567.8370755,6670
query,1509226567.8370795,1509226567.8800516,5
query,1509226567.8800554,1509226567.933416,1001
query,1509226567.9334207,1509226567.9690518,6
query,1509226567.9690561,1509226568.0198376,137
query,1509226568.0198424,1509226568.127431,2030
query,1509226568.1274352,1509226568.1836164,943
query,1509226568.1836207,1509226568.4182115,3481
query,1509226568.4182155,1509226568.6090667,3865
query,1509226568.609071,1509226568.6559513,18
query,1509226568.655955,1509226568.7155638,3175
query,1509226568.7155674,1509226568.8272943,4659
query,1509226568.827299,1509226568.8399885,1
query,1509226568.8399925,1509226568.887913,2145
query,1509226568.8879168,1509226568.9336162,128
query,1509226568.933656,1509226569.1531065,4118
query,1509226569.1669981,1509226569.2191913,59
query,1509226569.2191958,1509226569.3363016,1576
query,1509226569.3363059,1509226569.3814774,13
query,1509226569.3814816,1509226569.391703,0
query,1509226569.3917072,1509226569.6498172,10361
query,1509226569.6498213,1509226569.6993124,4
query,1509226569.6993167,1509226569.8374977,2512
query,1509226569.837502,1509226569.8867152,1801
query,1509226569.886719,1509226569.9335165,583
query,1509226569.9335206,1509226570.2488973,4827
query,1509226570.248902,1509226570.2607477,0
query,1509226570.2607517,1509226570.27346,1
query,1509226570.273464,1509226570.5395062,2759
query,1509226570.5395105,1509226570.5537052,2
query,1509226570.553709,1509226570.7348523,3002
query,1509226570.7348566,1509226570.7547152,2
query,1509226570.7547188,1509226570.8052666,868
query,1509226570.8052707,1509226571.6413267,3034
query,1509226571.6413314,1509226571.6678405,2
query,1509226571.6678767,1509226571.7372339,2123
query,1509226571.7515926,1509226571.8007488,1225
query,1509226571.800753,1509226571.8099906,0
query,1509226571.809994,1509226571.8199131,0
query,1509226571.8199165,1509226572.0553143,4927
query,1509226572.0553184,1509226572.1164849,1793
query,1509226572.1164906,1509226572.1700761,2378
query,1509226572.1700802,1509226572.518856,10479
query,1509226572.5188599,1509226573.2011895,8442
query,1509226573.2011943,1509226573.212575,0
query,1509226573.2125788,1509226573.2234538,0
query,1509226573.2234578,1509226573.392657,2626
query,1509226573.3926613,1509226573.4471738,26
query,1509226573.447178,1509226573.608512,2879
query,1509226573.6085165,1509226573.6449816,39
query,1509226573.6449876,1509226573.7853584,3385
query,1509226573.7853627,1509226573.8337047,134
query,1509226573.8337088,1509226573.8868883,289
query,1509226573.8868918,1509226574.1579719,5737
query,1509226574.1579757,1509226574.3372004,3087
query,1509226574.3372488,1509226574.5083413,3884
query,1509226574.5218737,1509226574.5630827,1354
query,1509226574.5630867,1509226574.7120917,2307
query,1509226574.7120953,1509226574.8186824,2898
query,1509226574.8186865,1509226575.129927,4759
query,1509226575.1299314,1509226575.184572,115
query,1509226575.1845767,1509226575.254,2213
query,1509226575.254004,1509226575.2802875,4
query,1509226575.2802913,1509226575.5511274,6951
query,1509226575.5511317,1509226575.567438,2
query,1509226575.5674412,1509226576.034943,9109
query,1509226576.0349474,1509226576.6021216,11438
query,1509226576.6021256,1509226576.6515603,1102
query,1509226576.6515646,1509226576.8810008,6144
query,1509226576.8810048,1509226577.2028937,5567
query,1509226577.2028973,1509226577.4355302,6720
query,1509226577.4355342,1509226577.5965974,3542
query,1509226577.5966022,1509226577.7778559,4496
query,1509226577.77786,1509226577.931633,4427
query,1509226577.931637,1509226577.991333,1605
query,1509226577.991385,1509226578.0305295,1
query,1509226578.0330489,1509226578.2019596,3338
query,1509226578.2019637,1509226578.354665,7868
query,1509226578.35467,1509226578.4648702,2564
query,1509226578.464874,1509226578.530375,1785
query,1509226578.5303788,1509226578.875115,7944
query,1509226578.8751192,1509226578.8864827,0
query,1509226578.8864868,1509226578.8973389,0
query,1509226578.897343,1509226578.9379694,55
query,1509226578.9379735,1509226578.9499373,0
query,1509226578.9499419,1509226578.9980366,404
query,1509226578.998041,1509226579.47793,14464
query,1509226579.4779344,1509226579.5240762,249
query,1509226579.524081,1509226579.768058,10194
query,1509226579.7680626,1509226580.196635,12139
query,1509226580.1966398,1509226580.4069943,4420
query,1509226580.4069993,1509226580.5318186,3089
query,1509226580.5318227,1509226580.7837257,6735
query,1509226580.78373,1509226581.1175883,10660
query,1509226581.1175926,1509226581.1702666,60
query,1509226581.1703064,1509226581.2220805,456
query,1509226581.2343178,1509226581.269732,31
query,1509226581.2697356,1509226581.3699517,2160
query,1509226581.3699555,1509226581.567762,4740
query,1509226581.567766,1509226581.9385543,7829
query,1509226581.9385588,1509226581.9932482,938
query,1509226581.993252,1509226582.2261999,6240
query,1509226582.2262044,1509226582.6183524,10809
query,1509226582.6183565,1509226582.653239,119
query,1509226582.6532428,1509226582.7800999,2680
query,1509226582.780104,1509226582.9371352,2081
query,1509226582.9371405,1509226582.9604175,3
query,1509226582.9604216,1509226583.0080476,779
query,1509226583.0080528,1509226583.0727162,665
query,1509226583.0727205,1509226583.1253471,20
query,1509226583.1253514,1509226583.1715403,1033
query,1509226583.1715446,1509226583.2213273,11
query,1509226583.2213318,1509226583.2330651,0
query,1509226583.2330694,1509226583.3722637,2952
query,1509226583.372268,1509226583.4218194,10
query,1509226583.4218655,1509226583.6330428,3944
query,1509226583.6473281,1509226583.8829393,5573
query,1509226583.8829436,1509226583.9202905,448
query,1509226583.9202945,1509226584.06033,3048
query,1509226584.0603344,1509226584.1187587,1054
query,1509226584.1187632,1509226584.1684062,453
query,1509226584.1684113,1509226584.306535,2898
query,1509226584.3065388,1509226584.3466458,1024
query,1509226584.34665,1509226584.4000432,654
query,1509226584.4000475,1509226584.7723236,7327
query,1509226584.7723277,1509226584.9360328,5048
query,1509226584.9360373,1509226585.1948695,6266
query,1509226585.1948736,1509226585.2226334,265
query,1509226585.2226374,1509226585.581175,12189
query,1509226585.5811791,1509226585.7609997,3379
query,1509226585.7610037,1509226585.8701737,3614
query,1509226585.8701777,1509226585.9707313,2370
query,1509226585.9707363,1509226586.188722,5335
query,1509226586.1887262,1509226586.2262876,18
query,1509226586.2262914,1509226586.3999217,3281
query,1509226586.3999617,1509226586.5950189,3477
query,1509226586.6087246,1509226586.645896,434
query,1509226586.6459002,1509226586.784538,3787
query,1509226586.784542,1509226586.8387032,1173
query,1509226586.8387072,1509226586.9586065,3065
query,1509226586.9586096,1509226587.057452,1887
query,1509226587.0574567,1509226587.3799255,8698
query,1509226587.3799303,1509226587.426179,1714
query,1509226587.426183,1509226587.4659495,371
query,1509226587.4659534,1509226587.5076003,479
query,1509226587.5076041,1509226587.6428227,3977
query,1509226587.642842,1509226587.7055652,764
query,1509226587.7055697,1509226587.7500377,195
query,1509226587.7500417,1509226587.8044288,1349
query,1509226587.804433,1509226588.1058772,10651
query,1509226588.1058815,1509226588.23226,3400
query,1509226588.2322648,1509226588.4348366,7030
query,1509226588.434841,1509226588.4422839,0
query,1509226588.4422872,1509226588.8364818,12525
query,1509226588.8364859,1509226588.9587502,4879
query,1509226588.9587934,1509226589.0654664,2510
query,1509226589.079353,1509226589.1144087,1369
query,1509226589.1144123,1509226589.1615074,450
query,1509226589.1615114,1509226589.2072494,115
query,1509226589.207253,1509226589.2447574,256
query,1509226589.244761,1509226589.2573795,0
query,1509226589.2573826,1509226589.3633761,2064
query,1509226589.3633802,1509226589.37379,0
query,1509226589.3737931,1509226589.3870618,1
query,1509226589.3870654,1509226589.7170594,11342
query,1509226589.717065,1509226589.8218663,2120
query,1509226589.8218703,1509226589.8741238,512
query,1509226589.874128,1509226589.9272792,928
query,1509226589.9272842,1509226590.0888765,4116
query,1509226590.0888808,1509226590.1404629,405
query,1509226590.1404672,1509226590.428548,5344
query,1509226590.4285529,1509226590.6588328,10387
query,1509226590.6588373,1509226590.7041738,298
query,1509226590.7041783,1509226590.7495291,274
query,1509226590.7495334,1509226590.7971547,140
query,1509226590.797198,1509226590.9304872,3222
query,1509226590.9431505,1509226591.1133685,4605
query,1509226591.1133723,1509226591.1649644,110
query,1509226591.1649687,1509226591.2441278,2755
query,1509226591.2441323,1509226591.2752569,368
query,1509226591.2752612,1509226591.3083951,484
query,1509226591.3083992,1509226591.3433118,1744
query,1509226591.3433158,1509226591.448184,3443
query,1509226591.4481878,1509226591.6125543,5445
query,1509226591.6125586,1509226591.8417115,4935
query,1509226591.8417158,1509226592.1082826,7754
query,1509226592.1082866,1509226592.141905,137
query,1509226592.1419084,1509226592.1774547,1174
query,1509226592.1774588,1509226592.3932478,5960
query,1509226592.3932521,1509226592.4225574,1137
query,1509226592.422561,1509226592.6953254,7205
query,1509226592.6953294,1509226592.9496198,7344
query,1509226592.949625,1509226593.1966474,5660
query,1509226593.1966674,1509226593.4278762,8423
query,1509226593.4278805,1509226593.4920723,414
query,1509226593.4921212,1509226593.704472,3639
query,1509226593.7180824,1509226593.7501342,62
query,1509226593.7501383,1509226593.7833166,795
query,1509226593.783321,1509226593.8143647,259
query,1509226593.8143687,1509226594.0258734,4265
query,1509226594.0258775,1509226594.0633483,365
query,1509226594.0633523,1509226594.0973766,516
query,1509226594.0973802,1509226594.1083317,0
query,1509226594.108336,1509226594.2704997,4078
query,1509226594.270504,1509226594.3224916,48
query,1509226594.3224957,1509226594.371839,819
query,1509226594.371843,1509226594.426484,1241
query,1509226594.4264886,1509226594.4659953,1892
query,1509226594.4659991,1509226594.6176622,3679
query,1509226594.617666,1509226594.8562639,5484
query,1509226594.8562682,1509226594.9770038,1873
query,1509226594.9770074,1509226594.987242,0
query,1509226594.9872458,1509226595.0311656,23
query,1509226595.0311694,1509226595.0872295,1655
query,1509226595.0872335,1509226595.263347,5551
query,1509226595.263388,1509226595.3438768,210
query,1509226595.356453,1509226595.4097116,830
query,1509226595.4097157,1509226595.6558588,8211
query,1509226595.6558635,1509226595.8563719,6121
query,1509226595.8563764,1509226595.883542,84
query,1509226595.8835456,1509226595.9127388,19
query,1509226595.9127426,1509226596.1208117,7007
query,1509226596.1208167,1509226596.3235416,5747
query,1509226596.3235464,1509226596.3356595,2
query,1509226596.3356636,1509226596.4760783,3335
query,1509226596.4760826,1509226596.80822,7395
query,1509226596.8082242,1509226596.83893,187
query,1509226596.838934,1509226596.9795399,4485
query,1509226596.9795446,1509226597.126737,4310
query,1509226597.1267414,1509226597.3017862,4520
query,1509226597.3017912,1509226597.3317266,39
query,1509226597.3317306,1509226597.3588452,18
query,1509226597.358851,1509226597.515519,4944
query,1509226597.5155234,1509226597.8719583,9027
query,1509226597.8719628,1509226598.0514145,8142
query,1509226598.0514548,1509226598.1732466,4536
query,1509226598.1858993,1509226598.1957881,0
query,1509226598.1957917,1509226598.4482977,5343
query,1509226598.4483016,1509226598.4570334,0
query,1509226598.457037,1509226598.5060775,545
query,1509226598.5060816,1509226598.5517955,335
query,1509226598.5517998,1509226598.6045997,228
query,1509226598.6046042,1509226598.886669,7293
query,1509226598.8866737,1509226599.0646424,4257
query,1509226599.0646467,1509226599.301163,6367
query,1509226599.301167,1509226599.330164,112
query,1509226599.330168,1509226599.3904195,1464
query,1509226599.3904235,1509226599.5577114,5421
query,1509226599.557716,1509226599.5938041,10
query,1509226599.5938087,1509226599.691543,2593
query,1509226599.6915472,1509226599.937805,5278
query,1509226599.9378092,1509226600.263627,9011
query,1509226600.2636316,1509226600.2985218,32
query,1509226600.2985253,1509226600.6054041,7205
query,1509226600.6054087,1509226600.7567809,5500
query,1509226600.75685,1509226600.9549053,4409
query,1509226600.9676423,1509226601.004837,315
query,1509226601.0048406,1509226601.041317,2831
query,1509226601.0413227,1509226601.3953097,8770
query,1509226601.3953147,1509226601.590692,5031
query,1509226601.5906968,1509226601.6248927,384
query,1509226601.6248965,1509226601.6565664,23
query,1509226601.6565707,1509226601.6660464,1
query,1509226601.6660497,1509226601.6752608,0
query,1509226601.6752641,1509226601.7078543,887
query,1509226601.7078583,1509226602.591527,3034
query,1509226602.5915313,1509226603.219757,9875
query,1509226603.2197614,1509226603.273466,136
query,1509226603.2734702,1509226603.5982952,7918
query,1509226603.5983,1509226603.6400533,853
query,1509226603.6400568,1509226603.9008677,4388
query,1509226603.9008718,1509226603.9535334,402
query,1509226603.9535382,1509226603.9641516,0
query,1509226603.9641552,1509226604.090256,2882
query,1509226604.090261,1509226604.1448464,2434
query,1509226604.1448922,1509226604.3338265,3508
query,1509226604.3470874,1509226604.7872906,6236
query,1509226604.7872958,1509226605.290402,7427
query,1509226605.2904067,1509226605.3817008,2792
query,1509226605.3817055,1509226605.5436137,4167
query,1509226605.5436184,1509226605.5766401,1104
query,1509226605.5766442,1509226605.8356314,8252
query,1509226605.8356364,1509226605.8813426,130
query,1509226605.8813465,1509226606.1668713,5832
query,1509226606.1668756,1509226606.5744083,8711
query,1509226606.5744126,1509226606.6289158,725
query,1509226606.62892,1509226606.7330835,2379
query,1509226606.7330873,1509226606.8216598,1438
query,1509226606.8216643,1509226606.879748,1261
query,1509226606.8797524,1509226607.0500062,3456
query,1509226607.0500107,1509226607.4026966,5960
query,1509226607.402701,1509226607.456613,584
query,1509226607.4566174,1509226607.507274,586
query,1509226607.5072784,1509226607.811374,7313
query,1509226607.811378,1509226608.1699448,12466
query,1509226608.1699824,1509226608.2535505,489
query,1509226608.2660298,1509226608.3281746,1377
query,1509226608.3281791,1509226608.3753653,725
query,1509226608.3753688,1509226608.849873,10942
query,1509226608.8498778,1509226609.0927243,7383
query,1509226609.0927286,1509226609.208653,3124
query,1509226609.2086568,1509226609.6479845,9107
query,1509226609.6479883,1509226609.7454824,2599
query,1509226609.7454872,1509226610.4318898,12847
query,1509226610.4318943,1509226610.6130023,4040
query,1509226610.6130064,1509226610.7194817,2317
query,1509226610.719486,1509226610.730286,0
query,1509226610.7302895,1509226610.7973204,1498
query,1509226610.797325,1509226611.2762225,3024
query,1509226611.2762268,1509226612.0735173,3034
query,1509226612.0735223,1509226612.4367716,11292
query,1509226612.436776,1509226612.5307918,1505
query,1509226612.530796,1509226612.6155305,891
query,1509226612.615535,1509226612.6432,4
query,1509226612.6432037,1509226612.701366,1916
query,1509226612.7014227,1509226612.9046204,4509
query,1509226612.916973,1509226612.9588468,999
query,1509226612.9588506,1509226613.3123848,7952
query,1509226613.312389,1509226613.3669636,32
query,1509226613.3669674,1509226613.6123123,6688
query,1509226613.6123164,1509226613.6490984,337
query,1509226613.6491022,1509226613.6792278,521
query,1509226613.679232,1509226613.8278291,2891
query,1509226613.8278334,1509226614.0260346,4073
query,1509226614.026039,1509226614.1886544,10178
query,1509226614.188659,1509226614.218237,8
query,1509226614.2182405,1509226614.5515592,11363
query,1509226614.5515633,1509226614.7920957,6293
query,1509226614.7921,1509226614.835786,535
query,1509226614.83579,1509226615.1431499,8823
query,1509226615.1431546,1509226615.154254,0
query,1509226615.154258,1509226615.4123635,6156
query,1509226615.4123678,1509226615.4303715,0
query,1509226615.4303749,1509226615.5614543,2283
query,1509226615.561458,1509226615.6063821,19
query,1509226615.606418,1509226615.9171033,8726
query,1509226615.9295428,1509226616.132094,4540
query,1509226616.1320977,1509226616.1442556,0
query,1509226616.1442597,1509226616.4366803,5376
query,1509226616.436685,1509226616.5294569,1906
query,1509226616.5294614,1509226616.7143164,4521
query,1509226616.7143207,1509226616.7468727,70
query,1509226616.7468767,1509226616.7856996,2175
query,1509226616.785704,1509226617.1922185,9022
query,1509226617.1922226,1509226617.235982,982
query,1509226617.2359855,1509226617.745473,9121
query,1509226617.745477,1509226617.7570648,0
query,1509226617.7570684,1509226617.8084455,43
query,1509226617.8084497,1509226617.855038,72
query,1509226617.855042,1509226617.8989537,1386
query,1509226617.8989577,1509226618.170542,4200
query,1509226618.1705456,1509226618.2198844,559
query,1509226618.2198882,1509226618.272378,1107
query,1509226618.272382,1509226618.3226144,160
query,1509226618.3226192,1509226618.4589953,2057
query,1509226618.4590385,1509226618.5064719,8
query,1509226618.5191772,1509226619.1316402,7991
query,1509226619.131644,1509226619.469381,10591
query,1509226619.4693851,1509226619.6510863,3471
query,1509226619.6510913,1509226619.7031682,52
query,1509226619.703172,1509226619.7443213,16
query,1509226619.7443252,1509226619.7874148,602
query,1509226619.7874188,1509226619.9181342,1975
query,1509226619.918138,1509226619.9320502,1
query,1509226619.932054,1509226620.0506084,3272
query,1509226620.0506124,1509226620.0943577,50
query,1509226620.0943618,1509226620.1398454,333
query,1509226620.1398497,1509226620.1812413,206
query,1509226620.1812458,1509226620.3193789,3239
query,1509226620.319383,1509226620.4487538,2512
query,1509226620.4487581,1509226620.6058092,2344
query,1509226620.6058135,1509226620.7264624,2372
query,1509226620.7264667,1509226620.8534853,1949
query,1509226620.8534896,1509226621.3466644,6106
query,1509226621.3466692,1509226621.3893504,21
query,1509226621.3893907,1509226621.974191,7468
query,1509226621.986767,1509226621.997596,0
query,1509226621.9975996,1509226622.0469873,190
query,1509226622.0469916,1509226622.091527,87
query,1509226622.0915306,1509226622.2952867,5629
query,1509226622.295291,1509226622.7028422,8217
query,1509226622.7028463,1509226622.725045,2
query,1509226622.7250493,1509226622.7764497,419
query,1509226622.7764547,1509226622.8313646,1495
query,1509226622.831369,1509226622.8416731,0
query,1509226622.8416774,1509226622.8511891,0
query,1509226622.851193,1509226622.995381,4812
query,1509226622.9953854,1509226623.031047,104
query,1509226623.0310516,1509226623.0765688,197
query,1509226623.0765727,1509226623.5047865,9371
query,1509226623.504823,1509226623.5462372,857
query,1509226623.5462408,1509226623.59341,349
query,1509226623.5934138,1509226623.6885772,1412
query,1509226623.688581,1509226623.7275002,1159
query,1509226623.727505,1509226623.7753248,1072
query,1509226623.7753654,1509226624.346859,11927
query,1509226624.359869,1509226624.6394925,9317
query,1509226624.6394966,1509226624.6503458,0
query,1509226624.6503503,1509226625.0292428,6397
query,1509226625.0292468,1509226625.0624888,6
query,1509226625.0624928,1509226625.0729566,0
query,1509226625.0729604,1509226625.2053332,2580
query,1509226625.205338,1509226625.4924836,6164
query,1509226625.492488,1509226625.6807005,7912
query,1509226625.6807053,1509226625.7268667,13
query,1509226625.7268708,1509226625.7757125,124
query,1509226625.7757165,1509226625.8253646,9
query,1509226625.8253691,1509226625.9379165,2051
query,1509226625.9379208,1509226626.1112895,5478
query,1509226626.1112933,1509226626.287868,5560
query,1509226626.2878726,1509226626.8414907,11885
query,1509226626.841495,1509226627.070096,4260
query,1509226627.0701003,1509226627.246163,3890
query,1509226627.246168,1509226627.2580223,0
query,1509226627.2580266,1509226627.4081278,2377
query,1509226627.4081862,1509226627.4775133,51
query,1509226627.4903255,1509226627.5472176,1617
query,1509226627.5472217,1509226627.6745126,4608
query,1509226627.674517,1509226627.7263594,795
query,1509226627.7263634,1509226627.7755003,172
query,1509226627.7755053,1509226627.8285933,2388
query,1509226627.8285978,1509226627.9996798,5545
query,1509226627.9996843,1509226628.0587475,29
query,1509226628.0587518,1509226628.1072366,99
query,1509226628.1072407,1509226628.3864336,8544
query,1509226628.3864377,1509226628.4270365,49
query,1509226628.4270403,1509226628.6145377,4859
query,1509226628.6145425,1509226628.708289,2277
query,1509226628.708294,1509226628.7642655,16
query,1509226628.764269,1509226629.2117956,7492
query,1509226629.2118003,1509226629.2597985,1479
query,1509226629.2598028,1509226629.3269176,802
query,1509226629.3269217,1509226629.3805075,280
query,1509226629.380512,1509226629.4296918,31
query,1509226629.429696,1509226629.4858687,116
query,1509226629.4859078,1509226629.5266643,2
query,1509226629.533168,1509226629.588219,163
query,1509226629.5882235,1509226629.7449043,4666
query,1509226629.7449086,1509226629.8447258,2157
query,1509226629.84473,1509226630.1381004,11025
query,1509226630.1381052,1509226630.2608438,4430
query,1509226630.2608483,1509226630.4094932,2367
query,1509226630.4094975,1509226630.4199462,0
query,1509226630.4199502,1509226630.4623609,1016
query,1509226630.4623647,1509226630.4976227,723
query,1509226630.4976275,1509226630.5469413,27
query,1509226630.5469453,1509226630.5960183,831
query,1509226630.5960224,1509226630.6591096,2251
query,1509226630.659114,1509226630.8992345,6131
query,1509226630.899239,1509226631.0564337,2136
query,1509226631.056438,1509226631.068166,0
query,1509226631.0681698,1509226631.0909247,3
query,1509226631.090928,1509226631.1506047,1489
query,1509226631.150609,1509226631.4871387,7463
query,1509226631.4871428,1509226631.5207114,180
query,1509226631.5207489,1509226631.5788078,1010
query,1509226631.595831,1509226631.774477,5501
query,1509226631.7744818,1509226631.8125968,743
query,1509226631.812601,1509226631.893499,1667
query,1509226631.8935022,1509226632.0939786,3641
query,1509226632.0939832,1509226632.1486812,774
query,1509226632.1486847,1509226632.2037122,1233
query,1509226632.203716,1509226632.2539823,190
query,1509226632.2539864,1509226632.311967,851
query,1509226632.3119707,1509226632.3654218,678
query,1509226632.3654256,1509226632.7314613,7041
query,1509226632.7314656,1509226632.742054,0
query,1509226632.7420576,1509226633.011032,5759
query,1509226633.0110362,1509226633.121321,2650
query,1509226633.1213255,1509226633.168629,797
query,1509226633.168633,1509226633.207012,830
query,1509226633.207016,1509226633.251116,1396
query,1509226633.2511199,1509226633.6060684,8683
query,1509226633.6060724,1509226633.9394908,11248
query,1509226633.9394953,1509226634.1698158,7883
query,1509226634.169854,1509226634.2643964,1012
query,1509226634.2778952,1509226634.291027,0
query,1509226634.2910304,1509226634.35137,1136
query,1509226634.351374,1509226634.5742714,6635
query,1509226634.574275,1509226634.603998,5
query,1509226634.6040015,1509226634.824772,4829
query,1509226634.824776,1509226634.920881,1644
query,1509226634.9208856,1509226634.9554694,1406
query,1509226634.9554734,1509226635.0088997,1033
query,1509226635.0089037,1509226635.1909478,4420
query,1509226635.190952,1509226635.2265801,1598
query,1509226635.226584,1509226635.3886502,2316
query,1509226635.3886542,1509226635.4445872,389
query,1509226635.4445918,1509226635.6563332,4388
query,1509226635.656338,1509226635.7093756,603
query,1509226635.7093797,1509226636.0449228,6176
query,1509226636.0449266,1509226636.0590034,0
query,1509226636.059008,1509226636.1372378,1261
query,1509226636.1372426,1509226636.4324462,4797
query,1509226636.4324505,1509226636.6290836,3564
query,1509226636.6291206,1509226636.6783454,60
query,1509226636.6905713,1509226636.738855,1434
query,1509226636.7388587,1509226636.7900593,2308
query,1509226636.7900636,1509226637.208704,10701
query,1509226637.2087083,1509226637.2383628,87
query,1509226637.2383666,1509226637.2853885,664
query,1509226637.2853928,1509226637.3391087,1614
query,1509226637.3391132,1509226637.5173185,2460
query,1509226637.517323,1509226637.5712006,680
query,1509226637.5712044,1509226637.9253879,7001
query,1509226637.9253917,1509226638.0890117,2878
query,1509226638.0890157,1509226638.3026438,5442
query,1509226638.302648,1509226638.6012347,6328
query,1509226638.6012392,1509226638.6406338,1109
query,1509226638.6406376,1509226638.687296,203
query,1509226638.6873004,1509226638.7350361,20
query,1509226638.7350404,1509226638.7801082,307
query,1509226638.7801127,1509226638.8838363,2994
query,1509226638.8838406,1509226639.0544827,5624
query,1509226639.0544865,1509226639.1645768,1548
query,1509226639.1646178,1509226639.2624953,3099
query,1509226639.278175,1509226639.3611608,2138
query,1509226639.3611662,1509226639.5250103,5372
query,1509226639.5250149,1509226639.5818644,682
query,1509226639.5818686,1509226639.6345816,1148
query,1509226639.6345856,1509226639.815782,5025
query,1509226639.8157868,1509226639.9511635,2749
query,1509226639.9511673,1509226640.0367653,1655
query,1509226640.0367694,1509226640.4926975,8905
query,1509226640.492702,1509226640.5118182,2
query,1509226640.5118217,1509226640.550328,134
query,1509226640.5503323,1509226640.6127067,891
query,1509226640.6127105,1509226640.655188,594
query,1509226640.6551929,1509226640.687452,138
query,1509226640.6874561,1509226640.8396254,5758
query,1509226640.8396294,1509226641.1637664,5741
query,1509226641.1637702,1509226641.295742,2201
query,1509226641.2957463,1509226641.304708,0
query,1509226641.3047118,1509226641.3481617,126
query,1509226641.3481658,1509226641.488969,2706
query,1509226641.4890072,1509226641.5176399,0
query,1509226641.5191588,1509226641.5509195,76
query,1509226641.5509238,1509226641.5818865,862
query,1509226641.5818903,1509226641.8283658,5851
query,1509226641.82837,1509226642.103742,5727
query,1509226642.1037462,1509226642.1347127,58
query,1509226642.134716,1509226642.16929,1051
query,1509226642.1692946,1509226642.2155616,11
query,1509226642.2155666,1509226642.3163333,3849
query,1509226642.316337,1509226642.368599,1257
query,1509226642.3686025,1509226642.419675,1087
query,1509226642.4196799,1509226642.4291391,0
query,1509226642.4291437,1509226642.4780273,1268
query,1509226642.478031,1509226642.5218098,10
query,1509226642.5218136,1509226642.5644767,27
query,1509226642.5644805,1509226642.623087,1980
query,1509226642.6230907,1509226642.6686802,437
query,1509226642.6686838,1509226642.7088492,2122
query,1509226642.708853,1509226642.9111242,8154
query,1509226642.9111285,1509226643.3621848,12492
query,1509226643.362227,1509226643.387489,1
query,1509226643.393611,1509226643.5369508,3226
query,1509226643.5369554,1509226643.5893896,1031
query,1509226643.5893943,1509226643.6320183,176
query,1509226643.6320229,1509226643.7461479,4714
query,1509226643.746152,1509226644.0331156,6076
query,1509226644.0331197,1509226644.065925,655
query,1509226644.065929,1509226644.1881495,3616
query,1509226644.1881542,1509226644.6128914,6855
query,1509226644.6128972,1509226644.6695204,1595
query,1509226644.6695247,1509226644.6932268,5
query,1509226644.6932306,1509226644.8427696,1571
query,1509226644.8427734,1509226644.8892064,288
query,1509226644.8892105,1509226644.8994286,0
query,1509226644.8994324,1509226645.0124772,4062
query,1509226645.0124815,1509226645.0641081,675
query,1509226645.064113,1509226645.11315,934
query,1509226645.1131544,1509226645.1605551,383
query,1509226645.16056,1509226645.170326,0
query,1509226645.1703296,1509226645.2100017,126
query,1509226645.2100472,1509226646.0266764,3034
query,1509226646.0396564,1509226646.0719638,309
query,1509226646.071968,1509226646.1036365,242
query,1509226646.10364,1509226646.1164627,1
query,1509226646.1164665,1509226646.1305995,2
query,1509226646.1306028,1509226646.1590788,103
query,1509226646.1590827,1509226646.1883435,58
query,1509226646.188348,1509226646.2189474,46
query,1509226646.2189512,1509226646.2663765,522
query,1509226646.2663808,1509226646.3471193,1649
query,1509226646.3471236,1509226646.5163631,4735
query,1509226646.5163672,1509226646.5615606,9
query,1509226646.5615747,1509226646.6558492,2589
query,1509226646.6558547,1509226646.7130682,1192
query,1509226646.713074,1509226646.7620726,117
query,1509226646.762077,1509226646.7999113,14
query,1509226646.799916,1509226646.810514,1
query,1509226646.8105187,1509226646.8590846,39
query,1509226646.8590891,1509226647.1918364,7312
query,1509226647.1918406,1509226647.475591,10405
query,1509226647.4756374,1509226647.5739486,2383
query,1509226647.5896847,1509226647.8698068,5731
query,1509226647.869811,1509226648.2172215,10968
query,1509226648.2172263,1509226648.2690296,857
query,1509226648.2690337,1509226648.749355,8902
query,1509226648.7493594,1509226648.7615087,0
query,1509226648.7615128,1509226648.9771745,5537
query,1509226648.9771795,1509226649.1121368,2980
query,1509226649.1121423,1509226649.1647427,1116
query,1509226649.1647465,1509226649.2910404,1537
query,1509226649.2910447,1509226649.3524733,2081
query,1509226649.3524776,1509226649.364669,3
query,1509226649.3646727,1509226649.604111,10194
query,1509226649.604115,1509226649.6251836,8
query,1509226649.6251874,1509226649.6589842,1478
query,1509226649.6589887,1509226649.6984437,1873
query,1509226649.6984477,1509226650.039483,11095
query,1509226650.0394876,1509226650.2530656,5160
query,1509226650.25307,1509226650.482004,8212
query,1509226650.4820082,1509226650.7181802,8547
query,1509226650.718217,1509226650.7591572,507
query,1509226650.7751384,1509226650.882164,2628
query,1509226650.8821688,1509226650.9177442,402
query,1509226650.9177492,1509226650.9558344,1242
query,1509226650.9558387,1509226650.9911268,430
query,1509226650.991131,1509226651.2242706,5761
query,1509226651.224275,1509226651.2590292,537
query,1509226651.2590332,1509226651.527554,5806
query,1509226651.5275586,1509226651.6172817,2466
query,1509226651.617287,1509226651.6650846,827
query,1509226651.665089,1509226651.7165806,749
query,1509226651.716585,1509226651.831614,3388
query,1509226651.8316183,1509226651.9924164,2528
query,1509226651.9924207,1509226652.344218,7841
query,1509226652.3442225,1509226652.377787,455
query,1509226652.3777914,1509226652.534417,5088
query,1509226652.534421,1509226652.5875978,1369
query,1509226652.5876033,1509226652.6352456,815
query,1509226652.6352515,1509226652.646646,1
query,1509226652.6466503,1509226652.7001753,1030
query,1509226652.7002225,1509226652.8884447,4300
query,1509226652.902041,1509226652.9455092,6
query,1509226652.9455156,1509226653.055785,4199
query,1509226653.055789,1509226653.066622,0
query,1509226653.0666258,1509226653.2025309,5483
query,1509226653.2025354,1509226653.234342,21
query,1509226653.2343464,1509226653.404663,5027
query,1509226653.4046674,1509226653.8728867,7674
query,1509226653.872891,1509226654.1014307,3669
query,1509226654.1014347,1509226654.1633499,1189
query,1509226654.1633542,1509226654.2220542,56
query,1509226654.2220588,1509226654.3379133,1533
query,1509226654.3379173,1509226654.4428437,2223
query,1509226654.4428487,1509226654.7539642,5513
query,1509226654.7539682,1509226654.9865482,7986
query,1509226654.9865527,1509226654.9965408,0
query,1509226654.9965444,1509226655.0363047,1600
query,1509226655.0363088,1509226655.150671,2166
query,1509226655.1506758,1509226655.3675451,4402
query,1509226655.3675494,1509226655.4220507,811
query,1509226655.42209,1509226655.47321,0
query,1509226655.4746425,1509226655.689468,5045
query,1509226655.6894724,1509226655.7449913,781
query,1509226655.7449956,1509226655.75716,0
query,1509226655.7571642,1509226655.8840015,3996
query,1509226655.8840053,1509226656.050812,3149
query,1509226656.0508163,1509226656.1859753,4752
query,1509226656.1859791,1509226656.2166722,28
query,1509226656.2166762,1509226656.246654,8
query,1509226656.2466583,1509226656.2796528,29
query,1509226656.2796578,1509226656.4876804,4913
query,1509226656.4876845,1509226656.7002149,4959
query,1509226656.7002192,1509226657.068984,10866
query,1509226657.0689883,1509226657.3762052,6712
query,1509226657.3762095,1509226657.3900561,2
query,1509226657.39006,1509226657.656136,4442
query,1509226657.6561403,1509226657.7181933,1597
query,1509226657.7181973,1509226657.7700553,184
query,1509226657.7700598,1509226657.8242388,62
query,1509226657.8242445,1509226657.8689568,9
query,1509226657.8689976,1509226657.9408786,371
query,1509226657.9537656,1509226658.2327244,6769
query,1509226658.2327287,1509226658.266802,388
query,1509226658.266806,1509226658.3099236,2006
query,1509226658.3099282,1509226658.677064,5761
query,1509226658.677068,1509226659.0619128,11247
query,1509226659.0619178,1509226659.1617684,1852
query,1509226659.1617727,1509226659.3171656,1731
query,1509226659.3171701,1509226659.374207,189
query,1509226659.3742106,1509226659.4340289,1174
query,1509226659.4340327,1509226659.490221,21
query,1509226659.490225,1509226659.6347225,2138
query,1509226659.6347268,1509226659.804074,2495
query,1509226659.8040783,1509226659.8173425,0
query,1509226659.8173475,1509226660.1949923,9037
query,1509226660.194996,1509226660.3064675,3093
query,1509226660.3064718,1509226660.3554523,145
query,1509226660.3554566,1509226660.5537102,3121
query,1509226660.553714,1509226660.7902772,4765
query,1509226660.7902813,1509226660.899633,3941
query,1509226660.8997571,1509226660.9408422,0
query,1509226660.9423382,1509226660.9615366,2
query,1509226660.96154,1509226661.0727274,2492
query,1509226661.0727313,1509226661.166602,2243
query,1509226661.1666055,1509226661.3266091,2587
query,1509226661.3266127,1509226661.5491016,6163
query,1509226661.5491056,1509226661.7592392,3455
query,1509226661.7592432,1509226661.9720993,5227
query,1509226661.9721034,1509226662.2401788,8131
query,1509226662.240183,1509226662.5791519,5822
query,1509226662.579162,1509226662.5925076,0
query,1509226662.592512,1509226662.6945012,2320
query,1509226662.6945047,1509226662.7372801,33
query,1509226662.7372837,1509226662.793941,1796
query,1509226662.7939448,1509226663.0282006,6270
query,1509226663.0282044,1509226663.1724093,3863
query,1509226663.1724133,1509226663.4442286,6354
query,1509226663.4442334,1509226663.4566925,1
query,1509226663.456697,1509226663.471631,0
query,1509226663.471635,1509226663.8449025,6562
query,1509226663.8449488,1509226663.8903353,1
query,1509226663.895794,1509226663.9201286,3
query,1509226663.9201338,1509226664.1464975,4692
query,1509226664.1465015,1509226664.3309307,4170
query,1509226664.3309357,1509226664.4649458,2486
query,1509226664.46495,1509226664.5916603,2425
query,1509226664.5916648,1509226664.6055152,4
query,1509226664.60552,1509226664.8782222,8270
query,1509226664.8782265,1509226665.0286782,3222
query,1509226665.0286827,1509226665.063982,80
query,1509226665.0639858,1509226665.1117275,154
query,1509226665.1117313,1509226665.1565585,813
query,1509226665.1565626,1509226665.34186,5053
query,1509226665.3418643,1509226665.4803283,2266
query,1509226665.4803324,1509226665.5308096,44
query,1509226665.5308142,1509226665.7345467,6167
query,1509226665.7345507,1509226665.8702514,4107
query,1509226665.8702562,1509226666.0463815,3583
query,1509226666.0463858,1509226666.3393028,8913
query,1509226666.3393073,1509226666.6220865,9229
query,1509226666.6221287,1509226666.6657712,686
query,1509226666.678917,1509226666.9933481,8989
query,1509226666.9933527,1509226667.4620576,11798
query,1509226667.4620614,1509226667.4747264,1
query,1509226667.4747305,1509226667.5701702,2815
query,1509226667.570174,1509226667.621724,590
query,1509226667.6217284,1509226667.6831098,466
query,1509226667.6831145,1509226668.0209525,11368
query,1509226668.020957,1509226668.070534,903
query,1509226668.070539,1509226668.1407132,1217
query,1509226668.1407177,1509226668.1862357,284
query,1509226668.1862404,1509226668.2415736,1521
query,1509226668.2415793,1509226668.2968674,148
query,1509226668.2968714,1509226668.4042819,3396
query,1509226668.4042866,1509226668.455849,1116
query,1509226668.455853,1509226668.4660451,0
query,1509226668.4660485,1509226668.5096416,11
query,1509226668.5096457,1509226668.5539618,17
query,1509226668.5539658,1509226668.6036184,360
query,1509226668.6036222,1509226668.6589875,1376
query,1509226668.659029,1509226668.7252955,953
query,1509226668.7379432,1509226668.7897716,249
query,1509226668.7897756,1509226669.0770197,6138
query,1509226669.077024,1509226669.125869,1431
query,1509226669.1258743,1509226669.4709382,4772
query,1509226669.4709423,1509226669.624313,3773
query,1509226669.6243176,1509226669.8032398,3867
query,1509226669.8032458,1509226669.853544,12
query,1509226669.8535483,1509226670.0289152,4286
query,1509226670.0289197,1509226670.2565103,8658
query,1509226670.256515,1509226670.4327774,4072
query,1509226670.432782,1509226670.6218922,3049
query,1509226670.6218958,1509226670.7519572,1917
query,1509226670.7519617,1509226670.8935177,3255
query,1509226670.8935223,1509226671.1053226,7944
query,1509226671.1053271,1509226671.1502192,69
query,1509226671.1502237,1509226671.637861,10951
query,1509226671.6378655,1509226671.6897132,883
query,1509226671.689718,1509226671.876297,2851
query,1509226671.876301,1509226672.0364187,3335
query,1509226672.0364664,1509226672.0695264,0
query,1509226672.071296,1509226672.1173527,857
query,1509226672.1173573,1509226672.1281667,0
query,1509226672.1281703,1509226672.1778872,896
query,1509226672.1778908,1509226672.3115215,3216
query,1509226672.3115253,1509226672.3647072,1672
query,1509226672.3647103,1509226672.4092772,1178
query,1509226672.4092817,1509226672.6965759,5318
query,1509226672.69658,1509226673.098124,2917
query,1509226673.0981283,1509226673.155261,742
query,1509226673.155266,1509226673.1756983,0
query,1509226673.1757026,1509226673.2233725,413
query,1509226673.223377,1509226673.2357373,1
query,1509226673.2357435,1509226673.2473257,2
query,1509226673.24733,1509226673.3887742,3309
query,1509226673.3887787,1509226673.4174876,11
query,1509226673.4174922,1509226673.4515302,1644
query,1509226673.4515355,1509226673.6561844,4919
query,1509226673.6561887,1509226673.7098856,65
query,1509226673.7098897,1509226673.7630377,655
query,1509226673.7630792,1509226674.187389,7256
query,1509226674.200847,1509226674.299359,2266
query,1509226674.2993636,1509226674.3418262,690
query,1509226674.3418305,1509226674.358485,0
query,1509226674.3584895,1509226674.4075491,1684
query,1509226674.4075534,1509226674.600086,4057
query,1509226674.6000917,1509226674.6285763,8
query,1509226674.628582,1509226674.7323742,4673
query,1509226674.7323785,1509226674.7657228,305
query,1509226674.7657268,1509226674.800277,785
query,1509226674.800281,1509226674.8103049,0
query,1509226674.8103087,1509226674.8470545,988
query,1509226674.847059,1509226674.857039,0
query,1509226674.8570426,1509226674.8861897,422
query,1509226674.8861935,1509226674.9150484,15
query,1509226674.9150524,1509226674.9637687,233
query,1509226674.9637728,1509226675.0848556,2461
query,1509226675.0848596,1509226675.1227098,715
query,1509226675.1227143,1509226675.1736925,257
query,1509226675.173697,1509226675.4798524,11093
query,1509226675.4798946,1509226675.5160139,63
query,1509226675.531955,1509226675.5422368,0
query,1509226675.5422401,1509226675.5748875,734
query,1509226675.574891,1509226675.8213284,4739
query,1509226675.8213322,1509226675.8343947,2
query,1509226675.8343978,1509226675.973546,3236
query,1509226675.9735503,1509226676.0289302,574
query,1509226676.0289354,1509226676.1419504,1654
query,1509226676.1419542,1509226676.1923764,672
query,1509226676.192381,1509226676.426584,4222
query,1509226676.4265883,1509226676.5693865,2731
query,1509226676.5693908,1509226676.607293,1058
query,1509226676.6072984,1509226676.6499844,471
query,1509226676.6499887,1509226676.94599,10521
query,1509226676.9459946,1509226676.956603,0
query,1509226676.9566085,1509226677.2839239,10471
query,1509226677.2839282,1509226677.3452191,480
query,1509226677.3452234,1509226677.3844163,1764
query,1509226677.3844206,1509226677.4226654,885
query,1509226677.4226694,1509226677.6871312,5078
query,1509226677.687176,1509226677.9228213,6913
query,1509226677.9354644,1509226678.1129873,3771
query,1509226678.112992,1509226678.3208742,7970
query,1509226678.3208787,1509226678.3832412,1782
query,1509226678.3832457,1509226678.4343445,1000
query,1509226678.4343483,1509226678.4763238,278
query,1509226678.476328,1509226678.485454,0
query,1509226678.485458,1509226678.774991,10733
query,1509226678.7749956,1509226679.0491629,6459
query,1509226679.0491672,1509226679.1000113,1074
query,1509226679.1000159,1509226679.4576995,7588
query,1509226679.4577043,1509226679.652823,10381
query,1509226679.6528273,1509226679.9534674,10948
query,1509226679.9534717,1509226679.9943752,86
query,1509226679.9943795,1509226680.164519,5862
query,1509226680.1645234,1509226680.4306428,10473
query,1509226680.4306467,1509226680.649637,4379
query,1509226680.649641,1509226680.696758,503
query,1509226680.6967623,1509226681.2111719,7887
query,1509226681.2111776,1509226681.260382,399
query,1509226681.2604203,1509226681.3369033,2534
query,1509226681.3493814,1509226681.6600292,5393
query,1509226681.6600335,1509226681.8546662,10525
query,1509226681.8546703,1509226682.0799608,5718
query,1509226682.0799656,1509226682.0945857,1
query,1509226682.0945897,1509226682.2946115,10185
query,1509226682.294616,1509226682.3276622,651
query,1509226682.327667,1509226682.337747,1
query,1509226682.3377512,1509226682.420326,3211
query,1509226682.4203305,1509226682.8455985,6941
query,1509226682.845603,1509226682.895702,71
query,1509226682.8957064,1509226682.9334145,1621
query,1509226682.9334183,1509226682.9727826,309
query,1509226682.972787,1509226683.0930257,3119
query,1509226683.09303,1509226683.245879,5577
query,1509226683.2458832,1509226683.2619958,2
query,1509226683.2619998,1509226683.3157022,1191
query,1509226683.3157098,1509226683.3626766,40
query,1509226683.3626816,1509226683.6002126,5664
query,1509226683.600217,1509226683.651264,2958
query,1509226683.6513057,1509226683.9408739,7002
query,1509226683.9569182,1509226684.0813918,3661
query,1509226684.0813968,1509226684.1276894,456
query,1509226684.1276934,1509226684.220629,3196
query,1509226684.2206326,1509226684.2653778,176
query,1509226684.2653818,1509226684.3025491,136
query,1509226684.302553,1509226684.730692,7151
query,1509226684.7306964,1509226684.77338,1778
query,1509226684.773384,1509226684.8588665,3584
query,1509226684.858871,1509226684.9048696,47
query,1509226684.9048736,1509226685.0242524,3671
query,1509226685.0242577,1509226685.3096728,10617
query,1509226685.3096795,1509226685.394999,1467
query,1509226685.3950036,1509226685.4442196,313
query,1509226685.4442236,1509226685.6661906,4715
query,1509226685.6661952,1509226685.7568276,2634
query,1509226685.7568314,1509226685.804901,1990
query,1509226685.8049052,1509226686.0097265,5912
query,1509226686.0097306,1509226686.0847812,2827
query,1509226686.0847847,1509226686.1223502,779
query,1509226686.1223915,1509226686.615543,8899
query,1509226686.6283455,1509226686.7295375,2710
query,1509226686.7295423,1509226686.787578,1744
query,1509226686.7875822,1509226686.8170033,502
query,1509226686.817007,1509226686.8491623,1254
query,1509226686.8491662,1509226686.8764648,91
query,1509226686.8764687,1509226686.921915,510
query,1509226686.9219196,1509226687.1803555,4594
query,1509226687.1803594,1509226687.2616138,1713
query,1509226687.2616184,1509226687.312906,1280
query,1509226687.3129098,1509226687.5486915,5076
query,1509226687.5486958,1509226687.6766202,3834
query,1509226687.6766245,1509226687.7081196,160
query,1509226687.7081237,1509226687.818164,2901
query,1509226687.8181682,1509226687.8269184,0
query,1509226687.826922,1509226688.0099168,6457
query,1509226688.009921,1509226688.0246642,2
query,1509226688.0246677,1509226688.0700245,43
query,1509226688.0700288,1509226688.469514,6925
query,1509226688.469518,1509226688.5042381,236
query,1509226688.5042775,1509226688.5897644,1841
query,1509226688.6027536,1509226688.6464782,359
query,1509226688.6464827,1509226688.7810051,3550
query,1509226688.7810092,1509226688.9036133,3471
query,1509226688.9036186,1509226688.9143732,0
query,1509226688.9143782,1509226688.942236,4
query,1509226688.94224,1509226688.952163,0
query,1509226688.9521675,1509226688.9764037,4
query,1509226688.976408,1509226689.0216384,405
query,1509226689.0216432,1509226689.2883754,10786
query,1509226689.2883792,1509226689.335259,1919
query,1509226689.335263,1509226689.4891577,3408
query,1509226689.4891622,1509226689.6737084,4692
query,1509226689.6737127,1509226689.6928658,5
query,1509226689.69287,1509226689.7254303,1223
query,1509226689.7254348,1509226689.761779,968
query,1509226689.761783,1509226689.9955924,8030
query,1509226689.9955964,1509226690.1010392,1899
query,1509226690.1010435,1509226690.1202514,0
query,1509226690.120256,1509226690.2344522,2902
query,1509226690.2345173,1509226690.2841218,1
query,1509226690.2890868,1509226690.532047,7626
query,1509226690.5320508,1509226690.6849487,4871
query,1509226690.684953,1509226690.777699,4069
query,1509226690.777703,1509226690.7882926,0
query,1509226690.7882962,1509226690.8905087,2276
query,1509226690.8905132,1509226690.988386,3060
query,1509226690.9883904,1509226691.2231424,6157
query,1509226691.2231462,1509226691.2741892,44
query,1509226691.2741938,1509226691.3325818,1209
query,1509226691.3325858,1509226691.3854473,1356
query,1509226691.3854513,1509226691.4345584,128
query,1509226691.434562,1509226691.4459038,0
query,1509226691.4459069,1509226691.594609,2960
query,1509226691.5946138,1509226691.697354,2017
query,1509226691.6973598,1509226691.818329,2884
query,1509226691.8183331,1509226691.8279128,1
query,1509226691.8279164,1509226691.935663,3593
query,1509226691.9356668,1509226692.3120737,6086
query,1509226692.3120778,1509226692.3478668,466
query,1509226692.347907,1509226692.6482744,5836
query,1509226692.6624868,1509226692.807258,3853
query,1509226692.807262,1509226692.8206968,0
query,1509226692.8207014,1509226692.9326403,3034
query,1509226692.932645,1509226692.9746964,1322
query,1509226692.9747002,1509226693.0127518,52
query,1509226693.0127559,1509226693.172299,5261
query,1509226693.1723034,1509226693.20298,76
query,1509226693.2029839,1509226693.2259152,2
query,1509226693.2259192,1509226693.2656286,539
query,1509226693.265633,1509226693.5442138,8233
query,1509226693.544218,1509226693.5794165,111
query,1509226693.5794206,1509226693.6279304,123
query,1509226693.627935,1509226693.6784587,1327
query,1509226693.6784635,1509226693.7241504,215
query,1509226693.7241545,1509226693.7735238,796
query,1509226693.7735279,1509226693.919637,3252
query,1509226693.9196415,1509226693.9677496,292
query,1509226693.9677536,1509226694.0176558,27
query,1509226694.01766,1509226694.0654986,6
query,1509226694.0655403,1509226694.2670894,5855
query,1509226694.2800977,1509226694.3105142,132
query,1509226694.3105183,1509226694.3651283,917
query,1509226694.365133,1509226694.5002754,2409
query,1509226694.5002801,1509226694.5498297,723
query,1509226694.549835,1509226694.9512773,7217
query,1509226694.9512813,1509226695.0683181,4282
query,1509226695.0683224,1509226695.1164796,587
query,1509226695.116484,1509226695.2398944,2006
query,1509226695.239899,1509226695.4479122,5639
query,1509226695.4479165,1509226695.493467,83
query,1509226695.4934716,1509226695.5374053,107
query,1509226695.53741,1509226695.6508176,3904
query,1509226695.6508217,1509226695.9004316,7245
query,1509226695.9004357,1509226695.9117153,0
query,1509226695.9117188,1509226695.9604034,1178
query,1509226695.9604075,1509226696.3738217,7113
query,1509226696.3738263,1509226696.4714253,5108
query,1509226696.4714293,1509226696.8177416,11854
query,1509226696.8177464,1509226696.8651633,1450
query,1509226696.8652084,1509226697.0716288,5221
query,1509226697.0846052,1509226697.126283,26
query,1509226697.126287,1509226697.1757362,2019
query,1509226697.175741,1509226697.2214594,115
query,1509226697.221464,1509226697.2674313,596
query,1509226697.2674353,1509226697.40085,2772
query,1509226697.4008543,1509226697.7532196,11026
query,1509226697.7532656,1509226697.8526363,2321
query,1509226697.8526406,1509226698.1795893,10581
query,1509226698.1795933,1509226698.2236426,517
query,1509226698.2236466,1509226698.3563628,3043
query,1509226698.356367,1509226698.3893974,390
query,1509226698.3894017,1509226698.428978,986
query,1509226698.428982,1509226698.5889647,3922
query,1509226698.5889692,1509226698.8799903,6446
query,1509226698.8799963,1509226698.89585,1
query,1509226698.8958535,1509226698.9414487,762
query,1509226698.941453,1509226698.9926803,1217
query,1509226698.9926844,1509226699.0044086,0
query,1509226699.0044127,1509226699.0153532,0
query,1509226699.0153952,1509226699.0681007,28
query,1509226699.082228,1509226699.138376,1156
query,1509226699.13838,1509226699.1916673,1838
query,1509226699.1916714,1509226699.3651242,3573
query,1509226699.365128,1509226699.486664,2705
query,1509226699.486668,1509226699.537919,1677
query,1509226699.5379229,1509226699.5756881,8
query,1509226699.5756922,1509226699.5913255,0
query,1509226699.5913298,1509226699.641035,1474
query,1509226699.641039,1509226699.6838143,976
query,1509226699.6838188,1509226699.854364,2758
query,1509226699.8543675,1509226700.0408797,5445
query,1509226700.0408838,1509226700.118307,1908
query,1509226700.118311,1509226700.3406785,5778
query,1509226700.3406823,1509226700.720715,8155
query,1509226700.720719,1509226700.7679014,116
query,1509226700.7679052,1509226700.8140514,1072
query,1509226700.814056,1509226700.9766855,3748
query,1509226700.9766898,1509226701.0607011,3182
query,1509226701.060705,1509226701.2346897,4819
