tables,1509096377.6625144,1509099981.3831716
query,1509099981.3844016,1509099981.6367304,7073
query,1509099981.651244,1509099982.1113455,9586
query,1509099982.1113493,1509099982.174232,2192
query,1509099982.1742353,1509099982.2147884,1254
query,1509099982.2147925,1509099982.3725312,5984
query,1509099982.3725352,1509099982.3995345,788
query,1509099982.3995385,1509099982.4212048,93
query,1509099982.4212084,1509099982.8458464,4522
query,1509099982.8458507,1509099982.8755138,459
query,1509099982.8755171,1509099982.9417925,3829
query,1509099982.9417963,1509099982.9498596,0
query,1509099982.9498627,1509099982.9759302,45
query,1509099982.9759333,1509099983.094126,5763
query,1509099983.0941293,1509099983.3123386,4515
query,1509099983.3123426,1509099983.3631907,3896
query,1509099983.3631942,1509099983.3917227,1945
query,1509099983.3917265,1509099983.476335,4491
query,1509099983.4763386,1509099983.6698875,7004
query,1509099983.669892,1509099983.9615736,4522
query,1509099983.961578,1509099983.986949,285
query,1509099983.9869936,1509099984.1258533,3857
query,1509099984.1384788,1509099984.4665203,4521
query,1509099984.4665241,1509099984.4885113,297
query,1509099984.4885159,1509099984.8858368,9997
query,1509099984.8858411,1509099985.0515838,4512
query,1509099985.0515876,1509099985.0766327,239
query,1509099985.076637,1509099985.256025,7324
query,1509099985.2560298,1509099985.2773523,578
query,1509099985.2773561,1509099985.2974403,157
query,1509099985.2974448,1509099985.4164639,5749
query,1509099985.4164681,1509099985.4567604,3541
query,1509099985.4567645,1509099985.4818995,751
query,1509099985.4819033,1509099985.5807617,6193
query,1509099985.5807657,1509099985.678996,4915
query,1509099985.679,1509099985.702048,2336
query,1509099985.7020519,1509099985.937281,4518
query,1509099985.937285,1509099985.9538474,619
query,1509099985.953851,1509099986.0641124,6757
query,1509099986.064116,1509099986.2587512,4531
query,1509099986.2587554,1509099986.372398,4833
query,1509099986.3724527,1509099986.4589562,4383
query,1509099986.4733543,1509099986.6937325,10068
query,1509099986.693736,1509099986.8030565,3919
query,1509099986.8030608,1509099986.830128,2648
query,1509099986.830131,1509099987.0758932,4523
query,1509099987.0758975,1509099987.407355,4521
query,1509099987.4073598,1509099987.4346955,1329
query,1509099987.4346998,1509099987.4543447,1992
query,1509099987.454349,1509099987.471209,467
query,1509099987.4712126,1509099987.692109,4518
query,1509099987.6921132,1509099987.7180772,3140
query,1509099987.7180812,1509099987.7252245,1
query,1509099987.7252276,1509099987.8237033,4650
query,1509099987.8237073,1509099987.8437266,1686
query,1509099987.84373,1509099987.8488822,1
query,1509099987.8488855,1509099987.897643,3106
query,1509099987.8976474,1509099988.066427,8986
query,1509099988.066431,1509099988.0752597,3
query,1509099988.0752635,1509099988.0840628,2
query,1509099988.0840669,1509099988.1045794,2065
query,1509099988.104617,1509099988.2327595,4415
query,1509099988.2454493,1509099988.3584497,5279
query,1509099988.3584538,1509099988.434179,4521
query,1509099988.4341834,1509099988.5206559,5469
query,1509099988.5206594,1509099988.6147788,6315
query,1509099988.614783,1509099988.6333668,1571
query,1509099988.6333704,1509099988.8219583,9446
query,1509099988.821962,1509099988.9224052,5379
query,1509099988.9224093,1509099988.9445767,2493
query,1509099988.9445803,1509099989.031107,5590
query,1509099989.031111,1509099989.243584,4519
query,1509099989.2435877,1509099989.265185,1296
query,1509099989.2651885,1509099989.2810483,1316
query,1509099989.2810519,1509099989.385453,8776
query,1509099989.3854575,1509099989.4766753,6102
query,1509099989.4766796,1509099989.4950106,963
query,1509099989.4950147,1509099989.8454876,15905
query,1509099989.8454916,1509099990.0537295,12632
query,1509099990.053733,1509099990.063028,2
query,1509099990.063032,1509099990.080479,1516
query,1509099990.0805435,1509099990.0971878,10
query,1509099990.109974,1509099990.1281834,1599
query,1509099990.1281872,1509099990.1502638,2219
query,1509099990.150269,1509099990.2464888,6785
query,1509099990.246493,1509099990.3543987,5358
query,1509099990.3544028,1509099990.772158,16023
query,1509099990.772162,1509099990.7986603,900
query,1509099990.7986648,1509099990.8050487,0
query,1509099990.805052,1509099990.8996842,4938
query,1509099990.8996887,1509099990.9174685,144
query,1509099990.9174721,1509099990.9402578,3461
query,1509099990.9402614,1509099991.0807168,12233
query,1509099991.0807207,1509099991.0970945,31
query,1509099991.0970988,1509099991.1018353,0
query,1509099991.101838,1509099991.1303828,4897
query,1509099991.1303866,1509099991.4509687,15435
query,1509099991.4509726,1509099991.5589395,5583
query,1509099991.5589435,1509099991.576785,1454
query,1509099991.5768242,1509099991.585082,2
query,1509099991.5850859,1509099991.6041467,1999
query,1509099991.6041846,1509099991.6307838,3618
query,1509099991.639215,1509099991.650676,53
query,1509099991.6506793,1509099991.9187613,12376
query,1509099991.9187653,1509099991.9439867,1353
query,1509099991.9439912,1509099992.0383704,4741
query,1509099992.0383742,1509099992.0631325,4891
query,1509099992.0631359,1509099992.281773,13425
query,1509099992.2817771,1509099992.3086512,2620
query,1509099992.3086553,1509099992.3176045,3
query,1509099992.3176084,1509099992.5813837,10962
query,1509099992.5813882,1509099992.5981193,554
query,1509099992.5981238,1509099992.6063285,3
query,1509099992.6063323,1509099992.710509,8135
query,1509099992.7105129,1509099992.723096,166
query,1509099992.7230992,1509099992.853091,10936
query,1509099992.8530955,1509099992.874382,2663
query,1509099992.8743858,1509099992.8874662,8
query,1509099992.8874705,1509099992.8922558,0
query,1509099992.892259,1509099992.9080656,639
query,1509099992.9080687,1509099992.9236186,770
query,1509099992.9236567,1509099993.198404,14914
query,1509099993.212658,1509099993.2500541,4787
query,1509099993.2500584,1509099993.279423,3856
query,1509099993.279427,1509099993.5144296,11070
query,1509099993.5144331,1509099993.6515057,8439
query,1509099993.6515102,1509099993.7373931,6681
query,1509099993.7373974,1509099993.8588812,8655
query,1509099993.8588855,1509099993.8729331,7
query,1509099993.872937,1509099993.8915496,1406
query,1509099993.8915532,1509099994.0203812,9948
query,1509099994.0203857,1509099994.0443447,4205
query,1509099994.0443485,1509099994.1940029,9594
query,1509099994.194007,1509099994.2069921,32
query,1509099994.2069957,1509099994.3238184,6325
query,1509099994.3238232,1509099994.339158,223
query,1509099994.3391626,1509099994.353503,942
query,1509099994.3535063,1509099994.4411054,7780
query,1509099994.4411097,1509099994.4677234,688
query,1509099994.4677284,1509099994.6418815,10241
query,1509099994.6418853,1509099994.6660488,175
query,1509099994.6660953,1509099994.6905916,974
query,1509099994.702766,1509099994.83566,6225
query,1509099994.835664,1509099994.8508344,84
query,1509099994.850838,1509099994.8594537,2
query,1509099994.8594573,1509099995.0143876,9668
query,1509099995.0143921,1509099995.035671,559
query,1509099995.0356746,1509099995.0405996,0
query,1509099995.0406036,1509099995.1735926,4925
query,1509099995.1735966,1509099995.193401,84
query,1509099995.1934054,1509099995.4220924,16884
query,1509099995.4220967,1509099995.6369367,11525
query,1509099995.6369414,1509099995.651471,264
query,1509099995.6514747,1509099995.7250552,4447
query,1509099995.725059,1509099995.8437612,10549
query,1509099995.8437653,1509099995.8590188,600
query,1509099995.859022,1509099995.9547117,6414
query,1509099995.954716,1509099995.9729252,2645
query,1509099995.972929,1509099995.9859421,110
query,1509099995.9859457,1509099996.0816176,5939
query,1509099996.081622,1509099996.2507062,9665
query,1509099996.2507477,1509099996.597545,13517
query,1509099996.6053016,1509099997.1289446,25446
query,1509099997.1289494,1509099997.149736,759
query,1509099997.1497405,1509099997.4643612,19987
query,1509099997.4643655,1509099997.6333435,10600
query,1509099997.6333477,1509099997.6517704,800
query,1509099997.651774,1509099997.6637993,60
query,1509099997.6638021,1509099997.6843379,2234
query,1509099997.6843407,1509099997.6984913,198
query,1509099997.6984942,1509099997.7276742,6460
query,1509099997.727677,1509099997.7510238,3715
query,1509099997.751027,1509099997.7569234,1
query,1509099997.7569277,1509099997.766978,1
query,1509099997.7669826,1509099997.7912605,1516
query,1509099997.7912645,1509099997.816085,1275
query,1509099997.8160892,1509099997.9823709,6215
query,1509099997.9823742,1509099997.9993286,4
query,1509099997.9993312,1509099998.0219977,212
query,1509099998.0220006,1509099998.0495343,2764
query,1509099998.0495372,1509099998.314703,10452
query,1509099998.3147473,1509099998.3242333,0
query,1509099998.3256543,1509099998.8397226,14563
query,1509099998.839727,1509099998.8480532,0
query,1509099998.8480563,1509099998.9919016,8457
query,1509099998.9919062,1509099999.078975,5476
query,1509099999.078979,1509099999.1106052,2259
query,1509099999.1106093,1509099999.1335292,336
query,1509099999.1335325,1509099999.165495,2608
query,1509099999.1654987,1509099999.3445613,7467
query,1509099999.3445654,1509099999.3734648,3363
query,1509099999.3734686,1509099999.802314,20082
query,1509099999.8023183,1509099999.809325,0
query,1509099999.8093293,1509099999.8300133,332
query,1509099999.8300169,1509099999.8495924,104
query,1509099999.849596,1509100000.953129,26124
query,1509100000.953133,1509100001.1851223,13488
query,1509100001.1851256,1509100001.2135074,1742
query,1509100001.213512,1509100001.2337263,843
query,1509100001.2337296,1509100001.4201384,7659
query,1509100001.4201422,1509100001.8539753,17460
query,1509100001.854015,1509100001.8764348,8
query,1509100001.8899374,1509100002.0041876,9889
query,1509100002.0041916,1509100002.1365156,6532
query,1509100002.136519,1509100002.3034902,6949
query,1509100002.3034947,1509100002.3755913,4192
query,1509100002.3755949,1509100002.80628,17408
query,1509100002.8062842,1509100002.8188365,14
query,1509100002.8188403,1509100002.8342268,232
query,1509100002.8342304,1509100002.9452038,7753
query,1509100002.9452076,1509100003.216825,11100
query,1509100003.216829,1509100003.229497,115
query,1509100003.2295008,1509100003.2332509,0
query,1509100003.2332537,1509100003.243449,5
query,1509100003.2434518,1509100003.4347107,13372
query,1509100003.434714,1509100003.6642957,12004
query,1509100003.6643002,1509100003.6724353,4
query,1509100003.6724386,1509100004.608762,7448
query,1509100004.6087658,1509100004.6230733,113
query,1509100004.623077,1509100004.6367571,49
query,1509100004.6367607,1509100004.7680557,10790
query,1509100004.7680926,1509100005.1283326,15023
query,1509100005.1413903,1509100005.293935,9486
query,1509100005.2939389,1509100005.3171852,3956
query,1509100005.317188,1509100005.4781976,11668
query,1509100005.4782016,1509100005.8409538,6868
query,1509100005.840958,1509100006.1471152,15434
query,1509100006.1471188,1509100006.221846,4599
query,1509100006.2218497,1509100006.2429705,3180
query,1509100006.242974,1509100006.248838,0
query,1509100006.2488415,1509100006.412659,11277
query,1509100006.412663,1509100006.4950576,7355
query,1509100006.495062,1509100006.511626,1319
query,1509100006.51163,1509100006.723111,10870
query,1509100006.7231143,1509100007.03004,13863
query,1509100007.0300438,1509100007.4352438,13884
query,1509100007.4352481,1509100007.4546804,21
query,1509100007.4546843,1509100007.4819763,2852
query,1509100007.4819798,1509100007.5002258,670
query,1509100007.50023,1509100007.5201168,1203
query,1509100007.5201218,1509100007.5312376,2
query,1509100007.5312762,1509100007.726075,10646
query,1509100007.73852,1509100008.1709514,19409
query,1509100008.1709552,1509100008.3307397,11459
query,1509100008.3307443,1509100008.4505513,7490
query,1509100008.4505553,1509100009.1994972,29038
query,1509100009.1995015,1509100009.218101,2019
query,1509100009.2181044,1509100009.232134,64
query,1509100009.2321377,1509100009.6738718,17525
query,1509100009.6738758,1509100009.9881308,15979
query,1509100009.9881356,1509100010.1203096,6447
query,1509100010.1203134,1509100010.140206,46
query,1509100010.1402094,1509100010.1785183,6427
query,1509100010.1785226,1509100010.3117833,8029
query,1509100010.3117876,1509100010.45264,10469
query,1509100010.4526439,1509100010.4569664,0
query,1509100010.4569707,1509100010.46517,3
query,1509100010.465173,1509100010.5735137,7817
query,1509100010.5735176,1509100010.5799186,2
query,1509100010.579922,1509100010.5880182,4
query,1509100010.5880215,1509100010.7100973,5108
query,1509100010.7101362,1509100010.9686568,13136
query,1509100010.9814975,1509100011.1841435,12281
query,1509100011.1841478,1509100011.2467484,4835
query,1509100011.2467527,1509100011.2503784,0
query,1509100011.2503815,1509100011.2593474,2
query,1509100011.2593505,1509100011.7589726,26311
query,1509100011.7589765,1509100011.786433,3973
query,1509100011.7864373,1509100011.7999413,43
query,1509100011.799945,1509100011.809177,5
query,1509100011.8091807,1509100011.82683,380
query,1509100011.8268332,1509100012.5923483,20325
query,1509100012.5923522,1509100012.774198,5731
query,1509100012.774202,1509100012.7834308,1
query,1509100012.7834344,1509100012.968007,10191
query,1509100012.9680111,1509100012.9734027,1
query,1509100012.9734058,1509100013.511016,15098
query,1509100013.511021,1509100013.650162,8637
query,1509100013.6501658,1509100013.6707792,40
query,1509100013.6707833,1509100013.694735,421
query,1509100013.694739,1509100013.940873,13027
query,1509100013.9409108,1509100014.0717049,8511
query,1509100014.087255,1509100014.1185431,967
query,1509100014.1185474,1509100014.2835283,9164
query,1509100014.2835321,1509100014.3057315,4
query,1509100014.305735,1509100014.3295727,78
query,1509100014.3295767,1509100014.3583968,1421
query,1509100014.358401,1509100014.38551,3092
query,1509100014.3855145,1509100014.3935888,1
query,1509100014.3935924,1509100014.3988755,0
query,1509100014.3988786,1509100014.568745,10296
query,1509100014.568749,1509100014.6030304,1919
query,1509100014.6030416,1509100014.6233356,33
query,1509100014.6233392,1509100015.2824543,19168
query,1509100015.2824588,1509100015.518181,11463
query,1509100015.5181851,1509100015.5313945,70
query,1509100015.5313978,1509100015.5486252,637
query,1509100015.548629,1509100015.7323492,12833
query,1509100015.7323534,1509100015.7592137,4056
query,1509100015.759218,1509100015.848248,7173
query,1509100015.848252,1509100016.0824654,14825
query,1509100016.0825088,1509100016.7067573,19222
query,1509100016.7193398,1509100016.74136,19
query,1509100016.741364,1509100016.8469887,9944
query,1509100016.8469937,1509100016.8697386,3271
query,1509100016.8697426,1509100016.884083,123
query,1509100016.8840864,1509100016.9033563,1179
query,1509100016.90336,1509100017.2072027,14538
query,1509100017.2072065,1509100017.2293952,1519
query,1509100017.2293992,1509100017.9719176,28083
query,1509100017.9719222,1509100017.9880755,125
query,1509100017.9880798,1509100018.0110624,349
query,1509100018.0110664,1509100018.3053017,12705
query,1509100018.3053057,1509100018.3258896,552
query,1509100018.3258934,1509100018.3313375,0
query,1509100018.3313406,1509100018.6227777,14629
query,1509100018.6227815,1509100018.6280046,1
query,1509100018.6280077,1509100018.8785033,16065
query,1509100018.8785079,1509100018.893081,7
query,1509100018.8930843,1509100018.9163632,925
query,1509100018.9163668,1509100018.9367826,414
query,1509100018.9368484,1509100019.2551227,14115
query,1509100019.2679093,1509100019.6071577,14988
query,1509100019.6071618,1509100019.6186686,12
query,1509100019.6186724,1509100020.0289454,19307
query,1509100020.0289495,1509100020.045208,645
query,1509100020.0452125,1509100020.0684934,16
query,1509100020.0685043,1509100020.2125843,5788
query,1509100020.212588,1509100020.22463,4
query,1509100020.2246337,1509100020.2918062,4194
query,1509100020.2918108,1509100020.4827428,12383
query,1509100020.4827466,1509100020.6618211,6877
query,1509100020.661825,1509100020.7863607,6436
query,1509100020.786365,1509100021.1601233,13263
query,1509100021.1601274,1509100021.7345943,20592
query,1509100021.7345984,1509100021.7623777,1727
query,1509100021.762382,1509100021.7821312,109
query,1509100021.782135,1509100021.9590547,11632
query,1509100021.9590595,1509100021.9638906,0
query,1509100021.963894,1509100022.3417792,18629
query,1509100022.341784,1509100022.357353,1082
query,1509100022.357398,1509100022.3715208,3
query,1509100022.3837936,1509100022.40686,3946
query,1509100022.406864,1509100022.420005,231
query,1509100022.4200091,1509100022.423501,0
query,1509100022.4235044,1509100022.4312396,1
query,1509100022.4312441,1509100022.4508755,2118
query,1509100022.4508793,1509100022.6709504,12381
query,1509100022.6709545,1509100022.684939,753
query,1509100022.6849425,1509100022.6888618,0
query,1509100022.6888652,1509100022.7050953,1378
query,1509100022.7050989,1509100022.7430694,7108
query,1509100022.7430732,1509100023.0993004,15672
query,1509100023.0993044,1509100023.4270575,12301
query,1509100023.4270623,1509100023.6898222,17700
query,1509100023.6898263,1509100023.849898,8509
query,1509100023.8499022,1509100023.8569577,2
query,1509100023.8569608,1509100023.8791003,2832
query,1509100023.879104,1509100024.640153,32435
query,1509100024.6401575,1509100024.6474311,3
query,1509100024.6474347,1509100024.7492993,6599
query,1509100024.7493372,1509100024.878903,11742
query,1509100024.8909714,1509100024.8976426,0
query,1509100024.897646,1509100024.9138906,1323
query,1509100024.9138942,1509100025.326278,16685
query,1509100025.3262823,1509100025.3302104,0
query,1509100025.3302138,1509100025.3418784,11
query,1509100025.341882,1509100025.355813,213
query,1509100025.3558176,1509100025.3674176,27
query,1509100025.3674536,1509100025.7465255,18100
query,1509100025.7465293,1509100025.863746,5317
query,1509100025.8637502,1509100025.8802195,1616
query,1509100025.8802233,1509100025.909097,486
query,1509100025.9091015,1509100025.935361,1347
query,1509100025.935365,1509100025.9606657,506
query,1509100025.960669,1509100025.9809003,69
query,1509100025.9809055,1509100026.0005045,2488
query,1509100026.0005083,1509100026.024547,4050
query,1509100026.0245512,1509100026.6497364,20007
query,1509100026.6497416,1509100026.6722498,1856
query,1509100026.6722536,1509100026.837801,11801
query,1509100026.837841,1509100026.922179,6780
query,1509100026.9345407,1509100026.948444,923
query,1509100026.9484484,1509100026.9648154,1394
query,1509100026.9648194,1509100026.9863918,3548
query,1509100026.9863954,1509100027.1954365,11645
query,1509100027.1954405,1509100027.2178316,2831
query,1509100027.2178354,1509100027.4620216,19810
query,1509100027.4620256,1509100027.8332078,16002
query,1509100027.8332117,1509100027.8424935,4
query,1509100027.842497,1509100028.0049329,10401
query,1509100028.0049372,1509100028.0196095,1016
query,1509100028.0196133,1509100028.0329332,554
query,1509100028.0329366,1509100028.2113075,10937
query,1509100028.211312,1509100028.2442882,6999
query,1509100028.244292,1509100028.2582211,24
query,1509100028.2582247,1509100028.549419,14239
query,1509100028.5494227,1509100028.5550287,2
query,1509100028.5550323,1509100028.5734599,2700
query,1509100028.5734637,1509100028.5885406,1070
query,1509100028.588544,1509100028.7042816,7041
query,1509100028.7043157,1509100028.727771,456
query,1509100028.7420442,1509100028.980349,13127
query,1509100028.9803529,1509100029.0072017,4281
query,1509100029.0072057,1509100029.177743,10940
query,1509100029.1777475,1509100029.5464895,18515
query,1509100029.5464945,1509100029.6675115,9910
query,1509100029.6675153,1509100029.7807574,5964
query,1509100029.7807612,1509100029.8874798,7208
query,1509100029.8874836,1509100029.9005632,213
query,1509100029.9005673,1509100030.0087745,5392
query,1509100030.0087783,1509100030.0238216,8
query,1509100030.0238256,1509100030.0504918,5064
query,1509100030.050496,1509100030.068282,2132
query,1509100030.0682855,1509100030.088345,882
query,1509100030.0883493,1509100030.4116223,13433
query,1509100030.4116263,1509100030.879601,17252
query,1509100030.8796055,1509100031.180259,16933
query,1509100031.1802635,1509100031.1980813,2449
query,1509100031.198085,1509100031.2169275,1473
query,1509100031.2169316,1509100031.2301998,33
query,1509100031.2302392,1509100031.3115845,4403
query,1509100031.3237512,1509100031.3303618,3
query,1509100031.3303661,1509100031.740048,22820
query,1509100031.7400522,1509100031.8827267,10469
query,1509100031.8827307,1509100031.901827,2198
query,1509100031.901831,1509100031.921817,2925
query,1509100031.9218206,1509100032.1562765,16409
query,1509100032.1562812,1509100032.1716778,1395
query,1509100032.1716814,1509100032.1754525,0
query,1509100032.1754558,1509100032.1936631,1677
query,1509100032.193667,1509100032.6269805,16683
query,1509100032.6269853,1509100033.0495532,15491
query,1509100033.0495577,1509100033.0746243,974
query,1509100033.0746284,1509100033.0793366,0
query,1509100033.0793397,1509100033.1795802,5955
query,1509100033.1795845,1509100033.3069377,5239
query,1509100033.3069427,1509100033.4118516,6810
query,1509100033.4118555,1509100033.4274926,902
query,1509100033.4274962,1509100033.4411726,48
query,1509100033.441176,1509100033.9022875,27412
query,1509100033.9023376,1509100034.0579963,9974
query,1509100034.0706627,1509100034.1817617,7690
query,1509100034.1817658,1509100034.3671277,11011
query,1509100034.3671317,1509100034.4544265,4701
query,1509100034.4544308,1509100034.4655428,1
query,1509100034.4655461,1509100034.6483576,5525
query,1509100034.6483617,1509100034.6588333,1
query,1509100034.6588378,1509100034.683109,2678
query,1509100034.683113,1509100034.832235,4234
query,1509100034.8322392,1509100034.8539798,171
query,1509100034.8539836,1509100035.055899,10481
query,1509100035.0559027,1509100035.2269278,6794
query,1509100035.2269318,1509100035.2497416,3102
query,1509100035.2497456,1509100035.2659454,987
query,1509100035.2659495,1509100035.2820394,740
query,1509100035.2820435,1509100035.3040686,2907
query,1509100035.3040721,1509100035.4275317,5648
query,1509100035.4275355,1509100035.4437518,482
query,1509100035.4437554,1509100035.457526,7
query,1509100035.4575298,1509100035.4733973,947
query,1509100035.4734378,1509100035.8461683,17742
query,1509100035.8591022,1509100035.880454,25
query,1509100035.8804584,1509100035.9034607,1938
query,1509100035.903464,1509100036.0855956,13719
query,1509100036.0856001,1509100036.212095,8338
query,1509100036.212099,1509100036.241551,2518
query,1509100036.241555,1509100036.3780155,4259
query,1509100036.3780193,1509100036.399499,579
query,1509100036.3995025,1509100036.4213924,402
query,1509100036.4213967,1509100036.4425461,696
query,1509100036.4425495,1509100036.5529459,6504
query,1509100036.5529501,1509100036.8852334,14824
query,1509100036.8852372,1509100036.9025793,31
query,1509100036.9025831,1509100036.9180288,67
query,1509100036.9180331,1509100037.0325491,8361
query,1509100037.032553,1509100037.047096,335
query,1509100037.0470998,1509100037.0522225,0
query,1509100037.052226,1509100037.0663247,170
query,1509100037.066328,1509100037.0939863,2706
query,1509100037.0939898,1509100037.2878113,10026
query,1509100037.2878482,1509100037.424663,7801
query,1509100037.4369888,1509100037.480933,7184
query,1509100037.4809368,1509100037.5024524,68
query,1509100037.5024567,1509100037.6287105,6737
query,1509100037.628715,1509100037.6447654,388
query,1509100037.6447694,1509100037.7460628,6508
query,1509100037.7460668,1509100038.0584986,14448
query,1509100038.058503,1509100038.218291,9137
query,1509100038.2182953,1509100038.224385,1
query,1509100038.224389,1509100038.240158,685
query,1509100038.2401626,1509100038.2629464,199
query,1509100038.2629504,1509100038.424211,14085
query,1509100038.4242156,1509100038.44275,634
query,1509100038.4427545,1509100038.5326233,5823
query,1509100038.5326276,1509100038.6363719,6183
query,1509100038.6363769,1509100038.8256373,11702
query,1509100038.8256419,1509100038.8502996,962
query,1509100038.8503034,1509100039.0520995,6232
query,1509100039.052104,1509100039.0711644,3074
query,1509100039.0711677,1509100039.08717,18
query,1509100039.0872478,1509100040.367776,7449
query,1509100040.3801494,1509100040.4034324,245
query,1509100040.4034364,1509100040.5994554,7304
query,1509100040.5994594,1509100040.6270962,1875
query,1509100040.6271,1509100040.6517522,64
query,1509100040.6517556,1509100040.6777503,13
query,1509100040.6777544,1509100040.7126536,3234
query,1509100040.7126575,1509100040.740897,2515
query,1509100040.740901,1509100040.76065,123
query,1509100040.7606537,1509100040.7665014,0
query,1509100040.7665048,1509100040.918286,10229
query,1509100040.9182901,1509100040.9423695,3839
query,1509100040.942374,1509100041.653083,18604
query,1509100041.6530876,1509100041.666795,20
query,1509100041.666799,1509100041.8621204,7928
query,1509100041.8621244,1509100041.98297,9111
query,1509100041.982974,1509100042.0147338,3606
query,1509100042.0147376,1509100042.19809,7221
query,1509100042.1980946,1509100042.352881,6490
query,1509100042.3528864,1509100042.4669821,7721
query,1509100042.4670568,1509100042.677821,9856
query,1509100042.690126,1509100043.1492589,15803
query,1509100043.149263,1509100043.7655323,20221
query,1509100043.765536,1509100043.7830098,298
query,1509100043.7830136,1509100044.0896316,15368
query,1509100044.0896356,1509100044.608325,15107
query,1509100044.6083288,1509100044.6339872,2529
query,1509100044.633992,1509100044.6394262,0
query,1509100044.6394298,1509100044.6531932,203
query,1509100044.6531966,1509100044.6737757,1462
query,1509100044.6737795,1509100045.3789182,19897
query,1509100045.3789237,1509100045.3931458,434
query,1509100045.39315,1509100045.5673428,11273
query,1509100045.5673473,1509100045.6900785,7106
query,1509100045.6900826,1509100045.910279,8783
query,1509100045.9102829,1509100045.93297,1357
query,1509100045.9329748,1509100046.6432126,19256
query,1509100046.6432173,1509100046.9220026,10452
query,1509100046.9220066,1509100047.123085,5735
query,1509100047.1230888,1509100047.412643,9434
query,1509100047.4126868,1509100047.5024698,4351
query,1509100047.5164125,1509100047.661978,7482
query,1509100047.661982,1509100047.6837237,57
query,1509100047.6837277,1509100047.705162,22
query,1509100047.705166,1509100047.8701968,6467
query,1509100047.8702013,1509100047.8954055,852
query,1509100047.8954096,1509100049.1203187,27728
query,1509100049.1203222,1509100049.246634,5438
query,1509100049.2466393,1509100049.2660491,853
query,1509100049.2660527,1509100049.3492565,4510
query,1509100049.3492606,1509100049.3714619,3186
query,1509100049.3714664,1509100049.483673,8723
query,1509100049.4836774,1509100049.5072029,3718
query,1509100049.5072067,1509100049.6507607,8310
query,1509100049.6507652,1509100049.677979,3824
query,1509100049.677983,1509100050.1423929,16621
query,1509100050.142397,1509100050.4212627,13684
query,1509100050.4212663,1509100050.582566,11937
query,1509100050.58257,1509100050.7503705,11129
query,1509100050.750374,1509100050.7675,1449
query,1509100050.767541,1509100050.9278042,8550
query,1509100050.9415665,1509100051.0491257,4623
query,1509100051.0491297,1509100051.063925,505
query,1509100051.0639286,1509100051.208588,7390
query,1509100051.208592,1509100051.3379066,8871
query,1509100051.3379104,1509100052.7461517,32688
query,1509100052.746156,1509100052.770843,834
query,1509100052.7708476,1509100052.7924004,315
query,1509100052.7924042,1509100052.801412,2
query,1509100052.8014157,1509100053.2576945,20854
query,1509100053.2576985,1509100053.2640254,0
query,1509100053.2640288,1509100053.9240906,22710
query,1509100053.9240954,1509100053.9432454,1001
query,1509100053.9432495,1509100053.9584966,485
query,1509100053.9585001,1509100054.1304896,8845
query,1509100054.1304944,1509100054.1557066,208
query,1509100054.1557102,1509100054.3925626,7690
query,1509100054.3925664,1509100054.4145427,94
query,1509100054.4145463,1509100054.4410093,1607
query,1509100054.441013,1509100054.465498,794
query,1509100054.465535,1509100054.6392906,8001
query,1509100054.6524692,1509100054.8165371,8614
query,1509100054.816541,1509100054.8222651,0
query,1509100054.8222687,1509100054.8385797,955
query,1509100054.8385837,1509100054.917907,5214
query,1509100054.917911,1509100055.014156,4457
query,1509100055.0141594,1509100055.0348694,12
query,1509100055.034873,1509100055.0496757,94
query,1509100055.0496793,1509100055.0690017,11
query,1509100055.0690057,1509100055.8294837,7410
query,1509100055.829489,1509100056.0395203,6427
query,1509100056.0395246,1509100056.6732225,19849
query,1509100056.6732457,1509100056.6943076,206
query,1509100056.6943123,1509100056.6996856,0
query,1509100056.6996896,1509100056.8170986,5225
query,1509100056.8171027,1509100056.84097,1768
query,1509100056.8409736,1509100057.311249,19956
query,1509100057.3112535,1509100057.5125966,11730
query,1509100057.5126004,1509100057.6297488,6354
query,1509100057.6297545,1509100057.6498308,2917
query,1509100057.6498754,1509100057.6662307,169
query,1509100057.6835735,1509100057.698303,32
query,1509100057.6983075,1509100057.8034432,6580
query,1509100057.803447,1509100058.0564864,11800
query,1509100058.0564902,1509100058.1734154,4448
query,1509100058.1734197,1509100058.4896,16716
query,1509100058.489604,1509100058.615586,13876
query,1509100058.6155899,1509100058.639165,619
query,1509100058.63917,1509100058.8175108,8308
query,1509100058.8175151,1509100059.1737206,6968
query,1509100059.1737251,1509100059.1805978,0
query,1509100059.1806018,1509100059.196851,1430
query,1509100059.1968558,1509100059.2752147,6464
query,1509100059.275219,1509100059.4902442,9544
query,1509100059.4902482,1509100059.5970962,6807
query,1509100059.5971005,1509100059.6206098,3284
query,1509100059.6206138,1509100060.2324386,16959
query,1509100060.232443,1509100060.3045433,3998
query,1509100060.3045473,1509100060.4695451,13996
query,1509100060.4695494,1509100060.4848883,200
query,1509100060.4849327,1509100060.613625,8779
query,1509100060.6258767,1509100060.795406,8955
query,1509100060.79541,1509100060.819287,442
query,1509100060.8192914,1509100060.8314543,0
query,1509100060.831458,1509100061.1819687,15496
query,1509100061.1819725,1509100061.2131815,4792
query,1509100061.213185,1509100061.2351933,1154
query,1509100061.2351973,1509100061.2449443,3
query,1509100061.244948,1509100061.3565853,8803
query,1509100061.3565893,1509100061.4302175,5482
query,1509100061.4302216,1509100061.5479171,9485
query,1509100061.547921,1509100061.569872,3484
query,1509100061.569876,1509100061.5853975,906
query,1509100061.5854013,1509100061.598445,102
query,1509100061.5984483,1509100061.6967695,5551
query,1509100061.6967735,1509100061.8047736,5510
query,1509100061.8047771,1509100061.92142,6505
query,1509100061.921424,1509100061.9363341,16
query,1509100061.936338,1509100061.9673998,3681
query,1509100061.9674034,1509100061.9814034,13
query,1509100061.9814556,1509100061.9911091,0
query,1509100061.992418,1509100062.1142433,9485
query,1509100062.1142476,1509100062.127979,49
query,1509100062.1279824,1509100063.2989464,30001
query,1509100063.2989502,1509100063.3202355,29
query,1509100063.3202395,1509100063.3395236,1873
query,1509100063.339527,1509100063.4486716,7279
query,1509100063.4486773,1509100063.4845212,3820
query,1509100063.4845254,1509100063.8095326,15345
query,1509100063.8095367,1509100064.0927353,14796
query,1509100064.0927398,1509100064.8512437,18538
query,1509100064.851248,1509100065.3258939,13267
query,1509100065.3258977,1509100065.724703,15846
query,1509100065.7247076,1509100065.73996,32
query,1509100065.7399635,1509100065.74538,0
query,1509100065.7453837,1509100065.8920445,9545
query,1509100065.8920486,1509100065.916783,1622
query,1509100065.9167871,1509100065.94475,885
query,1509100065.944754,1509100066.1070282,8404
query,1509100066.1070328,1509100066.138277,2851
query,1509100066.1383207,1509100066.6202497,12564
query,1509100066.6327574,1509100066.9936914,11296
query,1509100066.993696,1509100066.9992065,0
query,1509100066.999211,1509100067.0125403,116
query,1509100067.0125444,1509100067.0970297,4852
query,1509100067.0970337,1509100067.1030977,0
query,1509100067.1031015,1509100067.1078937,0
query,1509100067.1078975,1509100067.128959,973
query,1509100067.128963,1509100067.1357245,1
query,1509100067.1357276,1509100067.1621532,1401
query,1509100067.1621568,1509100067.1762576,2
query,1509100067.1762612,1509100067.1987534,1000
query,1509100067.1987572,1509100067.3217573,6406
query,1509100067.3217614,1509100067.4341934,6158
query,1509100067.4341981,1509100067.5304728,4885
query,1509100067.5304768,1509100067.5614393,2102
query,1509100067.5614436,1509100067.58869,1571
query,1509100067.588695,1509100067.7245653,8205
query,1509100067.7245696,1509100067.7300186,0
query,1509100067.7300222,1509100067.7346861,0
query,1509100067.7347236,1509100067.9887395,13653
query,1509100068.001589,1509100068.1661067,10205
query,1509100068.1661105,1509100068.1887777,603
query,1509100068.1887813,1509100068.2827108,6857
query,1509100068.2827144,1509100068.5872133,16816
query,1509100068.5872173,1509100068.741929,10933
query,1509100068.741933,1509100069.0202243,7094
query,1509100069.0202286,1509100069.050631,3559
query,1509100069.050635,1509100069.2182314,12366
query,1509100069.2182353,1509100069.3754942,7768
query,1509100069.375498,1509100069.9482622,15842
query,1509100069.9482665,1509100070.258605,15314
query,1509100070.2586088,1509100070.5590744,16333
query,1509100070.5590782,1509100070.5689018,3
query,1509100070.5689054,1509100070.5910108,1989
query,1509100070.5910144,1509100070.8551097,8341
query,1509100070.8551137,1509100071.1089442,8406
query,1509100071.1089487,1509100071.1463814,3285
query,1509100071.1463854,1509100071.8440714,16850
query,1509100071.8440773,1509100071.8672314,120
query,1509100071.8672702,1509100072.1167014,9843
query,1509100072.1291018,1509100072.1513586,1141
query,1509100072.1513624,1509100072.1710157,61
query,1509100072.1710198,1509100072.1886497,172
query,1509100072.1886537,1509100072.2112463,78
query,1509100072.21125,1509100072.5316567,10978
query,1509100072.5316606,1509100073.3505857,29578
query,1509100073.3505893,1509100073.3702676,132
query,1509100073.370271,1509100073.4428768,4729
query,1509100073.4428809,1509100073.4652684,658
query,1509100073.465272,1509100073.4840949,4
query,1509100073.4840984,1509100073.6675763,7918
query,1509100073.6675801,1509100073.8310938,8003
query,1509100073.831098,1509100073.8556807,293
query,1509100073.8556843,1509100074.723008,27134
query,1509100074.7230122,1509100074.7387564,13
query,1509100074.73876,1509100074.7585833,1352
query,1509100074.7585871,1509100074.9574199,9877
query,1509100074.9574237,1509100075.143943,11033
query,1509100075.1439471,1509100075.1643503,9
query,1509100075.1643908,1509100075.403436,12375
query,1509100075.4159427,1509100075.4585838,3432
query,1509100075.4585881,1509100075.6781032,11842
query,1509100075.6781068,1509100075.7940123,6539
query,1509100075.7940166,1509100075.95755,6081
query,1509100075.9575543,1509100076.0831206,7768
query,1509100076.0831244,1509100076.4355855,16920
query,1509100076.43559,1509100076.7045164,10790
query,1509100076.7045205,1509100076.7253454,4
query,1509100076.7253501,1509100076.9074984,8915
query,1509100076.9075024,1509100076.9337747,708
query,1509100076.9337788,1509100077.408425,16583
query,1509100077.4084296,1509100077.4227424,4
query,1509100077.4227462,1509100077.446714,1579
query,1509100077.4467185,1509100077.4524808,0
query,1509100077.4524853,1509100077.4739304,382
query,1509100077.4739342,1509100077.489862,7
query,1509100077.4898653,1509100077.5130363,1005
query,1509100077.51304,1509100077.5400865,61
query,1509100077.5400898,1509100078.1759808,18093
query,1509100078.1760209,1509100078.190825,1
query,1509100078.1954856,1509100078.328002,6832
query,1509100078.328006,1509100078.5784917,12401
query,1509100078.5784957,1509100078.601562,1629
query,1509100078.601566,1509100078.6094072,1
query,1509100078.6094105,1509100078.6341887,201
query,1509100078.6341925,1509100078.7983341,7558
query,1509100078.798338,1509100078.8234217,15
query,1509100078.8234255,1509100078.8918867,4337
query,1509100078.891891,1509100079.1925824,12666
query,1509100079.1925871,1509100079.2100585,606
query,1509100079.210062,1509100079.4460049,10775
query,1509100079.446009,1509100079.5583913,5085
query,1509100079.5583954,1509100079.5806787,1692
query,1509100079.580682,1509100079.60002,54
query,1509100079.6000233,1509100079.9367123,19191
query,1509100079.936716,1509100080.3372269,14330
query,1509100080.3372312,1509100080.3716,3206
query,1509100080.3716042,1509100080.4139402,7331
query,1509100080.413945,1509100080.436327,282
query,1509100080.4363632,1509100080.6272695,10818
query,1509100080.6395829,1509100080.6711056,1886
query,1509100080.6711102,1509100080.8825138,9201
query,1509100080.882518,1509100081.0109572,5751
query,1509100081.0109618,1509100081.0360696,49
query,1509100081.0360742,1509100081.4658759,17532
query,1509100081.4658802,1509100081.851058,16026
query,1509100081.8510625,1509100082.080464,16260
query,1509100082.080469,1509100082.2048526,7681
query,1509100082.2048569,1509100082.5192068,16479
query,1509100082.519211,1509100082.525328,0
query,1509100082.5253322,1509100082.530755,0
query,1509100082.5307598,1509100082.6103842,6153
query,1509100082.6103883,1509100082.9725373,14417
query,1509100082.972542,1509100083.0004208,5477
query,1509100083.0004253,1509100083.015229,327
query,1509100083.015234,1509100083.437982,17186
query,1509100083.4379864,1509100083.7680593,13943
query,1509100083.7680635,1509100083.905965,9097
query,1509100083.9059694,1509100084.0227356,10564
query,1509100084.0230458,1509100084.226307,10443
query,1509100084.2387645,1509100084.2652225,2263
query,1509100084.2652264,1509100084.3428924,6514
query,1509100084.3428962,1509100084.356713,49
query,1509100084.356717,1509100084.3836002,4045
query,1509100084.383604,1509100084.7343848,14753
query,1509100084.7343888,1509100084.7621083,2354
query,1509100084.7621124,1509100084.794918,3228
query,1509100084.794922,1509100084.8401823,4679
query,1509100084.8401859,1509100085.0549593,10123
query,1509100085.054964,1509100085.0825431,1620
query,1509100085.0825474,1509100085.1102214,2635
query,1509100085.1102254,1509100085.2510529,6610
query,1509100085.2510574,1509100085.677975,16306
query,1509100085.677979,1509100086.051485,13644
query,1509100086.0514889,1509100086.6137617,18276
query,1509100086.6137652,1509100086.6372633,481
query,1509100086.6372676,1509100086.677898,3674
query,1509100086.6779022,1509100086.7000322,687
query,1509100086.700036,1509100086.7228894,1131
query,1509100086.7229316,1509100087.2315083,18629
query,1509100087.2445366,1509100087.2673745,320
query,1509100087.2673783,1509100087.2750008,1
query,1509100087.2750044,1509100088.2180452,20449
query,1509100088.2180498,1509100088.2353451,928
query,1509100088.2353494,1509100088.2515292,775
query,1509100088.251533,1509100088.6571572,16552
query,1509100088.6571617,1509100088.9133425,10771
query,1509100088.913347,1509100088.9283168,7
query,1509100088.9283214,1509100089.0485415,9311
query,1509100089.0485454,1509100089.0698335,2421
query,1509100089.069838,1509100089.1826918,5830
query,1509100089.1826956,1509100089.6155224,16563
query,1509100089.6155267,1509100089.8632588,10505
query,1509100089.8632631,1509100090.2566667,16880
query,1509100090.256671,1509100090.4270127,9580
query,1509100090.4270165,1509100090.7993767,12705
query,1509100090.7993805,1509100090.8224916,604
query,1509100090.8224955,1509100090.841847,43
query,1509100090.8418503,1509100091.2389753,14800
query,1509100091.2390113,1509100091.4047024,11072
query,1509100091.417185,1509100091.4411783,272
query,1509100091.441182,1509100091.464592,1354
query,1509100091.4645956,1509100091.4859796,82
query,1509100091.4859831,1509100091.5068226,46
query,1509100091.5068262,1509100091.70628,11951
query,1509100091.7062836,1509100091.77228,3799
query,1509100091.772284,1509100091.8773623,5387
query,1509100091.877366,1509100091.9035976,2229
query,1509100091.9036014,1509100091.9262242,4019
query,1509100091.9262273,1509100092.1554844,11293
query,1509100092.1554885,1509100092.4544182,16610
query,1509100092.4544222,1509100092.4600217,0
query,1509100092.4600255,1509100092.7762089,12567
query,1509100092.776213,1509100092.7978592,2148
query,1509100092.7978635,1509100092.8174388,1837
query,1509100092.8174434,1509100092.928974,7601
query,1509100092.928978,1509100093.1656718,11052
query,1509100093.1656756,1509100093.1883397,6
query,1509100093.1883433,1509100093.2162127,1734
query,1509100093.21625,1509100093.3805795,9188
query,1509100093.393393,1509100093.4147992,16
query,1509100093.4148028,1509100093.4358249,593
query,1509100093.4358284,1509100094.1881132,16385
query,1509100094.1881173,1509100094.2087853,442
query,1509100094.2088108,1509100094.4147532,8165
query,1509100094.4147582,1509100094.422584,1
query,1509100094.4225879,1509100094.7977366,20333
query,1509100094.7977412,1509100094.8337693,4687
query,1509100094.8337734,1509100095.1746356,10790
query,1509100095.17464,1509100095.4245892,10555
query,1509100095.424594,1509100095.43025,0
query,1509100095.4302535,1509100095.455279,436
query,1509100095.455283,1509100095.490742,4002
query,1509100095.4907455,1509100095.7076426,11527
query,1509100095.7076466,1509100095.7793798,5315
query,1509100095.779385,1509100095.8066015,5087
query,1509100095.8066053,1509100095.8206358,26
query,1509100095.8206394,1509100095.8385103,2046
query,1509100095.8385131,1509100095.938297,7040
query,1509100095.938341,1509100096.1508255,12446
query,1509100096.163593,1509100096.2392514,4827
query,1509100096.2392554,1509100096.2635198,3805
query,1509100096.2635233,1509100097.3581624,25697
query,1509100097.3581667,1509100097.4514728,7077
query,1509100097.4514766,1509100097.475279,675
query,1509100097.475283,1509100097.7459464,20072
query,1509100097.7459505,1509100097.8332336,6391
query,1509100097.8332384,1509100098.111804,15197
query,1509100098.1118088,1509100098.1453185,3360
query,1509100098.145322,1509100098.4044945,12117
query,1509100098.404499,1509100098.6260684,10120
query,1509100098.6260724,1509100098.6525483,2775
query,1509100098.652552,1509100098.785557,5550
query,1509100098.7855606,1509100098.8748507,7217
query,1509100098.874855,1509100098.8917046,23
query,1509100098.8917084,1509100098.9081473,31
query,1509100098.9081507,1509100099.5463781,16373
query,1509100099.5463824,1509100099.797114,10328
query,1509100099.7971196,1509100099.849671,3441
query,1509100099.849713,1509100100.0804293,11832
query,1509100100.0931244,1509100100.4125931,10243
query,1509100100.4125974,1509100100.5801632,12060
query,1509100100.5801682,1509100100.751798,10314
query,1509100100.7518032,1509100101.1086085,15600
query,1509100101.1086133,1509100101.1244025,502
query,1509100101.124407,1509100101.7186527,27393
query,1509100101.7186568,1509100101.7426343,309
query,1509100101.7426383,1509100101.7696164,1586
query,1509100101.7696207,1509100102.6405418,28714
query,1509100102.6405468,1509100102.6552668,222
query,1509100102.6552706,1509100102.8267949,8877
query,1509100102.8267992,1509100102.846184,14
query,1509100102.8461878,1509100102.9472544,7456
query,1509100102.9472587,1509100102.9691489,777
query,1509100102.9691525,1509100103.307454,13122
query,1509100103.3074582,1509100103.333628,3067
query,1509100103.333632,1509100103.643759,12576
query,1509100103.643763,1509100103.6649203,93
query,1509100103.664924,1509100103.68753,996
query,1509100103.6875713,1509100103.8226774,5747
query,1509100103.8387175,1509100103.8715446,4876
query,1509100103.8715484,1509100103.8960276,2735
query,1509100103.8960316,1509100104.890171,7439
query,1509100104.890175,1509100104.9158757,1284
query,1509100104.9158792,1509100105.1653693,13268
query,1509100105.1653738,1509100105.187517,106
query,1509100105.1875215,1509100105.3256547,7316
query,1509100105.3256588,1509100105.3326986,1
query,1509100105.3327017,1509100105.3522701,6
query,1509100105.3522742,1509100105.4784617,4981
query,1509100105.4784665,1509100106.2109056,16340
query,1509100106.2109106,1509100106.2330074,3451
query,1509100106.233011,1509100106.2406363,1
query,1509100106.2406402,1509100106.2546175,179
query,1509100106.254621,1509100106.2727394,97
query,1509100106.2727435,1509100106.913354,21658
query,1509100106.9133582,1509100106.9289043,557
query,1509100106.9289079,1509100106.9343276,0
query,1509100106.934331,1509100106.9551466,9
query,1509100106.9551873,1509100107.0874178,5993
query,1509100107.1008298,1509100107.3856027,15976
query,1509100107.3856065,1509100107.3917823,0
query,1509100107.3917859,1509100108.2429452,29083
query,1509100108.2429492,1509100108.270572,1019
query,1509100108.2705758,1509100108.4546664,8002
query,1509100108.4546707,1509100108.471254,878
query,1509100108.4712582,1509100108.4892101,1019
query,1509100108.489215,1509100108.5083976,143
query,1509100108.5084014,1509100108.529021,1357
query,1509100108.5290246,1509100108.6616952,4649
query,1509100108.661699,1509100108.685868,669
query,1509100108.6858718,1509100108.6931646,1
query,1509100108.6931682,1509100109.1309874,18262
query,1509100109.1309924,1509100109.390938,13002
query,1509100109.390943,1509100109.5029366,6345
query,1509100109.5029402,1509100109.5178716,146
query,1509100109.517876,1509100109.5332468,495
query,1509100109.5332506,1509100109.8991444,14687
query,1509100109.8991487,1509100109.9202466,27
query,1509100109.9202905,1509100110.022818,5696
query,1509100110.035166,1509100110.1864195,11432
query,1509100110.186424,1509100110.4095306,14547
query,1509100110.4095342,1509100110.640787,9721
query,1509100110.640828,1509100110.9800565,12173
query,1509100110.9800608,1509100111.0161443,3896
query,1509100111.0161488,1509100111.0471787,3787
query,1509100111.0471833,1509100111.065549,877
query,1509100111.0655532,1509100111.2646973,7613
query,1509100111.2647018,1509100111.2996922,3661
query,1509100111.2996967,1509100111.3297932,2655
query,1509100111.3297975,1509100111.628113,11442
query,1509100111.628118,1509100111.657034,2130
query,1509100111.65704,1509100111.8859828,8036
query,1509100111.8859875,1509100111.920332,3070
query,1509100111.920337,1509100111.9265594,0
query,1509100111.926563,1509100112.1367395,7997
query,1509100112.1367452,1509100112.1588578,78
query,1509100112.1588616,1509100112.1823726,875
query,1509100112.1823764,1509100113.1249092,26417
query,1509100113.124949,1509100113.1555116,4183
query,1509100113.1683388,1509100113.1984649,2101
query,1509100113.1984692,1509100113.8253055,27856
query,1509100113.8253098,1509100113.8401566,27
query,1509100113.8401606,1509100114.3114688,23723
query,1509100114.3114731,1509100114.6262014,14149
query,1509100114.6262057,1509100114.6412501,89
query,1509100114.6412544,1509100114.6591742,258
query,1509100114.6591785,1509100114.6760457,11
query,1509100114.6760495,1509100114.69841,1017
query,1509100114.6984136,1509100114.725998,5078
query,1509100114.7260017,1509100114.847497,5745
query,1509100114.8475013,1509100115.0597894,13928
query,1509100115.0597942,1509100115.0867207,1834
query,1509100115.0867252,1509100115.1062112,84
query,1509100115.1062157,1509100115.1598873,8566
query,1509100115.159892,1509100115.251993,4740
query,1509100115.2519975,1509100115.2577052,0
query,1509100115.2577085,1509100115.307563,10669
query,1509100115.3075676,1509100115.328908,82
query,1509100115.3289347,1509100115.6464713,9819
query,1509100115.6624577,1509100115.6851456,25
query,1509100115.6851501,1509100115.7081177,760
query,1509100115.7081237,1509100115.7281878,95
query,1509100115.7281919,1509100115.7339923,0
query,1509100115.7339966,1509100115.940432,12126
query,1509100115.9404368,1509100115.961689,5
query,1509100115.9616935,1509100116.290347,16503
query,1509100116.2903519,1509100116.3311975,3993
query,1509100116.3312023,1509100116.3540392,392
query,1509100116.3540435,1509100116.8281984,11747
query,1509100116.828204,1509100116.839983,1
query,1509100116.8399873,1509100116.849952,1
query,1509100116.849956,1509100116.9823518,6244
query,1509100116.982356,1509100116.9948022,2
query,1509100116.994807,1509100117.1889057,6937
query,1509100117.1889102,1509100117.2010672,8
query,1509100117.2010717,1509100117.375486,10340
query,1509100117.3754902,1509100118.4943495,7447
query,1509100118.4943538,1509100118.5079045,1
query,1509100118.5079396,1509100118.6188638,6297
query,1509100118.6310818,1509100118.6651556,3082
query,1509100118.6651592,1509100118.6716712,0
query,1509100118.6716745,1509100118.6780956,0
query,1509100118.6780987,1509100119.028345,13156
query,1509100119.0283494,1509100119.4629416,11365
query,1509100119.4629467,1509100119.9093966,18259
query,1509100119.909401,1509100120.2004507,15556
query,1509100120.2004545,1509100120.7718866,20609
query,1509100120.7718906,1509100120.7766762,0
query,1509100120.7766802,1509100120.7830024,1
query,1509100120.7830057,1509100120.9023285,8818
query,1509100120.9023323,1509100120.9270158,2588
query,1509100120.9270203,1509100121.0901039,6989
query,1509100121.0901077,1509100121.1154916,632
query,1509100121.1154962,1509100121.2539928,9353
query,1509100121.2539968,1509100121.2808943,1204
query,1509100121.2808983,1509100121.3059485,837
query,1509100121.3059525,1509100121.5532398,11719
query,1509100121.5532446,1509100121.7595172,11775
query,1509100121.7595592,1509100122.4657934,28571
query,1509100122.4779644,1509100122.5024805,3405
query,1509100122.5024843,1509100122.632508,5670
query,1509100122.6325135,1509100122.7178946,4512
query,1509100122.717899,1509100123.2221043,15558
query,1509100123.2221081,1509100123.2563992,449
query,1509100123.2564034,1509100123.470236,7337
query,1509100123.4702399,1509100123.4885676,2
query,1509100123.4885714,1509100123.745741,14505
query,1509100123.7457447,1509100123.7543147,1
query,1509100123.7543185,1509100123.9345255,8415
query,1509100123.9345293,1509100124.186801,16925
query,1509100124.1868052,1509100124.3075993,5494
query,1509100124.3076031,1509100124.4262135,7523
query,1509100124.4262176,1509100124.9926894,17005
query,1509100124.9926934,1509100125.1509688,10421
query,1509100125.1509738,1509100125.2428195,5485
query,1509100125.2428236,1509100125.6723816,16219
query,1509100125.6723864,1509100126.1682868,14812
query,1509100126.168291,1509100126.2201474,6227
query,1509100126.2201881,1509100126.2369378,0
query,1509100126.2387116,1509100126.79658,19054
query,1509100126.7965846,1509100126.8231196,1379
query,1509100126.8231244,1509100127.0236332,9919
query,1509100127.0236375,1509100127.2273164,8653
query,1509100127.2273202,1509100127.826321,18891
query,1509100127.826325,1509100127.8350961,0
query,1509100127.8350997,1509100127.8431063,0
query,1509100127.84311,1509100127.8726032,394
query,1509100127.8726072,1509100127.8807297,0
query,1509100127.880733,1509100127.9129925,436
query,1509100127.912996,1509100128.6159527,23006
query,1509100128.615958,1509100128.637424,302
query,1509100128.637428,1509100128.7155507,6721
query,1509100128.7155552,1509100128.8937771,9452
query,1509100128.8937814,1509100129.1655982,8401
query,1509100129.1656024,1509100129.455458,9237
query,1509100129.4554617,1509100129.8486226,13404
query,1509100129.8486264,1509100130.0002291,7498
query,1509100130.0002334,1509100130.0229309,93
query,1509100130.0229678,1509100130.1227958,4802
query,1509100130.1358676,1509100130.1662319,258
query,1509100130.166236,1509100130.2880754,4579
query,1509100130.288079,1509100130.66517,18563
query,1509100130.6651745,1509100131.1537733,20659
query,1509100131.1537778,1509100131.182702,2013
query,1509100131.182706,1509100131.331114,8824
query,1509100131.3311186,1509100132.2077522,33500
query,1509100132.207757,1509100132.229919,463
query,1509100132.2299242,1509100132.260853,4432
query,1509100132.2608569,1509100132.2922118,3577
query,1509100132.292216,1509100132.3134363,17
query,1509100132.31344,1509100132.3428037,3702
query,1509100132.342808,1509100132.3676753,2847
query,1509100132.367679,1509100132.39014,53
query,1509100132.3901436,1509100132.5316179,4603
query,1509100132.5316217,1509100132.5600092,13
query,1509100132.560013,1509100132.5654488,0
query,1509100132.5654519,1509100132.7703469,9156
query,1509100132.7703507,1509100132.7911851,23
query,1509100132.7912242,1509100132.888269,6267
query,1509100132.9011264,1509100133.1327827,10814
query,1509100133.1330218,1509100133.1660392,2575
query,1509100133.1660445,1509100133.2878692,4887
query,1509100133.2878737,1509100133.3923573,5846
query,1509100133.3923612,1509100133.413218,606
query,1509100133.4132223,1509100133.8938622,16260
query,1509100133.8938663,1509100133.9222488,3515
query,1509100133.9222534,1509100133.9433396,468
query,1509100133.9433434,1509100134.2407854,10997
query,1509100134.2408154,1509100134.3865788,5531
query,1509100134.3865833,1509100134.9697998,16008
query,1509100134.9698038,1509100134.992717,396
query,1509100134.9927208,1509100135.7242777,22843
query,1509100135.724282,1509100135.881035,7037
query,1509100135.8810403,1509100136.1483161,10413
query,1509100136.1483204,1509100136.413416,8564
query,1509100136.4134202,1509100136.829295,16668
query,1509100136.8292994,1509100136.8434494,156
query,1509100136.8434534,1509100136.8655996,2259
query,1509100136.8656404,1509100137.0390568,8567
query,1509100137.0513117,1509100137.067063,523
query,1509100137.0670671,1509100137.2596025,12295
query,1509100137.2596064,1509100137.2784977,1255
query,1509100137.2785122,1509100137.477445,7088
query,1509100137.4774497,1509100137.4956965,1046
query,1509100137.4956994,1509100137.913577,15832
query,1509100137.9135814,1509100138.0410938,5537
query,1509100138.041141,1509100138.0559998,39
query,1509100138.0560036,1509100138.0786579,649
query,1509100138.078661,1509100138.1701975,4999
query,1509100138.170202,1509100138.3326237,10528
query,1509100138.3326287,1509100138.3562963,139
query,1509100138.3563004,1509100138.4844368,5405
query,1509100138.484441,1509100138.6645515,12623
query,1509100138.6645555,1509100138.8307643,8889
query,1509100138.8307683,1509100139.0422525,11414
query,1509100139.0422566,1509100139.048126,1
query,1509100139.048129,1509100139.5237622,16208
query,1509100139.523766,1509100139.5590506,2788
query,1509100139.559095,1509100139.767177,8593
query,1509100139.7795432,1509100139.8911016,6744
query,1509100139.8911061,1509100139.9215877,1489
query,1509100139.921592,1509100139.9410698,282
query,1509100139.9410741,1509100139.960958,1520
query,1509100139.9609618,1509100139.9682376,2
query,1509100139.968241,1509100140.1516905,6173
query,1509100140.1516957,1509100140.1581907,0
query,1509100140.158195,1509100140.1672325,1
query,1509100140.167236,1509100140.6026065,11432
query,1509100140.6026113,1509100140.7276466,5480
query,1509100140.7276504,1509100140.749265,1609
query,1509100140.7492688,1509100140.7637835,411
query,1509100140.7637868,1509100141.0709057,16340
query,1509100141.07091,1509100141.0962186,1484
query,1509100141.0962226,1509100141.7065809,18040
query,1509100141.706585,1509100141.8775148,8244
query,1509100141.8775187,1509100141.898194,678
query,1509100141.898198,1509100141.9124846,771
query,1509100141.9124885,1509100141.9260745,50
query,1509100141.9261124,1509100142.1463573,9836
query,1509100142.1588058,1509100142.604581,19604
query,1509100142.604585,1509100142.617983,281
query,1509100142.6179872,1509100142.637482,2734
query,1509100142.637486,1509100142.6602805,3663
query,1509100142.660284,1509100142.6840856,2051
query,1509100142.68409,1509100142.716679,4424
query,1509100142.7166831,1509100142.9819536,15782
query,1509100142.9819574,1509100143.2483811,16266
query,1509100143.248386,1509100143.5033963,11957
query,1509100143.5034,1509100143.7781503,12599
query,1509100143.778155,1509100143.8373308,5433
query,1509100143.8373349,1509100143.8621535,3897
query,1509100143.8621573,1509100144.5970235,23956
query,1509100144.5970273,1509100144.6239378,1483
query,1509100144.6239417,1509100144.9790123,14503
query,1509100144.979016,1509100145.1716495,9907
query,1509100145.1716535,1509100145.7312958,19115
query,1509100145.7312996,1509100146.2538633,16015
query,1509100146.2538671,1509100146.2907004,4017
query,1509100146.2907388,1509100146.727049,14080
query,1509100146.7395835,1509100146.7640622,61
query,1509100146.764066,1509100146.8006501,3626
query,1509100146.800654,1509100146.8281052,1541
query,1509100146.828109,1509100147.3624005,17534
query,1509100147.3624055,1509100147.5624895,8166
query,1509100147.5624938,1509100147.5877974,1271
query,1509100147.5878022,1509100147.594665,0
query,1509100147.594669,1509100147.9052305,12700
query,1509100147.9052348,1509100147.9278684,60
query,1509100147.927873,1509100147.958202,2178
query,1509100147.9583113,1509100147.9862015,1653
query,1509100147.9862053,1509100148.0198727,2338
query,1509100148.019877,1509100148.1761575,8478
query,1509100148.176163,1509100148.3158336,8886
query,1509100148.3158379,1509100148.3935199,4292
query,1509100148.393524,1509100148.3999631,1
query,1509100148.3999662,1509100148.4191282,35
query,1509100148.4191315,1509100148.446646,4094
query,1509100148.4466498,1509100148.5973485,8134
query,1509100148.597392,1509100148.618999,213
query,1509100148.631481,1509100148.6584237,1981
query,1509100148.658428,1509100148.8381758,10823
query,1509100148.83818,1509100149.3082569,15138
query,1509100149.3082607,1509100149.324117,556
query,1509100149.3241208,1509100149.3384275,27
query,1509100149.3384316,1509100149.8875952,26423
query,1509100149.8876,1509100150.2982147,16391
query,1509100150.2982183,1509100150.3172562,7
query,1509100150.3172598,1509100150.7133503,12785
query,1509100150.7133553,1509100151.2286787,16222
query,1509100151.228683,1509100151.2498555,45
query,1509100151.2498596,1509100151.5489821,11046
query,1509100151.5489862,1509100151.679843,4215
query,1509100151.6798468,1509100151.8285322,9926
query,1509100151.8285363,1509100151.843306,216
query,1509100151.8433096,1509100151.8569503,10
query,1509100151.856955,1509100151.9542253,5906
query,1509100151.9542289,1509100152.3634508,15456
query,1509100152.363455,1509100152.4557488,5877
query,1509100152.4557798,1509100152.6688294,11856
query,1509100152.6812534,1509100152.6873522,0
query,1509100152.6873558,1509100153.0823736,17670
query,1509100153.0823777,1509100153.0881727,0
query,1509100153.088176,1509100153.1050112,1953
query,1509100153.1050146,1509100153.1242652,1260
query,1509100153.1242685,1509100153.142811,2483
query,1509100153.1428146,1509100153.8424823,26469
query,1509100153.8424861,1509100154.1064255,10494
query,1509100154.1064298,1509100154.536128,17192
query,1509100154.5361319,1509100154.5576897,118
query,1509100154.5576935,1509100154.5896924,3062
query,1509100154.5896957,1509100154.6924143,6014
query,1509100154.6924188,1509100154.7128747,8
query,1509100154.7128785,1509100154.8071625,7655
query,1509100154.8071666,1509100155.3638341,18008
query,1509100155.363838,1509100156.0843098,21624
query,1509100156.0843139,1509100156.1039665,1873
query,1509100156.1039703,1509100157.2309673,29461
query,1509100157.2309713,1509100157.370389,6426
query,1509100157.3704264,1509100157.634189,11130
query,1509100157.6466277,1509100157.674173,541
query,1509100157.6741767,1509100157.8630912,9018
query,1509100157.8630948,1509100159.15866,30174
query,1509100159.1586645,1509100159.2571702,9397
query,1509100159.2571738,1509100159.291228,2918
query,1509100159.2912314,1509100159.314832,86
query,1509100159.3148353,1509100159.326604,0
query,1509100159.3266072,1509100159.3351116,0
query,1509100159.335115,1509100159.358355,192
query,1509100159.3583586,1509100160.5566022,7450
query,1509100160.556606,1509100161.2379913,20645
query,1509100161.2379954,1509100161.255032,321
query,1509100161.2550359,1509100161.2793994,2521
query,1509100161.2794032,1509100161.3006833,447
query,1509100161.3006868,1509100161.8067374,15949
query,1509100161.8067412,1509100161.8297482,1903
query,1509100161.829752,1509100161.8354404,0
query,1509100161.8354442,1509100161.9227998,6276
query,1509100161.922804,1509100162.0574996,7404
query,1509100162.0575352,1509100162.362759,8516
query,1509100162.3749225,1509100162.7280152,11982
query,1509100162.7280197,1509100163.218346,19084
query,1509100163.218351,1509100163.2457936,5178
query,1509100163.2457979,1509100163.6666849,17939
query,1509100163.6666894,1509100163.6810868,966
query,1509100163.6810904,1509100163.8897657,11576
query,1509100163.8897707,1509100163.9090064,156
query,1509100163.9090104,1509100164.1595204,12942
query,1509100164.1595242,1509100164.4806683,12211
query,1509100164.4806726,1509100164.5957246,5358
query,1509100164.5957289,1509100164.6915216,5674
query,1509100164.691526,1509100164.7060938,226
query,1509100164.7060974,1509100164.7363086,3619
query,1509100164.7363122,1509100165.2359672,17285
query,1509100165.2359712,1509100165.8187172,14525
query,1509100165.8187222,1509100165.8437247,2749
query,1509100165.8437295,1509100166.036274,8170
query,1509100166.0362778,1509100166.4987223,18919
query,1509100166.4987264,1509100167.4202805,23382
query,1509100167.420318,1509100167.4599788,1724
query,1509100167.4759965,1509100167.741872,9443
query,1509100167.741876,1509100167.7710388,2119
query,1509100167.7710428,1509100168.2858572,18721
query,1509100168.285862,1509100168.807982,14114
query,1509100168.8079855,1509100168.8382053,3164
query,1509100168.838209,1509100169.3337321,13489
query,1509100169.3337367,1509100169.43403,9904
query,1509100169.4340339,1509100169.7306228,13264
query,1509100169.7306275,1509100169.8701427,7940
query,1509100169.8701468,1509100169.9031246,5215
query,1509100169.9031284,1509100169.9082367,0
query,1509100169.9082398,1509100170.022355,8452
query,1509100170.0223594,1509100170.6608639,7428
query,1509100170.660868,1509100171.6166444,7447
query,1509100171.6166484,1509100171.9621146,10753
query,1509100171.9621189,1509100172.1122458,5451
query,1509100172.1122508,1509100172.2478585,5755
query,1509100172.247863,1509100172.261585,7
query,1509100172.2615886,1509100172.296453,5232
query,1509100172.2964897,1509100172.9141967,16361
query,1509100172.9266047,1509100172.9557254,2996
query,1509100172.9557297,1509100173.5145223,18093
query,1509100173.5145264,1509100173.5404952,1963
query,1509100173.5404992,1509100174.097301,18253
query,1509100174.097305,1509100174.1186345,39
query,1509100174.1186388,1509100174.1433125,1199
query,1509100174.1433163,1509100174.6266618,16298
query,1509100174.6266663,1509100174.808578,9808
query,1509100174.808582,1509100174.8634691,4679
query,1509100174.8634737,1509100174.876551,15
query,1509100174.8765547,1509100174.9745796,6113
query,1509100174.9745836,1509100176.2573159,30812
query,1509100176.25732,1509100176.287877,3852
query,1509100176.2878814,1509100176.8032084,12980
query,1509100176.8032136,1509100176.8110082,1
query,1509100176.811012,1509100177.1358728,16412
query,1509100177.1358767,1509100177.1419919,0
query,1509100177.141996,1509100177.1763554,4490
query,1509100177.1763592,1509100177.2021203,24
query,1509100177.2021604,1509100177.3621943,8636
query,1509100177.374556,1509100177.7886865,19670
query,1509100177.7886906,1509100177.7943244,0
query,1509100177.7943285,1509100178.278482,23473
query,1509100178.278486,1509100178.3705952,4623
query,1509100178.3705995,1509100178.6630952,17814
query,1509100178.663099,1509100178.6790142,169
query,1509100178.6790183,1509100178.7718148,6037
query,1509100178.771819,1509100179.1763253,14477
query,1509100179.1763296,1509100179.2632427,5524
query,1509100179.263247,1509100179.8158,17851
query,1509100179.8158052,1509100179.8222513,1
query,1509100179.8222554,1509100179.8365476,102
query,1509100179.8365514,1509100179.851924,268
query,1509100179.8519273,1509100180.0683956,12348
query,1509100180.0683992,1509100180.3470142,14135
query,1509100180.3470194,1509100180.3855445,6131
query,1509100180.3855488,1509100180.4069068,1349
query,1509100180.4069104,1509100180.4296389,128
query,1509100180.429643,1509100180.6054,10998
query,1509100180.6054409,1509100180.6338603,195
query,1509100180.6459975,1509100180.9013069,12893
query,1509100180.9013104,1509100181.1315238,8306
query,1509100181.1315284,1509100181.3143811,9823
query,1509100181.3143852,1509100181.3375874,206
query,1509100181.3375914,1509100181.3584208,4
query,1509100181.3584244,1509100181.3958879,3278
query,1509100181.395892,1509100181.4577475,4306
query,1509100181.4577515,1509100181.4738202,4
query,1509100181.4738245,1509100181.6248553,8159
query,1509100181.624859,1509100181.644031,253
query,1509100181.6440353,1509100181.6641884,1561
query,1509100181.664192,1509100181.6818752,253
query,1509100181.6818793,1509100182.2924201,16907
query,1509100182.292425,1509100182.505571,9050
query,1509100182.5055752,1509100182.5372493,4348
query,1509100182.5372531,1509100182.5645769,3675
query,1509100182.564581,1509100182.5911174,5390
query,1509100182.5911207,1509100182.9795997,19653
query,1509100182.9796042,1509100182.9991,9
query,1509100182.999138,1509100183.4513092,17658
query,1509100183.463877,1509100183.4719336,0
query,1509100183.4719374,1509100183.499209,162
query,1509100183.4992123,1509100183.524776,1531
query,1509100183.52478,1509100183.7519152,8386
query,1509100183.7519193,1509100184.3906715,20415
query,1509100184.3906772,1509100184.4083874,4
query,1509100184.4083927,1509100184.4381263,965
query,1509100184.4381309,1509100184.5471485,4811
query,1509100184.5471528,1509100184.5536788,0
query,1509100184.5536828,1509100184.5606556,1
query,1509100184.5606587,1509100184.8556476,20637
query,1509100184.8556514,1509100184.8689678,65
query,1509100184.868972,1509100184.887559,1793
query,1509100184.8875628,1509100185.2508464,18024
query,1509100185.2508512,1509100185.3570068,7527
query,1509100185.3570106,1509100185.3761702,396
query,1509100185.3761742,1509100185.4068196,3353
query,1509100185.4068244,1509100185.433085,2350
query,1509100185.4330893,1509100185.4622061,4314
query,1509100185.46225,1509100185.7579525,11282
query,1509100185.7701576,1509100186.3767529,16183
query,1509100186.3767571,1509100186.3830953,0
query,1509100186.3830988,1509100186.5697174,11656
query,1509100186.5697215,1509100186.5901825,715
query,1509100186.590186,1509100186.5955563,0
query,1509100186.59556,1509100186.6345892,4491
query,1509100186.634593,1509100186.9429033,14611
query,1509100186.9429076,1509100187.0259109,6303
query,1509100187.0259147,1509100187.0405712,319
query,1509100187.0405753,1509100187.0697107,1801
query,1509100187.0697145,1509100187.0942335,45
query,1509100187.0942378,1509100187.1221628,3687
query,1509100187.1221664,1509100187.2717662,6002
query,1509100187.2717705,1509100187.3204355,4336
query,1509100187.3204393,1509100188.2608562,23563
query,1509100188.260861,1509100188.3365982,6425
query,1509100188.336602,1509100188.7930567,17977
query,1509100188.7930605,1509100188.8003745,1
query,1509100188.8003774,1509100188.9378812,5785
query,1509100188.9379199,1509100188.9571133,7
query,1509100188.96938,1509100189.0507512,6147
query,1509100189.0507553,1509100189.1486006,6434
query,1509100189.1486056,1509100189.1724565,2140
query,1509100189.172461,1509100189.1951506,1145
query,1509100189.1951542,1509100189.2216933,3954
query,1509100189.2216976,1509100189.2586336,6395
query,1509100189.258637,1509100189.2788212,367
query,1509100189.2788248,1509100189.2992785,223
query,1509100189.2992818,1509100189.6381464,10556
query,1509100189.6381505,1509100189.6646595,96
query,1509100189.6646633,1509100190.0744007,15827
query,1509100190.0744045,1509100190.2032182,5563
query,1509100190.2032218,1509100190.2274764,100
query,1509100190.2274806,1509100190.6170137,16751
query,1509100190.6170182,1509100190.6578674,4486
query,1509100190.657871,1509100190.691802,4466
query,1509100190.6918063,1509100190.7180543,582
query,1509100190.718058,1509100190.7443151,76
query,1509100190.7443194,1509100190.769564,72
query,1509100190.7696118,1509100190.7977023,3
query,1509100190.8073492,1509100190.8271477,36
query,1509100190.8271515,1509100191.0021505,11259
query,1509100191.002154,1509100191.0924904,4806
query,1509100191.0924947,1509100191.1143322,3132
query,1509100191.114336,1509100191.2010589,5684
query,1509100191.201063,1509100191.3505645,9656
query,1509100191.3505683,1509100191.3552341,0
query,1509100191.3552392,1509100191.3796318,4091
query,1509100191.3796358,1509100191.3990643,2636
query,1509100191.399068,1509100191.4122498,53
query,1509100191.4122531,1509100191.4873054,5834
query,1509100191.4873095,1509100191.6136298,8311
query,1509100191.6136346,1509100191.7216141,6938
query,1509100191.7216191,1509100191.806179,6547
query,1509100191.8061829,1509100191.8131921,0
query,1509100191.8131955,1509100191.819393,1
query,1509100191.819396,1509100191.8373685,2077
query,1509100191.8373718,1509100192.1871743,13865
query,1509100192.1871789,1509100192.2603042,5724
query,1509100192.2603414,1509100192.296286,57
query,1509100192.309313,1509100192.460215,7313
query,1509100192.4602191,1509100192.4853616,2584
query,1509100192.4853666,1509100192.588693,4162
query,1509100192.5886972,1509100192.8045871,14480
query,1509100192.8045912,1509100192.9087281,4497
query,1509100192.908733,1509100193.050433,9377
query,1509100193.0504367,1509100193.071705,18
query,1509100193.0717092,1509100193.0942576,1026
query,1509100193.0942614,1509100193.1193626,2551
query,1509100193.1193664,1509100193.8972354,32256
query,1509100193.8972392,1509100193.9035304,2
query,1509100193.9035332,1509100194.4265718,15185
query,1509100194.4265757,1509100194.5338128,7737
query,1509100194.533817,1509100194.5585296,2124
query,1509100194.5585332,1509100194.6379378,4018
query,1509100194.637942,1509100194.743386,4931
query,1509100194.7433903,1509100195.0065181,13166
query,1509100195.006522,1509100195.4333653,17575
query,1509100195.433369,1509100195.5205102,5032
query,1509100195.5205493,1509100195.6043997,5723
query,1509100195.6168113,1509100195.6225536,0
query,1509100195.6225562,1509100195.6506248,3416
query,1509100195.6506283,1509100195.823938,12057
query,1509100195.8239415,1509100195.8437808,36
query,1509100195.8437846,1509100196.0269222,12277
query,1509100196.0269263,1509100196.1397917,8073
query,1509100196.1397958,1509100196.1656094,3357
query,1509100196.1656125,1509100196.188202,3744
query,1509100196.1882052,1509100196.3615973,10862
query,1509100196.3616014,1509100196.390482,4101
query,1509100196.390486,1509100196.4669492,5677
query,1509100196.466953,1509100196.4823227,791
query,1509100196.4823267,1509100196.7147365,16379
query,1509100196.7147408,1509100196.7369967,1893
query,1509100196.7370017,1509100197.2473931,27070
query,1509100197.247398,1509100197.2552137,0
query,1509100197.255217,1509100197.2939243,5719
query,1509100197.2939281,1509100197.5665116,12460
query,1509100197.5665152,1509100197.8192616,16698
query,1509100197.8193018,1509100197.8367558,34
query,1509100197.849184,1509100197.8748672,2429
query,1509100197.874871,1509100197.911145,4002
query,1509100197.9111493,1509100198.8271425,29188
query,1509100198.8271465,1509100198.844312,198
query,1509100198.8443162,1509100198.8625083,812
query,1509100198.8625114,1509100199.01206,10434
query,1509100199.0120642,1509100199.0346065,2683
query,1509100199.0346098,1509100199.112608,5284
query,1509100199.1126118,1509100199.1945057,6787
query,1509100199.1945097,1509100199.3446722,9889
query,1509100199.3446765,1509100199.5695026,14061
query,1509100199.569507,1509100199.9447083,16188
query,1509100199.9447122,1509100200.1369765,9630
query,1509100200.1369803,1509100200.1542478,1242
query,1509100200.154251,1509100200.1688988,19
query,1509100200.1689036,1509100200.1943789,1462
query,1509100200.194383,1509100200.2760818,5255
query,1509100200.276086,1509100200.4107692,7431
query,1509100200.410773,1509100200.4962776,6537
query,1509100200.4963179,1509100200.5223494,1469
query,1509100200.5345056,1509100200.6138425,7489
query,1509100200.6138468,1509100200.6398034,3292
query,1509100200.6398075,1509100200.6606328,1646
query,1509100200.6606367,1509100200.738256,5342
query,1509100200.7382605,1509100200.8455276,6644
query,1509100200.8455317,1509100201.0188074,10877
query,1509100201.018812,1509100201.1358757,8730
query,1509100201.13588,1509100201.4399054,12221
query,1509100201.4399095,1509100201.4608386,9
query,1509100201.4608426,1509100201.4828696,535
query,1509100201.4828744,1509100201.505557,2290
query,1509100201.505561,1509100201.526705,2801
query,1509100201.5267093,1509100201.5392485,80
query,1509100201.5392532,1509100201.7641435,11851
query,1509100201.7641478,1509100201.931789,11208
query,1509100201.9317932,1509100202.0565689,6555
query,1509100202.0565732,1509100202.0634525,0
query,1509100202.063456,1509100202.0839522,53
query,1509100202.083956,1509100202.1064827,740
query,1509100202.1065211,1509100202.1255705,1
query,1509100202.129132,1509100202.1538715,2740
query,1509100202.153875,1509100202.175671,152
query,1509100202.1756754,1509100202.3406353,11636
query,1509100202.3406394,1509100202.625345,15015
query,1509100202.6253495,1509100202.6399145,55
query,1509100202.6399188,1509100202.6583536,1558
query,1509100202.6583579,1509100202.6828852,278
query,1509100202.682889,1509100202.778308,4640
query,1509100202.778312,1509100202.8878107,6278
query,1509100202.887815,1509100202.980859,4917
query,1509100202.980863,1509100202.986366,0
query,1509100202.9863684,1509100203.025033,5325
query,1509100203.025036,1509100203.0451202,432
query,1509100203.0451229,1509100203.067688,58
query,1509100203.0676904,1509100203.1012986,5009
query,1509100203.1013021,1509100203.1346645,1013
query,1509100203.1346674,1509100203.1723542,5181
query,1509100203.1723578,1509100203.3049903,6997
query,1509100203.3049943,1509100204.011249,19904
query,1509100204.0112908,1509100204.0300303,29
query,1509100204.0420127,1509100204.344643,15533
query,1509100204.3446474,1509100204.3701699,4015
query,1509100204.3701746,1509100204.3902864,831
query,1509100204.3902905,1509100204.426419,5835
query,1509100204.4264233,1509100204.6174319,12355
query,1509100204.617436,1509100204.63327,1626
query,1509100204.6332746,1509100204.7901433,8891
query,1509100204.7901475,1509100205.3677824,19314
query,1509100205.367787,1509100205.5324078,6985
query,1509100205.5324116,1509100205.5420854,1
query,1509100205.5420885,1509100205.5679848,2882
query,1509100205.5679886,1509100205.5831912,428
query,1509100205.583195,1509100205.5891738,0
query,1509100205.5891764,1509100205.6201289,3295
query,1509100205.6201327,1509100205.64277,754
query,1509100205.6427743,1509100205.6652749,1584
query,1509100205.6652782,1509100205.68842,148
query,1509100205.6884234,1509100205.6933858,0
query,1509100205.6933901,1509100205.7156591,299
query,1509100205.7156963,1509100207.078969,7450
query,1509100207.0911062,1509100207.11159,318
query,1509100207.1115935,1509100207.1256695,335
query,1509100207.1256733,1509100207.1354594,1
query,1509100207.1354625,1509100207.1580367,2
query,1509100207.1580403,1509100207.183802,117
query,1509100207.183806,1509100207.2082932,55
query,1509100207.208297,1509100207.233547,368
query,1509100207.2335505,1509100207.2575855,1223
query,1509100207.2575889,1509100207.2913995,4183
query,1509100207.2914038,1509100207.6239405,14762
query,1509100207.6239457,1509100207.6374807,16
query,1509100207.6374846,1509100207.676725,5541
query,1509100207.6767297,1509100207.705292,3741
query,1509100207.7052958,1509100207.7264721,266
query,1509100207.726476,1509100207.7466156,25
query,1509100207.7466197,1509100207.759089,3
query,1509100207.7590926,1509100207.7783566,438
query,1509100207.7783601,1509100208.013709,12100
query,1509100208.013713,1509100208.0396168,2044
query,1509100208.0396528,1509100208.2055314,5846
query,1509100208.217966,1509100208.6044285,19631
query,1509100208.6044323,1509100208.790502,9735
query,1509100208.790506,1509100208.8153126,1207
query,1509100208.8153162,1509100210.0872953,31467
query,1509100210.0872993,1509100210.0933428,0
query,1509100210.093346,1509100210.2944624,10399
query,1509100210.2944665,1509100210.4726217,9086
query,1509100210.4726255,1509100210.4885483,1014
query,1509100210.4885519,1509100210.5047498,190
query,1509100210.5047536,1509100210.621011,5956
query,1509100210.6210155,1509100210.6339188,150
query,1509100210.633923,1509100210.7017078,4173
query,1509100210.7017117,1509100210.7218194,202
query,1509100210.7218235,1509100210.7484267,1741
query,1509100210.748432,1509100210.8800037,6949
query,1509100210.8800075,1509100211.2261987,16005
query,1509100211.2262027,1509100211.4950125,15979
query,1509100211.4950166,1509100211.6423318,8959
query,1509100211.6423354,1509100212.2020757,12755
query,1509100212.2021174,1509100212.2302477,2977
query,1509100212.2434094,1509100212.3868737,6436
query,1509100212.386878,1509100212.4425523,3689
query,1509100212.4425561,1509100212.464051,496
query,1509100212.464055,1509100212.4886603,1373
query,1509100212.4886644,1509100213.2826352,19442
query,1509100213.2826393,1509100213.302016,1338
query,1509100213.3020198,1509100213.623778,14083
query,1509100213.6237822,1509100213.7165976,7493
query,1509100213.7166016,1509100213.7350948,2228
query,1509100213.7350984,1509100213.7613864,1473
query,1509100213.7613902,1509100214.0285854,12206
query,1509100214.0285897,1509100214.1587677,4976
query,1509100214.158772,1509100214.6715527,25074
query,1509100214.6715565,1509100214.77197,8137
query,1509100214.771975,1509100214.9077363,9905
query,1509100214.9077406,1509100215.0411053,8229
query,1509100215.0411093,1509100215.0553598,894
query,1509100215.0553634,1509100215.0588648,0
query,1509100215.058869,1509100215.1543298,10725
query,1509100215.1543713,1509100215.3190215,8959
query,1509100215.3317308,1509100215.3453283,22
query,1509100215.3453326,1509100215.4901993,10860
query,1509100215.490203,1509100215.4966576,0
query,1509100215.4966612,1509100215.5736685,4279
query,1509100215.5736725,1509100215.5880344,64
query,1509100215.588038,1509100216.1021914,19026
query,1509100216.1021953,1509100216.5791287,19959
query,1509100216.5791333,1509100216.8247688,12565
query,1509100216.824773,1509100216.8466322,991
query,1509100216.846637,1509100216.8662205,22
query,1509100216.8662243,1509100217.0511162,8470
query,1509100217.0511208,1509100217.0766795,3971
query,1509100217.0766845,1509100217.2393844,10298
query,1509100217.2393887,1509100217.2686903,3402
query,1509100217.2686942,1509100217.2746453,0
query,1509100217.2748346,1509100217.4045892,6133
query,1509100217.4045937,1509100217.4347456,4152
query,1509100217.4347494,1509100217.7719991,13877
query,1509100217.7720032,1509100217.7910469,2621
query,1509100217.7910922,1509100217.799542,0
query,1509100217.8009176,1509100218.048177,15383
query,1509100218.0481808,1509100218.077538,1784
query,1509100218.0775416,1509100218.082901,0
query,1509100218.0829043,1509100218.3325884,12478
query,1509100218.332593,1509100218.469447,4759
query,1509100218.4694514,1509100218.6167557,8859
query,1509100218.61676,1509100218.6307735,691
query,1509100218.6307774,1509100218.6509702,11
query,1509100218.6509745,1509100218.6727872,12
query,1509100218.6730447,1509100218.9510093,15793
query,1509100218.9510136,1509100219.3223746,16860
query,1509100219.322379,1509100219.650426,13479
query,1509100219.6504302,1509100219.822306,12998
query,1509100219.8223095,1509100219.8360121,12
query,1509100219.8360155,1509100220.0101233,10972
query,1509100220.010127,1509100220.1111815,7611
query,1509100220.1111853,1509100220.133117,326
query,1509100220.1331208,1509100220.1524458,32
query,1509100220.152449,1509100220.160936,1
query,1509100220.1609712,1509100220.181385,1724
query,1509100220.1945765,1509100220.578753,18511
query,1509100220.578757,1509100220.598871,184
query,1509100220.598875,1509100220.8526714,10309
query,1509100220.8526754,1509100221.211911,14369
query,1509100221.2119148,1509100221.7706695,21193
query,1509100221.7706733,1509100221.7918687,3247
query,1509100221.7918723,1509100221.8758461,4235
query,1509100221.8758512,1509100221.8975186,3760
query,1509100221.897523,1509100221.9417384,2901
query,1509100221.9417427,1509100221.9672673,15
query,1509100221.967272,1509100222.091559,4195
query,1509100222.0915627,1509100222.3469467,12318
query,1509100222.3469532,1509100222.3532853,0
query,1509100222.3532891,1509100222.8072336,15575
query,1509100222.8072374,1509100222.8429725,3591
query,1509100222.8429768,1509100222.8663871,1837
query,1509100222.8663907,1509100223.080112,9467
query,1509100223.080116,1509100223.20191,5715
query,1509100223.2019145,1509100223.227595,1257
query,1509100223.2276316,1509100223.2440681,0
query,1509100223.2455912,1509100223.2519515,0
query,1509100223.2519546,1509100223.2808096,2289
query,1509100223.2808137,1509100223.6742237,13799
query,1509100223.674228,1509100223.7068965,4928
query,1509100223.7069004,1509100223.96304,15311
query,1509100223.9630444,1509100224.1603723,8484
query,1509100224.1603765,1509100224.4559498,13272
query,1509100224.4559538,1509100224.7280114,11864
query,1509100224.7280154,1509100225.0265899,17012
query,1509100225.0265946,1509100225.031494,0
query,1509100225.031498,1509100225.0529532,3084
query,1509100225.052957,1509100225.0597386,1
query,1509100225.0597417,1509100225.07935,2840
query,1509100225.0793536,1509100225.6313853,21053
query,1509100225.6313891,1509100225.7151403,6018
query,1509100225.7151444,1509100226.0472975,19261
query,1509100226.0473015,1509100226.058981,3
query,1509100226.058984,1509100226.0644007,0
query,1509100226.064404,1509100226.6417863,19212
query,1509100226.641828,1509100226.6557565,7
query,1509100226.6684604,1509100226.6773958,2
query,1509100226.6773992,1509100226.8598511,9751
query,1509100226.8598545,1509100227.405322,18072
query,1509100227.4053261,1509100227.566751,8394
query,1509100227.5667546,1509100227.6820269,7065
query,1509100227.6820307,1509100227.689137,1
query,1509100227.6891398,1509100227.719532,4142
query,1509100227.7195365,1509100227.763501,6634
query,1509100227.7635047,1509100227.7827008,741
query,1509100227.7827046,1509100227.7987309,1254
query,1509100227.7987342,1509100227.8236403,2687
query,1509100227.8236442,1509100227.847173,3161
query,1509100227.8471766,1509100228.0962837,12028
query,1509100228.096287,1509100228.111596,221
query,1509100228.1116006,1509100228.6352751,26010
query,1509100228.6352794,1509100228.655972,1841
query,1509100228.6559765,1509100229.0326264,16175
query,1509100229.03263,1509100229.1324875,5705
query,1509100229.1324914,1509100229.5077112,16050
query,1509100229.5077507,1509100229.527086,386
query,1509100229.5400288,1509100229.9301682,15813
query,1509100229.9301722,1509100230.4966362,21361
query,1509100230.496641,1509100230.505015,1
query,1509100230.5050182,1509100230.6237645,4766
query,1509100230.6237688,1509100230.7306502,5911
query,1509100230.7306545,1509100230.7571158,718
query,1509100230.7571197,1509100230.9575064,7286
query,1509100230.9575114,1509100230.9764032,2171
query,1509100230.9764078,1509100231.0644078,3561
query,1509100231.0644126,1509100231.088661,453
query,1509100231.088665,1509100231.2379055,5839
query,1509100231.2379093,1509100231.3561273,5692
query,1509100231.356132,1509100231.3778682,2691
query,1509100231.3778718,1509100231.4008718,2095
query,1509100231.4008758,1509100231.406357,0
query,1509100231.4063601,1509100231.4192798,32
query,1509100231.4192832,1509100231.4320464,28
query,1509100231.4320498,1509100231.4601188,2380
query,1509100231.460122,1509100231.4875743,279
query,1509100231.4876091,1509100231.534791,3539
query,1509100231.5477886,1509100231.5687716,175
query,1509100231.5687754,1509100231.9783976,22698
query,1509100231.9784017,1509100232.0111048,4476
query,1509100232.0111098,1509100232.2833292,11752
query,1509100232.283334,1509100232.5458121,13658
query,1509100232.5458157,1509100233.1634774,17788
query,1509100233.1634817,1509100233.1853304,476
query,1509100233.1853344,1509100233.453642,12626
query,1509100233.4536467,1509100233.5513496,7170
query,1509100233.5513535,1509100233.6855311,11585
query,1509100233.685535,1509100233.7059875,3182
query,1509100233.7059915,1509100233.7727466,4743
query,1509100233.7727506,1509100233.889347,8534
query,1509100233.8893516,1509100233.9831247,6545
query,1509100233.983129,1509100233.9958932,4
query,1509100233.9958966,1509100234.4442332,18546
query,1509100234.4442375,1509100234.4676478,3395
query,1509100234.4676523,1509100234.9962196,18621
query,1509100234.996224,1509100235.134706,9509
query,1509100235.134746,1509100235.141957,0
query,1509100235.1433177,1509100235.1572225,786
query,1509100235.1572258,1509100235.1610315,0
query,1509100235.1610348,1509100235.1772888,1988
query,1509100235.177292,1509100235.4781961,14076
query,1509100235.4782002,1509100235.5933228,5830
query,1509100235.5933275,1509100235.6138246,2657
query,1509100235.6138287,1509100235.8383696,11861
query,1509100235.8383744,1509100236.0671206,7236
query,1509100236.0671253,1509100236.123182,4008
query,1509100236.1231868,1509100236.1299038,0
query,1509100236.1299074,1509100236.1538625,1205
query,1509100236.1538665,1509100236.1617656,0
query,1509100236.1617699,1509100236.1693802,1
query,1509100236.1693838,1509100236.300612,11117
query,1509100236.3006158,1509100236.3179882,59
query,1509100236.3179922,1509100236.3406212,479
query,1509100236.340625,1509100236.5192668,9790
query,1509100236.5192704,1509100236.5399187,31
query,1509100236.5399234,1509100236.5637383,809
query,1509100236.5637765,1509100237.5435662,30257
query,1509100237.5563111,1509100237.58854,4608
query,1509100237.5885441,1509100237.6218517,2999
query,1509100237.621855,1509100237.6272311,0
query,1509100237.6272342,1509100237.7153828,5222
query,1509100237.7153869,1509100238.1175835,22467
query,1509100238.1175888,1509100238.160855,3561
query,1509100238.1608586,1509100238.3279698,15678
query,1509100238.3279738,1509100238.3510602,657
query,1509100238.3510644,1509100238.3826256,4023
query,1509100238.38263,1509100238.3892925,0
query,1509100238.389296,1509100238.4220617,4091
query,1509100238.4220665,1509100238.4277318,0
query,1509100238.4277353,1509100238.4481905,2618
query,1509100238.4481943,1509100238.461153,150
query,1509100238.4611566,1509100238.4771001,304
query,1509100238.477104,1509100238.5724857,5689
query,1509100238.5724893,1509100238.646649,4572
query,1509100238.646653,1509100238.6666234,171
query,1509100238.666627,1509100239.0104575,17738
query,1509100239.0104992,1509100239.026456,66
query,1509100239.0393062,1509100239.0454028,0
query,1509100239.0454063,1509100239.0653238,531
query,1509100239.065328,1509100239.3564844,11827
query,1509100239.3564887,1509100239.36309,1
query,1509100239.3630948,1509100239.5806847,10598
query,1509100239.5806892,1509100239.5931318,239
query,1509100239.5931358,1509100239.6069968,848
query,1509100239.6070004,1509100239.716082,7956
query,1509100239.716086,1509100240.068966,11726
query,1509100240.0689704,1509100240.2999432,17014
query,1509100240.2999475,1509100240.435866,9124
query,1509100240.435871,1509100240.457149,507
query,1509100240.457154,1509100240.668582,11211
query,1509100240.6685865,1509100240.6743279,0
query,1509100240.674332,1509100241.0895288,18132
query,1509100241.0895333,1509100241.1062462,1171
query,1509100241.10625,1509100241.1426866,4275
query,1509100241.142691,1509100241.2194667,5136
query,1509100241.219471,1509100241.3389647,9174
query,1509100241.339005,1509100241.607715,13201
query,1509100241.620156,1509100241.7534308,8176
query,1509100241.753435,1509100241.8773963,8014
query,1509100241.8774009,1509100242.0199971,9401
query,1509100242.0200014,1509100242.0498366,2484
query,1509100242.0498407,1509100242.0644503,929
query,1509100242.0644543,1509100242.069931,0
query,1509100242.0699346,1509100242.2590108,11535
query,1509100242.2590148,1509100242.6418347,14916
query,1509100242.641839,1509100242.7271838,6586
query,1509100242.7271876,1509100243.5275626,22869
query,1509100243.5275664,1509100243.6134548,5067
query,1509100243.613459,1509100244.1166348,17424
query,1509100244.1166391,1509100244.1384134,278
query,1509100244.1384175,1509100244.363732,13130
query,1509100244.3637362,1509100244.6561613,14300
query,1509100244.6561658,1509100245.0030582,13647
query,1509100245.0030622,1509100245.0286217,1529
query,1509100245.028626,1509100245.588408,20175
query,1509100245.5884128,1509100245.6138253,1315
query,1509100245.6138632,1509100245.8169434,15007
query,1509100245.8309352,1509100246.3523533,16654
query,1509100246.352358,1509100246.4265215,4656
query,1509100246.426527,1509100246.7096941,18269
query,1509100246.7096982,1509100246.7170908,3
query,1509100246.717095,1509100246.808293,6046
query,1509100246.8082976,1509100246.826245,1629
query,1509100246.8262491,1509100246.8304303,0
query,1509100246.8304336,1509100246.9482694,10417
query,1509100246.9482737,1509100247.2456384,18898
query,1509100247.2456424,1509100247.2586014,356
query,1509100247.2586052,1509100247.3816426,7359
query,1509100247.381647,1509100247.401741,682
query,1509100247.4017448,1509100247.5412886,8331
query,1509100247.5412927,1509100247.9317997,15669
query,1509100247.9318044,1509100247.9529808,187
query,1509100247.9529848,1509100248.0697436,5133
query,1509100248.069748,1509100248.0853825,4
query,1509100248.0853865,1509100248.365116,16036
query,1509100248.36512,1509100248.4774077,8723
query,1509100248.4774506,1509100248.76376,15948
query,1509100248.7764378,1509100248.889892,7807
query,1509100248.8898964,1509100248.9124908,374
query,1509100248.9124944,1509100249.111087,19905
query,1509100249.111091,1509100249.1291022,1208
query,1509100249.1291065,1509100249.1532912,124
query,1509100249.1532946,1509100249.628639,17841
query,1509100249.6286438,1509100249.6440716,1144
query,1509100249.6440756,1509100249.7431946,5874
query,1509100249.7431989,1509100249.756216,50
query,1509100249.7562199,1509100249.7813265,4738
query,1509100249.781331,1509100250.1631334,15407
query,1509100250.1631372,1509100250.1890392,2336
query,1509100250.1890438,1509100250.2119777,463
query,1509100250.2119813,1509100250.4428725,13331
query,1509100250.4428768,1509100250.6226246,7402
query,1509100250.622629,1509100250.6548426,5319
query,1509100250.654847,1509100250.9146965,16859
query,1509100250.914701,1509100250.9390495,2868
query,1509100250.9390538,1509100250.9641187,2707
query,1509100250.9641593,1509100251.1711345,11010
query,1509100251.1842015,1509100251.2100515,2882
query,1509100251.2100563,1509100251.2347953,2802
query,1509100251.2347999,1509100251.2574213,1962
query,1509100251.2574258,1509100251.2806857,257
query,1509100251.280689,1509100251.3050282,250
query,1509100251.3050318,1509100251.3335524,2205
query,1509100251.3335555,1509100251.9288476,19238
query,1509100251.928852,1509100252.0756805,7262
query,1509100252.0756848,1509100252.1108756,6316
query,1509100252.1108794,1509100252.678597,19319
query,1509100252.6786015,1509100252.7758033,6207
query,1509100252.775808,1509100252.7918627,1599
query,1509100252.7918673,1509100252.8657305,8692
query,1509100252.8657346,1509100252.872554,0
query,1509100252.8725574,1509100253.3829346,22088
query,1509100253.3829386,1509100253.3898158,2
query,1509100253.3898191,1509100253.4040625,1036
query,1509100253.4040666,1509100253.8129487,17278
query,1509100253.8129532,1509100253.8338692,200
query,1509100253.83391,1509100253.8656933,888
query,1509100253.8782344,1509100253.8967133,2285
query,1509100253.8967168,1509100254.0226176,9049
query,1509100254.0226223,1509100254.1793303,8484
query,1509100254.1793346,1509100254.1887329,1
query,1509100254.1887367,1509100254.199231,2
query,1509100254.1992342,1509100254.2055717,0
query,1509100254.2055757,1509100254.2297678,11
query,1509100254.2297719,1509100254.2618158,973
query,1509100254.2618198,1509100254.6485155,21852
query,1509100254.6485202,1509100254.7663121,5835
query,1509100254.7663162,1509100254.9473197,10200
query,1509100254.9473238,1509100255.2754154,16727
query,1509100255.27542,1509100255.2857985,4
query,1509100255.2858036,1509100255.4130182,7181
query,1509100255.4130225,1509100255.4304004,1406
query,1509100255.4304042,1509100255.7035096,17828
query,1509100255.7035143,1509100255.8117974,8292
query,1509100255.8118021,1509100255.8158345,0
query,1509100255.8158383,1509100255.9127624,9970
query,1509100255.9128428,1509100255.9295943,384
query,1509100255.9428914,1509100256.1774049,15708
query,1509100256.1774094,1509100256.5944796,19015
query,1509100256.5944839,1509100256.6221776,3050
query,1509100256.6221814,1509100256.6270616,0
query,1509100256.627065,1509100256.7432444,6408
query,1509100256.7432482,1509100257.0398717,13121
query,1509100257.039876,1509100257.4538927,17151
query,1509100257.4538968,1509100257.4669037,48
query,1509100257.4669073,1509100257.4929683,3313
query,1509100257.4929717,1509100257.5077772,936
query,1509100257.5077806,1509100257.527001,131
query,1509100257.5270052,1509100257.5321093,0
query,1509100257.5321126,1509100257.5664537,6289
query,1509100257.566458,1509100257.7181122,10612
query,1509100257.7181165,1509100257.8670673,8323
query,1509100257.8670719,1509100257.872382,1
query,1509100257.872385,1509100257.8848178,172
query,1509100257.8848212,1509100258.2186396,14826
query,1509100258.218644,1509100258.2338448,709
query,1509100258.2338815,1509100258.3883998,9430
query,1509100258.4008563,1509100258.50357,7904
query,1509100258.5035748,1509100258.5073235,0
query,1509100258.5073264,1509100258.7304883,15722
query,1509100258.7304928,1509100258.825918,5179
query,1509100258.8259223,1509100258.8394747,304
query,1509100258.8394778,1509100259.0539002,11888
query,1509100259.053905,1509100259.070205,1185
query,1509100259.070209,1509100259.0827365,4
query,1509100259.08274,1509100259.0966754,617
query,1509100259.096679,1509100259.2827425,9961
query,1509100259.2827468,1509100259.2952874,91
query,1509100259.2952917,1509100259.3112698,1178
query,1509100259.3112743,1509100259.3382058,4730
query,1509100259.3382103,1509100259.354465,923
query,1509100259.3544693,1509100259.4664657,7412
query,1509100259.46647,1509100260.0027535,27193
query,1509100260.0027578,1509100260.0241199,24
query,1509100260.024124,1509100260.046727,306
query,1509100260.046731,1509100260.065285,6
query,1509100260.0653238,1509100260.388769,11295
query,1509100260.400884,1509100260.422706,539
query,1509100260.4227107,1509100260.4481597,1445
query,1509100260.4481633,1509100260.5747635,5860
query,1509100260.574767,1509100260.6026428,1745
query,1509100260.6026466,1509100261.1246896,17560
query,1509100261.1246939,1509100261.278265,9460
query,1509100261.278269,1509100261.3040504,1525
query,1509100261.3040538,1509100261.4585516,4955
query,1509100261.4585555,1509100261.581789,8052
query,1509100261.5817933,1509100261.6023004,855
query,1509100261.6023037,1509100261.6207235,51
query,1509100261.6207268,1509100261.795228,9698
query,1509100261.7952318,1509100262.298467,23316
query,1509100262.298471,1509100262.3027537,0
query,1509100262.3027573,1509100262.3287463,5331
query,1509100262.3287506,1509100263.146454,31084
query,1509100263.1464632,1509100263.1745474,2086
query,1509100263.1745517,1509100263.6573677,20638
query,1509100263.657372,1509100263.7535377,5704
query,1509100263.75358,1509100264.18002,18620
query,1509100264.1921468,1509100264.2037961,2
query,1509100264.2038002,1509100264.3156374,6053
query,1509100264.3156414,1509100264.335472,328
query,1509100264.3354757,1509100264.3605282,1418
query,1509100264.3605318,1509100264.6037962,11969
query,1509100264.6038005,1509100264.94608,17630
query,1509100264.9460843,1509100265.042459,7247
query,1509100265.0424635,1509100265.4868944,22414
query,1509100265.4868984,1509100265.5042968,1790
query,1509100265.504301,1509100265.730629,11960
query,1509100265.730633,1509100265.80648,6562
query,1509100265.806484,1509100265.826575,2396
query,1509100265.8265798,1509100266.2311661,16326
query,1509100266.2311704,1509100266.660892,19948
query,1509100266.660897,1509100266.666358,1
query,1509100266.6663613,1509100266.6845028,2067
query,1509100266.684507,1509100266.7066145,2976
query,1509100266.7066183,1509100266.714577,1
query,1509100266.7145808,1509100266.7206295,0
query,1509100266.7206635,1509100266.741365,25
query,1509100266.7539616,1509100266.860308,6044
query,1509100266.8603122,1509100266.956571,6629
query,1509100266.9565752,1509100267.0381594,7118
query,1509100267.0381632,1509100267.1531255,8371
query,1509100267.1531298,1509100267.301333,9487
query,1509100267.3013377,1509100267.3179624,30
query,1509100267.317966,1509100267.331353,1
query,1509100267.3313565,1509100267.4191744,5465
query,1509100267.4191785,1509100267.4327657,442
query,1509100267.4327693,1509100267.5570366,6788
query,1509100267.5570416,1509100267.676194,8935
query,1509100267.676198,1509100267.7701705,6889
query,1509100267.770175,1509100267.9582567,12306
query,1509100267.9582613,1509100268.5030713,19311
query,1509100268.5030754,1509100268.5165334,538
query,1509100268.5165377,1509100268.536052,228
query,1509100268.5360558,1509100268.6956782,4761
query,1509100268.6956823,1509100268.959982,13073
query,1509100268.959986,1509100269.055471,5911
