tables,1509300241.217629,1509301267.7374814
query,1509301267.737713,1509301267.8742142,1791
query,1509301267.8877194,1509301268.0682747,16710
query,1509301268.0682797,1509301268.2501054,18522
query,1509301268.2501092,1509301268.309459,1715
query,1509301268.3094637,1509301268.3540378,331
query,1509301268.354041,1509301268.5246265,22072
query,1509301268.5246305,1509301268.5529718,924
query,1509301268.552976,1509301268.5988703,905
query,1509301268.5988743,1509301268.6532185,2083
query,1509301268.6532226,1509301268.6977267,524
query,1509301268.6977305,1509301268.7889519,1734
query,1509301268.7889569,1509301269.0002267,31562
query,1509301269.0002308,1509301269.0576003,1734
query,1509301269.0576043,1509301269.16563,15594
query,1509301269.1656342,1509301269.2171838,1720
query,1509301269.2171876,1509301269.324291,11289
query,1509301269.3242953,1509301269.3621888,813
query,1509301269.3621924,1509301269.4218295,1722
query,1509301269.421834,1509301269.464845,385
query,1509301269.4648488,1509301269.5360687,1735
query,1509301269.536106,1509301269.6007257,4005
query,1509301269.61283,1509301269.7076285,14370
query,1509301269.7076325,1509301269.7861252,1717
query,1509301269.7861292,1509301270.0055275,37500
query,1509301270.0055325,1509301270.1366973,1172
query,1509301270.1367018,1509301270.2296846,1734
query,1509301270.2296894,1509301270.3072357,1734
query,1509301270.3072405,1509301270.3667793,1734
query,1509301270.3667834,1509301270.4264128,1734
query,1509301270.4264176,1509301270.4986575,1734
query,1509301270.4986613,1509301270.5261223,257
query,1509301270.5261261,1509301270.5546856,341
query,1509301270.5546894,1509301270.7247164,24494
query,1509301270.724721,1509301270.8877296,22308
query,1509301270.8877342,1509301271.0470405,35083
query,1509301271.0470462,1509301271.1417928,14021
query,1509301271.141797,1509301271.165329,138
query,1509301271.1653328,1509301271.3484092,39956
query,1509301271.3484135,1509301271.4454355,15579
query,1509301271.4454396,1509301271.5368598,17483
query,1509301271.5368967,1509301271.751223,34079
query,1509301271.7633488,1509301271.9313948,34973
query,1509301271.931399,1509301272.1085067,35123
query,1509301272.1085117,1509301272.3891268,43937
query,1509301272.389131,1509301272.4512932,7386
query,1509301272.4512973,1509301272.6899934,31786
query,1509301272.6899974,1509301272.853466,25147
query,1509301272.8534706,1509301273.1157303,47547
query,1509301273.1157353,1509301273.1481657,15
query,1509301273.1481705,1509301273.1947184,116
query,1509301273.1947227,1509301273.3173747,20718
query,1509301273.317379,1509301273.326851,0
query,1509301273.3268547,1509301273.6093073,42810
query,1509301273.609312,1509301273.7879703,34149
query,1509301273.7879753,1509301273.83617,4880
query,1509301273.8361747,1509301273.9381683,16365
query,1509301273.9382088,1509301274.08035,30532
query,1509301274.0803556,1509301274.2592204,34993
query,1509301274.259225,1509301274.370435,11463
query,1509301274.3704395,1509301274.4044719,1508
query,1509301274.404512,1509301274.4406796,317
query,1509301274.4550366,1509301274.6141896,31464
query,1509301274.6141944,1509301274.9728317,56668
query,1509301274.9728374,1509301275.1805,40215
query,1509301275.1805043,1509301275.259267,15061
query,1509301275.259271,1509301275.3554685,17482
query,1509301275.3554733,1509301275.449131,16730
query,1509301275.4491353,1509301275.649954,34430
query,1509301275.6499588,1509301275.835993,35375
query,1509301275.8359976,1509301275.9251292,15625
query,1509301275.9251337,1509301276.065121,31772
query,1509301276.0651257,1509301276.318113,45692
query,1509301276.3181174,1509301276.3617656,10
query,1509301276.3617702,1509301276.4378629,10291
query,1509301276.437868,1509301276.5660322,12918
query,1509301276.5660374,1509301276.6586466,10862
query,1509301276.6586506,1509301276.6861618,82
query,1509301276.6861658,1509301276.7967167,14251
query,1509301276.7967205,1509301276.8504834,6370
query,1509301276.8504877,1509301276.9852982,30580
query,1509301276.9853492,1509301277.1855865,42133
query,1509301277.1981268,1509301277.2724254,3962
query,1509301277.2724292,1509301277.4203436,18032
query,1509301277.420348,1509301277.464131,290
query,1509301277.4641356,1509301277.630462,39300
query,1509301277.630466,1509301277.7771516,22340
query,1509301277.777156,1509301277.7876072,0
query,1509301277.787611,1509301278.0003717,44049
query,1509301278.000377,1509301278.0379474,1021
query,1509301278.0379524,1509301278.1503341,19372
query,1509301278.1503391,1509301278.321823,31352
query,1509301278.3218281,1509301278.3612106,3528
query,1509301278.3612154,1509301278.4671,29341
query,1509301278.467104,1509301278.5431283,10246
query,1509301278.5431325,1509301278.5721567,475
query,1509301278.5721612,1509301278.7603827,45814
query,1509301278.7603867,1509301278.824962,7689
query,1509301278.8249671,1509301279.02329,35536
query,1509301279.0232954,1509301279.1684604,32113
query,1509301279.1684723,1509301279.3709636,35431
query,1509301279.3710184,1509301279.4157405,70
query,1509301279.4318435,1509301279.5282073,16678
query,1509301279.5282118,1509301279.6120136,15196
query,1509301279.612018,1509301279.647369,2676
query,1509301279.6473732,1509301279.8180127,37362
query,1509301279.818017,1509301279.9231317,15561
query,1509301279.9231355,1509301280.1311605,34559
query,1509301280.1311643,1509301280.2384782,12493
query,1509301280.2384825,1509301280.2992463,3030
query,1509301280.2992506,1509301280.5528927,51422
query,1509301280.5528975,1509301280.686292,16166
query,1509301280.6862967,1509301280.8557107,26628
query,1509301280.8557148,1509301280.9204001,5511
query,1509301280.920405,1509301281.0062559,12662
query,1509301281.0062602,1509301281.1712763,39025
query,1509301281.1712813,1509301281.2317476,10951
query,1509301281.231752,1509301281.3383117,11674
query,1509301281.3383157,1509301281.6876812,48531
query,1509301281.6876857,1509301281.7520273,4363
query,1509301281.752031,1509301281.7988222,2251
query,1509301281.798865,1509301281.957071,30377
query,1509301281.9694598,1509301282.0374122,3757
query,1509301282.0374157,1509301282.320191,39456
query,1509301282.3201947,1509301282.3652835,172
query,1509301282.3652885,1509301282.4560902,8587
query,1509301282.4560957,1509301282.6538215,38394
query,1509301282.6538258,1509301282.7022717,3121
query,1509301282.7022755,1509301282.9223576,34433
query,1509301282.922362,1509301282.9980125,4698
query,1509301282.9980168,1509301283.1826506,38595
query,1509301283.1826549,1509301283.3014429,22351
query,1509301283.301447,1509301283.4396381,20041
query,1509301283.4396427,1509301283.5112371,11828
query,1509301283.511241,1509301283.6112885,9722
query,1509301283.6112926,1509301283.8759837,52836
query,1509301283.8759878,1509301283.9071784,231
query,1509301283.9071827,1509301283.9614472,1036
query,1509301283.961451,1509301284.1642745,36703
query,1509301284.1642802,1509301284.239779,5356
query,1509301284.239783,1509301284.3318067,11607
query,1509301284.3318477,1509301284.4019356,8969
query,1509301284.413993,1509301284.6219213,34135
query,1509301284.6219256,1509301284.698364,5638
query,1509301284.6983683,1509301284.7785687,5390
query,1509301284.7785738,1509301284.9684193,19528
query,1509301284.9684234,1509301285.217407,45809
query,1509301285.2174115,1509301285.3103397,12461
query,1509301285.3103447,1509301285.40401,20377
query,1509301285.404014,1509301285.6439424,32766
query,1509301285.6439464,1509301285.810099,39102
query,1509301285.8101037,1509301285.953484,17562
query,1509301285.9534886,1509301285.9973018,26
query,1509301285.9973059,1509301286.0928853,12988
query,1509301286.0928893,1509301286.1296296,755
query,1509301286.1296332,1509301286.1759377,337
query,1509301286.1759422,1509301286.2222974,472
query,1509301286.2223015,1509301286.360276,22788
query,1509301286.3602812,1509301286.4787893,23315
query,1509301286.4787936,1509301286.7266724,40762
query,1509301286.7266772,1509301286.9189246,40604
query,1509301286.9189687,1509301287.045065,8176
query,1509301287.0583224,1509301287.2917752,32146
query,1509301287.2917793,1509301287.4135106,12536
query,1509301287.4135144,1509301287.5141635,10681
query,1509301287.514167,1509301287.5625634,1031
query,1509301287.5625672,1509301287.6161408,1935
query,1509301287.6161451,1509301287.7712865,27563
query,1509301287.771291,1509301288.0524065,42509
query,1509301288.0524113,1509301288.121187,9309
query,1509301288.121191,1509301288.1512134,2076
query,1509301288.151218,1509301288.32571,39056
query,1509301288.3257146,1509301288.381675,4101
query,1509301288.3816793,1509301288.4330356,5584
query,1509301288.4330397,1509301288.5557203,19773
query,1509301288.5557244,1509301288.8504403,44711
query,1509301288.8504448,1509301289.0872123,45666
query,1509301289.0872169,1509301289.1285203,2644
query,1509301289.128524,1509301289.1561515,370
query,1509301289.156155,1509301289.3594658,36305
query,1509301289.35947,1509301289.5481925,26562
query,1509301289.548233,1509301289.7157662,13242
query,1509301289.7294958,1509301289.8307612,10713
query,1509301289.8307648,1509301290.081906,38921
query,1509301290.0819108,1509301290.3156931,38897
query,1509301290.315698,1509301290.5216827,21259
query,1509301290.5216877,1509301290.6255095,11646
query,1509301290.6255152,1509301290.719392,9855
query,1509301290.7193964,1509301290.7535954,514
query,1509301290.7535994,1509301290.7930613,2618
query,1509301290.7930655,1509301291.0639026,41205
query,1509301291.0639079,1509301291.1554081,8168
query,1509301291.1554132,1509301291.272348,15932
query,1509301291.2723525,1509301291.304916,222
query,1509301291.3049207,1509301291.416691,16560
query,1509301291.4166956,1509301291.4603388,5
query,1509301291.4603434,1509301291.6987016,38465
query,1509301291.6987062,1509301291.821197,14173
query,1509301291.8212016,1509301291.8943167,10310
query,1509301291.894321,1509301292.024294,21849
query,1509301292.0243049,1509301292.2447817,41183
query,1509301292.244856,1509301292.3161986,4748
query,1509301292.3293123,1509301292.3637989,2773
query,1509301292.3638027,1509301292.4949207,23146
query,1509301292.4949248,1509301292.5941381,17828
query,1509301292.594143,1509301292.774946,38609
query,1509301292.7749507,1509301292.8955173,19719
query,1509301292.8955219,1509301293.118836,39765
query,1509301293.1188402,1509301293.2042391,14638
query,1509301293.2042432,1509301293.214401,1
query,1509301293.214404,1509301293.3168368,11008
query,1509301293.316841,1509301293.365597,6550
query,1509301293.3656006,1509301293.4622395,18552
query,1509301293.4622436,1509301293.6977727,42031
query,1509301293.697778,1509301293.7786734,13701
query,1509301293.7786777,1509301293.8370717,5671
query,1509301293.8370755,1509301293.9673111,19045
query,1509301293.9673164,1509301294.038773,9047
query,1509301294.038777,1509301294.107508,10543
query,1509301294.1075115,1509301294.262792,35705
query,1509301294.2627962,1509301294.3190203,5003
query,1509301294.319058,1509301294.4392538,12944
query,1509301294.4521224,1509301294.4852335,686
query,1509301294.4852376,1509301294.6412642,32198
query,1509301294.6412683,1509301294.7924237,30258
query,1509301294.7924287,1509301294.9922183,37420
query,1509301294.992222,1509301295.2148263,45835
query,1509301295.2148318,1509301295.4239,43163
query,1509301295.4239047,1509301295.65787,44990
query,1509301295.6578755,1509301295.724612,12778
query,1509301295.7246165,1509301295.7388802,3
query,1509301295.7388842,1509301295.8534176,19582
query,1509301295.8534243,1509301296.003927,31156
query,1509301296.003932,1509301296.14894,37046
query,1509301296.1489446,1509301296.2943604,30427
query,1509301296.2943645,1509301296.3881574,14459
query,1509301296.3881614,1509301296.3957841,0
query,1509301296.3957875,1509301296.6137357,42945
query,1509301296.61374,1509301296.8013976,29885
query,1509301296.8014019,1509301296.839873,3440
query,1509301296.8398767,1509301296.871518,1971
query,1509301296.871557,1509301297.0177436,19673
query,1509301297.03437,1509301297.2575758,41089
query,1509301297.25758,1509301297.3539903,16067
query,1509301297.353995,1509301297.532166,26836
query,1509301297.53217,1509301297.7669702,52180
query,1509301297.7669742,1509301297.9731288,44976
query,1509301297.973133,1509301298.068906,18517
query,1509301298.0689106,1509301298.0778296,0
query,1509301298.0778344,1509301298.1207664,1172
query,1509301298.1207714,1509301298.3221183,36593
query,1509301298.3221235,1509301298.3686695,3261
query,1509301298.368673,1509301298.3944347,41
query,1509301298.3944387,1509301298.6748185,43394
query,1509301298.6748228,1509301298.7116776,1003
query,1509301298.7116818,1509301298.977573,34187
query,1509301298.9775777,1509301299.1305552,32404
query,1509301299.1305609,1509301299.3374243,41318
query,1509301299.3374293,1509301299.366702,2
query,1509301299.3667066,1509301299.3786457,0
query,1509301299.3786502,1509301299.4955485,14872
query,1509301299.4956105,1509301299.7862751,41804
query,1509301299.7983596,1509301299.9202852,17901
query,1509301299.9202895,1509301299.9305873,0
query,1509301299.9305909,1509301300.1542099,41488
query,1509301300.154215,1509301300.293821,34430
query,1509301300.2938256,1509301300.357031,6790
query,1509301300.3570352,1509301300.3750143,2
query,1509301300.3750174,1509301300.4249623,2288
query,1509301300.424966,1509301300.635612,36253
query,1509301300.6356165,1509301300.685774,254
query,1509301300.6857789,1509301300.7319574,7
query,1509301300.731962,1509301300.9098284,18457
query,1509301300.9098327,1509301300.929983,2
query,1509301300.9299865,1509301300.999848,4158
query,1509301300.9998517,1509301301.1493378,14786
query,1509301301.1493418,1509301301.4222996,42704
query,1509301301.4223053,1509301301.5316713,10282
query,1509301301.5316756,1509301301.722513,39750
query,1509301301.7225177,1509301301.7888353,11909
query,1509301301.7888403,1509301301.9872963,42732
query,1509301301.9873412,1509301302.0359812,1969
query,1509301302.0481658,1509301302.3178618,48155
query,1509301302.3178663,1509301302.3948848,13634
query,1509301302.3948898,1509301302.4519134,5934
query,1509301302.4519181,1509301302.5323553,16323
query,1509301302.5323596,1509301302.6533017,23447
query,1509301302.6533058,1509301302.823686,33996
query,1509301302.8236904,1509301303.0424926,33043
query,1509301303.0424972,1509301303.1463675,18156
query,1509301303.1463718,1509301303.1797745,1082
query,1509301303.1797798,1509301303.2547927,9982
query,1509301303.2547972,1509301303.3907454,13580
query,1509301303.39075,1509301303.6080089,41090
query,1509301303.6080134,1509301303.6521957,3272
query,1509301303.6521995,1509301303.66815,1
query,1509301303.6681533,1509301303.7278953,5497
query,1509301303.7278998,1509301303.7728379,124
query,1509301303.7728422,1509301303.9680946,29899
query,1509301303.9680994,1509301304.1381693,36425
query,1509301304.1381748,1509301304.3275237,35976
query,1509301304.3275695,1509301304.4225066,1413
query,1509301304.4346611,1509301304.5668502,20944
query,1509301304.5668545,1509301304.821211,32438
query,1509301304.8212147,1509301305.0764837,35020
query,1509301305.0764887,1509301305.3011072,41500
query,1509301305.3011115,1509301305.3945906,8714
query,1509301305.3945947,1509301305.55433,21954
query,1509301305.5543354,1509301305.6489122,15965
query,1509301305.6489177,1509301305.7129686,9626
query,1509301305.712973,1509301305.9478934,41960
query,1509301305.9478981,1509301305.9875658,75
query,1509301305.9875696,1509301306.048421,6227
query,1509301306.0484252,1509301306.057321,0
query,1509301306.0573254,1509301306.093555,2168
query,1509301306.093559,1509301306.4058146,63612
query,1509301306.4058194,1509301306.44452,2848
query,1509301306.4445243,1509301306.598856,21023
query,1509301306.5988605,1509301306.842419,45415
query,1509301306.842423,1509301306.8604746,3
query,1509301306.8604789,1509301306.90796,3606
query,1509301306.907998,1509301307.145019,36852
query,1509301307.1609578,1509301307.2438757,10020
query,1509301307.24388,1509301307.4591591,37289
query,1509301307.4591646,1509301307.6604295,29868
query,1509301307.6604345,1509301307.7201293,8659
query,1509301307.7201335,1509301307.9961224,39517
query,1509301307.9961267,1509301308.2165995,38210
query,1509301308.2166042,1509301308.2629793,6132
query,1509301308.262984,1509301308.3525295,18391
query,1509301308.352535,1509301308.5160966,33591
query,1509301308.5161028,1509301308.7611673,44508
query,1509301308.761173,1509301309.0234215,46125
query,1509301309.0234263,1509301309.0350142,2
query,1509301309.0350187,1509301309.0836406,4353
query,1509301309.0836449,1509301309.1800382,14930
query,1509301309.1800435,1509301309.2516918,9327
query,1509301309.2516968,1509301309.3047178,1040
query,1509301309.304722,1509301309.4899926,34948
query,1509301309.489997,1509301309.5915174,15774
query,1509301309.5915217,1509301309.85473,35747
query,1509301309.85477,1509301310.0751905,34164
query,1509301310.08707,1509301310.3440216,34023
query,1509301310.3440263,1509301310.5105448,30456
query,1509301310.5105503,1509301310.5424843,824
query,1509301310.5424879,1509301310.7779112,36393
query,1509301310.777916,1509301311.0669756,42356
query,1509301311.06698,1509301311.1814282,28488
query,1509301311.1814322,1509301311.3632672,38565
query,1509301311.363271,1509301311.4106774,2167
query,1509301311.410682,1509301311.661984,47291
query,1509301311.6619887,1509301311.9159286,44143
query,1509301311.9159334,1509301312.0570617,29679
query,1509301312.0570664,1509301312.1567852,17658
query,1509301312.1568372,1509301312.202663,1296
query,1509301312.2026668,1509301312.328591,19053
query,1509301312.3285954,1509301312.4196875,10717
query,1509301312.4196932,1509301312.4838877,4031
query,1509301312.4838915,1509301312.555174,4592
query,1509301312.5551786,1509301312.5786996,1
query,1509301312.578704,1509301312.603786,209
query,1509301312.603827,1509301312.8371515,42470
query,1509301312.8495553,1509301313.1085792,45029
query,1509301313.1085837,1509301313.1352854,872
query,1509301313.1352894,1509301313.1675026,765
query,1509301313.167507,1509301313.2894502,30700
query,1509301313.289455,1509301313.436703,32618
query,1509301313.436707,1509301313.5406077,18866
query,1509301313.540613,1509301313.6852489,18995
query,1509301313.6852536,1509301313.7523012,6730
query,1509301313.7523053,1509301313.945439,48101
query,1509301313.9454436,1509301313.9938612,6020
query,1509301313.9938664,1509301314.1629543,34972
query,1509301314.1629596,1509301314.2379873,14004
query,1509301314.237992,1509301314.4144144,40304
query,1509301314.4144187,1509301314.448592,3165
query,1509301314.448596,1509301314.4933662,3434
query,1509301314.4933717,1509301314.5900114,13632
query,1509301314.590016,1509301314.7970793,36474
query,1509301314.7970839,1509301314.8424935,924
query,1509301314.8424978,1509301315.0309865,29338
query,1509301315.031032,1509301315.1069303,34
query,1509301315.1198297,1509301315.1845005,3016
query,1509301315.184506,1509301315.2256958,2598
query,1509301315.2257004,1509301315.275601,7575
query,1509301315.2756052,1509301315.542615,55273
query,1509301315.54262,1509301315.6171072,14612
query,1509301315.6171129,1509301315.645165,176
query,1509301315.6451697,1509301315.7204669,9520
query,1509301315.7204716,1509301315.9516292,33031
query,1509301315.951634,1509301315.9642491,1
query,1509301315.9642537,1509301316.1511238,37198
query,1509301316.1511288,1509301316.2002897,5675
query,1509301316.2002945,1509301316.2988443,18863
query,1509301316.2988489,1509301316.434782,19886
query,1509301316.434786,1509301316.5483072,13497
query,1509301316.548312,1509301316.7123396,35133
query,1509301316.7123442,1509301316.9646246,41758
query,1509301316.9646287,1509301316.9961426,1815
query,1509301316.996147,1509301317.0289154,1411
query,1509301317.0289192,1509301317.2217832,37883
query,1509301317.2218277,1509301317.328622,16871
query,1509301317.3420818,1509301317.3916616,2722
query,1509301317.3916657,1509301317.660698,36299
query,1509301317.660703,1509301317.8503084,44831
query,1509301317.8503134,1509301317.8790805,863
query,1509301317.8790858,1509301318.1112192,42703
query,1509301318.1112235,1509301318.2313538,30614
query,1509301318.2313583,1509301318.2633812,81
query,1509301318.2633858,1509301318.4468565,40660
query,1509301318.4468608,1509301318.7000947,38542
query,1509301318.7000988,1509301318.8037589,10249
query,1509301318.8037634,1509301318.9656289,30201
query,1509301318.9656336,1509301319.1872756,30348
query,1509301319.187281,1509301319.2372897,1377
query,1509301319.2372954,1509301319.3129308,7696
query,1509301319.3129349,1509301319.5656028,46130
query,1509301319.5656078,1509301319.7920222,43482
query,1509301319.7920265,1509301319.9039247,30331
query,1509301319.903929,1509301320.03336,30491
query,1509301320.0333643,1509301320.0607364,16
query,1509301320.0608268,1509301320.3070376,34381
query,1509301320.3228643,1509301320.3583572,740
query,1509301320.3583615,1509301320.4920318,21951
query,1509301320.4920382,1509301320.6385617,19659
query,1509301320.6385665,1509301320.7041743,3863
query,1509301320.7041788,1509301320.9370608,43548
query,1509301320.9370656,1509301321.1480947,39191
query,1509301321.1480994,1509301321.2517292,14187
query,1509301321.2517343,1509301321.3589587,8447
query,1509301321.3589642,1509301321.4035616,244
query,1509301321.403566,1509301321.5706801,30975
query,1509301321.5706844,1509301321.6310003,2775
query,1509301321.6310043,1509301321.7849133,17770
query,1509301321.784917,1509301321.988321,33275
query,1509301321.9883254,1509301322.2208705,25078
query,1509301322.2208753,1509301322.2527232,45
query,1509301322.2527275,1509301322.2785149,111
query,1509301322.2785184,1509301322.5233967,35831
query,1509301322.5234008,1509301322.5679963,1102
query,1509301322.5680008,1509301322.6097202,1858
query,1509301322.609758,1509301322.7731843,25470
query,1509301322.7884462,1509301322.8925455,23473
query,1509301322.8925502,1509301322.9622605,13465
query,1509301322.9622653,1509301323.1073709,25259
query,1509301323.1073768,1509301323.149091,4348
query,1509301323.149095,1509301323.3061223,29371
query,1509301323.3061268,1509301323.342648,2377
query,1509301323.3426518,1509301323.4910893,34400
query,1509301323.4910955,1509301323.5864146,19391
query,1509301323.5864184,1509301323.7334542,32832
query,1509301323.7334583,1509301323.8735752,23453
query,1509301323.87358,1509301323.8990035,204
query,1509301323.8990083,1509301324.1746426,49197
query,1509301324.1746469,1509301324.200437,174
query,1509301324.2004411,1509301324.424548,44183
query,1509301324.4245527,1509301324.6236293,34896
query,1509301324.6236339,1509301324.8574574,41418
query,1509301324.8574622,1509301325.107593,40684
query,1509301325.107598,1509301325.1492662,5
query,1509301325.149271,1509301325.2353215,9484
query,1509301325.2353683,1509301325.4995952,34848
query,1509301325.5118644,1509301325.591771,16506
query,1509301325.5917761,1509301325.6486404,4181
query,1509301325.6486447,1509301325.7236502,13784
query,1509301325.7236545,1509301325.83057,21590
query,1509301325.8305752,1509301326.0848532,40762
query,1509301326.0848582,1509301326.3275967,41484
query,1509301326.327601,1509301326.5127618,25521
query,1509301326.5127678,1509301326.637378,17418
query,1509301326.637382,1509301326.755844,15285
query,1509301326.7558482,1509301326.8704548,14357
query,1509301326.8704596,1509301327.0153096,30412
query,1509301327.0153139,1509301327.0657945,4188
query,1509301327.0657985,1509301327.4146583,40493
query,1509301327.4146628,1509301327.4621716,2284
query,1509301327.4621754,1509301327.5401633,11248
query,1509301327.5401676,1509301327.7211123,38953
query,1509301327.7211165,1509301327.8032706,8318
query,1509301327.803275,1509301328.0042498,39899
query,1509301328.004254,1509301328.3169954,36473
query,1509301328.317043,1509301328.4533129,22879
query,1509301328.4661832,1509301328.747184,41952
query,1509301328.7471879,1509301328.8427389,12052
query,1509301328.8427439,1509301328.9169111,9688
query,1509301328.916917,1509301329.0913754,18606
query,1509301329.09138,1509301329.2065058,15217
query,1509301329.2065105,1509301329.2388067,264
query,1509301329.2388113,1509301329.3521657,21625
query,1509301329.35217,1509301329.530564,34069
query,1509301329.5305686,1509301329.5771909,3691
query,1509301329.5771956,1509301329.7883782,40216
query,1509301329.7883825,1509301329.8615377,7680
query,1509301329.8615425,1509301330.0748992,37941
query,1509301330.0749042,1509301330.1011577,412
query,1509301330.1011615,1509301330.1337001,3637
query,1509301330.1337044,1509301330.357742,47573
query,1509301330.3577468,1509301330.4119775,6692
query,1509301330.4119823,1509301330.5472727,20008
query,1509301330.547277,1509301330.732745,38914
query,1509301330.7327504,1509301330.9511275,49306
query,1509301330.9511726,1509301330.9929016,9
query,1509301331.00809,1509301331.2398162,35569
query,1509301331.2398207,1509301331.4295626,31387
query,1509301331.429567,1509301331.474905,3419
query,1509301331.4749086,1509301331.590841,18599
query,1509301331.5908446,1509301331.7668536,31706
query,1509301331.7668576,1509301332.0414145,60095
query,1509301332.0414195,1509301332.1143107,11038
query,1509301332.114315,1509301332.3432934,44421
query,1509301332.3432975,1509301332.5768585,24924
query,1509301332.5768633,1509301332.7672122,38087
query,1509301332.7672164,1509301333.0137558,36541
query,1509301333.0137596,1509301333.0740335,1185
query,1509301333.0740378,1509301333.1539645,4401
query,1509301333.1539683,1509301333.2253454,7028
query,1509301333.22535,1509301333.4495132,37839
query,1509301333.4495184,1509301333.7214317,48533
query,1509301333.7214358,1509301333.891246,26642
query,1509301333.8912501,1509301333.9557498,3415
query,1509301333.955754,1509301334.112222,17781
query,1509301334.1122684,1509301334.159748,21
query,1509301334.1717477,1509301334.386716,44440
query,1509301334.386721,1509301334.5199919,18138
query,1509301334.519996,1509301334.563108,2090
query,1509301334.563113,1509301334.9076943,51911
query,1509301334.9076993,1509301334.9914973,8146
query,1509301334.991502,1509301335.114999,19817
query,1509301335.115005,1509301335.2053773,17413
query,1509301335.205382,1509301335.4018114,37971
query,1509301335.4018161,1509301335.606825,40259
query,1509301335.6068294,1509301335.8377814,41926
query,1509301335.837786,1509301336.018644,25458
query,1509301336.0186493,1509301336.0632148,623
query,1509301336.063218,1509301336.253707,32462
query,1509301336.2537107,1509301336.3081598,1810
query,1509301336.3081634,1509301336.446776,18179
query,1509301336.4467802,1509301336.5483842,10612
query,1509301336.548389,1509301336.604057,4245
query,1509301336.6040611,1509301336.6317592,15
query,1509301336.6317632,1509301336.7670944,31078
query,1509301336.7671478,1509301336.9250686,20536
query,1509301336.9372725,1509301337.1892426,32011
query,1509301337.189247,1509301337.3573105,25446
query,1509301337.357315,1509301337.4346502,13030
query,1509301337.4346547,1509301337.518906,13222
query,1509301337.5189111,1509301337.5439544,2
query,1509301337.5439582,1509301337.7469356,20272
query,1509301337.7469406,1509301337.888448,25181
query,1509301337.8884518,1509301338.1929786,40944
query,1509301338.1929839,1509301338.2334993,4029
query,1509301338.2335038,1509301338.2810223,3458
query,1509301338.2810268,1509301338.3299165,3193
query,1509301338.329921,1509301338.4999688,32910
query,1509301338.4999733,1509301338.7016335,38888
query,1509301338.7016392,1509301338.760034,3148
query,1509301338.760039,1509301338.8988125,32692
query,1509301338.8988175,1509301338.984967,5427
query,1509301338.984972,1509301339.1941762,42993
query,1509301339.1941812,1509301339.3057923,15815
query,1509301339.3057973,1509301339.3372529,2067
query,1509301339.3372953,1509301339.3959126,1549
query,1509301339.4082506,1509301339.5215619,19782
query,1509301339.5215662,1509301339.6735294,23453
query,1509301339.6735337,1509301339.9618063,54170
query,1509301339.961811,1509301340.0553572,8867
query,1509301340.0553617,1509301340.303989,56474
query,1509301340.3039935,1509301340.359114,1956
query,1509301340.3591194,1509301340.6208618,54742
query,1509301340.6208668,1509301340.8015494,25238
query,1509301340.8015542,1509301340.9933846,31918
query,1509301340.9933887,1509301341.0694263,7120
query,1509301341.0694306,1509301341.3039181,42293
query,1509301341.3039234,1509301341.5074644,37855
query,1509301341.5074685,1509301341.674942,34308
query,1509301341.6749473,1509301341.8581283,23187
query,1509301341.8581336,1509301342.1518087,41459
query,1509301342.1518142,1509301342.3932438,40704
query,1509301342.3932486,1509301342.6399558,42299
query,1509301342.6399605,1509301342.7578158,9169
query,1509301342.7578204,1509301342.8023858,172
query,1509301342.8024328,1509301342.8763218,285
query,1509301342.89242,1509301342.9301236,159
query,1509301342.930128,1509301343.0766542,21722
query,1509301343.0766597,1509301343.1282003,5198
query,1509301343.1282046,1509301343.1629436,3518
query,1509301343.1629481,1509301343.2223823,12869
query,1509301343.222387,1509301343.2539349,1290
query,1509301343.2539394,1509301343.4135263,23992
query,1509301343.4135308,1509301343.5081823,10249
query,1509301343.5081868,1509301343.5399294,26
query,1509301343.5399332,1509301343.7004511,32699
query,1509301343.7004557,1509301343.870213,36769
query,1509301343.8702185,1509301343.923763,2250
query,1509301343.9237683,1509301344.2460134,41966
query,1509301344.246018,1509301344.3238976,15709
query,1509301344.3239017,1509301344.3691103,1326
query,1509301344.3691144,1509301344.5512793,42053
query,1509301344.5512836,1509301344.6473644,17511
query,1509301344.6473703,1509301344.9257932,33819
query,1509301344.9257975,1509301345.0641654,19326
query,1509301345.0642078,1509301345.2258494,26575
query,1509301345.2381034,1509301345.27589,743
query,1509301345.2758944,1509301345.4566376,33643
query,1509301345.4566422,1509301345.5267925,7987
query,1509301345.5267966,1509301345.6535332,20750
query,1509301345.6535373,1509301345.7162793,6765
query,1509301345.7162828,1509301345.7992747,6769
query,1509301345.7992797,1509301345.943456,30671
query,1509301345.9434607,1509301345.9662886,230
query,1509301345.9662929,1509301346.014097,3509
query,1509301346.0141017,1509301346.1599748,14141
query,1509301346.1599796,1509301346.227852,12036
query,1509301346.2278564,1509301346.4719317,43792
query,1509301346.4719367,1509301346.574852,10742
query,1509301346.5748568,1509301346.715193,27413
query,1509301346.7151978,1509301346.7402554,164
query,1509301346.7402596,1509301346.9342937,45264
query,1509301346.934298,1509301347.152185,37761
query,1509301347.15219,1509301347.4195373,53102
query,1509301347.4195416,1509301347.5443933,4201
query,1509301347.5444586,1509301347.6240902,4357
query,1509301347.6365075,1509301347.6875699,3365
query,1509301347.687575,1509301347.8929863,48572
query,1509301347.8929906,1509301348.1187665,52114
query,1509301348.1187716,1509301348.1450214,34
query,1509301348.1450279,1509301348.3971643,36986
query,1509301348.3971684,1509301348.468036,11655
query,1509301348.4680405,1509301348.6139297,38330
query,1509301348.6139343,1509301348.6424506,585
query,1509301348.6424556,1509301348.758259,18125
query,1509301348.7582636,1509301348.9061334,29241
query,1509301348.9061384,1509301349.120858,36971
query,1509301349.1208627,1509301349.3767831,42955
query,1509301349.3768141,1509301349.3855956,1
query,1509301349.3855991,1509301349.4133193,9
query,1509301349.4133234,1509301349.6255918,41725
query,1509301349.6255965,1509301349.736759,15486
query,1509301349.7367637,1509301349.9158223,30437
query,1509301349.9158268,1509301349.9574542,114
query,1509301349.957459,1509301350.026428,4088
query,1509301350.0264776,1509301350.316169,27655
query,1509301350.3287318,1509301350.5584743,33674
query,1509301350.5584788,1509301350.7221322,30805
query,1509301350.722137,1509301351.0534022,42996
query,1509301351.0534062,1509301351.1332853,7962
query,1509301351.1332903,1509301351.4196784,42829
query,1509301351.419683,1509301351.5276814,30389
query,1509301351.5276856,1509301351.5859156,6701
query,1509301351.58592,1509301351.808038,34616
query,1509301351.8080425,1509301352.0670474,39240
query,1509301352.067052,1509301352.4242187,69128
query,1509301352.424223,1509301352.5579114,29766
query,1509301352.5579157,1509301352.7817855,42381
query,1509301352.7817898,1509301352.9870684,40676
query,1509301352.9870732,1509301353.1997528,39058
query,1509301353.199759,1509301353.4016056,38576
query,1509301353.40161,1509301353.535368,17484
query,1509301353.5353723,1509301353.6322694,15068
query,1509301353.632274,1509301353.6697106,869
query,1509301353.669715,1509301353.9030168,38298
query,1509301353.9030554,1509301354.0801635,30389
query,1509301354.0958123,1509301354.2924514,37146
query,1509301354.2924566,1509301354.3431292,1483
query,1509301354.3431337,1509301354.4476645,11007
query,1509301354.4476693,1509301354.6141915,32664
query,1509301354.6141965,1509301354.899388,36740
query,1509301354.8993936,1509301355.0989397,39955
query,1509301355.0989447,1509301355.2351635,20753
query,1509301355.2351682,1509301355.4725018,42681
query,1509301355.4725068,1509301355.6984901,40793
query,1509301355.698495,1509301355.7730377,4386
query,1509301355.773042,1509301355.8411965,5770
query,1509301355.8412008,1509301355.9473515,9485
query,1509301355.9473555,1509301356.1772077,39968
query,1509301356.1772115,1509301356.2199645,6
query,1509301356.2199688,1509301356.466774,48441
query,1509301356.4667788,1509301356.694582,29465
query,1509301356.694589,1509301356.9283602,37410
query,1509301356.9283648,1509301357.2181706,40286
query,1509301357.2181756,1509301357.3991454,33549
query,1509301357.3991854,1509301357.691696,44476
query,1509301357.7038186,1509301357.7371,791
query,1509301357.7371035,1509301357.772483,830
query,1509301357.7724874,1509301357.9155357,25259
query,1509301357.9155397,1509301358.1041608,38039
query,1509301358.1041648,1509301358.275868,33946
query,1509301358.275872,1509301358.482725,36092
query,1509301358.4827294,1509301358.5950804,20669
query,1509301358.5950844,1509301358.643449,6706
query,1509301358.6434534,1509301358.6920462,8405
query,1509301358.6920505,1509301358.8678668,33083
query,1509301358.867871,1509301358.910908,18
query,1509301358.9109118,1509301358.9472637,2102
query,1509301358.947268,1509301359.1350143,31004
query,1509301359.1350186,1509301359.279787,27249
query,1509301359.2797918,1509301359.5077426,44487
query,1509301359.507747,1509301359.7039442,34528
query,1509301359.7039492,1509301359.9073272,35485
query,1509301359.9073317,1509301360.0508006,13042
query,1509301360.050806,1509301360.2465343,40705
query,1509301360.2465794,1509301360.547095,49998
query,1509301360.559523,1509301360.6057904,5223
query,1509301360.6057937,1509301360.8371918,41719
query,1509301360.8371966,1509301360.9015007,8604
query,1509301360.9015045,1509301360.9949567,11163
query,1509301360.9949603,1509301361.2805293,46711
query,1509301361.2805333,1509301361.4271731,23353
query,1509301361.427178,1509301361.4616995,1291
query,1509301361.4617045,1509301361.663218,31301
query,1509301361.6632226,1509301361.9210572,29157
query,1509301361.9210615,1509301361.9755352,1849
query,1509301361.9755392,1509301362.2452226,33519
query,1509301362.245228,1509301362.5105855,43980
query,1509301362.5105913,1509301362.6262426,21568
query,1509301362.6262474,1509301362.673062,50
query,1509301362.6730669,1509301362.7617965,12741
query,1509301362.7618012,1509301362.8237681,4488
query,1509301362.823773,1509301362.9815805,26929
query,1509301362.9815848,1509301363.183375,33858
query,1509301363.1833808,1509301363.3876226,34647
query,1509301363.3876648,1509301363.6963627,42418
query,1509301363.7085996,1509301363.968888,39352
query,1509301363.968893,1509301364.26625,44483
query,1509301364.266255,1509301364.4131155,28811
query,1509301364.413121,1509301364.491738,15299
query,1509301364.4917426,1509301364.549538,2045
query,1509301364.5495417,1509301364.6364665,11891
query,1509301364.6364717,1509301364.832052,37873
query,1509301364.832056,1509301365.0659053,41959
query,1509301365.0659099,1509301365.369324,37969
query,1509301365.3693278,1509301365.6963363,49109
query,1509301365.6963403,1509301365.8604136,26803
query,1509301365.860418,1509301366.1353369,41567
query,1509301366.1353412,1509301366.1756468,73
query,1509301366.1756516,1509301366.3662202,41415
query,1509301366.3662257,1509301366.495194,23327
query,1509301366.4952,1509301366.6989913,35540
query,1509301366.6989954,1509301366.8717859,37700
query,1509301366.8717926,1509301366.9381669,6272
query,1509301366.9381719,1509301367.0615141,17013
query,1509301367.0615528,1509301367.1162634,3776
query,1509301367.1324165,1509301367.3185258,39122
query,1509301367.318531,1509301367.4102921,15583
query,1509301367.4102962,1509301367.5431268,21949
query,1509301367.543131,1509301367.7577174,29302
query,1509301367.7577214,1509301367.8419976,10842
query,1509301367.8420022,1509301368.1725957,39610
query,1509301368.1726,1509301368.430291,38954
query,1509301368.4302952,1509301368.6942265,40113
query,1509301368.6942308,1509301368.7309134,31
query,1509301368.7309172,1509301369.0022638,36680
query,1509301369.002268,1509301369.1880014,28006
query,1509301369.1880054,1509301369.2541442,6007
query,1509301369.2541487,1509301369.4166446,21750
query,1509301369.4166493,1509301369.4400544,126
query,1509301369.4400582,1509301369.4672554,212
query,1509301369.4672596,1509301369.6947234,39081
query,1509301369.6947286,1509301369.7523794,8498
query,1509301369.7523859,1509301369.999361,31506
query,1509301369.9993658,1509301370.2624097,41926
query,1509301370.2624552,1509301370.4868915,42030
query,1509301370.5022795,1509301370.5612206,4937
query,1509301370.5612252,1509301370.6310923,5812
query,1509301370.631097,1509301370.7152655,11684
query,1509301370.7152705,1509301370.7523828,1623
query,1509301370.7523875,1509301370.797566,5831
query,1509301370.7975724,1509301370.9265938,30261
query,1509301370.9265985,1509301371.3126338,66091
query,1509301371.3126392,1509301371.3214252,1
query,1509301371.3214297,1509301371.372477,2887
query,1509301371.3724816,1509301371.4454415,3154
query,1509301371.445446,1509301371.6294029,31579
query,1509301371.6294096,1509301371.9766884,47310
query,1509301371.9766927,1509301372.1797707,32702
query,1509301372.1797755,1509301372.2372727,6437
query,1509301372.2372777,1509301372.522767,36946
query,1509301372.522774,1509301372.6639814,22861
query,1509301372.6639879,1509301372.73926,7922
query,1509301372.7392642,1509301372.8629832,9964
query,1509301372.8629878,1509301373.1161816,37326
query,1509301373.116225,1509301373.2378602,8671
query,1509301373.250133,1509301373.4925597,41473
query,1509301373.492564,1509301373.7130744,35200
query,1509301373.7130785,1509301373.7266214,2
query,1509301373.726625,1509301373.994043,42152
query,1509301373.9941049,1509301374.0377705,1163
query,1509301374.0377748,1509301374.2501287,34264
query,1509301374.250133,1509301374.4696794,39179
query,1509301374.4696836,1509301374.635236,24109
query,1509301374.6352403,1509301374.7822168,17794
query,1509301374.7822227,1509301374.8178818,1147
query,1509301374.8178866,1509301374.921732,9266
query,1509301374.9217372,1509301375.1521204,28806
query,1509301375.1521242,1509301375.200917,1503
query,1509301375.200921,1509301375.4332597,53059
query,1509301375.4332645,1509301375.6656737,27516
query,1509301375.6656783,1509301375.7372017,6967
query,1509301375.7372057,1509301375.7718053,2215
query,1509301375.7718098,1509301375.9418254,35151
query,1509301375.9418304,1509301375.952338,0
query,1509301375.952372,1509301376.1706488,27863
query,1509301376.1859198,1509301376.3530724,40078
query,1509301376.3530786,1509301376.5208373,30064
query,1509301376.5208416,1509301376.754045,35371
query,1509301376.7541242,1509301376.7961137,100
query,1509301376.796118,1509301377.0613205,32777
query,1509301377.0613253,1509301377.1836367,14652
query,1509301377.183641,1509301377.2347834,3196
query,1509301377.2347872,1509301377.3564076,23967
query,1509301377.356412,1509301377.5231905,25742
query,1509301377.5231955,1509301377.6416118,4201
query,1509301377.6416163,1509301377.9633253,41917
query,1509301377.9633303,1509301378.1310194,25816
query,1509301378.1310234,1509301378.3033106,33671
query,1509301378.3033173,1509301378.469815,40652
query,1509301378.4698193,1509301378.6392126,28508
query,1509301378.6392171,1509301378.7595983,18609
query,1509301378.7596023,1509301378.7977767,2686
query,1509301378.7977808,1509301378.8446,5863
query,1509301378.8446047,1509301378.9516027,30041
query,1509301378.9516456,1509301378.9743702,2
query,1509301378.979249,1509301379.015704,602
query,1509301379.015709,1509301379.1356034,4201
query,1509301379.1356077,1509301379.190153,5625
query,1509301379.1901567,1509301379.4139893,42124
query,1509301379.4139934,1509301379.6341586,46194
query,1509301379.6341634,1509301379.847334,42651
query,1509301379.8473382,1509301379.9929159,20470
query,1509301379.992921,1509301380.1367197,31936
query,1509301380.1367245,1509301380.1984298,1976
query,1509301380.198435,1509301380.4085872,34239
query,1509301380.408592,1509301380.4951463,9490
query,1509301380.4951506,1509301380.739821,36820
query,1509301380.7398255,1509301381.0022256,56195
query,1509301381.00223,1509301381.1451771,19568
query,1509301381.1451814,1509301381.2358778,8371
query,1509301381.2358818,1509301381.446246,28495
query,1509301381.4462497,1509301381.5752966,30491
query,1509301381.5753007,1509301381.626907,7836
query,1509301381.6269112,1509301381.810454,33854
query,1509301381.8104935,1509301382.0881965,48270
query,1509301382.1004426,1509301382.3023014,41102
query,1509301382.3023064,1509301382.531463,34830
query,1509301382.5314684,1509301382.5829651,4955
query,1509301382.5829706,1509301382.829332,37231
query,1509301382.8293366,1509301383.0413225,42044
query,1509301383.041327,1509301383.0863552,5794
query,1509301383.0863597,1509301383.1125515,41
query,1509301383.112555,1509301383.3067136,39091
query,1509301383.3067183,1509301383.4706793,28751
query,1509301383.470684,1509301383.5154073,3077
query,1509301383.5154119,1509301383.5237246,0
query,1509301383.5237281,1509301383.551154,82
query,1509301383.5511572,1509301383.6629248,17970
query,1509301383.6629293,1509301383.864147,41631
query,1509301383.864151,1509301383.947289,14237
query,1509301383.947293,1509301383.9727857,386
query,1509301383.9728234,1509301384.1554563,31467
query,1509301384.1554608,1509301384.2037096,6135
query,1509301384.2037148,1509301384.3212264,4201
query,1509301384.3212705,1509301384.4292605,6902
query,1509301384.4420278,1509301384.6106904,27322
query,1509301384.6106956,1509301384.637406,510
query,1509301384.6374109,1509301384.6671906,377
query,1509301384.6671958,1509301384.7381866,4785
query,1509301384.7381914,1509301384.7957273,3114
query,1509301384.7957318,1509301384.9533114,23461
query,1509301384.9533165,1509301385.1772623,38904
query,1509301385.1772687,1509301385.3007588,29920
query,1509301385.300765,1509301385.3437705,4505
query,1509301385.343775,1509301385.3842945,3468
query,1509301385.3843005,1509301385.4325478,2119
query,1509301385.432552,1509301385.6711457,32585
query,1509301385.67115,1509301385.7189631,752
query,1509301385.718967,1509301385.7685454,881
query,1509301385.7685492,1509301385.8220155,2942
query,1509301385.8220205,1509301386.0135489,23983
query,1509301386.0135536,1509301386.2297924,37722
query,1509301386.229797,1509301386.390034,32277
query,1509301386.3900383,1509301386.593475,42060
query,1509301386.5935192,1509301386.8670697,44961
query,1509301386.8794198,1509301387.0415542,19407
query,1509301387.0415592,1509301387.0845294,920
query,1509301387.0845337,1509301387.1541772,3792
query,1509301387.154183,1509301387.2441623,7441
query,1509301387.2441669,1509301387.3383408,7621
query,1509301387.3383446,1509301387.3837419,408
query,1509301387.3837464,1509301387.429602,192
query,1509301387.429607,1509301387.4787068,2336
query,1509301387.4787116,1509301387.5602195,7039
query,1509301387.5602243,1509301387.831063,48943
query,1509301387.831068,1509301387.8642783,419
query,1509301387.8642828,1509301387.9034548,2060
query,1509301387.9034588,1509301387.98135,6376
query,1509301387.9813547,1509301388.0764692,13975
query,1509301388.0764742,1509301388.1279905,5100
query,1509301388.1279948,1509301388.3654122,34167
query,1509301388.3654165,1509301388.5871732,36625
query,1509301388.5871782,1509301388.8332827,42135
query,1509301388.8332875,1509301389.0857384,38400
query,1509301389.0858147,1509301389.3257127,35692
query,1509301389.3378181,1509301389.6399753,44659
query,1509301389.63998,1509301389.708248,5886
query,1509301389.7082522,1509301389.7538028,3048
query,1509301389.7538068,1509301389.7930455,3280
query,1509301389.79305,1509301389.9505386,37309
query,1509301389.950543,1509301390.194826,46489
query,1509301390.1948307,1509301390.4288821,39411
query,1509301390.4289227,1509301390.4919856,4486
query,1509301390.4919903,1509301390.5187335,138
query,1509301390.518737,1509301390.740584,29170
query,1509301390.7405894,1509301390.7842357,132
query,1509301390.7842395,1509301391.035371,32691
query,1509301391.0353756,1509301391.0877306,3126
query,1509301391.087735,1509301391.1868386,17715
query,1509301391.1868427,1509301391.3327005,37286
query,1509301391.332705,1509301391.4306817,16677
query,1509301391.4306862,1509301391.5286884,12550
query,1509301391.5286925,1509301391.6302402,14061
query,1509301391.630245,1509301391.7107148,13691
query,1509301391.7107625,1509301391.9467387,48008
query,1509301391.962022,1509301392.018312,9346
query,1509301392.018317,1509301392.121307,9537
query,1509301392.1213114,1509301392.3029413,40118
query,1509301392.3029482,1509301392.5270355,32823
query,1509301392.5270402,1509301392.8306398,48509
query,1509301392.8306463,1509301393.0433624,40896
query,1509301393.0433674,1509301393.1548424,18451
query,1509301393.154847,1509301393.201354,602
query,1509301393.2013593,1509301393.5216951,40939
query,1509301393.5217006,1509301393.5323782,0
query,1509301393.532382,1509301393.5474193,1
query,1509301393.5474234,1509301393.5889916,19
query,1509301393.5889964,1509301393.5980043,0
query,1509301393.5980084,1509301393.821691,40674
query,1509301393.8216965,1509301393.831791,0
query,1509301393.8317955,1509301394.0638573,46902
query,1509301394.0638618,1509301394.1034536,11
query,1509301394.1034582,1509301394.3128674,25070
query,1509301394.312872,1509301394.4053898,10354
query,1509301394.4054418,1509301394.4703956,1705
query,1509301394.482706,1509301394.7306516,41577
query,1509301394.7306561,1509301394.7954009,9375
query,1509301394.7954051,1509301394.8709593,14640
query,1509301394.8709633,1509301394.996787,12240
query,1509301394.9968188,1509301395.183061,41549
query,1509301395.1830652,1509301395.3414223,38830
query,1509301395.3414268,1509301395.5478177,29762
query,1509301395.5478218,1509301395.6368773,15636
query,1509301395.6368818,1509301395.7481155,13557
query,1509301395.7481203,1509301395.9186656,40714
query,1509301395.9186707,1509301395.9679255,5327
query,1509301395.9679306,1509301396.0726264,22601
query,1509301396.0726316,1509301396.16359,12600
query,1509301396.1635954,1509301396.3112838,21835
query,1509301396.3112884,1509301396.5360713,31684
query,1509301396.5360763,1509301396.8193715,38570
query,1509301396.819377,1509301396.857671,3810
query,1509301396.8577118,1509301397.0731487,39265
query,1509301397.0731535,1509301397.098241,48
query,1509301397.0982885,1509301397.1804008,14914
query,1509301397.193298,1509301397.2347445,34
query,1509301397.2347486,1509301397.3563461,21382
query,1509301397.3563504,1509301397.4188695,4028
query,1509301397.418874,1509301397.539737,17482
query,1509301397.5397415,1509301397.616913,9519
query,1509301397.6169174,1509301397.705441,12715
query,1509301397.705446,1509301397.9434092,46516
query,1509301397.943414,1509301398.1098292,40993
query,1509301398.1098332,1509301398.307019,30826
query,1509301398.3070233,1509301398.407958,17924
query,1509301398.4079626,1509301398.5521922,34675
query,1509301398.5521958,1509301398.6511269,18529
query,1509301398.6511312,1509301398.8239079,22270
query,1509301398.8239121,1509301398.981875,30991
query,1509301398.9818869,1509301399.1844714,34458
query,1509301399.184476,1509301399.272113,14110
query,1509301399.2721174,1509301399.3452706,12869
query,1509301399.3452747,1509301399.474892,30963
query,1509301399.4748962,1509301399.5095968,3204
query,1509301399.5096524,1509301399.5824375,9784
query,1509301399.5947664,1509301399.8013232,44342
query,1509301399.8013277,1509301399.860775,4404
query,1509301399.8607788,1509301400.024329,28525
query,1509301400.0243332,1509301400.2750676,43326
query,1509301400.275072,1509301400.538627,39987
query,1509301400.5386317,1509301400.6899548,38634
query,1509301400.6899593,1509301400.6996331,0
query,1509301400.699637,1509301400.8670843,26730
query,1509301400.867088,1509301400.891104,12
query,1509301400.8911076,1509301401.1353736,53356
query,1509301401.1353788,1509301401.1980076,5209
query,1509301401.198012,1509301401.2426841,2429
query,1509301401.2426882,1509301401.4425185,34793
query,1509301401.4425228,1509301401.4508662,0
query,1509301401.4508703,1509301401.6962702,30597
query,1509301401.6962752,1509301401.8965335,42905
query,1509301401.896538,1509301402.1456633,32918
query,1509301402.145668,1509301402.481882,35925
query,1509301402.4818866,1509301402.574367,7867
query,1509301402.574412,1509301402.6677566,4735
query,1509301402.6803794,1509301402.7270184,475
query,1509301402.7270224,1509301402.7723365,46
query,1509301402.772341,1509301402.8256142,16
query,1509301402.8256185,1509301402.8862033,1861
query,1509301402.8862076,1509301403.0613246,23524
query,1509301403.0613303,1509301403.264025,31674
query,1509301403.2640293,1509301403.4706287,45043
query,1509301403.470633,1509301403.6089897,13282
query,1509301403.6089935,1509301403.8354912,41111
query,1509301403.8354964,1509301403.8784726,947
query,1509301403.8784769,1509301403.9590576,5841
query,1509301403.9590619,1509301404.201355,40875
query,1509301404.2013597,1509301404.368582,18963
query,1509301404.3685863,1509301404.5427084,19264
query,1509301404.5427132,1509301404.7119806,31680
query,1509301404.7119846,1509301404.9799047,39090
query,1509301404.9799092,1509301405.2573059,49091
query,1509301405.2573106,1509301405.3213031,8750
query,1509301405.321308,1509301405.5248592,37410
query,1509301405.524902,1509301405.6774077,29135
query,1509301405.6927497,1509301405.760072,3753
query,1509301405.7600763,1509301405.9112034,34979
query,1509301405.9112082,1509301406.196887,46663
query,1509301406.1968913,1509301406.4490798,36506
query,1509301406.4490845,1509301406.6589353,21389
query,1509301406.6589394,1509301406.936345,42459
query,1509301406.9363494,1509301406.9556606,7
query,1509301406.955665,1509301407.070776,10993
query,1509301407.07078,1509301407.1490216,16108
query,1509301407.1490262,1509301407.230091,8215
query,1509301407.2300963,1509301407.2568364,100
query,1509301407.2568414,1509301407.4443736,32740
query,1509301407.444379,1509301407.4996116,4430
query,1509301407.4996157,1509301407.8002536,41844
query,1509301407.8002584,1509301408.007545,38736
query,1509301408.0075493,1509301408.2904005,55279
query,1509301408.2904055,1509301408.3414433,3839
query,1509301408.3414483,1509301408.4367752,17498
query,1509301408.4367802,1509301408.5390465,14971
query,1509301408.539086,1509301408.5871687,4254
query,1509301408.5999596,1509301408.6440966,3673
query,1509301408.6441004,1509301408.778347,16570
query,1509301408.7783515,1509301408.8157275,1567
query,1509301408.815732,1509301408.8462281,10
query,1509301408.8462324,1509301409.0507584,37066
query,1509301409.0507627,1509301409.2892904,45573
query,1509301409.289296,1509301409.3403394,3950
query,1509301409.3403444,1509301409.4618378,17132
query,1509301409.461842,1509301409.5158298,3417
query,1509301409.5158343,1509301409.5962157,9951
query,1509301409.5962198,1509301409.8554437,54576
query,1509301409.8554478,1509301409.9761782,21559
query,1509301409.9761825,1509301410.1604142,40449
query,1509301410.1604185,1509301410.3066945,41041
query,1509301410.306699,1509301410.3626177,7515
query,1509301410.3626225,1509301410.655774,44128
query,1509301410.6557782,1509301410.805391,14950
query,1509301410.8053956,1509301410.8498828,22
query,1509301410.8498876,1509301410.9097204,3348
query,1509301410.9097714,1509301411.1373541,38183
query,1509301411.1505268,1509301411.3934972,44675
query,1509301411.3935027,1509301411.5011537,10811
query,1509301411.5011582,1509301411.5478685,628
query,1509301411.5478737,1509301411.7388077,36587
query,1509301411.7388122,1509301411.933119,34497
query,1509301411.9331245,1509301412.134719,48204
query,1509301412.1347237,1509301412.2074845,11296
query,1509301412.207489,1509301412.4056382,39276
query,1509301412.4056427,1509301412.5087128,13757
query,1509301412.5087173,1509301412.5507002,4039
query,1509301412.5507045,1509301412.5583615,0
query,1509301412.558365,1509301412.8155248,38843
query,1509301412.81553,1509301412.9214733,11936
query,1509301412.9214778,1509301413.169143,41068
query,1509301413.1691477,1509301413.262627,7741
query,1509301413.2626324,1509301413.3463604,9886
query,1509301413.3463662,1509301413.568447,41563
query,1509301413.5684516,1509301413.8196468,45946
query,1509301413.819652,1509301414.047269,43863
query,1509301414.047312,1509301414.2355108,31751
query,1509301414.2484188,1509301414.389981,31050
query,1509301414.3899856,1509301414.6600254,48957
query,1509301414.6600292,1509301414.7694972,16798
query,1509301414.769502,1509301414.8115344,4784
query,1509301414.8115382,1509301414.8563619,4060
query,1509301414.856366,1509301414.898748,971
query,1509301414.8987522,1509301414.9717994,3777
query,1509301414.9718037,1509301415.211172,49414
query,1509301415.2111769,1509301415.3844304,29644
query,1509301415.3844347,1509301415.393964,0
query,1509301415.3939683,1509301415.5384402,25500
query,1509301415.538446,1509301415.5808682,2618
query,1509301415.5808728,1509301415.6126091,1371
query,1509301415.612613,1509301415.9376001,37493
query,1509301415.9376047,1509301416.0308967,11090
query,1509301416.0309014,1509301416.3279035,35183
query,1509301416.3279078,1509301416.6665049,41360
query,1509301416.6665092,1509301416.8617146,37645
query,1509301416.861719,1509301416.9287019,13159
query,1509301416.9287455,1509301417.0370908,14745
query,1509301417.0496142,1509301417.1462517,14938
query,1509301417.1462564,1509301417.2354372,22268
query,1509301417.2354424,1509301417.4667647,41433
query,1509301417.4667692,1509301417.5519533,14601
query,1509301417.5519586,1509301417.6329327,12723
query,1509301417.632937,1509301417.6622453,92
query,1509301417.6622503,1509301417.842458,38316
query,1509301417.8424625,1509301417.9096286,9151
query,1509301417.9096332,1509301418.0640504,23394
query,1509301418.064055,1509301418.1710734,17618
query,1509301418.1710782,1509301418.3882082,38447
query,1509301418.3882122,1509301418.5788572,33944
query,1509301418.578862,1509301418.6073952,50
query,1509301418.6073997,1509301418.8442092,43091
query,1509301418.8442142,1509301419.0373409,37633
query,1509301419.0373454,1509301419.0696719,1234
query,1509301419.0696752,1509301419.3307564,51776
query,1509301419.3307605,1509301419.5829356,45096
query,1509301419.58294,1509301419.8112261,43891
query,1509301419.8112707,1509301420.0097728,40625
query,1509301420.023378,1509301420.1125228,6804
query,1509301420.1125274,1509301420.2907841,28502
query,1509301420.2907887,1509301420.7268186,41520
query,1509301420.7268233,1509301420.7669559,4496
query,1509301420.7669609,1509301420.8978462,30510
query,1509301420.897851,1509301421.101589,36706
query,1509301421.1015933,1509301421.14751,44
query,1509301421.1475146,1509301421.3123522,22938
query,1509301421.3123572,1509301421.59132,34837
query,1509301421.5913248,1509301421.7468626,19153
query,1509301421.7468672,1509301421.7800465,338
query,1509301421.7800508,1509301421.9201145,33601
query,1509301421.920119,1509301422.0435743,17967
query,1509301422.0435789,1509301422.1263595,15921
query,1509301422.1263642,1509301422.1528323,52
query,1509301422.1528385,1509301422.164773,2
query,1509301422.164777,1509301422.2274942,4678
query,1509301422.2274985,1509301422.4235365,35722
query,1509301422.4235415,1509301422.664207,50102
query,1509301422.6642516,1509301422.7029831,138
query,1509301422.7157512,1509301422.9093678,39384
query,1509301422.909372,1509301423.1640859,54960
query,1509301423.1640904,1509301423.3792856,41154
query,1509301423.3792906,1509301423.4802003,19875
query,1509301423.480205,1509301423.5344002,6985
query,1509301423.534405,1509301423.6461189,13941
query,1509301423.6461236,1509301423.680101,506
query,1509301423.6801057,1509301423.979902,33795
query,1509301423.979907,1509301424.2053432,34914
query,1509301424.205348,1509301424.442424,34098
query,1509301424.4424288,1509301424.486926,2470
query,1509301424.4869304,1509301424.5216463,273
query,1509301424.5216506,1509301424.7726016,43704
query,1509301424.7726061,1509301424.801132,10
query,1509301424.8011367,1509301424.8455613,3882
query,1509301424.8455648,1509301424.874568,544
query,1509301424.8745723,1509301425.1915753,43145
query,1509301425.1915796,1509301425.3650954,32716
query,1509301425.3650997,1509301425.4112318,1916
query,1509301425.4112713,1509301425.567579,31345
query,1509301425.579692,1509301425.6181178,4605
query,1509301425.6181216,1509301425.8774512,41412
query,1509301425.8774567,1509301425.919514,6
query,1509301425.9195182,1509301425.9611495,27
query,1509301425.9611535,1509301426.0034285,128
query,1509301426.0034337,1509301426.278732,44010
query,1509301426.278737,1509301426.3245955,657
query,1509301426.324601,1509301426.6143386,54160
query,1509301426.6143436,1509301426.7651784,18269
query,1509301426.765183,1509301426.8070273,21
query,1509301426.8070316,1509301426.9692852,35905
query,1509301426.9692893,1509301427.0755782,4186
query,1509301427.0755832,1509301427.277272,35380
query,1509301427.2772765,1509301427.5141845,40308
query,1509301427.5141897,1509301427.6325784,20354
query,1509301427.6325827,1509301427.7932932,34673
query,1509301427.793297,1509301428.0640173,54329
query,1509301428.0640237,1509301428.150108,14784
query,1509301428.1501122,1509301428.3684633,43515
query,1509301428.3685021,1509301428.5711758,40450
query,1509301428.5843909,1509301428.7682905,29319
query,1509301428.7682953,1509301428.8458433,9497
query,1509301428.8458478,1509301428.899141,1989
query,1509301428.8991458,1509301428.9495583,1006
query,1509301428.9495625,1509301429.1043134,26781
query,1509301429.1043177,1509301429.1454356,25
query,1509301429.1454403,1509301429.1889262,645
query,1509301429.188931,1509301429.3537383,23810
query,1509301429.3537426,1509301429.5882795,36882
query,1509301429.5882838,1509301429.7464902,35532
query,1509301429.7464945,1509301429.7910786,6712
query,1509301429.7910826,1509301430.0459752,46209
query,1509301430.0459802,1509301430.300614,41964
query,1509301430.3006184,1509301430.4784982,21401
query,1509301430.4785025,1509301430.663456,28978
query,1509301430.6634605,1509301430.7130468,4345
query,1509301430.7130523,1509301430.8221262,23617
query,1509301430.8221312,1509301430.8326838,2
query,1509301430.8326879,1509301430.8755944,3378
query,1509301430.8756387,1509301430.9781992,10230
query,1509301430.9907486,1509301431.090231,12662
query,1509301431.0902355,1509301431.1283796,2797
query,1509301431.1283844,1509301431.2285883,22840
query,1509301431.228593,1509301431.3337553,18289
query,1509301431.3337595,1509301431.3917127,4178
query,1509301431.3917167,1509301431.4394546,2703
query,1509301431.4394593,1509301431.4487085,0
query,1509301431.4487138,1509301431.6064436,24906
query,1509301431.6064482,1509301431.876261,47314
query,1509301431.8762658,1509301431.9117172,587
query,1509301431.9117215,1509301432.0219688,14490
query,1509301432.0219734,1509301432.1689768,32787
query,1509301432.168981,1509301432.3376544,36487
query,1509301432.3376594,1509301432.3904438,1363
query,1509301432.3904479,1509301432.5243497,21820
query,1509301432.524354,1509301432.5972545,7851
query,1509301432.597259,1509301432.6235888,2
query,1509301432.6235924,1509301432.7661943,23990
query,1509301432.7661994,1509301432.8009994,993
query,1509301432.8010406,1509301433.0173562,37478
query,1509301433.029676,1509301433.1073084,4989
query,1509301433.1073132,1509301433.3412957,45898
query,1509301433.3413012,1509301433.6557164,53154
query,1509301433.6557217,1509301433.750874,14686
query,1509301433.7508786,1509301433.887679,27906
query,1509301433.8876834,1509301433.9307284,3268
query,1509301433.9307332,1509301434.1649344,36122
query,1509301434.1649387,1509301434.2590647,16479
query,1509301434.2590692,1509301434.3776271,23870
query,1509301434.377632,1509301434.7298205,46765
query,1509301434.7298253,1509301434.8603492,17211
query,1509301434.860353,1509301434.9654398,16133
query,1509301434.965444,1509301435.2771704,56380
query,1509301435.2771752,1509301435.4310164,35706
query,1509301435.4310207,1509301435.608106,29501
query,1509301435.60811,1509301435.8725636,43762
query,1509301435.872568,1509301436.0073373,18917
query,1509301436.0073423,1509301436.123133,24357
query,1509301436.1231372,1509301436.1601639,1314
query,1509301436.160203,1509301436.2173762,290
query,1509301436.2295804,1509301436.5062857,43446
query,1509301436.50629,1509301436.550374,3180
query,1509301436.5503786,1509301436.6901994,18012
query,1509301436.6902032,1509301436.9274483,31998
query,1509301436.9274526,1509301436.9611583,2194
query,1509301436.9611635,1509301437.0375044,13534
query,1509301437.037509,1509301437.1012173,7572
query,1509301437.1012216,1509301437.2449632,25451
query,1509301437.2449677,1509301437.3951244,20453
query,1509301437.3951287,1509301437.46696,9111
query,1509301437.4669645,1509301437.7154958,40028
query,1509301437.715501,1509301437.8895693,17997
query,1509301437.8895736,1509301437.937454,563
query,1509301437.937458,1509301438.1553044,46485
query,1509301438.1553085,1509301438.3885214,33205
query,1509301438.3885262,1509301438.6042118,34860
query,1509301438.6042163,1509301438.7350113,18353
query,1509301438.735016,1509301438.861154,23489
query,1509301438.8611581,1509301438.89212,131
query,1509301438.8921578,1509301438.9338856,10
query,1509301438.9468372,1509301438.9681873,6
query,1509301438.9681911,1509301439.1236527,18913
query,1509301439.1236565,1509301439.134598,1
query,1509301439.1346025,1509301439.2198217,15196
query,1509301439.2198262,1509301439.231193,1
query,1509301439.2311966,1509301439.445338,45490
query,1509301439.4453425,1509301439.4875965,73
query,1509301439.4876008,1509301439.7166636,38822
query,1509301439.7166688,1509301439.8842888,35575
query,1509301439.884293,1509301439.9444292,6862
query,1509301439.944434,1509301440.027666,11594
query,1509301440.0276706,1509301440.1117008,16097
query,1509301440.1117048,1509301440.148418,2486
query,1509301440.1484237,1509301440.3470695,39905
query,1509301440.3470745,1509301440.5209825,30312
query,1509301440.520987,1509301440.7156615,42045
query,1509301440.7156658,1509301440.7228956,0
query,1509301440.7228992,1509301440.767159,2790
query,1509301440.7671628,1509301440.8516717,11690
query,1509301440.8517132,1509301440.9183002,4531
query,1509301440.9308803,1509301440.987193,7069
query,1509301440.9871972,1509301441.11081,20055
query,1509301441.110821,1509301441.1192646,0
query,1509301441.119271,1509301441.3613923,50645
query,1509301441.3613968,1509301441.4975848,26340
query,1509301441.4975896,1509301441.6814659,39457
query,1509301441.6814706,1509301441.7804508,14390
query,1509301441.7804554,1509301441.8692029,4201
query,1509301441.869207,1509301442.0957155,41126
query,1509301442.0957212,1509301442.1916287,17935
query,1509301442.191634,1509301442.409625,39046
query,1509301442.409629,1509301442.5150576,12821
query,1509301442.515062,1509301442.7216945,43799
query,1509301442.721699,1509301442.784082,9521
query,1509301442.7840865,1509301442.8600905,8314
query,1509301442.8600955,1509301443.010834,22985
query,1509301443.0108387,1509301443.0902958,6228
query,1509301443.0903006,1509301443.2967305,30960
query,1509301443.2967353,1509301443.3275495,1931
query,1509301443.327595,1509301443.5566075,36012
query,1509301443.570601,1509301443.81579,40150
query,1509301443.8157969,1509301443.858907,4349
query,1509301443.8589125,1509301443.9409153,8696
query,1509301443.9409199,1509301444.1282697,46666
query,1509301444.1282747,1509301444.1568751,23
query,1509301444.1568797,1509301444.2677047,13967
query,1509301444.2677093,1509301444.299439,4
query,1509301444.2994437,1509301444.3405235,37
query,1509301444.3405275,1509301444.3711667,14
query,1509301444.371171,1509301444.5951686,41514
query,1509301444.5951726,1509301444.627466,1120
query,1509301444.6274698,1509301444.6542447,63
query,1509301444.6542487,1509301444.7884793,16516
query,1509301444.7884834,1509301445.1312475,36415
query,1509301445.1312518,1509301445.2294827,7385
query,1509301445.2294867,1509301445.347782,16799
query,1509301445.3477871,1509301445.3788247,1756
query,1509301445.3788283,1509301445.551461,41101
query,1509301445.5514657,1509301445.7797039,46781
query,1509301445.7797475,1509301445.9566472,40524
query,1509301445.968983,1509301446.2178636,37104
query,1509301446.2178676,1509301446.5189576,41287
query,1509301446.5189614,1509301446.7087803,38433
query,1509301446.7087848,1509301446.7971058,10753
query,1509301446.7971106,1509301446.8080134,1
query,1509301446.808018,1509301446.9317992,11792
query,1509301446.9318032,1509301446.9842556,1223
query,1509301446.98426,1509301447.1565595,39677
query,1509301447.156564,1509301447.2455044,10536
query,1509301447.2455087,1509301447.4083655,20862
query,1509301447.4083707,1509301447.4974775,10553
query,1509301447.4974816,1509301447.5577903,3952
query,1509301447.5577943,1509301447.6862905,10508
query,1509301447.6862943,1509301447.773996,13060
query,1509301447.7740002,1509301447.8437634,4624
query,1509301447.8437674,1509301447.8891826,269
query,1509301447.8891869,1509301448.0988986,42857
query,1509301448.0989034,1509301448.2737958,28364
query,1509301448.2738006,1509301448.5633543,50313
query,1509301448.5633945,1509301448.722679,20639
query,1509301448.7384744,1509301448.778515,2830
query,1509301448.7785199,1509301448.9628398,44347
query,1509301448.9628441,1509301449.1482248,23349
query,1509301449.1482291,1509301449.3755178,28300
query,1509301449.3755221,1509301449.5402484,19452
query,1509301449.5402524,1509301449.6438477,8885
query,1509301449.6438515,1509301449.840003,33405
query,1509301449.840007,1509301449.9424646,11565
query,1509301449.9424694,1509301450.1318758,33477
query,1509301450.13188,1509301450.349508,49568
query,1509301450.349512,1509301450.4413342,15248
query,1509301450.4413388,1509301450.5405376,13178
query,1509301450.540542,1509301450.5834742,129
query,1509301450.5834792,1509301450.9167047,43725
query,1509301450.916709,1509301450.9673457,326
query,1509301450.9673502,1509301451.265466,40790
query,1509301451.2654703,1509301451.3101013,4210
query,1509301451.3101058,1509301451.3428242,3108
query,1509301451.342829,1509301451.3581288,3
query,1509301451.3581696,1509301451.5379272,44162
query,1509301451.5501032,1509301451.7482398,38634
query,1509301451.7482438,1509301451.8481977,17132
query,1509301451.8482025,1509301451.8712113,2
query,1509301451.8712156,1509301451.9559937,7734
query,1509301451.9559982,1509301452.0811687,19800
query,1509301452.0811727,1509301452.1082687,48
query,1509301452.108273,1509301452.275224,36874
query,1509301452.275228,1509301452.4953694,42718
query,1509301452.4953752,1509301452.5234854,35
query,1509301452.5234892,1509301452.6896503,30454
query,1509301452.689655,1509301452.8709338,39276
query,1509301452.8709388,1509301453.0199914,30153
query,1509301453.0199962,1509301453.0706754,7088
query,1509301453.07068,1509301453.0986152,442
query,1509301453.09862,1509301453.2754679,19643
query,1509301453.2754717,1509301453.322454,6237
query,1509301453.322459,1509301453.383408,12488
query,1509301453.383412,1509301453.429557,42
query,1509301453.4295607,1509301453.5592177,21317
query,1509301453.5592573,1509301453.7187152,34622
query,1509301453.7309139,1509301453.925494,35047
query,1509301453.9254987,1509301454.124363,35385
query,1509301454.124367,1509301454.385823,43531
query,1509301454.3858283,1509301454.456278,4261
query,1509301454.4562829,1509301454.533759,8830
query,1509301454.5337636,1509301454.5772116,3844
query,1509301454.5772161,1509301454.586933,0
query,1509301454.5869367,1509301454.7204669,29900
query,1509301454.7204711,1509301454.758034,2605
query,1509301454.7580385,1509301454.7854517,964
query,1509301454.7854555,1509301454.9194698,33369
query,1509301454.9194741,1509301455.0001833,10172
query,1509301455.0001884,1509301455.028532,1158
query,1509301455.0285366,1509301455.2470105,36760
query,1509301455.247015,1509301455.2978725,8658
query,1509301455.2978764,1509301455.4601307,36148
query,1509301455.4601357,1509301455.5969424,19092
query,1509301455.5969472,1509301455.688697,16172
query,1509301455.6887012,1509301455.7576919,9441
query,1509301455.7577386,1509301455.9599397,24376
query,1509301455.9737542,1509301456.1911376,35782
query,1509301456.191142,1509301456.3310535,20638
query,1509301456.3310573,1509301456.4591527,18443
query,1509301456.4591568,1509301456.5006332,214
query,1509301456.500637,1509301456.5399804,456
query,1509301456.5399845,1509301456.5836368,563
query,1509301456.5836406,1509301456.6542084,7951
query,1509301456.6542125,1509301456.8447132,39946
query,1509301456.844718,1509301457.1222775,38261
query,1509301457.122282,1509301457.194246,6978
query,1509301457.1942499,1509301457.2349215,63
query,1509301457.2349253,1509301457.431972,44468
query,1509301457.4319763,1509301457.6563077,37370
query,1509301457.6563134,1509301457.8370392,33169
query,1509301457.837045,1509301458.0157907,33386
query,1509301458.0157952,1509301458.0701487,2764
query,1509301458.0701537,1509301458.199266,22091
query,1509301458.1992702,1509301458.2569423,2735
query,1509301458.256947,1509301458.4043024,33381
query,1509301458.4043603,1509301458.625002,43854
query,1509301458.6376853,1509301458.7545288,13732
query,1509301458.7545328,1509301458.9517934,35197
query,1509301458.951798,1509301459.0330322,6501
query,1509301459.0330365,1509301459.2337189,32423
query,1509301459.2337232,1509301459.4494736,40594
query,1509301459.4494784,1509301459.5814347,22862
query,1509301459.5814393,1509301459.7527173,37981
query,1509301459.7527218,1509301459.9904296,37284
query,1509301459.9904354,1509301460.164062,37809
query,1509301460.1640666,1509301460.314438,38085
query,1509301460.3144422,1509301460.3761432,10477
query,1509301460.3761477,1509301460.3997977,314
query,1509301460.3998015,1509301460.628895,51498
query,1509301460.6288998,1509301460.8179593,35856
query,1509301460.8179634,1509301460.838733,2
query,1509301460.8387368,1509301460.9178805,7725
query,1509301460.917885,1509301461.1725686,35989
query,1509301461.1725736,1509301461.2959492,18558
query,1509301461.2959533,1509301461.4186707,20103
query,1509301461.4186997,1509301461.6699061,40114
query,1509301461.6881173,1509301461.9293325,49090
query,1509301461.9293373,1509301461.9802938,6630
query,1509301461.9802985,1509301462.0738716,17909
query,1509301462.073876,1509301462.366515,48156
query,1509301462.3665202,1509301462.3941443,1276
query,1509301462.394148,1509301462.6086807,44588
query,1509301462.6086845,1509301462.6562285,4450
query,1509301462.6562324,1509301462.7124858,6901
query,1509301462.7124898,1509301462.909451,31832
query,1509301462.909455,1509301462.970321,4353
query,1509301462.9703255,1509301463.0397487,8801
query,1509301463.0397525,1509301463.177093,17189
query,1509301463.1770976,1509301463.3408906,26912
query,1509301463.340896,1509301463.4432492,15258
query,1509301463.4432533,1509301463.4825115,222
query,1509301463.4825156,1509301463.5268795,946
query,1509301463.5268834,1509301463.5609372,451
query,1509301463.560941,1509301463.6417496,8699
query,1509301463.6417534,1509301463.6810746,2153
query,1509301463.6811244,1509301463.7701137,11113
query,1509301463.7822292,1509301463.8745875,10839
query,1509301463.8745925,1509301463.9262598,3143
query,1509301463.9262638,1509301464.0199656,11564
query,1509301464.0199702,1509301464.1389327,23432
query,1509301464.1389368,1509301464.1823747,79
query,1509301464.182379,1509301464.2329986,3163
query,1509301464.2330031,1509301464.395749,37521
query,1509301464.395753,1509301464.5294194,36925
query,1509301464.5294237,1509301464.6345732,11512
query,1509301464.6345778,1509301464.8704426,47884
query,1509301464.8704467,1509301464.9028358,417
query,1509301464.9028401,1509301465.0697482,19305
query,1509301465.0697525,1509301465.1541169,5645
query,1509301465.1541219,1509301465.3297536,30029
query,1509301465.3297582,1509301465.3719354,693
query,1509301465.3719394,1509301465.4176745,5
query,1509301465.4176784,1509301465.554969,23117
query,1509301465.5549736,1509301465.7810688,45666
query,1509301465.7810733,1509301465.8404558,3641
query,1509301465.8405004,1509301466.0772383,46254
query,1509301466.0894644,1509301466.1264343,5
query,1509301466.1264384,1509301466.3726406,39785
query,1509301466.3726454,1509301466.421372,755
query,1509301466.421376,1509301466.608271,36559
query,1509301466.608275,1509301466.7993958,26720
query,1509301466.7994003,1509301466.8669906,13113
query,1509301466.8669946,1509301467.0313945,24660
query,1509301467.0314002,1509301467.2325535,45141
query,1509301467.2325578,1509301467.4444885,36186
query,1509301467.444493,1509301467.5857863,33081
query,1509301467.5857906,1509301467.8120244,41324
query,1509301467.8120284,1509301467.969864,20672
query,1509301467.9698677,1509301468.1731575,39152
query,1509301468.1731625,1509301468.3377612,32663
query,1509301468.3377652,1509301468.556776,43332
query,1509301468.5567803,1509301468.5894213,882
query,1509301468.5894258,1509301468.8337395,40819
query,1509301468.8337436,1509301469.0444722,41886
query,1509301469.0444763,1509301469.0793998,155
query,1509301469.0794435,1509301469.1825976,18369
query,1509301469.1947298,1509301469.3198621,33032
query,1509301469.3198664,1509301469.4227307,11258
query,1509301469.4227347,1509301469.552659,15496
query,1509301469.5526643,1509301469.724032,28798
query,1509301469.7240365,1509301469.7889295,12001
query,1509301469.7889347,1509301470.0002167,34107
query,1509301470.0002224,1509301470.2715383,45667
query,1509301470.271543,1509301470.3899124,13363
query,1509301470.3899162,1509301470.4310765,1827
query,1509301470.4310803,1509301470.6297293,33761
query,1509301470.6297333,1509301470.8647134,34553
query,1509301470.864718,1509301470.873593,0
query,1509301470.873597,1509301471.120918,40295
query,1509301471.1209238,1509301471.1971684,9802
query,1509301471.197173,1509301471.247139,1221
query,1509301471.247143,1509301471.3547318,22771
query,1509301471.3547373,1509301471.5304658,35262
query,1509301471.53047,1509301471.6105614,12350
query,1509301471.6105652,1509301471.6296196,2
query,1509301471.629656,1509301471.8229682,31620
query,1509301471.8356922,1509301471.844342,0
query,1509301471.8443456,1509301471.9909973,15302
query,1509301471.9910018,1509301472.0423226,3163
query,1509301472.0423267,1509301472.2376935,38750
query,1509301472.2376978,1509301472.481587,43942
query,1509301472.4815907,1509301472.7015321,33177
query,1509301472.701536,1509301472.8189812,20837
query,1509301472.8189852,1509301472.943761,30454
query,1509301472.9437697,1509301473.0058782,4754
query,1509301473.005883,1509301473.2114375,33432
query,1509301473.2114418,1509301473.2467964,1339
query,1509301473.2468004,1509301473.3643584,19537
query,1509301473.3643632,1509301473.378372,2
query,1509301473.3783762,1509301473.647499,46172
query,1509301473.6475034,1509301473.9009426,38663
query,1509301473.900948,1509301474.1455786,40624
query,1509301474.1455836,1509301474.343804,32824
query,1509301474.3438082,1509301474.601815,30963
query,1509301474.6018195,1509301474.6273634,60
query,1509301474.6274016,1509301474.6683733,344
query,1509301474.68116,1509301474.9571564,33454
query,1509301474.9571612,1509301475.139926,15703
query,1509301475.1399307,1509301475.3620427,30692
query,1509301475.3620872,1509301475.6215036,37853
query,1509301475.6215088,1509301475.784506,23619
query,1509301475.78451,1509301476.0081644,30356
query,1509301476.0081687,1509301476.047923,2017
query,1509301476.0479271,1509301476.0914273,1777
query,1509301476.0914319,1509301476.1251454,2094
query,1509301476.1251502,1509301476.3195536,46599
query,1509301476.3195581,1509301476.4279692,17480
query,1509301476.4279735,1509301476.6614249,41166
query,1509301476.661429,1509301476.908066,38346
query,1509301476.9080698,1509301476.9870324,12361
query,1509301476.987036,1509301477.1283922,30871
query,1509301477.128396,1509301477.237655,20894
query,1509301477.2376587,1509301477.4297783,23384
query,1509301477.4297829,1509301477.4945376,11119
query,1509301477.4945428,1509301477.7228627,34389
query,1509301477.72291,1509301477.8235147,3693
query,1509301477.8365831,1509301477.99969,29020
query,1509301477.999695,1509301478.094137,10499
query,1509301478.094141,1509301478.1572297,10501
query,1509301478.1572337,1509301478.424727,42119
query,1509301478.424731,1509301478.5707984,30811
query,1509301478.5708032,1509301478.8323019,40453
query,1509301478.8323066,1509301479.047293,0
query,1509301479.0472972,1509301479.2215211,31248
query,1509301479.221526,1509301479.3953023,28707
query,1509301479.3953063,1509301479.4462516,624
query,1509301479.4462554,1509301479.6009023,20280
query,1509301479.6009068,1509301479.6613803,5750
query,1509301479.661384,1509301479.8190696,19067
query,1509301479.8190746,1509301479.9600887,23577
query,1509301479.9600947,1509301480.032396,9107
query,1509301480.0323992,1509301480.1289053,15270
query,1509301480.12891,1509301480.1858826,8022
query,1509301480.1858864,1509301480.2319248,5699
query,1509301480.231929,1509301480.4533463,41032
query,1509301480.4533885,1509301480.5270407,6082
query,1509301480.5398064,1509301480.6419077,11613
query,1509301480.6419122,1509301480.74259,10597
query,1509301480.7425945,1509301480.9064455,19301
query,1509301480.9064498,1509301481.260357,36326
query,1509301481.2603614,1509301481.5466945,44519
query,1509301481.5466988,1509301481.6666172,15991
query,1509301481.6666214,1509301481.9651349,40511
query,1509301481.96514,1509301482.078161,10105
query,1509301482.0781665,1509301482.113311,661
query,1509301482.1133153,1509301482.3478112,42395
query,1509301482.347816,1509301482.4085622,4400
query,1509301482.4085665,1509301482.6838396,41290
query,1509301482.6838446,1509301483.021427,54214
query,1509301483.0214314,1509301483.0701985,1615
query,1509301483.070203,1509301483.305291,41559
query,1509301483.3052952,1509301483.3710413,4726
query,1509301483.3710458,1509301483.5477793,32986
query,1509301483.5477834,1509301483.737561,41229
query,1509301483.737565,1509301484.010547,41958
query,1509301484.0106199,1509301484.2118142,33107
query,1509301484.2257335,1509301484.3305457,19648
query,1509301484.3305511,1509301484.379933,6082
query,1509301484.3799376,1509301484.4116437,779
query,1509301484.4116488,1509301484.5475526,22813
query,1509301484.547557,1509301484.8310194,46249
query,1509301484.8310235,1509301484.8855135,2459
query,1509301484.885518,1509301485.0193458,24189
query,1509301485.01935,1509301485.2670233,40370
query,1509301485.2670274,1509301485.3239565,3679
query,1509301485.3239608,1509301485.587262,52793
query,1509301485.5872662,1509301485.6534522,10433
query,1509301485.653457,1509301485.7469125,16143
query,1509301485.7469165,1509301485.908896,33674
query,1509301485.9089005,1509301485.970577,12088
query,1509301485.970581,1509301485.996963,805
query,1509301485.9969676,1509301486.21631,37181
query,1509301486.2163143,1509301486.3170993,15655
query,1509301486.3171036,1509301486.449761,12886
query,1509301486.4497674,1509301486.5017762,1118
query,1509301486.5018222,1509301486.6421366,10943
query,1509301486.6574981,1509301486.7075727,611
query,1509301486.707577,1509301487.0076132,43351
query,1509301487.0076172,1509301487.2434816,41480
query,1509301487.243486,1509301487.456631,40979
query,1509301487.4566357,1509301487.636003,38496
query,1509301487.6360073,1509301487.6854208,39
query,1509301487.685425,1509301487.801394,29853
query,1509301487.8014429,1509301487.8464446,6439
query,1509301487.8464484,1509301488.0104153,34276
query,1509301488.0104206,1509301488.143816,31057
query,1509301488.1438208,1509301488.3582914,41213
query,1509301488.3582964,1509301488.4275632,9757
query,1509301488.4275682,1509301488.535648,23114
query,1509301488.5356529,1509301488.7734623,49687
query,1509301488.7734666,1509301488.8101907,2619
query,1509301488.8101947,1509301488.8411815,8
query,1509301488.841185,1509301488.8883429,6348
query,1509301488.8883476,1509301488.920652,791
query,1509301488.9206562,1509301489.0242336,8963
query,1509301489.0242798,1509301489.1564345,8523
query,1509301489.1692495,1509301489.42393,39995
query,1509301489.4239342,1509301489.4512396,235
query,1509301489.4512436,1509301489.5319712,15961
query,1509301489.531975,1509301489.5930526,6687
query,1509301489.5930593,1509301489.632214,2771
query,1509301489.6322188,1509301489.6821582,2511
query,1509301489.6821632,1509301489.748968,6346
query,1509301489.7489727,1509301489.7589903,0
query,1509301489.7589943,1509301489.852991,10287
query,1509301489.8529959,1509301489.8897414,2956
query,1509301489.8897457,1509301490.1176305,36894
query,1509301490.1176348,1509301490.2382717,21861
query,1509301490.2382767,1509301490.4455836,34910
query,1509301490.4455879,1509301490.5028343,4607
query,1509301490.5028386,1509301490.7259605,43436
query,1509301490.7259643,1509301490.986286,48867
query,1509301490.9862907,1509301491.3173726,48868
query,1509301491.317377,1509301491.5080411,34577
query,1509301491.5080454,1509301491.6598577,23182
query,1509301491.6599014,1509301491.8715005,39052
query,1509301491.8835292,1509301492.1798384,42859
query,1509301492.1798425,1509301492.4213502,46876
query,1509301492.4213548,1509301492.526621,14109
query,1509301492.5266266,1509301492.7287848,39156
query,1509301492.7288208,1509301492.8920116,36435
query,1509301492.8920162,1509301493.0938857,35259
query,1509301493.0938907,1509301493.3917415,66839
query,1509301493.391746,1509301493.4924653,16710
query,1509301493.4924703,1509301493.5384583,7391
query,1509301493.5384643,1509301493.8295777,42977
query,1509301493.8295822,1509301493.916249,16691
query,1509301493.9162538,1509301493.9764984,10116
query,1509301493.9765036,1509301493.9864135,0
query,1509301493.986417,1509301494.0255477,1698
query,1509301494.0255523,1509301494.2091544,33536
query,1509301494.209159,1509301494.2619712,5956
query,1509301494.2619755,1509301494.3868334,19164
query,1509301494.3868377,1509301494.5542917,31983
query,1509301494.554297,1509301494.669586,14340
query,1509301494.6696308,1509301494.7550943,1043
query,1509301494.7684348,1509301495.039592,47051
query,1509301495.0395963,1509301495.3354902,41696
query,1509301495.3354945,1509301495.4222865,17201
query,1509301495.4222908,1509301495.5018334,13012
query,1509301495.5018375,1509301495.7019665,37738
query,1509301495.701971,1509301495.8478875,31805
query,1509301495.847892,1509301495.8812177,807
query,1509301495.8812225,1509301495.931847,883
query,1509301495.9318511,1509301496.1039226,23601
query,1509301496.1039264,1509301496.140193,65
query,1509301496.140197,1509301496.2950208,21691
query,1509301496.2950253,1509301496.3172033,5
query,1509301496.3172076,1509301496.4738069,31264
query,1509301496.4738114,1509301496.7823431,42768
query,1509301496.7823474,1509301496.92107,25256
query,1509301496.9210746,1509301497.2742574,49592
query,1509301497.2742615,1509301497.3459198,6145
query,1509301497.3459244,1509301497.4416015,15779
query,1509301497.4416053,1509301497.495533,6087
query,1509301497.495582,1509301497.5422103,312
query,1509301497.5564196,1509301497.5675132,0
query,1509301497.5675173,1509301497.607381,48
query,1509301497.6073868,1509301497.8518271,40558
query,1509301497.851832,1509301497.947978,13324
query,1509301497.9479814,1509301498.2707062,40748
query,1509301498.2707112,1509301498.4368713,33320
query,1509301498.4368763,1509301498.452897,1
query,1509301498.4529006,1509301498.5202463,7387
query,1509301498.52025,1509301498.5754402,6344
query,1509301498.575445,1509301498.7089982,15973
query,1509301498.7090027,1509301498.917483,41550
query,1509301498.9174871,1509301499.0331643,12985
query,1509301499.0331683,1509301499.200314,39809
query,1509301499.2003183,1509301499.2980232,12691
query,1509301499.2980273,1509301499.3275218,7
query,1509301499.3275266,1509301499.4257898,15953
query,1509301499.425795,1509301499.464222,3588
query,1509301499.4642272,1509301499.687573,32603
query,1509301499.687578,1509301499.7342713,326
query,1509301499.7343135,1509301499.9800856,42005
query,1509301499.9955573,1509301500.0750833,10180
query,1509301500.075088,1509301500.210941,13657
query,1509301500.2109454,1509301500.482915,41170
query,1509301500.4829214,1509301500.5381067,3028
query,1509301500.5381114,1509301500.7761502,33996
query,1509301500.776155,1509301500.8835523,20158
query,1509301500.8835566,1509301501.0696497,39079
query,1509301501.069654,1509301501.1696572,15930
query,1509301501.1696613,1509301501.214925,6328
query,1509301501.2149303,1509301501.3279107,16157
query,1509301501.3279147,1509301501.410088,8159
query,1509301501.410093,1509301501.7156835,43736
query,1509301501.7156892,1509301501.9225905,39977
query,1509301501.9225943,1509301502.1578345,47359
query,1509301502.1578386,1509301502.1889064,53
query,1509301502.188911,1509301502.2627745,6352
query,1509301502.262779,1509301502.4037206,29127
query,1509301502.4037254,1509301502.451266,4991
query,1509301502.4512706,1509301502.6183565,37003
query,1509301502.6184032,1509301502.692741,6986
query,1509301502.7051427,1509301502.9048927,41517
query,1509301502.9048972,1509301502.9824946,10096
query,1509301502.9824994,1509301503.052636,3766
query,1509301503.0526402,1509301503.2914524,41834
query,1509301503.291457,1509301503.3509111,4161
query,1509301503.3509161,1509301503.3938081,129
query,1509301503.3938127,1509301503.4108338,1
query,1509301503.4108388,1509301503.4867191,4280
query,1509301503.4867234,1509301503.5687134,12431
query,1509301503.5687172,1509301503.5992186,271
query,1509301503.599223,1509301503.7150254,18832
query,1509301503.7150297,1509301503.7675192,225
query,1509301503.7675245,1509301504.0682821,47492
query,1509301504.0682867,1509301504.2306201,28301
query,1509301504.2306252,1509301504.4433217,36472
query,1509301504.443326,1509301504.582021,29765
query,1509301504.5820253,1509301504.662918,11658
query,1509301504.6629224,1509301504.9066298,40761
query,1509301504.9066348,1509301504.9582174,3106
query,1509301504.9582584,1509301505.2665703,44458
query,1509301505.2804594,1509301505.320172,3615
query,1509301505.320177,1509301505.368916,3607
query,1509301505.3689213,1509301505.6042626,30365
query,1509301505.6042666,1509301505.8099093,31306
query,1509301505.8099134,1509301505.8222094,1
query,1509301505.8222136,1509301505.8382237,2
query,1509301505.8382275,1509301505.8675125,41
query,1509301505.8675163,1509301505.9457705,6954
query,1509301505.9457755,1509301505.99595,1096
query,1509301505.9959545,1509301506.1440256,29318
query,1509301506.1440303,1509301506.356007,33620
query,1509301506.3560164,1509301506.7096016,46585
query,1509301506.7096076,1509301506.900074,33561
query,1509301506.9000788,1509301507.0812984,27904
query,1509301507.081303,1509301507.1778126,16899
query,1509301507.1778173,1509301507.2763495,20738
query,1509301507.2763548,1509301507.3075645,1645
query,1509301507.3075697,1509301507.5144022,35194
query,1509301507.514407,1509301507.7061965,36386
query,1509301507.7062488,1509301507.7909253,9798
query,1509301507.8032796,1509301507.9355664,18296
query,1509301507.9355707,1509301508.2316284,46556
query,1509301508.2316325,1509301508.4726326,39686
query,1509301508.4726362,1509301508.5846362,22035
query,1509301508.584641,1509301508.6099656,1091
query,1509301508.6099699,1509301508.6525986,6213
query,1509301508.6526027,1509301508.7323694,7462
query,1509301508.732374,1509301508.9174728,38758
query,1509301508.9174771,1509301509.0150785,19711
query,1509301509.0150826,1509301509.2789536,39905
query,1509301509.2789578,1509301509.3331761,2006
query,1509301509.3331816,1509301509.578292,35136
query,1509301509.578297,1509301509.8073554,30976
query,1509301509.8073595,1509301509.8750238,4188
query,1509301509.8750281,1509301510.1511917,49191
query,1509301510.151196,1509301510.2973263,30064
query,1509301510.2973306,1509301510.4923692,20537
query,1509301510.4923732,1509301510.7123415,43847
query,1509301510.7123454,1509301510.8184807,13006
query,1509301510.8185215,1509301510.8616173,1
query,1509301510.864368,1509301510.9954696,22757
query,1509301510.9954748,1509301511.2536113,42085
query,1509301511.2536159,1509301511.3073456,571
query,1509301511.3073504,1509301511.4073527,10319
query,1509301511.407357,1509301511.591001,32484
query,1509301511.5910056,1509301511.8547513,42498
query,1509301511.8547556,1509301512.077525,29559
query,1509301512.0775304,1509301512.338467,36765
query,1509301512.33847,1509301512.4198048,6520
query,1509301512.41981,1509301512.4996438,4411
query,1509301512.499648,1509301512.588653,6371
query,1509301512.5886571,1509301512.7242613,16828
query,1509301512.724265,1509301512.7675912,134
query,1509301512.7675958,1509301512.9519463,20517
query,1509301512.9519508,1509301513.0174308,3871
query,1509301513.0174367,1509301513.0841465,4725
query,1509301513.0841506,1509301513.3161528,42243
query,1509301513.3161578,1509301513.6130064,42717
query,1509301513.613012,1509301513.7342505,4201
query,1509301513.734305,1509301513.8825364,12694
query,1509301513.8948777,1509301514.0510447,13343
query,1509301514.0510492,1509301514.2790544,30711
query,1509301514.2790592,1509301514.3544965,7243
query,1509301514.3545012,1509301514.5544834,29409
query,1509301514.5544872,1509301514.5970795,501
query,1509301514.5970845,1509301514.6675296,7837
query,1509301514.6675336,1509301514.8736808,36905
query,1509301514.8736851,1509301514.9504085,5253
query,1509301514.9504132,1509301515.0427508,6957
query,1509301515.042756,1509301515.0903797,3052
query,1509301515.0903838,1509301515.4280932,40941
query,1509301515.4280975,1509301515.5383313,13116
query,1509301515.5383358,1509301515.773297,38734
query,1509301515.7733014,1509301515.806764,2881
query,1509301515.8067684,1509301515.9374187,18723
query,1509301515.9374232,1509301515.9942179,492
query,1509301515.9942222,1509301516.0293343,56
query,1509301516.0293386,1509301516.1924021,28392
query,1509301516.1924062,1509301516.4949853,56523
query,1509301516.4950292,1509301516.6345644,17285
query,1509301516.6471987,1509301516.7010164,1730
query,1509301516.701021,1509301516.7326722,179
query,1509301516.732706,1509301516.9291492,35772
query,1509301516.9291542,1509301516.9404576,0
query,1509301516.9404614,1509301517.038853,10392
query,1509301517.0388575,1509301517.1982064,35295
query,1509301517.198212,1509301517.3652031,32145
query,1509301517.3652081,1509301517.5361986,32228
query,1509301517.5362027,1509301517.5941038,6704
query,1509301517.5941079,1509301517.7067087,20537
query,1509301517.7067132,1509301517.8079789,14553
query,1509301517.8079832,1509301517.93022,26125
query,1509301517.9302237,1509301518.1639404,41839
query,1509301518.1639445,1509301518.329288,23689
query,1509301518.329292,1509301518.567389,45758
query,1509301518.567394,1509301518.7018518,26158
query,1509301518.7018564,1509301518.832907,29361
query,1509301518.832913,1509301519.0207307,42301
query,1509301519.020736,1509301519.1665118,37489
query,1509301519.166556,1509301519.2623265,8390
query,1509301519.2756298,1509301519.3475058,10057
query,1509301519.3475103,1509301519.481055,30676
query,1509301519.4810593,1509301519.533821,6590
query,1509301519.5338256,1509301519.7670727,46917
query,1509301519.7670772,1509301519.8143847,74
query,1509301519.8143885,1509301520.0534792,31866
query,1509301520.0534835,1509301520.1633146,9920
query,1509301520.1633189,1509301520.3336508,24642
query,1509301520.333655,1509301520.3903708,5244
query,1509301520.3903754,1509301520.4474254,4092
query,1509301520.4474308,1509301520.5087593,3870
query,1509301520.5087638,1509301520.6432588,22713
query,1509301520.643264,1509301520.8654125,47770
query,1509301520.8654172,1509301521.0130925,29432
query,1509301521.0130966,1509301521.1329477,11663
query,1509301521.1329532,1509301521.302203,36324
query,1509301521.3022075,1509301521.569121,48346
query,1509301521.5691252,1509301521.6377375,8825
query,1509301521.637742,1509301521.8549159,40796
query,1509301521.8549562,1509301522.0505433,35258
query,1509301522.062751,1509301522.239106,31282
query,1509301522.2391102,1509301522.4579296,40695
query,1509301522.4579337,1509301522.512739,4103
query,1509301522.5127435,1509301522.787428,59051
query,1509301522.7874322,1509301522.8341858,7
query,1509301522.83419,1509301523.0680463,33969
query,1509301523.0680513,1509301523.263641,40576
query,1509301523.2636456,1509301523.27208,0
query,1509301523.2720835,1509301523.5108173,48644
query,1509301523.510821,1509301523.586755,9959
query,1509301523.5867608,1509301523.8014183,43452
query,1509301523.8014226,1509301523.8765907,15727
query,1509301523.8765945,1509301524.0333796,31944
query,1509301524.0333836,1509301524.0577435,22
query,1509301524.0577474,1509301524.1182036,5693
query,1509301524.1182077,1509301524.3175783,41496
query,1509301524.3175838,1509301524.3979104,11775
query,1509301524.3979144,1509301524.528111,26544
query,1509301524.528116,1509301524.6944382,32638
query,1509301524.6944807,1509301524.9026926,34006
query,1509301524.916171,1509301525.1491141,42287
query,1509301525.1491187,1509301525.2112277,4216
query,1509301525.211232,1509301525.4334311,37401
query,1509301525.433435,1509301525.5962975,31214
query,1509301525.596301,1509301525.6045442,0
query,1509301525.6045487,1509301525.6391213,4184
query,1509301525.6391246,1509301525.7769442,25193
query,1509301525.7769487,1509301525.9801497,35437
query,1509301525.9801538,1509301526.2443626,54370
query,1509301526.2443666,1509301526.324424,13156
query,1509301526.3244286,1509301526.5416393,43047
query,1509301526.5416436,1509301526.5533562,1
query,1509301526.5533602,1509301526.6245708,14498
query,1509301526.6245759,1509301526.7132773,14894
query,1509301526.7132814,1509301526.7775412,8933
query,1509301526.777546,1509301526.964335,20517
query,1509301526.9643395,1509301527.051896,8698
query,1509301527.0519006,1509301527.0932934,3229
query,1509301527.0932977,1509301527.1725116,15846
query,1509301527.1725497,1509301527.424181,42249
query,1509301527.4371698,1509301527.470162,2014
query,1509301527.470166,1509301527.4778032,0
query,1509301527.477807,1509301527.6952722,48523
query,1509301527.6952765,1509301527.7382636,5736
query,1509301527.7382674,1509301527.8877864,19996
query,1509301527.8877912,1509301528.1195898,48503
query,1509301528.1195939,1509301528.2013617,11956
query,1509301528.2013652,1509301528.2941732,13251
query,1509301528.294177,1509301528.4024794,18700
query,1509301528.4024842,1509301528.5099115,17968
query,1509301528.5099158,1509301528.5690286,3018
query,1509301528.569033,1509301528.8118143,35814
query,1509301528.8118184,1509301528.8628905,2712
query,1509301528.862895,1509301529.1036608,38220
query,1509301529.1036654,1509301529.11259,0
query,1509301529.112595,1509301529.2488873,19348
query,1509301529.248892,1509301529.379319,23252
query,1509301529.3793235,1509301529.4212155,2009
query,1509301529.4212198,1509301529.4871998,5081
query,1509301529.487242,1509301529.553949,1750
query,1509301529.566853,1509301529.6298532,3201
query,1509301529.6298578,1509301529.891805,40601
query,1509301529.891809,1509301530.163297,43487
query,1509301530.1633015,1509301530.4627202,42190
query,1509301530.4627242,1509301530.5732698,16947
query,1509301530.5732749,1509301530.743717,26345
query,1509301530.743721,1509301530.8709395,29987
query,1509301530.8709438,1509301530.8803606,0
query,1509301530.880364,1509301531.0431232,29301
query,1509301531.0431275,1509301531.1805298,29345
query,1509301531.180535,1509301531.4353037,49472
query,1509301531.435308,1509301531.4789274,5913
query,1509301531.4789314,1509301531.7515843,54837
query,1509301531.7515886,1509301531.9348996,35472
query,1509301531.9349046,1509301532.074188,30774
query,1509301532.0741923,1509301532.1255946,9940
query,1509301532.1255987,1509301532.1338475,0
query,1509301532.1338515,1509301532.2338014,16274
query,1509301532.2338057,1509301532.3653955,22912
query,1509301532.3654342,1509301532.4728384,10424
query,1509301532.4860723,1509301532.5482066,7463
query,1509301532.5482106,1509301532.6208432,12688
query,1509301532.6208477,1509301532.685639,7951
query,1509301532.6856434,1509301532.942538,42468
query,1509301532.9425428,1509301532.9832218,12
query,1509301532.9832273,1509301533.1522653,32547
query,1509301533.1522694,1509301533.3778005,36739
query,1509301533.377805,1509301533.4072614,369
query,1509301533.407266,1509301533.6113052,34133
query,1509301533.6113098,1509301533.8695793,42336
query,1509301533.8695834,1509301533.959296,16374
query,1509301533.9593012,1509301534.2376623,39248
query,1509301534.2376668,1509301534.3677573,28924
query,1509301534.3677619,1509301534.604343,41547
query,1509301534.6043475,1509301534.6553335,7677
query,1509301534.6553378,1509301534.6869137,64
query,1509301534.6869173,1509301534.7887404,15665
query,1509301534.7887447,1509301534.8262086,933
query,1509301534.8262122,1509301534.8570285,1789
query,1509301534.8570695,1509301535.121847,52552
query,1509301535.1344762,1509301535.24854,20367
query,1509301535.2485454,1509301535.4089777,38848
query,1509301535.4089823,1509301535.4509177,7
query,1509301535.450922,1509301535.5077002,2907
query,1509301535.507705,1509301535.588204,10001
query,1509301535.5882084,1509301535.697719,17334
query,1509301535.6977236,1509301535.77487,9097
query,1509301535.774874,1509301535.854664,11804
query,1509301535.8546681,1509301535.959098,14211
query,1509301535.9591024,1509301536.107361,31184
query,1509301536.1073658,1509301536.2045264,20655
query,1509301536.2045307,1509301536.3475292,31416
query,1509301536.3475342,1509301536.590381,31938
query,1509301536.5903854,1509301536.6954,4201
query,1509301536.6954048,1509301536.8591151,26412
query,1509301536.8591204,1509301536.88703,461
query,1509301536.8870342,1509301537.077083,42424
query,1509301537.0770872,1509301537.2360847,22897
query,1509301537.236089,1509301537.4673245,41632
