tables,1508934691.553579,1508937998.548317
query,1508937998.548928,1508937998.9278507,1443
query,1508937998.9417713,1508937999.2490754,4068
query,1508937999.24908,1508937999.5104303,5500
query,1508937999.5104344,1508937999.6172235,1251
query,1508937999.6172273,1508937999.6784718,448
query,1508937999.6784756,1508937999.8444197,5289
query,1508937999.844423,1508937999.8939912,113
query,1508937999.8939948,1508937999.9464378,273
query,1508937999.9464412,1508937999.9982386,1588
query,1508937999.9982424,1508938000.0300715,453
query,1508938000.0300756,1508938000.6274836,1618
query,1508938000.6274874,1508938000.7338138,2980
query,1508938000.7338178,1508938000.9620547,1674
query,1508938000.9620593,1508938001.1396725,4931
query,1508938001.139676,1508938001.1682274,1400
query,1508938001.168232,1508938001.304033,2909
query,1508938001.3040369,1508938001.355155,101
query,1508938001.3551579,1508938001.6425734,1601
query,1508938001.6425776,1508938001.6921105,431
query,1508938001.6921148,1508938001.9339032,165
query,1508938001.9339497,1508938001.9789634,1794
query,1508938001.9915154,1508938002.1892266,3585
query,1508938002.1892304,1508938002.2599363,316
query,1508938002.2599401,1508938002.4993467,5887
query,1508938002.4993513,1508938002.5470855,1022
query,1508938002.5470893,1508938002.8756676,1680
query,1508938002.8756719,1508938003.1102614,1223
query,1508938003.1102655,1508938003.3117962,76
query,1508938003.3118002,1508938003.5957124,1620
query,1508938003.5957162,1508938003.7398932,552
query,1508938003.7398977,1508938003.7724857,651
query,1508938003.7724895,1508938003.8232975,159
query,1508938003.8233016,1508938004.2588282,9074
query,1508938004.2588332,1508938004.311411,1072
query,1508938004.3114152,1508938004.6640534,9757
query,1508938004.6640582,1508938004.8752744,5071
query,1508938004.8752792,1508938004.9306874,4
query,1508938004.9306922,1508938005.0304768,2698
query,1508938005.030482,1508938005.2287114,5128
query,1508938005.2287166,1508938005.3410926,5799
query,1508938005.341143,1508938005.589467,10850
query,1508938005.6063113,1508938005.919686,10714
query,1508938005.9196906,1508938006.148502,11682
query,1508938006.1485074,1508938006.6543903,9905
query,1508938006.6543946,1508938006.736277,1169
query,1508938006.7362816,1508938006.9601793,7322
query,1508938006.9601836,1508938007.286048,9374
query,1508938007.2860525,1508938007.932853,20684
query,1508938007.9328578,1508938007.95927,6
query,1508938007.9592745,1508938008.0046275,12
query,1508938008.0046318,1508938008.2198694,12836
query,1508938008.2198746,1508938008.2571023,0
query,1508938008.257108,1508938008.847735,23342
query,1508938008.8477395,1508938008.9698184,6441
query,1508938008.969823,1508938009.0266104,1496
query,1508938009.0266147,1508938009.1608286,8780
query,1508938009.1608331,1508938009.3252523,6149
query,1508938009.3252566,1508938009.474058,7243
query,1508938009.4740627,1508938009.6239517,5172
query,1508938009.6239576,1508938009.6591692,326
query,1508938009.6592147,1508938009.7153416,2
query,1508938009.732106,1508938009.838033,7546
query,1508938009.8380377,1508938010.420597,23017
query,1508938010.4206014,1508938010.6256006,13012
query,1508938010.625605,1508938010.6624599,375
query,1508938010.6624641,1508938010.775303,3156
query,1508938010.775308,1508938010.9245212,10921
query,1508938010.9245255,1508938011.2201202,11903
query,1508938011.2201247,1508938011.3765328,8852
query,1508938011.3765373,1508938011.4557881,3925
query,1508938011.455793,1508938011.597069,8477
query,1508938011.5970736,1508938011.8896725,12566
query,1508938011.8896773,1508938011.90875,4
query,1508938011.9087539,1508938012.0041652,3672
query,1508938012.00417,1508938012.135063,5294
query,1508938012.1350672,1508938012.1781323,2740
query,1508938012.1781366,1508938012.2040515,1
query,1508938012.2040555,1508938012.2468896,2280
query,1508938012.2468934,1508938012.3182306,3002
query,1508938012.318235,1508938012.3741393,761
query,1508938012.3741858,1508938012.5528662,12467
query,1508938012.5688446,1508938012.5971394,830
query,1508938012.597144,1508938012.668213,2623
query,1508938012.6682167,1508938012.7301614,44
query,1508938012.7301655,1508938012.8395536,8758
query,1508938012.8395572,1508938012.8999815,184
query,1508938012.8999856,1508938012.935912,0
query,1508938012.9359162,1508938013.2364109,6648
query,1508938013.2364154,1508938013.2947788,164
query,1508938013.294783,1508938013.3625166,1304
query,1508938013.3625205,1508938013.541443,11179
query,1508938013.541447,1508938013.5921087,1261
query,1508938013.5921123,1508938013.6501231,1628
query,1508938013.650127,1508938013.717277,1978
query,1508938013.7172806,1508938013.7660747,75
query,1508938013.7660782,1508938013.8527792,2647
query,1508938013.8528438,1508938013.9561741,3632
query,1508938013.9561782,1508938014.1324897,8832
query,1508938014.1324947,1508938014.2826982,9541
query,1508938014.2827027,1508938014.5165594,12060
query,1508938014.516611,1508938014.5458832,11
query,1508938014.5618858,1508938014.701879,5147
query,1508938014.7018836,1508938014.8575995,6858
query,1508938014.8576035,1508938014.9074223,888
query,1508938014.907426,1508938015.0414345,11915
query,1508938015.0414383,1508938015.2338355,5442
query,1508938015.2338395,1508938015.479911,9245
query,1508938015.4799154,1508938015.5711243,3073
query,1508938015.5711288,1508938015.6339636,309
query,1508938015.6339674,1508938016.0994709,22547
query,1508938016.0994751,1508938016.1927361,633
query,1508938016.1927404,1508938016.25452,1948
query,1508938016.2545238,1508938016.2886298,995
query,1508938016.288634,1508938016.3532755,1623
query,1508938016.3532794,1508938016.5269022,6136
query,1508938016.526907,1508938016.59045,779
query,1508938016.590454,1508938016.7039907,3212
query,1508938016.7039948,1508938017.1674633,20596
query,1508938017.1674676,1508938017.2193916,1816
query,1508938017.2193959,1508938017.267441,562
query,1508938017.267485,1508938017.3166506,391
query,1508938017.330122,1508938017.4287264,3244
query,1508938017.4287305,1508938017.7567198,18417
query,1508938017.756724,1508938017.8091128,69
query,1508938017.8091161,1508938017.9860826,2433
query,1508938017.9860873,1508938018.1987274,12783
query,1508938018.1987312,1508938018.2286801,1990
query,1508938018.2286842,1508938018.7247462,13011
query,1508938018.72475,1508938018.7557673,494
query,1508938018.7557714,1508938019.0269911,17730
query,1508938019.0269952,1508938019.190828,14487
query,1508938019.1908324,1508938019.4474435,7247
query,1508938019.4474473,1508938019.5189588,868
query,1508938019.5189636,1508938019.6133785,1112
query,1508938019.6133828,1508938020.1931765,22875
query,1508938020.1931806,1508938020.2420719,20
query,1508938020.242076,1508938020.3638628,2853
query,1508938020.363868,1508938020.4883971,7797
query,1508938020.488402,1508938020.5525985,178
query,1508938020.5526025,1508938020.6782377,3400
query,1508938020.6782742,1508938020.8170958,2893
query,1508938020.8291607,1508938020.9573567,6184
query,1508938020.9573605,1508938021.1818933,4795
query,1508938021.1818972,1508938021.485697,3450
query,1508938021.4857006,1508938021.6949918,13395
query,1508938021.6949959,1508938022.2432613,14627
query,1508938022.2432654,1508938022.4472737,12011
query,1508938022.4472778,1508938022.4800975,1442
query,1508938022.480101,1508938023.0157535,20491
query,1508938023.0157568,1508938023.1230683,4311
query,1508938023.123072,1508938023.2233267,4099
query,1508938023.2233312,1508938023.2491465,0
query,1508938023.24915,1508938023.3517535,9634
query,1508938023.3517573,1508938023.4106526,296
query,1508938023.4106565,1508938023.4428349,32
query,1508938023.4428394,1508938023.4764373,482
query,1508938023.4764411,1508938023.5899508,9096
query,1508938023.5899549,1508938023.7545137,11621
query,1508938023.7545176,1508938024.2951727,23448
query,1508938024.2951765,1508938024.542499,14162
query,1508938024.5425355,1508938024.6301603,2739
query,1508938024.6421125,1508938024.7372103,5569
query,1508938024.7372148,1508938024.8789442,5504
query,1508938024.878948,1508938024.9273846,2412
query,1508938024.9273884,1508938025.0096266,2201
query,1508938025.0096304,1508938025.0890365,5007
query,1508938025.08904,1508938025.2004201,7131
query,1508938025.2004237,1508938025.775339,18615
query,1508938025.775343,1508938025.8690264,3663
query,1508938025.8690302,1508938025.9093647,261
query,1508938025.9093678,1508938026.1547077,17336
query,1508938026.1547105,1508938026.2320025,3090
query,1508938026.2320068,1508938026.297004,4693
query,1508938026.2970078,1508938026.5902832,7936
query,1508938026.5902874,1508938026.93834,18817
query,1508938026.938344,1508938027.234097,14093
query,1508938027.2341003,1508938027.2658584,1278
query,1508938027.2658625,1508938027.302405,80
query,1508938027.3024085,1508938027.4498363,14374
query,1508938027.4498403,1508938027.6020708,9655
query,1508938027.6021051,1508938027.64175,1969
query,1508938027.653915,1508938027.7765222,4632
query,1508938027.7765257,1508938027.8900592,9904
query,1508938027.8900633,1508938028.1686518,18065
query,1508938028.1686559,1508938028.4454606,12292
query,1508938028.4454641,1508938028.5791996,5804
query,1508938028.579229,1508938028.6435788,1075
query,1508938028.643583,1508938028.6983683,6
query,1508938028.6983721,1508938028.7758777,181
query,1508938028.7758818,1508938029.065587,14524
query,1508938029.065591,1508938029.1152534,804
query,1508938029.1152573,1508938029.2210357,2654
query,1508938029.2210393,1508938029.251638,5
query,1508938029.251641,1508938029.4167051,8431
query,1508938029.4167085,1508938029.4559252,3
query,1508938029.4559293,1508938029.7277594,9777
query,1508938029.727763,1508938029.9854305,7540
query,1508938029.9854345,1508938030.0634747,1294
query,1508938030.0634785,1508938030.3430343,14509
query,1508938030.343038,1508938030.7561913,15010
query,1508938030.7562294,1508938030.8357244,2536
query,1508938030.8478913,1508938030.8985286,54
query,1508938030.8985322,1508938031.1263368,5483
query,1508938031.1263402,1508938031.2374592,5561
query,1508938031.2374635,1508938031.4172816,12081
query,1508938031.4172854,1508938031.5643132,4911
query,1508938031.5643165,1508938031.9012055,11104
query,1508938031.9012094,1508938031.9555016,1772
query,1508938031.9555058,1508938031.9776647,0
query,1508938031.9776685,1508938032.0869257,5093
query,1508938032.0869303,1508938032.132718,285
query,1508938032.1327217,1508938032.2806473,5235
query,1508938032.2806518,1508938032.6341655,13683
query,1508938032.6341698,1508938032.714697,1379
query,1508938032.7147007,1508938032.7788415,1558
query,1508938032.778846,1508938033.026534,6540
query,1508938033.026539,1508938033.0866063,571
query,1508938033.0866106,1508938033.2134209,5097
query,1508938033.2134254,1508938033.3266053,7844
query,1508938033.32661,1508938033.4093945,2194
query,1508938033.4094546,1508938033.542644,14900
query,1508938033.558805,1508938033.598928,1102
query,1508938033.598932,1508938033.6823885,3462
query,1508938033.6823928,1508938033.7594328,1685
query,1508938033.759437,1508938033.8742216,8247
query,1508938033.874226,1508938034.3746412,19253
query,1508938034.374647,1508938034.6047106,17506
query,1508938034.604715,1508938034.9748826,12396
query,1508938034.9748874,1508938035.0109441,880
query,1508938035.0109484,1508938035.0325358,0
query,1508938035.0325396,1508938035.1675868,5014
query,1508938035.1675913,1508938035.3464746,12175
query,1508938035.3464801,1508938035.4853246,11866
query,1508938035.4853292,1508938035.6516984,12036
query,1508938035.651703,1508938035.9065907,5379
query,1508938035.9065952,1508938035.9399354,0
query,1508938035.9399397,1508938036.3059385,13757
query,1508938036.305943,1508938036.7056062,14889
query,1508938036.7056103,1508938036.7463088,12
query,1508938036.7463126,1508938036.7989023,2115
query,1508938036.7990108,1508938036.9945312,8608
query,1508938037.006533,1508938037.4082348,18710
query,1508938037.4082394,1508938037.4847293,2204
query,1508938037.4847343,1508938037.7905338,13271
query,1508938037.7905385,1508938038.4064395,22933
query,1508938038.406444,1508938038.6716595,17447
query,1508938038.6716638,1508938038.8205261,7745
query,1508938038.8205304,1508938038.8288522,0
query,1508938038.8288558,1508938038.8555326,322
query,1508938038.8555362,1508938039.0294538,9476
query,1508938039.0294576,1508938039.0655491,1007
query,1508938039.0655532,1508938039.1033683,10
query,1508938039.103372,1508938039.379551,12783
query,1508938039.3795552,1508938039.41774,873
query,1508938039.4177444,1508938039.6612036,11991
query,1508938039.6612074,1508938039.834441,8424
query,1508938039.8344445,1508938040.09788,13885
query,1508938040.0978844,1508938040.129705,1
query,1508938040.1297085,1508938040.1803267,0
query,1508938040.1803308,1508938040.2479742,2697
query,1508938040.2480319,1508938040.6648405,19625
query,1508938040.677547,1508938040.7345185,616
query,1508938040.7345223,1508938040.7577465,0
query,1508938040.75775,1508938040.8877017,6677
query,1508938040.8877056,1508938041.1474037,14560
query,1508938041.1474085,1508938041.2236652,3974
query,1508938041.2236693,1508938041.2342703,0
query,1508938041.2342746,1508938041.2827518,548
query,1508938041.282756,1508938041.6412628,12262
query,1508938041.6412668,1508938041.698131,6
query,1508938041.6981356,1508938041.7133105,0
query,1508938041.713314,1508938041.7644453,106
query,1508938041.7644498,1508938041.7870266,1
query,1508938041.7870305,1508938041.8717985,3200
query,1508938041.8718028,1508938042.2206686,7528
query,1508938042.2206724,1508938042.7149913,18535
query,1508938042.714996,1508938042.7702184,1868
query,1508938042.7702231,1508938042.953798,12610
query,1508938042.9538026,1508938043.001292,161
query,1508938043.0012965,1508938043.2190533,7948
query,1508938043.2191005,1508938043.3042743,518
query,1508938043.3206267,1508938043.9150143,19820
query,1508938043.9150193,1508938043.9862888,2623
query,1508938043.9862928,1508938044.0483043,2727
query,1508938044.0483086,1508938044.113663,2695
query,1508938044.113668,1508938044.1865957,2692
query,1508938044.1866004,1508938044.2654095,6534
query,1508938044.2654154,1508938044.446954,6617
query,1508938044.446959,1508938044.5900733,4140
query,1508938044.590078,1508938044.654714,115
query,1508938044.6547189,1508938044.8289847,4928
query,1508938044.8289895,1508938045.112219,15199
query,1508938045.1122234,1508938045.5886822,18790
query,1508938045.5886862,1508938045.621675,582
query,1508938045.6216786,1508938045.63296,0
query,1508938045.6329634,1508938045.728695,8210
query,1508938045.7286985,1508938045.7623386,3
query,1508938045.7623425,1508938045.8960183,5352
query,1508938045.896022,1508938046.157888,15606
query,1508938046.1578925,1508938046.3143523,9491
query,1508938046.31439,1508938046.3479314,650
query,1508938046.3599644,1508938046.4246633,3745
query,1508938046.4246674,1508938046.5404043,5081
query,1508938046.5404086,1508938046.6904147,11979
query,1508938046.6904192,1508938046.8609574,10172
query,1508938046.8609617,1508938046.8952525,454
query,1508938046.895256,1508938047.069394,8884
query,1508938047.069398,1508938047.1786532,5318
query,1508938047.1786575,1508938047.2887695,3252
query,1508938047.2887735,1508938047.620042,14956
query,1508938047.6200466,1508938047.6345377,1
query,1508938047.6345417,1508938047.7581506,11111
query,1508938047.7581544,1508938047.7705321,0
query,1508938047.7705362,1508938047.8491123,1955
query,1508938047.8491173,1508938048.2151747,17096
query,1508938048.2151794,1508938048.2550664,960
query,1508938048.2550702,1508938048.598823,13093
query,1508938048.5988271,1508938048.7531059,8233
query,1508938048.7531095,1508938048.765704,1
query,1508938048.7657075,1508938048.8112733,1999
query,1508938048.8113148,1508938049.0272775,9523
query,1508938049.0450342,1508938049.0940514,635
query,1508938049.0940552,1508938049.5813172,15716
query,1508938049.5813212,1508938050.2798285,25098
query,1508938050.2798328,1508938050.3853712,3732
query,1508938050.3853753,1508938050.629771,9941
query,1508938050.629775,1508938051.0350628,16944
query,1508938051.0350664,1508938051.1166768,3002
query,1508938051.1166792,1508938051.2280915,6415
query,1508938051.228097,1508938051.5449724,17293
query,1508938051.5449765,1508938052.098628,19457
query,1508938052.098631,1508938052.6046689,18938
query,1508938052.604673,1508938052.681398,30
query,1508938052.681402,1508938052.7795491,6678
query,1508938052.779553,1508938052.9022682,3594
query,1508938052.9022722,1508938053.0641348,3440
query,1508938053.0641391,1508938053.1497595,239
query,1508938053.1497638,1508938053.2294228,4203
query,1508938053.2294273,1508938053.3124514,513
query,1508938053.312455,1508938053.6326077,12437
query,1508938053.6326804,1508938053.7355046,1998
query,1508938053.7490385,1508938054.3744574,21551
query,1508938054.3744624,1508938054.4721196,819
query,1508938054.472124,1508938054.5391195,13
query,1508938054.5391245,1508938054.9286127,11113
query,1508938054.928617,1508938055.039754,4933
query,1508938055.0397594,1508938055.0993207,2102
query,1508938055.0993247,1508938055.2132065,6219
query,1508938055.2132106,1508938055.2745464,3377
query,1508938055.2745504,1508938055.6553926,17155
query,1508938055.6553972,1508938056.056313,14028
query,1508938056.056317,1508938056.2107694,8497
query,1508938056.2107735,1508938056.3771594,12354
query,1508938056.3771636,1508938056.3993027,51
query,1508938056.3993065,1508938056.6441464,12635
query,1508938056.644151,1508938056.7933586,6162
query,1508938056.7933626,1508938056.8693643,3033
query,1508938056.8693686,1508938056.8977997,627
query,1508938056.8978035,1508938056.9174464,19
query,1508938056.91745,1508938056.9377882,18
query,1508938056.9378288,1508938057.2154746,12443
query,1508938057.229319,1508938057.6722617,18643
query,1508938057.6722658,1508938057.7081032,10
query,1508938057.7081075,1508938057.7587118,35
query,1508938057.7587156,1508938057.9079201,2028
query,1508938057.9079244,1508938058.2282004,9239
query,1508938058.228204,1508938058.3453984,5581
query,1508938058.345403,1508938058.4229279,3214
query,1508938058.4229317,1508938058.494028,2706
query,1508938058.4940321,1508938058.8490865,19067
query,1508938058.8490908,1508938059.006569,3155
query,1508938059.006573,1508938059.1506476,4846
query,1508938059.1506522,1508938059.1966958,1585
query,1508938059.1966994,1508938059.46213,12675
query,1508938059.4621346,1508938059.4994376,47
query,1508938059.4994419,1508938059.5611675,590
query,1508938059.5611718,1508938059.6676717,5942
query,1508938059.6676762,1508938059.9238071,9449
query,1508938059.9238112,1508938059.9389422,4
query,1508938059.9389455,1508938060.0085375,4020
query,1508938060.0085769,1508938060.0309372,1
query,1508938060.0366118,1508938060.0712023,1569
query,1508938060.0712068,1508938060.1091864,1182
query,1508938060.1091897,1508938060.322629,4699
query,1508938060.3226328,1508938060.8341804,22775
query,1508938060.834185,1508938060.9703782,3673
query,1508938060.9703827,1508938061.057249,268
query,1508938061.0572538,1508938061.2147443,4749
query,1508938061.2147486,1508938061.3578012,10600
query,1508938061.3578055,1508938061.416394,0
query,1508938061.4163978,1508938061.5817115,7003
query,1508938061.5817156,1508938061.622079,194
query,1508938061.6220832,1508938061.8049958,11470
query,1508938061.805,1508938062.0971413,7815
query,1508938062.097146,1508938062.322749,5182
query,1508938062.3227527,1508938062.5091026,5853
query,1508938062.509107,1508938062.7133067,12243
query,1508938062.713311,1508938062.779828,48
query,1508938062.779832,1508938062.853448,29
query,1508938062.8534522,1508938063.2485993,14075
query,1508938063.24864,1508938063.471469,12400
query,1508938063.484115,1508938063.568982,552
query,1508938063.568986,1508938063.7979944,10861
query,1508938063.7979984,1508938063.9674633,8362
query,1508938063.967467,1508938064.0275645,374
query,1508938064.027569,1508938064.4842017,18725
query,1508938064.484206,1508938064.5676277,6851
query,1508938064.567632,1508938064.587822,80
query,1508938064.5878265,1508938064.7230606,8280
query,1508938064.7230651,1508938065.0773308,14247
query,1508938065.0773351,1508938065.1540332,2499
query,1508938065.1540384,1508938065.542134,18993
query,1508938065.542138,1508938065.6216438,1975
query,1508938065.621649,1508938065.6608782,180
query,1508938065.6608822,1508938065.68587,2
query,1508938065.6858742,1508938066.1102026,22420
query,1508938066.1102068,1508938066.5020652,19301
query,1508938066.5020692,1508938066.5315244,279
query,1508938066.5315278,1508938066.6486628,6439
query,1508938066.648666,1508938066.6829615,6
query,1508938066.683001,1508938066.82021,6946
query,1508938066.833089,1508938066.8793328,824
query,1508938066.879336,1508938067.1805112,12012
query,1508938067.180516,1508938067.339649,7490
query,1508938067.3396533,1508938067.4025028,546
query,1508938067.4025068,1508938067.9305494,14542
query,1508938067.930554,1508938068.1758518,11135
query,1508938068.1758556,1508938068.2821167,4548
query,1508938068.2821205,1508938068.3973577,2920
query,1508938068.3973618,1508938068.4725642,77
query,1508938068.4725685,1508938068.5269487,656
query,1508938068.526953,1508938068.590992,565
query,1508938068.5909956,1508938068.7651644,12077
query,1508938068.7651684,1508938068.9325368,8311
query,1508938068.9325411,1508938069.1194587,11667
query,1508938069.119463,1508938069.151797,120
query,1508938069.1518013,1508938069.1775582,6
query,1508938069.177562,1508938069.6364102,11897
query,1508938069.6364143,1508938069.6758413,123
query,1508938069.6758459,1508938069.7622764,226
query,1508938069.7623172,1508938070.1366053,13577
query,1508938070.1492958,1508938070.212349,3149
query,1508938070.2123532,1508938070.25723,1557
query,1508938070.257234,1508938070.3478384,5670
query,1508938070.3478427,1508938070.3874705,967
query,1508938070.3874753,1508938070.4842935,3571
query,1508938070.484298,1508938070.5542798,799
query,1508938070.5542836,1508938070.7122078,16901
query,1508938070.7122126,1508938070.784651,6065
query,1508938070.7846549,1508938070.8843427,7704
query,1508938070.8843465,1508938071.1324196,7648
query,1508938071.1324239,1508938071.175728,256
query,1508938071.1757314,1508938071.5822623,18560
query,1508938071.582266,1508938071.6255193,90
query,1508938071.6255238,1508938071.9030201,17662
query,1508938071.9030242,1508938072.4265037,25140
query,1508938072.4265082,1508938072.8007605,18555
query,1508938072.8007646,1508938073.1516774,18922
query,1508938073.1516812,1508938073.1728978,2
query,1508938073.1729019,1508938073.2770646,3512
query,1508938073.2771046,1508938073.4283624,7591
query,1508938073.4406917,1508938073.5408616,4768
query,1508938073.5408666,1508938073.5766456,709
query,1508938073.57665,1508938073.6714103,5990
query,1508938073.6714137,1508938073.745419,3871
query,1508938073.7454233,1508938074.0381005,23118
query,1508938074.038105,1508938074.4459612,23433
query,1508938074.4459643,1508938074.5872657,7507
query,1508938074.5872698,1508938074.6948657,3942
query,1508938074.6948702,1508938074.8440301,4131
query,1508938074.8440347,1508938074.939856,3480
query,1508938074.939861,1508938075.0847847,10432
query,1508938075.0848098,1508938075.1424892,1162
query,1508938075.1424932,1508938075.4570765,11958
query,1508938075.4570813,1508938075.5025275,1507
query,1508938075.5025315,1508938075.5541632,2706
query,1508938075.554167,1508938075.6788337,5148
query,1508938075.6788375,1508938075.75617,2236
query,1508938075.7561738,1508938075.9230244,7955
query,1508938075.9230292,1508938076.0783887,9022
query,1508938076.0784304,1508938076.355756,23182
query,1508938076.3681848,1508938076.6381652,11508
query,1508938076.63817,1508938076.8229096,4875
query,1508938076.8229136,1508938076.8740683,1750
query,1508938076.8740716,1508938077.0304008,5538
query,1508938077.0304043,1508938077.0862749,1239
query,1508938077.0862784,1508938077.1659634,15
query,1508938077.165967,1508938077.2717113,6322
query,1508938077.2717152,1508938077.542194,10867
query,1508938077.5421977,1508938077.5910609,693
query,1508938077.5910647,1508938077.892356,10613
query,1508938077.89236,1508938078.005353,3195
query,1508938078.0053566,1508938078.4433272,15432
query,1508938078.4433315,1508938078.464781,6
query,1508938078.4647849,1508938078.5225983,832
query,1508938078.5226023,1508938078.8907025,13536
query,1508938078.8907068,1508938078.964327,1138
query,1508938078.9643314,1508938079.1931424,8840
query,1508938079.193147,1508938079.4108245,16199
query,1508938079.4108286,1508938079.7418983,15167
query,1508938079.7419345,1508938079.795366,1
query,1508938079.8000464,1508938080.0733914,18278
query,1508938080.0733955,1508938080.1180978,806
query,1508938080.1181014,1508938080.2535803,363
query,1508938080.2535844,1508938080.3628635,6685
query,1508938080.362867,1508938080.4522903,5800
query,1508938080.4522943,1508938080.8053958,9948
query,1508938080.8053994,1508938080.847612,1835
query,1508938080.847615,1508938081.153784,14535
query,1508938081.1537883,1508938081.218364,2991
query,1508938081.2183678,1508938081.5283875,15316
query,1508938081.5283916,1508938081.7743142,9359
query,1508938081.774318,1508938081.8093715,75
query,1508938081.809375,1508938081.8401012,861
query,1508938081.840104,1508938081.8791044,1145
query,1508938081.8791075,1508938082.4233043,25346
query,1508938082.4233086,1508938082.8926709,19175
query,1508938082.892675,1508938083.2011096,14481
query,1508938083.2011137,1508938083.251122,1075
query,1508938083.2511253,1508938083.4461205,7755
query,1508938083.4461691,1508938083.5202737,6
query,1508938083.5332267,1508938083.9124844,18792
query,1508938083.9124887,1508938084.153971,11966
query,1508938084.1539755,1508938084.192314,373
query,1508938084.192318,1508938084.465505,10163
query,1508938084.4655082,1508938084.4951556,231
query,1508938084.4951587,1508938084.6972601,7056
query,1508938084.697265,1508938084.7785342,1928
query,1508938084.7785382,1508938085.160372,14959
query,1508938085.1603763,1508938085.6859286,22559
query,1508938085.6859329,1508938085.9474976,18389
query,1508938085.9475014,1508938086.215487,12517
query,1508938086.215492,1508938086.2780085,49
query,1508938086.2780118,1508938086.5559237,14736
query,1508938086.5559275,1508938086.6142054,277
query,1508938086.614209,1508938086.712482,3155
query,1508938086.7124853,1508938086.7620466,2351
query,1508938086.7620504,1508938086.8178356,734
query,1508938086.8178394,1508938086.8761497,9
query,1508938086.8761532,1508938086.9808652,5917
query,1508938086.9809031,1508938087.0696647,2141
query,1508938087.0841548,1508938087.190274,9179
query,1508938087.1902776,1508938087.4657302,11082
query,1508938087.4657342,1508938087.6322646,4168
query,1508938087.632269,1508938087.6985734,1836
query,1508938087.6985781,1508938087.7204242,0
query,1508938087.720428,1508938088.02581,7071
query,1508938088.025814,1508938088.1653104,7051
query,1508938088.1653154,1508938088.5991988,13332
query,1508938088.5992033,1508938088.6298668,649
query,1508938088.6298707,1508938088.6655905,852
query,1508938088.6655939,1508938088.7261107,1160
query,1508938088.726115,1508938089.1820889,15063
query,1508938089.1820927,1508938089.5609462,18021
query,1508938089.5609503,1508938089.6143024,656
query,1508938089.6143062,1508938089.688618,1982
query,1508938089.688622,1508938089.847315,3441
query,1508938089.8473191,1508938090.1622386,11297
query,1508938090.162243,1508938090.311515,9111
query,1508938090.3115191,1508938090.3701854,469
query,1508938090.3702219,1508938090.4319649,116
query,1508938090.447251,1508938090.5982447,8847
query,1508938090.598249,1508938090.841021,9393
query,1508938090.8410256,1508938091.2652426,19096
query,1508938091.2652469,1508938091.3103087,2796
query,1508938091.310313,1508938091.4758332,7870
query,1508938091.475837,1508938091.5281937,365
query,1508938091.5281975,1508938091.9233441,18817
query,1508938091.9233508,1508938092.0944877,11313
query,1508938092.0944917,1508938092.247417,11430
query,1508938092.24742,1508938092.2986789,643
query,1508938092.2986817,1508938092.5297763,8886
query,1508938092.5297806,1508938092.712897,9994
query,1508938092.7129009,1508938092.8230405,6484
query,1508938092.8230445,1508938092.9920216,5621
query,1508938092.9920259,1508938093.2948303,10968
query,1508938093.2948344,1508938093.4745648,16705
query,1508938093.474569,1508938094.057068,20587
query,1508938094.0570726,1508938094.2880797,4831
query,1508938094.2880838,1508938094.323494,36
query,1508938094.323578,1508938094.3594327,134
query,1508938094.3719454,1508938094.3871691,2
query,1508938094.3871725,1508938094.4283087,1359
query,1508938094.4283123,1508938094.4675725,2168
query,1508938094.4675765,1508938094.5067232,597
query,1508938094.5067265,1508938094.5341642,943
query,1508938094.534168,1508938094.5923579,2594
query,1508938094.5923617,1508938094.7074993,8459
query,1508938094.707503,1508938094.7679217,2797
query,1508938094.7679265,1508938094.838251,7
query,1508938094.838255,1508938094.9667518,7090
query,1508938094.9667559,1508938095.097594,10584
query,1508938095.0975986,1508938095.1342845,5
query,1508938095.1342888,1508938095.5267148,16833
query,1508938095.5267193,1508938095.5596964,2032
query,1508938095.5597003,1508938095.6241167,110
query,1508938095.6241205,1508938095.8658185,14319
query,1508938095.865823,1508938095.9831765,10819
query,1508938095.98318,1508938096.1105149,7561
query,1508938096.110519,1508938096.285848,9948
query,1508938096.2859077,1508938096.3652453,3482
query,1508938096.3774006,1508938096.4197335,159
query,1508938096.4197369,1508938096.6093526,9469
query,1508938096.609357,1508938096.715771,7179
query,1508938096.7157745,1508938096.7956617,3324
query,1508938096.795665,1508938096.8538918,101
query,1508938096.8538952,1508938096.90871,1040
query,1508938096.9087133,1508938096.9874003,3519
query,1508938096.9874036,1508938097.0313065,16
query,1508938097.03131,1508938097.0639346,478
query,1508938097.0639381,1508938097.2878234,5809
query,1508938097.287828,1508938097.435379,7533
query,1508938097.4353826,1508938097.7712872,13988
query,1508938097.7712913,1508938097.9379501,5195
query,1508938097.9379542,1508938098.0687094,8306
query,1508938098.0687132,1508938098.117221,3
query,1508938098.117225,1508938098.5317428,15183
query,1508938098.5317473,1508938098.9504344,12297
query,1508938098.9504385,1508938099.2197056,18371
query,1508938099.2197094,1508938099.74459,3744
query,1508938099.7446373,1508938099.8784428,4846
query,1508938099.891568,1508938099.962919,950
query,1508938099.9629223,1508938100.2753994,13963
query,1508938100.2754033,1508938100.4906073,17113
query,1508938100.490611,1508938100.535856,0
query,1508938100.5358598,1508938100.9494026,12520
query,1508938100.9494064,1508938100.99277,804
query,1508938100.9927735,1508938101.1185267,6128
query,1508938101.1185303,1508938101.1738675,60
query,1508938101.1738713,1508938101.2663324,4642
query,1508938101.2663357,1508938101.3153334,1331
query,1508938101.3153374,1508938101.7549756,13298
query,1508938101.7549796,1508938102.485735,23399
query,1508938102.485739,1508938102.5053668,0
query,1508938102.505371,1508938102.5525053,5
query,1508938102.5525095,1508938102.804236,13285
query,1508938102.8042402,1508938102.9596422,11512
query,1508938102.9596465,1508938103.0780475,8762
query,1508938103.0780518,1508938103.0993445,518
query,1508938103.0993483,1508938103.140553,1846
query,1508938103.1405954,1508938103.4499848,9725
query,1508938103.4620938,1508938103.8069537,11040
query,1508938103.8069592,1508938103.935243,7029
query,1508938103.9352474,1508938104.2787752,13271
query,1508938104.2787795,1508938104.4540818,9906
query,1508938104.454086,1508938104.7218404,11252
query,1508938104.721848,1508938104.790266,2017
query,1508938104.7902699,1508938104.824359,870
query,1508938104.824363,1508938104.9451141,6597
query,1508938104.9451177,1508938105.2334273,10213
query,1508938105.2334318,1508938105.900297,23036
query,1508938105.9003022,1508938106.006582,2396
query,1508938106.0065856,1508938106.3005745,12282
query,1508938106.3005786,1508938106.7144933,14621
query,1508938106.7144973,1508938107.0709562,17770
query,1508938107.0709608,1508938107.4850163,11170
query,1508938107.4850206,1508938107.7123396,8824
query,1508938107.712344,1508938107.8775663,5331
query,1508938107.8775713,1508938107.9392495,150
query,1508938107.9392538,1508938108.2413566,18732
query,1508938108.2414331,1508938108.433433,4245
query,1508938108.446179,1508938108.7180555,14634
query,1508938108.7180595,1508938108.7779837,41
query,1508938108.7779877,1508938108.936073,5281
query,1508938108.9360776,1508938109.082356,15356
query,1508938109.0823603,1508938109.1963444,6894
query,1508938109.1963491,1508938109.4532156,14518
query,1508938109.45322,1508938109.7160518,10347
query,1508938109.716056,1508938109.972536,12573
query,1508938109.9725401,1508938110.3280554,18317
query,1508938110.3280597,1508938110.8105633,3593
query,1508938110.8105671,1508938110.858059,604
query,1508938110.858063,1508938110.936547,1628
query,1508938110.936551,1508938111.3208332,17943
query,1508938111.3208373,1508938111.3597062,3
query,1508938111.3597102,1508938111.7370534,15254
query,1508938111.7370574,1508938111.9186924,12666
query,1508938111.9186969,1508938112.3060617,16376
query,1508938112.3060658,1508938112.807427,22532
query,1508938112.8074305,1508938113.0304291,11460
query,1508938113.0304708,1508938113.4839497,19073
query,1508938113.4961262,1508938113.5417974,77
query,1508938113.541801,1508938113.58345,245
query,1508938113.5834537,1508938113.7714894,11450
query,1508938113.7714934,1508938113.9561036,14712
query,1508938113.9561079,1508938114.3276327,18920
query,1508938114.3276365,1508938114.532282,9319
query,1508938114.5322864,1508938114.5806384,681
query,1508938114.5806422,1508938114.6470327,1592
query,1508938114.6470363,1508938114.6870043,17
query,1508938114.687008,1508938115.1308029,19170
query,1508938115.1308072,1508938115.170254,2
query,1508938115.1702578,1508938115.212128,1127
query,1508938115.2121315,1508938115.425554,9483
query,1508938115.425558,1508938115.6537015,7826
query,1508938115.6537056,1508938116.1395571,19459
query,1508938116.139561,1508938116.2490754,10320
query,1508938116.2490795,1508938116.6354916,12253
query,1508938116.635512,1508938116.8426423,4521
query,1508938116.8426468,1508938117.082891,10454
query,1508938117.0829277,1508938117.630116,20518
query,1508938117.6456428,1508938117.6837623,698
query,1508938117.6837664,1508938117.9537065,17015
query,1508938117.9537106,1508938118.021409,972
query,1508938118.021413,1508938118.1852438,5530
query,1508938118.1852481,1508938118.3928227,10050
query,1508938118.3928273,1508938118.5465946,6523
query,1508938118.546599,1508938118.5916176,65
query,1508938118.5916214,1508938119.0006742,14564
query,1508938119.000678,1508938119.0951037,5141
query,1508938119.0951076,1508938119.1505735,2239
query,1508938119.150577,1508938119.5817122,20099
query,1508938119.581716,1508938119.7902884,8261
query,1508938119.7902937,1508938119.9116795,5007
query,1508938119.9116838,1508938119.938695,81
query,1508938119.938699,1508938119.972041,1572
query,1508938119.972045,1508938120.032527,1060
query,1508938120.03253,1508938120.1416326,6384
query,1508938120.1416364,1508938120.2945552,6980
query,1508938120.2945583,1508938120.5578802,12418
query,1508938120.5579188,1508938120.750498,12308
query,1508938120.7647498,1508938121.0271006,8955
query,1508938121.0271046,1508938121.274241,19408
query,1508938121.2742465,1508938121.5984774,13847
query,1508938121.5984812,1508938121.6943285,8250
query,1508938121.6943328,1508938121.7298248,150
query,1508938121.7298281,1508938121.784742,1041
query,1508938121.7847462,1508938121.9798737,11531
query,1508938121.9798777,1508938122.319175,18629
query,1508938122.3191795,1508938122.8442953,17748
query,1508938122.8442993,1508938123.314133,14912
query,1508938123.3141372,1508938123.4907265,6368
query,1508938123.4907303,1508938124.0245256,18117
query,1508938124.02453,1508938124.0676172,9
query,1508938124.0676215,1508938124.462915,14344
query,1508938124.4629192,1508938124.6746485,12121
query,1508938124.674654,1508938125.318812,16487
query,1508938125.3188171,1508938125.4802473,9607
query,1508938125.480252,1508938125.5323746,178
query,1508938125.5323787,1508938125.772537,12089
query,1508938125.7725773,1508938125.8162675,1960
query,1508938125.8310955,1508938126.0524337,13049
query,1508938126.052438,1508938126.198344,7254
query,1508938126.198348,1508938126.4006722,11753
query,1508938126.4006763,1508938126.4625032,1251
query,1508938126.4625075,1508938126.5799062,3511
query,1508938126.5799112,1508938127.040057,18236
query,1508938127.040061,1508938127.1550193,6108
query,1508938127.1550238,1508938127.601097,17279
query,1508938127.601101,1508938127.6557007,14
query,1508938127.6557045,1508938127.875718,17789
query,1508938127.8757222,1508938128.1250465,12418
query,1508938128.1250508,1508938128.1715045,12
query,1508938128.171509,1508938128.3643641,12761
query,1508938128.3643682,1508938128.4309366,11
query,1508938128.4309406,1508938128.4620633,78
query,1508938128.4620674,1508938128.7729928,18237
query,1508938128.7729971,1508938128.8156269,392
query,1508938128.8156307,1508938129.3641684,19012
query,1508938129.3641722,1508938129.7596772,11660
query,1508938129.759714,1508938129.9472892,12000
query,1508938129.96009,1508938130.008964,357
query,1508938130.008968,1508938130.086544,4081
query,1508938130.086548,1508938130.196303,6881
query,1508938130.1963072,1508938130.2289724,211
query,1508938130.2289762,1508938130.2668707,139
query,1508938130.2668743,1508938130.329838,3028
query,1508938130.329843,1508938130.8553526,22464
query,1508938130.8553574,1508938130.8765247,2
query,1508938130.876529,1508938130.9396544,198
query,1508938130.9396586,1508938130.9898784,211
query,1508938130.9898822,1508938131.3110971,17860
query,1508938131.3111017,1508938131.8852491,19780
query,1508938131.8852534,1508938132.0944865,7706
query,1508938132.0944905,1508938132.141868,801
query,1508938132.141872,1508938132.61875,15720
query,1508938132.6187546,1508938132.8956437,9529
query,1508938132.895648,1508938133.0392861,12027
query,1508938133.0392902,1508938133.107727,2984
query,1508938133.1077309,1508938133.3063843,11637
query,1508938133.3064291,1508938133.467997,4799
query,1508938133.481751,1508938133.7124834,8224
query,1508938133.7124875,1508938134.0440385,14895
query,1508938134.0440423,1508938134.0660324,1
query,1508938134.0660367,1508938134.5181081,12806
query,1508938134.5181122,1508938134.566409,237
query,1508938134.5664134,1508938134.7350507,5369
query,1508938134.7350545,1508938134.8973389,8319
query,1508938134.8973427,1508938135.5218472,15357
query,1508938135.521852,1508938135.7399187,9755
query,1508938135.7399237,1508938135.8021874,831
query,1508938135.802191,1508938135.8432071,1701
query,1508938135.843211,1508938136.1629145,12789
query,1508938136.1629183,1508938136.234285,1239
query,1508938136.2342892,1508938136.6977715,19272
query,1508938136.6977756,1508938137.0644734,13478
query,1508938137.0644772,1508938137.1876256,1497
query,1508938137.1876304,1508938137.2505932,346
query,1508938137.2505968,1508938137.502364,7219
query,1508938137.5023677,1508938137.5329883,0
query,1508938137.5330257,1508938137.9185452,13505
query,1508938137.9304926,1508938138.222484,13553
query,1508938138.2224884,1508938138.2739375,1274
query,1508938138.2739415,1508938138.6127033,8262
query,1508938138.6127074,1508938138.6783936,38
query,1508938138.6783974,1508938139.0083036,16082
query,1508938139.0083077,1508938139.0981045,7095
query,1508938139.0981085,1508938139.1715372,1002
query,1508938139.171541,1508938139.312296,4212
query,1508938139.3123,1508938139.4869704,6051
query,1508938139.4869747,1508938139.9525518,3751
query,1508938139.9525561,1508938140.482306,12530
query,1508938140.482311,1508938140.6217394,3792
query,1508938140.6217442,1508938140.7292392,5670
query,1508938140.7292435,1508938140.8850362,7035
query,1508938140.8850403,1508938141.0684686,10278
query,1508938141.0684726,1508938141.3462658,9263
query,1508938141.3462696,1508938141.4184613,633
query,1508938141.4184651,1508938141.466498,1906
query,1508938141.4665017,1508938141.5738664,3305
query,1508938141.5739071,1508938141.5974443,1
query,1508938141.6000016,1508938141.630917,183
query,1508938141.6309206,1508938141.9817533,3734
query,1508938141.9817576,1508938142.0772824,3478
query,1508938142.0772867,1508938142.5910544,12735
query,1508938142.5910585,1508938142.870992,18107
query,1508938142.8709958,1508938143.0860755,8450
query,1508938143.0860794,1508938143.1158054,986
query,1508938143.1158092,1508938143.1741943,1123
query,1508938143.1741989,1508938143.219174,845
query,1508938143.2191775,1508938143.5644526,15216
query,1508938143.5644572,1508938143.6788638,2957
query,1508938143.6788678,1508938144.0584311,17259
query,1508938144.0584354,1508938144.2552686,11209
query,1508938144.255272,1508938144.5061579,6630
query,1508938144.5061617,1508938144.594183,2534
query,1508938144.5941868,1508938144.9754918,21453
query,1508938144.9754958,1508938145.0224771,2576
query,1508938145.0224807,1508938145.051176,1730
query,1508938145.0511804,1508938145.3702738,13507
query,1508938145.370314,1508938145.7193441,15145
query,1508938145.7314794,1508938145.9513323,9790
query,1508938145.951336,1508938146.0147738,1780
query,1508938146.0147774,1508938146.1124578,3241
query,1508938146.1124618,1508938146.3956854,14230
query,1508938146.395689,1508938147.0182772,25037
query,1508938147.0182817,1508938147.1011376,2026
query,1508938147.101142,1508938147.1385927,18
query,1508938147.1385965,1508938147.4875898,10074
query,1508938147.4875941,1508938147.7038517,14274
query,1508938147.7038567,1508938147.8705535,3089
query,1508938147.8705578,1508938147.9158063,0
query,1508938147.9158108,1508938147.9664161,120
query,1508938147.966421,1508938148.1562083,6185
query,1508938148.1562128,1508938148.3825176,14147
query,1508938148.3825233,1508938148.5440626,12408
query,1508938148.544067,1508938148.5924838,2
query,1508938148.5924876,1508938148.9604042,14757
query,1508938148.9604087,1508938149.0110788,1248
query,1508938149.011083,1508938149.5145965,3439
query,1508938149.5146596,1508938149.6359866,3135
query,1508938149.6516178,1508938150.015276,18679
query,1508938150.0152805,1508938150.0745914,1455
query,1508938150.0745957,1508938150.1013932,908
query,1508938150.1013978,1508938150.1366875,1093
query,1508938150.1366916,1508938150.1862369,403
query,1508938150.1862407,1508938150.5784862,16260
query,1508938150.57849,1508938150.762709,9089
query,1508938150.7627134,1508938150.902603,11071
query,1508938150.9026072,1508938150.9647539,1137
query,1508938150.9647586,1508938150.995174,790
query,1508938150.9951782,1508938151.062883,7
query,1508938151.0628867,1508938151.2585435,7277
query,1508938151.2585478,1508938151.3572102,232
query,1508938151.357214,1508938151.4040685,191
query,1508938151.4040723,1508938151.4665563,694
query,1508938151.4665606,1508938151.580731,5991
query,1508938151.5807352,1508938151.7137356,3434
query,1508938151.7137399,1508938151.798501,5355
query,1508938151.798506,1508938152.0574422,12653
query,1508938152.0575495,1508938152.3271503,14266
query,1508938152.3392813,1508938152.4399238,3990
query,1508938152.4399273,1508938152.490114,231
query,1508938152.4901183,1508938152.5437973,981
query,1508938152.5438015,1508938152.6010756,71
query,1508938152.601079,1508938152.7921367,4794
query,1508938152.7921402,1508938152.8378205,41
query,1508938152.8378243,1508938152.8602462,70
query,1508938152.86025,1508938152.8888679,4
query,1508938152.8888712,1508938152.9189663,1215
query,1508938152.9189696,1508938153.074177,10921
query,1508938153.0741808,1508938153.095799,40
query,1508938153.0958025,1508938153.1319065,1289
query,1508938153.13191,1508938153.158404,1458
query,1508938153.158408,1508938153.2367814,3943
query,1508938153.2367847,1508938153.2673223,1602
query,1508938153.267326,1508938153.406459,12115
query,1508938153.4064631,1508938153.696962,14802
query,1508938153.6969662,1508938153.8832886,12461
query,1508938153.8832924,1508938154.0851872,10774
query,1508938154.085227,1508938154.3013678,6452
query,1508938154.3134258,1508938154.5829892,10417
query,1508938154.5829935,1508938154.6388886,2379
query,1508938154.638893,1508938154.6862442,939
query,1508938154.6862478,1508938154.7424319,525
query,1508938154.7424355,1508938154.822775,2590
query,1508938154.822779,1508938155.1576447,13817
query,1508938155.1576488,1508938155.512078,13475
query,1508938155.512082,1508938155.6459944,3316
query,1508938155.6459987,1508938155.6749706,46
query,1508938155.6749744,1508938155.7141807,580
query,1508938155.714185,1508938155.7490728,12
query,1508938155.7490764,1508938156.0075977,13939
query,1508938156.0076015,1508938156.0292966,7
query,1508938156.0293002,1508938156.0871131,2703
query,1508938156.0871165,1508938156.2097206,10663
query,1508938156.2097244,1508938156.3430188,8454
query,1508938156.343023,1508938156.4401991,3879
query,1508938156.4402027,1508938156.5478134,4177
query,1508938156.5478172,1508938156.6270916,5843
query,1508938156.6271274,1508938157.0922384,19038
query,1508938157.1045535,1508938157.1315274,194
query,1508938157.131531,1508938157.2522275,3802
query,1508938157.252232,1508938157.397871,11990
query,1508938157.3978755,1508938157.4335525,1877
query,1508938157.433556,1508938157.757784,18027
query,1508938157.757789,1508938158.0403128,18194
query,1508938158.0403163,1508938158.189591,10855
query,1508938158.189595,1508938158.1968715,0
query,1508938158.1968744,1508938158.6769643,22651
query,1508938158.6769686,1508938158.7001321,0
query,1508938158.700136,1508938158.7175894,2
query,1508938158.717593,1508938158.7409015,3
query,1508938158.7409046,1508938158.7507126,0
query,1508938158.7507162,1508938158.991041,9583
query,1508938158.991045,1508938159.036884,0
query,1508938159.036888,1508938159.2945094,17693
query,1508938159.2945142,1508938159.335351,13
query,1508938159.335355,1508938159.5785275,9857
query,1508938159.5785317,1508938159.674575,3882
query,1508938159.674612,1508938159.7354846,722
query,1508938159.7476728,1508938160.181206,18804
query,1508938160.1812103,1508938160.2405229,291
query,1508938160.2405274,1508938160.2846382,148
query,1508938160.2846427,1508938160.4593148,5276
query,1508938160.4593198,1508938160.6265497,11233
query,1508938160.626554,1508938160.7898514,9422
query,1508938160.7898562,1508938160.9066849,11408
query,1508938160.90669,1508938161.0987942,12085
query,1508938161.098798,1508938161.154961,1316
query,1508938161.1549654,1508938161.2803068,7737
query,1508938161.280311,1508938161.4015217,3171
query,1508938161.4015255,1508938161.478335,4970
query,1508938161.4783397,1508938161.5642285,2946
query,1508938161.564233,1508938161.6877546,11862
query,1508938161.6877596,1508938161.8226757,5199
query,1508938161.82268,1508938162.207676,11695
query,1508938162.2076805,1508938162.2631452,1970
query,1508938162.2631488,1508938162.5002544,11155
query,1508938162.5002584,1508938162.5508692,17
query,1508938162.5509107,1508938162.6196456,409
query,1508938162.6318626,1508938162.6671011,6
query,1508938162.6671047,1508938162.7798765,9392
query,1508938162.7798805,1508938162.9049995,980
query,1508938162.9050035,1508938163.0029142,4088
query,1508938163.002918,1508938163.1264966,3645
query,1508938163.1265001,1508938163.2185202,5188
query,1508938163.218524,1508938163.8027852,19535
query,1508938163.8027892,1508938163.9522324,12060
query,1508938163.9522367,1508938164.1845794,17654
query,1508938164.1845844,1508938164.304659,11429
query,1508938164.3046644,1508938164.5163543,12587
query,1508938164.5163589,1508938164.81393,11669
query,1508938164.8139346,1508938165.0151236,7828
query,1508938165.0151277,1508938165.0903697,4379
query,1508938165.0903733,1508938165.2146306,5847
query,1508938165.214635,1508938165.2779202,3239
query,1508938165.2779243,1508938165.3561177,7257
query,1508938165.3561218,1508938165.3807058,790
query,1508938165.3807094,1508938165.4037168,144
query,1508938165.4037535,1508938165.466672,873
query,1508938165.4806485,1508938165.7475896,13090
query,1508938165.7475936,1508938165.910855,2465
query,1508938165.910859,1508938166.2755713,11996
query,1508938166.2755754,1508938166.6353703,13046
query,1508938166.6353743,1508938167.030477,13057
query,1508938167.030482,1508938167.2841926,13075
query,1508938167.2841957,1508938167.3150516,0
query,1508938167.3150547,1508938167.506238,8155
query,1508938167.5062428,1508938167.5471067,2
query,1508938167.54711,1508938167.9611726,11077
query,1508938167.9611776,1508938168.0155904,1580
query,1508938168.0155938,1508938168.0863097,2081
query,1508938168.086313,1508938168.5245411,12131
query,1508938168.5245452,1508938168.5350084,0
query,1508938168.5350113,1508938168.7892292,11435
query,1508938168.789233,1508938169.130123,13614
query,1508938169.1301267,1508938169.41761,14501
query,1508938169.4176142,1508938169.6590555,9357
query,1508938169.659098,1508938169.7892635,6377
query,1508938169.7893062,1508938169.9641771,4696
query,1508938169.9766178,1508938170.0346591,5
query,1508938170.0346627,1508938170.1017437,6
query,1508938170.1017478,1508938170.1604183,17
query,1508938170.160422,1508938170.2216277,90
query,1508938170.2216315,1508938170.4245281,13401
query,1508938170.424533,1508938170.641681,12304
query,1508938170.6416855,1508938170.819852,8658
query,1508938170.8198564,1508938171.0619721,7452
query,1508938171.0619762,1508938171.339705,17834
query,1508938171.339709,1508938171.4063041,35
query,1508938171.4063082,1508938171.4594767,2463
query,1508938171.45948,1508938171.5550056,3429
query,1508938171.5550094,1508938171.744017,6993
query,1508938171.7440207,1508938171.931678,6715
query,1508938171.9316823,1508938172.0417075,4761
query,1508938172.0417118,1508938172.4277844,18369
query,1508938172.4277887,1508938172.5846088,16847
query,1508938172.584613,1508938172.6244252,1874
query,1508938172.624429,1508938172.7682226,13496
query,1508938172.768263,1508938172.932389,11766
query,1508938172.944421,1508938172.9957235,760
query,1508938172.995727,1508938173.3798718,12088
query,1508938173.3798757,1508938173.5476754,8277
query,1508938173.5476797,1508938173.8781354,12129
query,1508938173.8781395,1508938174.026117,6522
query,1508938174.0261207,1508938174.2583084,9671
query,1508938174.2583127,1508938174.2778726,2
query,1508938174.2778761,1508938174.3752055,5099
query,1508938174.3752098,1508938174.430338,1264
query,1508938174.4303422,1508938174.4772503,214
query,1508938174.4772553,1508938174.5121002,17
query,1508938174.5121047,1508938174.7566156,15053
query,1508938174.7566197,1508938174.8185515,2719
query,1508938174.818555,1508938175.2462528,17674
query,1508938175.2462568,1508938175.6364791,19460
query,1508938175.6364834,1508938175.9655676,18420
query,1508938175.9655716,1508938176.059563,4743
query,1508938176.059567,1508938176.1443832,4308
query,1508938176.144387,1508938176.222386,3213
query,1508938176.2224295,1508938176.2647343,1806
query,1508938176.2771456,1508938176.353878,5001
query,1508938176.3538818,1508938176.5680053,8803
query,1508938176.5680096,1508938176.6052887,964
query,1508938176.6052926,1508938176.612779,1
query,1508938176.612782,1508938176.9888945,19134
query,1508938176.9888988,1508938177.2975037,14173
query,1508938177.2975078,1508938177.3384938,2077
query,1508938177.3384979,1508938177.4957755,14424
query,1508938177.4957798,1508938177.5391114,2074
query,1508938177.5391154,1508938177.6501427,4601
query,1508938177.650146,1508938177.937504,14109
query,1508938177.9375088,1508938178.1594272,13345
query,1508938178.1594317,1508938178.2780035,7681
query,1508938178.278007,1508938178.4329085,8605
query,1508938178.4329123,1508938178.472939,1065
query,1508938178.4729426,1508938179.165046,21096
query,1508938179.1650505,1508938179.3691669,5695
query,1508938179.3691714,1508938179.4137936,13
query,1508938179.4137976,1508938179.488684,870
query,1508938179.4887352,1508938179.666797,7551
query,1508938179.6819212,1508938180.1636217,19125
query,1508938180.163626,1508938180.2816095,7715
query,1508938180.2816136,1508938180.3351796,19
query,1508938180.335183,1508938180.6603432,9176
query,1508938180.660348,1508938181.0662744,13906
query,1508938181.0662792,1508938181.5007148,19569
query,1508938181.5007195,1508938181.6513765,4831
query,1508938181.6513808,1508938181.7528687,5459
query,1508938181.752874,1508938181.8880148,4007
query,1508938181.888019,1508938181.9137764,942
query,1508938181.9137802,1508938181.9517946,0
query,1508938181.951799,1508938182.3858726,12952
query,1508938182.3858778,1508938182.5856442,6164
query,1508938182.5856485,1508938183.1502867,20547
query,1508938183.1502905,1508938183.2663195,4625
query,1508938183.2663233,1508938183.3583715,6001
query,1508938183.3583763,1508938183.6695921,12259
query,1508938183.6695967,1508938183.986008,13795
query,1508938183.9860127,1508938184.1782167,9474
query,1508938184.1782584,1508938184.5479841,15230
query,1508938184.5603828,1508938184.6392126,4487
query,1508938184.6392164,1508938184.995202,12553
query,1508938184.9952064,1508938185.024064,1046
query,1508938185.024068,1508938185.0889952,1669
query,1508938185.0889997,1508938185.1806884,5798
query,1508938185.180693,1508938185.226414,273
query,1508938185.226421,1508938185.251339,1084
query,1508938185.251343,1508938185.7320352,22927
query,1508938185.7320397,1508938185.9293387,8152
query,1508938185.929343,1508938185.9435637,0
query,1508938185.9435673,1508938186.2741406,19046
query,1508938186.274145,1508938186.337825,419
query,1508938186.337829,1508938186.3713262,1731
query,1508938186.3713293,1508938186.5476642,9801
query,1508938186.5476685,1508938186.7188125,7844
query,1508938186.7188168,1508938187.171028,14718
query,1508938187.1710322,1508938187.5887523,17281
query,1508938187.588756,1508938187.8793056,18608
query,1508938187.8793092,1508938187.911312,193
query,1508938187.911343,1508938187.9848914,2676
query,1508938187.9975293,1508938188.0820057,3196
query,1508938188.0820096,1508938188.1037815,523
query,1508938188.1037848,1508938188.5423434,19756
query,1508938188.5423474,1508938188.584732,1894
query,1508938188.5847359,1508938188.6735377,5067
query,1508938188.673542,1508938188.7051792,4
query,1508938188.7051818,1508938188.945117,17688
query,1508938188.9451213,1508938189.054547,7608
query,1508938189.0545516,1508938189.2753344,9751
query,1508938189.275339,1508938189.3758376,10393
query,1508938189.3758414,1508938189.6975756,14983
query,1508938189.6975784,1508938189.852655,6866
query,1508938189.8526585,1508938189.8997712,3
query,1508938189.8997748,1508938190.0672572,8927
query,1508938190.0672622,1508938190.1047337,1812
query,1508938190.1047368,1508938190.166805,358
query,1508938190.1668088,1508938190.7933412,22924
query,1508938190.7933452,1508938191.0891984,11630
query,1508938191.0892022,1508938191.5390892,13054
query,1508938191.539127,1508938191.6847255,11025
query,1508938191.6970205,1508938191.7337353,848
query,1508938191.733739,1508938191.8415666,10787
query,1508938191.8415701,1508938192.0606093,10847
query,1508938192.0606132,1508938192.1086488,615
query,1508938192.108652,1508938192.1953244,2921
query,1508938192.1953282,1508938192.5335252,19651
query,1508938192.533529,1508938192.5722034,1
query,1508938192.572207,1508938192.8078747,13652
query,1508938192.8078785,1508938193.1962333,13171
query,1508938193.1962368,1508938193.3726203,5745
query,1508938193.3726244,1508938193.434327,85
query,1508938193.4343312,1508938193.6163182,7271
query,1508938193.616322,1508938193.7515752,5748
query,1508938193.7515788,1508938193.7840657,654
query,1508938193.7840693,1508938193.807463,2
query,1508938193.807466,1508938193.822012,0
query,1508938193.822015,1508938193.8567607,1488
query,1508938193.8567638,1508938194.070017,9256
query,1508938194.0700212,1508938194.295469,12671
query,1508938194.295509,1508938194.3543823,10
query,1508938194.3671815,1508938194.6242507,14534
query,1508938194.624255,1508938195.1508682,20508
query,1508938195.1508725,1508938195.499184,13081
query,1508938195.4991882,1508938195.5945456,1623
query,1508938195.59455,1508938195.708688,4021
query,1508938195.7086918,1508938195.7902472,3128
query,1508938195.7902513,1508938195.84963,174
query,1508938195.8496335,1508938196.2228072,18754
query,1508938196.222812,1508938196.5762496,13572
query,1508938196.576254,1508938196.7437243,8239
query,1508938196.7437282,1508938196.8048913,3037
query,1508938196.8048952,1508938196.8542235,81
query,1508938196.8542273,1508938197.1357057,11051
query,1508938197.13571,1508938197.1874394,95
query,1508938197.187444,1508938197.2463279,612
query,1508938197.246332,1508938197.317935,703
query,1508938197.317939,1508938197.674557,10846
query,1508938197.6745605,1508938197.7688937,4533
query,1508938197.7688982,1508938197.8345368,1388
query,1508938197.834582,1508938197.921574,2276
query,1508938197.9344041,1508938197.9970038,2928
query,1508938197.997008,1508938198.506475,19631
query,1508938198.5064793,1508938198.5145376,0
query,1508938198.5145414,1508938198.5352626,17
query,1508938198.5352662,1508938198.5627134,140
query,1508938198.5627172,1508938198.8914351,13452
query,1508938198.891439,1508938198.9636607,52
query,1508938198.9636657,1508938199.6752295,22576
query,1508938199.6752331,1508938199.715395,998
query,1508938199.7153986,1508938199.7579193,6
query,1508938199.7579238,1508938200.0408397,10824
query,1508938200.0408435,1508938200.3624187,3694
query,1508938200.3624234,1508938200.6274545,12114
query,1508938200.627458,1508938200.7034552,3678
query,1508938200.7034585,1508938200.7689552,3596
query,1508938200.7689588,1508938201.2438107,20805
query,1508938201.243815,1508938201.6835806,18819
query,1508938201.6835852,1508938201.7684739,5220
query,1508938201.7684774,1508938201.924312,8634
query,1508938201.924351,1508938202.1616971,17441
query,1508938202.1736758,1508938202.520405,12175
query,1508938202.520409,1508938202.60742,6749
query,1508938202.6074245,1508938202.6565878,759
query,1508938202.656592,1508938202.7116275,2641
query,1508938202.7116306,1508938202.8639205,11802
query,1508938202.863924,1508938202.8955948,2
query,1508938202.8955984,1508938202.9318635,526
query,1508938202.931867,1508938203.093019,7871
query,1508938203.0930228,1508938203.3060305,9403
query,1508938203.3060346,1508938203.420348,6516
query,1508938203.4203517,1508938203.4703343,1805
query,1508938203.470338,1508938203.9502804,20428
query,1508938203.950285,1508938204.383506,21234
query,1508938204.38351,1508938204.5868096,7373
query,1508938204.5868142,1508938204.6510804,2608
query,1508938204.651084,1508938204.728062,3119
query,1508938204.728067,1508938204.8951128,5565
query,1508938204.895117,1508938204.928254,1
query,1508938204.9282584,1508938204.959982,110
query,1508938204.9600184,1508938205.1790507,4899
query,1508938205.19536,1508938205.2179532,153
query,1508938205.2179565,1508938205.334536,181
query,1508938205.3345406,1508938205.421667,3887
query,1508938205.4216712,1508938205.5552208,5329
query,1508938205.5552254,1508938205.618729,218
query,1508938205.6187332,1508938205.6476045,774
query,1508938205.6476092,1508938205.6605973,0
query,1508938205.6606019,1508938205.874586,14551
query,1508938205.8745906,1508938206.262453,18638
query,1508938206.2624571,1508938206.3031433,126
query,1508938206.3031487,1508938206.353067,158
query,1508938206.3530705,1508938206.4305675,3907
query,1508938206.4305716,1508938206.4957995,2968
query,1508938206.4958036,1508938206.553508,2523
query,1508938206.5535119,1508938206.7185624,7832
query,1508938206.7185667,1508938206.8001664,5777
query,1508938206.8001704,1508938206.8642163,2
query,1508938206.8642206,1508938207.040138,11499
query,1508938207.0401428,1508938207.062795,77
query,1508938207.0628304,1508938207.151333,3558
query,1508938207.1634624,1508938207.2026906,2094
query,1508938207.2026944,1508938207.6372876,19606
query,1508938207.6372917,1508938208.1223564,22768
query,1508938208.1223617,1508938208.231177,8397
query,1508938208.2311814,1508938208.3578985,5714
query,1508938208.3579028,1508938208.4330244,1992
query,1508938208.43303,1508938208.6937144,14795
query,1508938208.693719,1508938208.8424494,5598
query,1508938208.8424535,1508938208.9969628,9157
query,1508938208.9969666,1508938209.3317754,9060
query,1508938209.3317795,1508938209.470867,7665
query,1508938209.4708714,1508938209.6080222,8675
query,1508938209.6080265,1508938210.104726,22542
query,1508938210.1047316,1508938210.2147415,7536
query,1508938210.2147462,1508938210.4566326,18140
query,1508938210.4566374,1508938210.7262099,18334
query,1508938210.7262137,1508938211.0209157,12004
query,1508938211.0209198,1508938211.1022737,6058
query,1508938211.1022782,1508938211.1636047,135
query,1508938211.1636505,1508938211.274286,831
query,1508938211.2867253,1508938211.6815822,12592
query,1508938211.6815867,1508938211.7326548,954
query,1508938211.7326586,1508938211.8533394,8385
query,1508938211.8533444,1508938212.0379314,6366
query,1508938212.0379355,1508938212.0965755,2741
query,1508938212.096579,1508938212.2164428,10718
query,1508938212.216447,1508938212.2873504,2726
query,1508938212.2873542,1508938212.51402,10797
query,1508938212.5140245,1508938212.8220918,11774
query,1508938212.8220959,1508938212.869975,891
query,1508938212.8699791,1508938213.2338598,22126
query,1508938213.233864,1508938213.2768776,1990
query,1508938213.2768815,1508938213.332623,66
query,1508938213.3326268,1508938213.6963494,19036
query,1508938213.6963537,1508938213.9125416,11844
query,1508938213.9125454,1508938214.0987215,14384
query,1508938214.0987256,1508938214.271994,6976
query,1508938214.2719977,1508938214.4183042,11448
query,1508938214.4183078,1508938214.4823673,10
query,1508938214.4824507,1508938214.5219483,2
query,1508938214.5266542,1508938214.5410736,0
query,1508938214.541077,1508938214.633965,4608
query,1508938214.633968,1508938214.6505795,0
query,1508938214.6505837,1508938214.7025368,1039
query,1508938214.702541,1508938214.7478316,3
query,1508938214.7478352,1508938214.9744933,8685
query,1508938214.9744968,1508938215.0356262,4
query,1508938215.03563,1508938215.382364,18418
query,1508938215.3823678,1508938215.5859087,9457
query,1508938215.5859127,1508938215.6421065,1781
query,1508938215.6421103,1508938215.7537315,4952
query,1508938215.7537355,1508938215.8829694,4029
query,1508938215.8829732,1508938215.9243414,109
query,1508938215.924345,1508938216.2076921,15028
query,1508938216.2076962,1508938216.2755098,3026
query,1508938216.2755134,1508938216.6137354,18496
query,1508938216.6137397,1508938216.621291,0
query,1508938216.6212943,1508938216.744607,3112
query,1508938216.7446113,1508938216.8743305,10399
query,1508938216.8743703,1508938216.9208949,816
query,1508938216.9331222,1508938217.0120988,2960
query,1508938217.0121026,1508938217.2352064,6567
query,1508938217.2352104,1508938217.2877793,0
query,1508938217.2877834,1508938217.575536,17952
query,1508938217.57554,1508938217.8662252,9833
query,1508938217.866229,1508938218.0821664,17380
query,1508938218.0821702,1508938218.146651,1462
query,1508938218.146655,1508938218.5408368,3614
query,1508938218.5408409,1508938218.8243997,14515
query,1508938218.8244042,1508938218.9205837,5758
query,1508938218.9205875,1508938219.079285,10120
query,1508938219.0792885,1508938219.2134185,6080
query,1508938219.2134223,1508938219.628533,19450
query,1508938219.628537,1508938219.6617641,892
query,1508938219.6617684,1508938219.7650206,3442
query,1508938219.765025,1508938219.8364437,3422
query,1508938219.8364477,1508938219.8778667,1070
query,1508938219.8778715,1508938220.2457745,19017
query,1508938220.2457783,1508938220.313843,2299
query,1508938220.3138802,1508938220.4807315,6885
query,1508938220.492988,1508938220.7703936,17673
query,1508938220.7703974,1508938220.8369892,2682
query,1508938220.8369927,1508938221.0020955,4674
query,1508938221.0020995,1508938221.1644895,11334
query,1508938221.1644936,1508938221.1987588,5
query,1508938221.1987622,1508938221.3365679,7134
query,1508938221.336571,1508938221.358149,1
query,1508938221.3581522,1508938221.3770545,6
query,1508938221.3770576,1508938221.428448,101
query,1508938221.4284513,1508938221.7987418,20780
query,1508938221.7987456,1508938221.8585606,214
query,1508938221.8585646,1508938221.9045854,12
query,1508938221.9045892,1508938222.0517688,6602
query,1508938222.0517735,1508938222.3514109,9006
query,1508938222.3514156,1508938222.4529603,2677
query,1508938222.4529645,1508938222.5148938,228
query,1508938222.5148978,1508938222.594257,161
query,1508938222.594261,1508938222.7862098,7854
query,1508938222.7862148,1508938223.088973,17465
query,1508938223.0890133,1508938223.3769078,9906
query,1508938223.389256,1508938223.6003938,17826
query,1508938223.6003978,1508938223.703038,7552
query,1508938223.7030423,1508938224.1487732,13447
query,1508938224.1487775,1508938224.2147882,2579
query,1508938224.2147927,1508938224.2214205,0
query,1508938224.2214248,1508938224.45943,5248
query,1508938224.4594345,1508938224.5451176,1499
query,1508938224.5451224,1508938224.676882,6735
query,1508938224.6768866,1508938224.7783108,3653
query,1508938224.778315,1508938224.94251,11025
query,1508938224.942514,1508938225.0810652,2367
query,1508938225.08107,1508938225.143946,1895
query,1508938225.1439505,1508938225.2806606,3863
query,1508938225.2806656,1508938225.3618808,5651
query,1508938225.3618855,1508938225.4263294,1125
query,1508938225.4263337,1508938225.4727118,6
query,1508938225.4727168,1508938225.6783612,11133
query,1508938225.6783648,1508938226.2351148,19805
query,1508938226.2351186,1508938226.8651173,18552
query,1508938226.865159,1508938226.910394,926
query,1508938226.9226363,1508938227.0282798,7490
query,1508938227.0282829,1508938227.2373338,12103
query,1508938227.2373376,1508938227.4872851,14368
query,1508938227.487289,1508938227.9625974,16673
query,1508938227.9626012,1508938228.1518211,6519
query,1508938228.1518257,1508938228.202505,1797
query,1508938228.2025094,1508938228.5440812,11421
query,1508938228.5440848,1508938228.6841168,4052
query,1508938228.6841214,1508938228.8388414,7034
query,1508938228.8388457,1508938229.0754533,19424
query,1508938229.075457,1508938229.1224709,2027
query,1508938229.1224744,1508938229.2075405,3920
query,1508938229.207545,1508938229.2530217,115
query,1508938229.2530258,1508938229.5629563,14418
query,1508938229.5629606,1508938229.6048272,135
query,1508938229.6048307,1508938230.2001395,23256
query,1508938230.2001445,1508938230.2394323,674
query,1508938230.2394361,1508938230.260052,474
query,1508938230.2600563,1508938230.2652402,0
query,1508938230.265278,1508938230.6765594,19246
query,1508938230.6897035,1508938230.8881035,12723
query,1508938230.8881075,1508938231.03704,11136
query,1508938231.0370438,1508938231.061888,0
query,1508938231.0618918,1508938231.1025,1131
query,1508938231.102503,1508938231.2500932,6264
query,1508938231.2500973,1508938231.2772377,1
query,1508938231.2772412,1508938231.453242,9564
query,1508938231.453246,1508938231.819928,12294
query,1508938231.8199325,1508938231.8590171,3
query,1508938231.859021,1508938231.9503686,4619
query,1508938231.9503727,1508938232.1349862,17295
query,1508938232.1349905,1508938232.2957296,12183
query,1508938232.2957335,1508938232.3825536,6206
query,1508938232.3825572,1508938232.4680157,44
query,1508938232.4680195,1508938232.694856,9134
query,1508938232.69486,1508938232.7787013,3385
query,1508938232.778706,1508938232.8266277,1229
query,1508938232.8266313,1508938232.8899622,196
query,1508938232.8899665,1508938233.2031808,19717
query,1508938233.203219,1508938233.3371625,2864
query,1508938233.349384,1508938233.515314,10644
query,1508938233.5153186,1508938233.663712,5608
query,1508938233.6637156,1508938233.8537204,8822
query,1508938233.8537245,1508938233.919563,1288
query,1508938233.9195669,1508938234.026432,9354
query,1508938234.0264356,1508938234.1439924,4630
query,1508938234.143996,1508938234.185485,0
query,1508938234.185489,1508938234.3561263,12971
query,1508938234.3561301,1508938234.3965716,553
query,1508938234.396575,1508938234.4248374,4
query,1508938234.4248405,1508938234.5342984,10784
query,1508938234.5343025,1508938234.5822005,2769
query,1508938234.582204,1508938234.6158032,1230
query,1508938234.6158068,1508938234.985888,15679
query,1508938234.985892,1508938235.028055,713
query,1508938235.0280595,1508938235.1737096,11069
query,1508938235.173714,1508938235.286006,5458
query,1508938235.28601,1508938235.4419246,6889
query,1508938235.4419286,1508938235.4797637,1233
query,1508938235.4798007,1508938235.9573348,20150
query,1508938235.9702487,1508938236.1639075,7421
query,1508938236.163912,1508938236.2679486,5695
query,1508938236.267953,1508938236.3336134,2199
query,1508938236.3336177,1508938236.358189,85
query,1508938236.3581922,1508938236.4029303,198
query,1508938236.4029338,1508938236.4305959,955
query,1508938236.4305995,1508938236.455501,629
query,1508938236.455505,1508938236.5965192,7839
query,1508938236.5965235,1508938236.925085,14649
query,1508938236.9250894,1508938236.96721,473
query,1508938236.9672134,1508938236.977932,1
query,1508938236.9779353,1508938237.058561,5196
query,1508938237.058565,1508938237.3944197,15526
query,1508938237.394425,1508938237.5046,7368
query,1508938237.5046034,1508938237.7220414,17284
query,1508938237.722046,1508938237.7520378,1740
query,1508938237.7520416,1508938237.9065733,11069
query,1508938237.906577,1508938237.9773622,5600
query,1508938237.977366,1508938238.0822341,6336
query,1508938238.082281,1508938238.50383,18643
query,1508938238.5200179,1508938238.7056713,13959
query,1508938238.7056754,1508938238.8545392,10501
query,1508938238.8545437,1508938238.8798003,140
query,1508938238.8798046,1508938239.161865,11642
query,1508938239.1618695,1508938239.337615,8782
query,1508938239.337621,1508938239.6463983,14605
query,1508938239.6464028,1508938239.730448,5141
query,1508938239.7304523,1508938239.9107282,11823
query,1508938239.910733,1508938240.2215953,9669
query,1508938240.2215996,1508938240.3705382,8931
query,1508938240.3705425,1508938240.4444284,1809
query,1508938240.4444323,1508938240.4937851,1
query,1508938240.4937892,1508938240.8755612,18844
query,1508938240.8755658,1508938241.3249233,15067
query,1508938241.324927,1508938241.374174,1
query,1508938241.3741786,1508938241.5259361,5061
query,1508938241.5259407,1508938242.0324364,15774
query,1508938242.0324407,1508938242.3423507,10740
query,1508938242.3423553,1508938242.6047332,5913
query,1508938242.6047785,1508938242.84789,8246
query,1508938242.8600066,1508938243.2325954,17265
query,1508938243.2325995,1508938243.2847373,1171
query,1508938243.284742,1508938243.367473,3030
query,1508938243.3674784,1508938244.0982592,20395
query,1508938244.0982637,1508938244.182442,5085
query,1508938244.182446,1508938244.5355432,18508
query,1508938244.5355473,1508938244.5809946,1100
query,1508938244.580999,1508938244.6195388,1841
query,1508938244.6195426,1508938244.8633163,12055
query,1508938244.8633204,1508938244.9358385,3184
query,1508938244.9358432,1508938244.9894943,933
query,1508938244.9894984,1508938245.1143558,6606
query,1508938245.1143603,1508938245.4271083,20687
query,1508938245.4271126,1508938245.4985805,2907
query,1508938245.4985847,1508938245.5358837,1386
query,1508938245.5358894,1508938245.5782826,10
query,1508938245.578287,1508938245.6393723,21
query,1508938245.639377,1508938245.8084762,3165
query,1508938245.8084815,1508938245.8383796,1009
query,1508938245.838421,1508938245.9070098,2077
query,1508938245.9192376,1508938245.9848683,3995
query,1508938245.984873,1508938246.023051,443
query,1508938246.0230546,1508938246.2244499,4374
query,1508938246.224454,1508938246.3827512,5796
query,1508938246.382755,1508938246.4208293,12
query,1508938246.4208333,1508938246.464165,457
query,1508938246.4641688,1508938246.5643382,5701
query,1508938246.564342,1508938246.6074836,1197
query,1508938246.6074867,1508938246.6718123,2654
query,1508938246.6718156,1508938247.0387273,18092
query,1508938247.038731,1508938247.0996864,1313
query,1508938247.0996904,1508938247.2979987,5837
query,1508938247.2980027,1508938247.4253762,2928
query,1508938247.4253798,1508938247.5084133,2611
query,1508938247.5084171,1508938247.5372171,4
query,1508938247.5372205,1508938247.5689723,5
query,1508938247.568976,1508938247.7554774,12630
query,1508938247.755482,1508938248.0121229,14378
query,1508938248.0121274,1508938248.1016476,4732
query,1508938248.1016996,1508938248.2450533,8209
query,1508938248.2587137,1508938248.3134196,1
query,1508938248.3134234,1508938248.491359,13447
query,1508938248.4913626,1508938248.5229847,156
query,1508938248.5229895,1508938248.671478,9853
query,1508938248.671482,1508938249.1136768,19951
query,1508938249.1136808,1508938249.1528976,1552
query,1508938249.1529016,1508938249.329381,8977
query,1508938249.3293853,1508938249.5369518,11119
query,1508938249.536956,1508938249.7731223,11747
query,1508938249.7731261,1508938249.9994688,17597
query,1508938249.9994724,1508938250.360006,18208
query,1508938250.36001,1508938250.5647192,5275
query,1508938250.5647235,1508938250.7829916,17535
query,1508938250.7829967,1508938251.050983,12806
query,1508938251.0509868,1508938251.327831,9673
query,1508938251.3278353,1508938251.373124,1827
query,1508938251.3731277,1508938251.7499952,14613
query,1508938251.7499988,1508938251.9157681,11982
query,1508938251.9157722,1508938251.945799,716
query,1508938251.9458392,1508938252.1187205,5334
query,1508938252.1308758,1508938252.2851574,10325
query,1508938252.2851613,1508938252.4281054,4869
query,1508938252.4281094,1508938252.566839,6362
query,1508938252.5668426,1508938252.924551,13693
query,1508938252.9245548,1508938253.062225,11611
query,1508938253.0622284,1508938253.3602395,15226
query,1508938253.360244,1508938253.630301,9679
query,1508938253.6303048,1508938253.7507102,6359
query,1508938253.7507148,1508938253.8285065,1036
query,1508938253.8285103,1508938254.0661879,12080
query,1508938254.066192,1508938254.3065803,13590
query,1508938254.3065841,1508938254.3401618,0
query,1508938254.340166,1508938254.8128772,12032
query,1508938254.812881,1508938254.9151103,5124
query,1508938254.9151142,1508938254.9393263,731
query,1508938254.9393296,1508938254.9825919,2682
query,1508938254.982595,1508938255.1102252,9454
query,1508938255.1102288,1508938255.3314078,6710
query,1508938255.331412,1508938255.375752,0
query,1508938255.3757873,1508938255.608279,13063
query,1508938255.6205606,1508938255.663683,0
query,1508938255.6636868,1508938255.8586888,4884
query,1508938255.8586926,1508938255.902906,439
query,1508938255.9029098,1508938256.2232757,9673
query,1508938256.2232795,1508938256.6330724,18978
query,1508938256.6330767,1508938256.9152734,11657
query,1508938256.9152777,1508938257.0063472,3905
query,1508938257.0063512,1508938257.0879564,2769
query,1508938257.0879602,1508938257.1391654,789
query,1508938257.139169,1508938257.7937455,24979
query,1508938257.7937498,1508938257.8457696,1158
query,1508938257.845774,1508938257.9942648,6824
query,1508938257.9942691,1508938258.0517523,0
query,1508938258.0517561,1508938258.6962044,15412
query,1508938258.6962085,1508938259.0001743,10959
query,1508938259.0001788,1508938259.2398512,5467
query,1508938259.2398555,1508938259.5480423,15699
query,1508938259.5480464,1508938259.761411,10954
query,1508938259.7614155,1508938259.7947757,11
query,1508938259.794814,1508938259.8387656,1137
query,1508938259.8510394,1508938260.2038834,11090
query,1508938260.2038872,1508938260.4124537,5869
query,1508938260.4124582,1508938260.8089478,21745
query,1508938260.8089519,1508938261.0114617,11400
query,1508938261.0114655,1508938261.274817,11994
query,1508938261.274821,1508938261.3197918,170
query,1508938261.3197956,1508938261.3622584,947
query,1508938261.3622622,1508938261.4421985,832
query,1508938261.442202,1508938261.5025587,1519
query,1508938261.5025623,1508938261.6591997,7938
query,1508938261.6592038,1508938261.864549,6548
query,1508938261.864553,1508938262.1822007,13033
query,1508938262.1822045,1508938262.468721,14468
query,1508938262.4687252,1508938262.5072317,60
query,1508938262.5072358,1508938262.9206975,19418
query,1508938262.9207025,1508938263.0350475,8096
query,1508938263.0350518,1508938263.1684391,8253
query,1508938263.1684437,1508938263.2392006,2646
query,1508938263.2392042,1508938263.4219384,8828
query,1508938263.421978,1508938263.5009143,2643
query,1508938263.5135558,1508938263.6747653,3722
query,1508938263.6747692,1508938263.8871799,4805
query,1508938263.8871834,1508938263.9465523,2945
query,1508938263.9465559,1508938264.3271332,11776
query,1508938264.327137,1508938264.414506,2645
query,1508938264.4145095,1508938264.7278113,10174
query,1508938264.7278154,1508938264.7506342,0
query,1508938264.7506378,1508938264.8705254,7590
query,1508938264.8705297,1508938265.0854247,14584
query,1508938265.085468,1508938265.1213093,34
query,1508938265.121313,1508938265.3359027,12230
query,1508938265.3359067,1508938265.4336636,4664
query,1508938265.4336677,1508938265.545081,6579
query,1508938265.5450847,1508938265.7062678,8604
query,1508938265.7062724,1508938265.8016574,3702
query,1508938265.8016615,1508938265.9728954,5870
query,1508938265.9729002,1508938265.9949756,833
query,1508938265.9949794,1508938266.027529,834
query,1508938266.027533,1508938266.4458148,17780
query,1508938266.4458575,1508938266.6116498,3094
query,1508938266.6242504,1508938266.8364115,4788
query,1508938266.8364162,1508938267.0178204,5128
query,1508938267.0178242,1508938267.2260172,7171
query,1508938267.226022,1508938267.4776444,9483
query,1508938267.4776485,1508938267.7138524,13979
query,1508938267.7138565,1508938267.8193135,5094
query,1508938267.819317,1508938268.1767032,11852
query,1508938268.176707,1508938268.3180315,3804
query,1508938268.3180363,1508938268.3551552,24
query,1508938268.3551595,1508938268.7380826,11351
query,1508938268.7380874,1508938268.781483,1528
query,1508938268.7814867,1508938269.1278758,9726
query,1508938269.12788,1508938269.4072702,13054
query,1508938269.407274,1508938269.4472742,20
query,1508938269.4472773,1508938269.853721,20864
query,1508938269.8537252,1508938269.9016128,634
query,1508938269.901616,1508938270.4204175,21606
query,1508938270.4204216,1508938270.903181,18016
query,1508938270.9031854,1508938271.41891,11639
query,1508938271.418966,1508938271.5938158,17310
query,1508938271.6057937,1508938271.6546469,113
query,1508938271.6546512,1508938271.7060416,214
query,1508938271.7060454,1508938271.751896,1
query,1508938271.7518992,1508938271.9371905,6963
query,1508938271.937194,1508938272.730242,25402
query,1508938272.7302456,1508938272.7782133,88
query,1508938272.7782168,1508938272.8744621,2223
query,1508938272.8744657,1508938273.40129,15716
query,1508938273.4012938,1508938273.4518604,723
query,1508938273.4518647,1508938273.812638,15621
query,1508938273.8126423,1508938273.97431,3519
query,1508938273.9743142,1508938274.1233659,2778
query,1508938274.12337,1508938274.2803254,6040
query,1508938274.2803297,1508938274.32667,706
query,1508938274.3266737,1508938274.3863342,292
query,1508938274.386338,1508938274.6737006,12173
query,1508938274.6737044,1508938274.726394,1846
query,1508938274.7263978,1508938274.8886945,5695
query,1508938274.8886988,1508938274.92447,166
query,1508938274.9245076,1508938275.0070825,3017
query,1508938275.0192652,1508938275.0480807,402
query,1508938275.0480843,1508938275.2489257,8549
query,1508938275.2489297,1508938275.8446336,19624
query,1508938275.8446376,1508938276.2321162,20799
query,1508938276.23212,1508938276.4995847,14757
query,1508938276.499589,1508938276.5391965,2
query,1508938276.5392005,1508938276.5939143,1858
query,1508938276.5939183,1508938276.6503131,622
query,1508938276.6503172,1508938276.8192856,5628
query,1508938276.8192904,1508938277.0182729,7353
query,1508938277.0182772,1508938277.8703547,19343
query,1508938277.8703585,1508938277.954266,2527
query,1508938277.95427,1508938278.0237136,2697
query,1508938278.0237174,1508938278.2108982,9102
query,1508938278.2109025,1508938278.2698886,2069
query,1508938278.2698925,1508938278.3192859,1
query,1508938278.3192897,1508938278.3785176,660
query,1508938278.3785214,1508938278.4356964,2654
query,1508938278.4357002,1508938278.551843,2884
query,1508938278.5518842,1508938278.6045837,1407
query,1508938278.616977,1508938279.0556934,13664
query,1508938279.0556977,1508938279.1117718,31
query,1508938279.1117754,1508938279.2316325,5657
query,1508938279.2316365,1508938279.3135197,4109
query,1508938279.3135238,1508938279.3546333,690
query,1508938279.3546376,1508938279.413152,1331
query,1508938279.413156,1508938279.4691844,503
query,1508938279.4691882,1508938279.4890254,0
query,1508938279.4890292,1508938279.7043588,4955
query,1508938279.7043624,1508938279.7430408,1977
query,1508938279.743045,1508938280.2576823,11113
query,1508938280.2576866,1508938280.4509828,4424
query,1508938280.4509869,1508938280.5471077,5674
query,1508938280.547112,1508938280.6320572,2868
query,1508938280.6320617,1508938280.864067,12699
query,1508938280.8640714,1508938281.2457073,20710
query,1508938281.2457118,1508938281.6652708,19126
query,1508938281.665275,1508938281.888293,13048
query,1508938281.8882968,1508938282.1669042,14774
query,1508938282.1669483,1508938282.3834612,9352
query,1508938282.3956363,1508938282.884706,23021
query,1508938282.88471,1508938283.4074595,19697
query,1508938283.4074638,1508938283.625845,8747
query,1508938283.6258495,1508938283.8603635,17926
query,1508938283.8603673,1508938284.0103295,11475
query,1508938284.0103333,1508938284.2380948,8687
query,1508938284.238099,1508938284.5873632,20575
query,1508938284.5873682,1508938284.6868422,6749
query,1508938284.6868463,1508938284.793971,1540
query,1508938284.7939763,1508938285.2475376,11196
query,1508938285.2475412,1508938285.3382683,5652
query,1508938285.338272,1508938285.397568,1595
query,1508938285.3975723,1508938285.4277701,0
query,1508938285.4277737,1508938285.4729874,432
query,1508938285.4729912,1508938285.6703234,6595
query,1508938285.670327,1508938285.741403,1197
query,1508938285.7414074,1508938285.8896766,7017
query,1508938285.8896806,1508938286.0776927,7019
query,1508938286.077696,1508938286.156747,2006
query,1508938286.1568213,1508938286.2280083,474
query,1508938286.242548,1508938286.6797607,20208
query,1508938286.6797652,1508938286.9538088,8510
query,1508938286.9538136,1508938286.9978535,476
query,1508938286.9978573,1508938287.083408,5032
query,1508938287.0834126,1508938287.365824,9942
query,1508938287.3658276,1508938287.6291783,12366
query,1508938287.6291819,1508938287.6630676,71
query,1508938287.6630707,1508938287.7222366,1138
query,1508938287.7222402,1508938287.9829984,14644
query,1508938287.9830022,1508938288.070525,8
query,1508938288.0705285,1508938288.1703167,4635
query,1508938288.1703198,1508938288.22181,1
query,1508938288.2218134,1508938288.3359118,2618
query,1508938288.3359158,1508938288.65135,13332
query,1508938288.6513536,1508938288.7431617,6801
query,1508938288.7431655,1508938289.0932634,15272
query,1508938289.0932682,1508938289.1913624,5075
query,1508938289.1913674,1508938289.3039474,3959
query,1508938289.3039513,1508938289.3603694,697
query,1508938289.3604069,1508938289.4378734,39
query,1508938289.4512434,1508938289.4684095,0
query,1508938289.4684129,1508938289.5020182,1
query,1508938289.5020223,1508938289.9522786,11210
query,1508938289.9522822,1508938289.988751,103
query,1508938289.9887547,1508938290.1346452,9115
query,1508938290.1346495,1508938290.2172973,1915
query,1508938290.2173014,1508938290.249388,0
query,1508938290.2493918,1508938290.2839847,256
query,1508938290.2839887,1508938290.427275,3087
query,1508938290.4272788,1508938290.5354514,5669
query,1508938290.5354557,1508938290.6826434,9145
query,1508938290.6826472,1508938290.8216708,5776
query,1508938290.821675,1508938291.1259415,17366
query,1508938291.125946,1508938291.1859183,1827
query,1508938291.1859226,1508938291.2117548,1
query,1508938291.2117581,1508938291.317332,6229
query,1508938291.3173356,1508938291.3801813,176
query,1508938291.380185,1508938291.609389,9785
query,1508938291.6093926,1508938291.6862822,31
query,1508938291.6863189,1508938291.8695593,11417
query,1508938291.881748,1508938291.929514,141
query,1508938291.9295173,1508938292.049336,6791
query,1508938292.0493405,1508938292.4759033,18605
query,1508938292.4759078,1508938292.5412714,1780
query,1508938292.5412755,1508938292.8025627,9572
query,1508938292.8025675,1508938292.9233,4405
query,1508938292.9233034,1508938293.0906255,12982
query,1508938293.09063,1508938293.176059,5341
query,1508938293.1760628,1508938293.2124605,1079
query,1508938293.2124643,1508938293.2984955,2140
query,1508938293.2985556,1508938293.3808718,2126
query,1508938293.3808753,1508938293.7012093,19136
query,1508938293.7012136,1508938293.8155346,8703
query,1508938293.8155386,1508938294.2396781,14675
query,1508938294.2396822,1508938294.2785606,30
query,1508938294.2785645,1508938294.3554785,3907
query,1508938294.3554826,1508938294.403402,1469
query,1508938294.403406,1508938294.485696,2235
query,1508938294.4857001,1508938294.607581,7114
query,1508938294.6076198,1508938294.6789067,713
query,1508938294.6922033,1508938294.7978766,6443
query,1508938294.797881,1508938294.8745496,2904
query,1508938294.8745537,1508938295.0262003,3090
query,1508938295.0262046,1508938295.2482023,10015
query,1508938295.2482064,1508938295.29889,762
query,1508938295.2988946,1508938295.3252118,4
query,1508938295.3252158,1508938295.3442504,1
query,1508938295.3442545,1508938295.43009,3400
query,1508938295.4300945,1508938295.4601068,1101
query,1508938295.4601107,1508938295.4961429,75
query,1508938295.4961467,1508938295.6458287,7060
query,1508938295.6458325,1508938295.6871655,6
query,1508938295.68717,1508938296.2805912,21092
query,1508938296.280595,1508938296.560759,14637
query,1508938296.5607638,1508938296.6326234,3063
query,1508938296.632627,1508938296.6656961,836
query,1508938296.6656997,1508938296.833141,3569
query,1508938296.833145,1508938297.1901248,18278
query,1508938297.1901286,1508938297.226933,370
query,1508938297.2269902,1508938297.572489,13063
query,1508938297.585062,1508938297.65913,1766
query,1508938297.6591341,1508938297.7081134,1849
query,1508938297.7081172,1508938297.9413793,11351
query,1508938297.9413831,1508938298.2544768,12596
query,1508938298.2544804,1508938298.2817876,0
query,1508938298.2817912,1508938298.2957351,0
query,1508938298.2957387,1508938298.3444514,9
query,1508938298.3444552,1508938298.4374936,2611
query,1508938298.4374986,1508938298.474418,83
query,1508938298.4744213,1508938298.5354652,1849
query,1508938298.5354693,1508938298.8147886,11744
query,1508938298.8147924,1508938299.3525898,18922
query,1508938299.3525944,1508938299.5921686,10809
query,1508938299.5921729,1508938299.9643273,23397
query,1508938299.964332,1508938300.032639,4081
query,1508938300.032643,1508938300.094615,1669
query,1508938300.0946193,1508938300.166469,537
query,1508938300.1664722,1508938300.4979818,15127
query,1508938300.4979863,1508938300.695423,12546
query,1508938300.6954646,1508938300.771119,3214
query,1508938300.783793,1508938300.9543931,10844
query,1508938300.9543972,1508938301.207375,10218
query,1508938301.2073789,1508938301.3998432,9888
query,1508938301.399847,1508938301.5465794,4083
query,1508938301.5465832,1508938301.6043346,121
query,1508938301.6043384,1508938301.6583958,493
query,1508938301.6583998,1508938301.7565074,2629
query,1508938301.7565117,1508938302.0188167,10699
query,1508938302.018821,1508938302.09502,1424
query,1508938302.0950243,1508938302.4645362,18546
query,1508938302.46454,1508938302.512083,946
query,1508938302.5120876,1508938302.9811168,12700
query,1508938302.9811206,1508938303.2710502,12397
query,1508938303.2710614,1508938303.3008385,1160
query,1508938303.3008418,1508938303.5113544,17444
query,1508938303.5113585,1508938303.733728,14549
query,1508938303.7337325,1508938304.03113,12975
query,1508938304.0311346,1508938304.2668734,12625
query,1508938304.2668777,1508938304.4304142,3972
query,1508938304.4304533,1508938304.4612534,0
query,1508938304.4628193,1508938304.7044845,8770
query,1508938304.7044883,1508938304.9790058,13714
query,1508938304.9790103,1508938305.0124984,334
query,1508938305.012502,1508938305.1644726,4623
query,1508938305.1644769,1508938305.2835753,6976
query,1508938305.283579,1508938305.472508,8692
query,1508938305.4725118,1508938305.6808703,5492
query,1508938305.6808748,1508938305.8320012,7581
query,1508938305.8320048,1508938305.8761683,696
query,1508938305.8761723,1508938305.9732952,3351
query,1508938305.9732993,1508938306.181798,5119
query,1508938306.1818023,1508938306.3021295,7187
query,1508938306.3021333,1508938306.3395238,678
query,1508938306.3395274,1508938306.5778909,7217
query,1508938306.5778947,1508938306.6190455,11
query,1508938306.6190493,1508938306.6606855,1031
query,1508938306.6606889,1508938306.8389893,11537
query,1508938306.838993,1508938307.2797985,19067
query,1508938307.2798033,1508938307.7512472,3748
query,1508938307.7512853,1508938307.799484,203
query,1508938307.8127728,1508938308.2834795,7436
query,1508938308.2834833,1508938308.6421216,14555
query,1508938308.6421254,1508938308.8289585,4748
query,1508938308.8289623,1508938309.146829,13478
query,1508938309.1468325,1508938309.2058303,520
query,1508938309.2058349,1508938309.2982948,1627
query,1508938309.298299,1508938309.5405889,7494
query,1508938309.5405924,1508938309.611499,1233
query,1508938309.6115036,1508938309.8105638,4798
query,1508938309.810568,1508938309.8747673,638
query,1508938309.874771,1508938310.3320367,12631
query,1508938310.332041,1508938310.410582,2902
query,1508938310.410586,1508938310.8285072,18989
query,1508938310.8285112,1508938310.9595566,3172
query,1508938310.9595606,1508938311.0871797,10134
query,1508938311.0871835,1508938311.134166,90
query,1508938311.1341696,1508938311.185998,77
query,1508938311.1860018,1508938311.4421391,12125
query,1508938311.442143,1508938312.2103438,15604
query,1508938312.210385,1508938312.4638762,11344
query,1508938312.4761176,1508938312.547737,1377
query,1508938312.547741,1508938312.5912955,2
query,1508938312.5912995,1508938312.889349,9748
query,1508938312.8893528,1508938312.9295657,0
query,1508938312.9295695,1508938313.014569,4002
query,1508938313.0145736,1508938313.0803447,4418
query,1508938313.0803492,1508938313.3121846,10440
query,1508938313.3121877,1508938313.417476,8449
query,1508938313.4174795,1508938313.4875193,1392
query,1508938313.4875228,1508938313.6844873,12798
query,1508938313.6844914,1508938313.7665825,2446
query,1508938313.7665863,1508938313.8492942,3935
query,1508938313.8492982,1508938314.4633732,17805
query,1508938314.4633777,1508938314.5971835,10300
query,1508938314.5971873,1508938314.7904112,8979
query,1508938314.7904153,1508938315.0393994,9304
query,1508938315.0394032,1508938315.1754708,11459
query,1508938315.1754744,1508938315.437749,10513
query,1508938315.437753,1508938315.5710416,7506
query,1508938315.571079,1508938315.6947825,3645
query,1508938315.7080371,1508938315.818796,6154
query,1508938315.8187995,1508938315.870374,652
query,1508938315.8703775,1508938316.06267,3224
query,1508938316.0626755,1508938316.3386407,16318
query,1508938316.3386447,1508938316.3571756,0
query,1508938316.3571784,1508938316.5412037,12359
query,1508938316.5412073,1508938316.5851445,1876
query,1508938316.5851486,1508938316.7659433,12153
query,1508938316.7659476,1508938316.809384,297
query,1508938316.809388,1508938316.8613715,969
query,1508938316.861375,1508938316.9917269,4676
query,1508938316.9917305,1508938317.4144366,21467
query,1508938317.414441,1508938317.9502084,19476
query,1508938317.9502127,1508938318.1832864,9600
query,1508938318.1832907,1508938318.307658,5076
query,1508938318.3076622,1508938318.4347892,5367
query,1508938318.4347935,1508938319.1945934,19831
query,1508938319.1945977,1508938319.3139815,2617
query,1508938319.3139853,1508938319.5715559,8405
query,1508938319.5715945,1508938319.7680182,7550
query,1508938319.7803516,1508938320.1125133,11521
query,1508938320.1125169,1508938320.3149025,12970
query,1508938320.3149068,1508938320.4342744,4639
query,1508938320.4342778,1508938321.0006328,23005
query,1508938321.0006366,1508938321.0515702,3
query,1508938321.0515752,1508938321.4911113,15567
query,1508938321.4911172,1508938321.8085892,8191
query,1508938321.8085935,1508938321.8578088,0
query,1508938321.8578134,1508938322.1874478,15686
query,1508938322.1874518,1508938322.2455947,1980
query,1508938322.2456012,1508938322.5346892,17509
query,1508938322.5346932,1508938322.6673987,5750
query,1508938322.6674027,1508938322.7735827,7296
query,1508938322.7735868,1508938322.841256,5
query,1508938322.84126,1508938323.0326574,3423
query,1508938323.0326614,1508938323.4258063,12787
query,1508938323.425811,1508938323.5030458,1736
query,1508938323.5030496,1508938323.8453627,13020
query,1508938323.8453667,1508938324.1291308,12618
query,1508938324.129172,1508938324.4428988,17937
query,1508938324.4553418,1508938324.9046009,18760
query,1508938324.9046044,1508938325.066761,3530
query,1508938325.0667648,1508938325.528372,12928
query,1508938325.5283763,1508938325.6753654,10331
query,1508938325.67537,1508938325.7127302,0
query,1508938325.7127337,1508938325.751305,1697
query,1508938325.7513087,1508938325.8701842,3842
query,1508938325.8701878,1508938326.0840945,5498
query,1508938326.0840983,1508938326.5954673,18429
query,1508938326.5954714,1508938326.6575575,3058
query,1508938326.6575618,1508938327.0105853,18554
query,1508938327.0105894,1508938327.0513608,0
query,1508938327.0513647,1508938327.1985736,2898
query,1508938327.1985784,1508938327.3687625,12092
query,1508938327.3687665,1508938327.4439688,5353
query,1508938327.4439728,1508938327.68757,7345
query,1508938327.687574,1508938327.7320507,2139
query,1508938327.7320545,1508938327.7972093,194
query,1508938327.797213,1508938327.8750515,6655
query,1508938327.8750932,1508938328.3576415,18549
query,1508938328.3697472,1508938328.415714,90
query,1508938328.4157176,1508938328.433282,0
query,1508938328.4332867,1508938328.6167173,17229
query,1508938328.6167212,1508938328.6842282,3523
query,1508938328.684233,1508938328.894944,7132
query,1508938328.8949478,1508938329.1815543,13500
query,1508938329.1815586,1508938329.2546985,2800
query,1508938329.2547028,1508938329.3242502,1940
query,1508938329.3242543,1508938329.5136368,11369
query,1508938329.5136409,1508938329.6370811,3758
query,1508938329.637086,1508938329.738509,2909
query,1508938329.7385485,1508938330.071211,17467
query,1508938330.0712156,1508938330.1336665,191
query,1508938330.1336706,1508938330.213791,6506
query,1508938330.2137954,1508938330.255992,0
query,1508938330.2559962,1508938330.5093684,6288
query,1508938330.5093725,1508938330.7785826,11557
query,1508938330.7785866,1508938330.846833,799
query,1508938330.8468368,1508938330.9025795,2207
query,1508938330.9026334,1508938330.9806528,236
query,1508938330.9937205,1508938331.042241,931
query,1508938331.042245,1508938331.4460971,16472
query,1508938331.4461017,1508938331.8213453,19301
query,1508938331.8213499,1508938332.0314739,9272
query,1508938332.0314777,1508938332.1155715,5698
query,1508938332.115576,1508938332.3370643,10773
query,1508938332.3370686,1508938332.473323,9300
query,1508938332.4733272,1508938332.4982128,0
query,1508938332.4982166,1508938332.8124645,11368
query,1508938332.8124688,1508938332.881483,1176
query,1508938332.8814871,1508938333.1480892,9190
query,1508938333.1480932,1508938333.2223427,2576
query,1508938333.2223473,1508938333.6037948,14742
query,1508938333.6037989,1508938333.9330504,8468
query,1508938333.9330542,1508938334.015877,4356
query,1508938334.0158813,1508938334.0683837,1424
query,1508938334.0683877,1508938334.1119604,0
query,1508938334.1119645,1508938334.1628058,616
query,1508938334.16281,1508938334.348263,14653
query,1508938334.3483083,1508938334.6396985,7679
query,1508938334.6518025,1508938334.702644,1927
query,1508938334.7026484,1508938334.7661324,809
query,1508938334.7661364,1508938334.8387399,952
query,1508938334.8387446,1508938335.0362513,12539
query,1508938335.0362556,1508938335.0767868,5
query,1508938335.0768116,1508938335.2835054,17425
query,1508938335.28351,1508938335.4947999,9662
query,1508938335.4948037,1508938335.539858,44
query,1508938335.5398624,1508938335.8045866,16473
query,1508938335.8045914,1508938335.9714272,12276
query,1508938335.9714313,1508938336.0470278,2958
query,1508938336.047032,1508938336.2829616,17751
query,1508938336.282966,1508938336.359149,3490
query,1508938336.3591533,1508938336.775404,17992
query,1508938336.7754087,1508938336.99892,4562
query,1508938336.9989247,1508938337.047394,33
query,1508938337.0473986,1508938337.0987897,822
query,1508938337.098794,1508938337.1432343,242
query,1508938337.1432383,1508938337.1987903,179
query,1508938337.1988342,1508938337.7751832,22943
query,1508938337.7877824,1508938337.934026,8754
query,1508938337.9340296,1508938338.022313,6831
query,1508938338.0223172,1508938338.0388403,1
query,1508938338.0388935,1508938338.0679233,795
query,1508938338.067927,1508938338.1391776,2632
query,1508938338.1391816,1508938338.2619278,11534
query,1508938338.261932,1508938338.3323865,2470
query,1508938338.3323908,1508938338.3829398,1197
query,1508938338.3829436,1508938338.514779,7033
query,1508938338.5147831,1508938338.6718972,16912
query,1508938338.671901,1508938338.7276478,1907
query,1508938338.7276514,1508938338.7580752,2047
query,1508938338.758079,1508938338.9336636,14465
query,1508938338.9336677,1508938339.3139267,3747
query,1508938339.3139307,1508938339.3564348,1069
query,1508938339.3564384,1508938339.3955007,202
query,1508938339.395505,1508938339.7050016,14409
query,1508938339.7050061,1508938339.8713636,5121
query,1508938339.8713677,1508938340.1079772,10445
