tables,1509230574.4258962,1509231434.4881678
query,1509231434.4886622,1509231434.5528164,434
query,1509231434.567362,1509231434.6099265,4491
query,1509231434.6099305,1509231434.658554,6449
query,1509231434.6585581,1509231434.6788807,423
query,1509231434.6788852,1509231434.6999683,105
query,1509231434.6999726,1509231434.738072,3922
query,1509231434.7380755,1509231434.7580585,9
query,1509231434.7580626,1509231434.7782798,650
query,1509231434.7782834,1509231434.8032775,1974
query,1509231434.803281,1509231434.8184683,306
query,1509231434.818472,1509231434.8829112,2948
query,1509231434.8829153,1509231434.9059005,3601
query,1509231434.905904,1509231434.959198,2948
query,1509231434.9592013,1509231434.996385,7453
query,1509231434.996389,1509231435.0162523,1190
query,1509231435.0162559,1509231435.0428603,4080
query,1509231435.0428638,1509231435.0569575,206
query,1509231435.0569603,1509231435.0863981,2903
query,1509231435.0864012,1509231435.1005144,50
query,1509231435.1005182,1509231435.1500537,2929
query,1509231435.1500993,1509231435.1819556,1719
query,1509231435.1939583,1509231435.229092,5573
query,1509231435.229096,1509231435.262882,2823
query,1509231435.2628856,1509231435.3136501,9346
query,1509231435.3136542,1509231435.3361394,576
query,1509231435.3361428,1509231435.3886464,2948
query,1509231435.38865,1509231435.443232,2948
query,1509231435.443236,1509231435.4943352,2948
query,1509231435.494339,1509231435.5470195,2948
query,1509231435.547024,1509231435.600497,2948
query,1509231435.6005018,1509231435.621317,6
query,1509231435.6213202,1509231435.638966,202
query,1509231435.6389692,1509231435.7036374,9540
query,1509231435.703642,1509231435.724867,760
query,1509231435.724871,1509231435.800355,13111
query,1509231435.8003595,1509231435.8252602,4479
query,1509231435.8252635,1509231435.837032,146
query,1509231435.8370352,1509231435.8659022,6212
query,1509231435.8659058,1509231435.8962986,5861
query,1509231435.8963025,1509231435.9115992,986
query,1509231435.9116433,1509231436.0182183,24803
query,1509231436.0306702,1509231436.0919082,17166
query,1509231436.091912,1509231436.1494603,14771
query,1509231436.1494644,1509231436.2085135,14746
query,1509231436.208517,1509231436.2227597,434
query,1509231436.2227626,1509231436.2937925,16512
query,1509231436.2937963,1509231436.3435407,11852
query,1509231436.3435454,1509231436.4731529,42399
query,1509231436.473157,1509231436.4766226,0
query,1509231436.4766257,1509231436.4878938,5
query,1509231436.487897,1509231436.5283172,12020
query,1509231436.5283215,1509231436.531998,0
query,1509231436.5320013,1509231436.5942304,17440
query,1509231436.5942338,1509231436.6108625,1908
query,1509231436.6108658,1509231436.6249263,1169
query,1509231436.6249294,1509231436.6394384,1420
query,1509231436.6394413,1509231436.6533382,1203
query,1509231436.6533415,1509231436.6914117,9046
query,1509231436.6914148,1509231436.7202506,6064
query,1509231436.7202544,1509231436.7337873,713
query,1509231436.733825,1509231436.7472832,3
query,1509231436.7540016,1509231436.766699,683
query,1509231436.7667022,1509231436.8256361,15063
query,1509231436.8256402,1509231436.8707438,13414
query,1509231436.8707473,1509231436.8837702,221
query,1509231436.8837752,1509231436.9097693,5982
query,1509231436.9097738,1509231436.9304683,2924
query,1509231436.9304712,1509231437.0195312,24779
query,1509231437.0195355,1509231437.0610445,12295
query,1509231437.061048,1509231437.0745819,649
query,1509231437.0745857,1509231437.106771,8264
query,1509231437.1067748,1509231437.1690338,17510
query,1509231437.1690376,1509231437.172465,0
query,1509231437.1724682,1509231437.1888888,2092
query,1509231437.188892,1509231437.218395,6208
query,1509231437.2183988,1509231437.2570846,10422
query,1509231437.2570882,1509231437.2603598,0
query,1509231437.2603624,1509231437.2733295,301
query,1509231437.2733326,1509231437.2854962,331
query,1509231437.2855003,1509231437.3023245,408
query,1509231437.3023639,1509231437.3531525,13242
query,1509231437.3664694,1509231437.3801656,375
query,1509231437.3801692,1509231437.4075906,6701
query,1509231437.4075942,1509231437.4192202,6
query,1509231437.419223,1509231437.4402654,4033
query,1509231437.4402683,1509231437.4520366,165
query,1509231437.45204,1509231437.4550283,0
query,1509231437.4550307,1509231437.4853222,6497
query,1509231437.4853249,1509231437.499836,1447
query,1509231437.4998388,1509231437.5122755,523
query,1509231437.5122786,1509231437.5295882,2426
query,1509231437.5295913,1509231437.5415533,227
query,1509231437.5415568,1509231437.5528648,62
query,1509231437.5528681,1509231437.564854,309
query,1509231437.564857,1509231437.5763326,226
query,1509231437.576336,1509231437.5987282,4048
query,1509231437.598732,1509231437.613434,1474
query,1509231437.6134372,1509231437.6372855,5247
query,1509231437.6372886,1509231437.6705725,8107
query,1509231437.6705759,1509231437.7245185,13802
query,1509231437.7245724,1509231437.7410371,5
query,1509231437.753421,1509231437.8032062,15520
query,1509231437.8032103,1509231437.8244772,3809
query,1509231437.8244808,1509231437.8387616,1127
query,1509231437.838765,1509231437.8514316,329
query,1509231437.8514364,1509231437.890174,9416
query,1509231437.890178,1509231437.9576,20555
query,1509231437.9576044,1509231437.9799032,4099
query,1509231437.9799068,1509231437.9914079,6
query,1509231437.991411,1509231438.0407372,13763
query,1509231438.0407414,1509231438.0539708,590
query,1509231438.0539749,1509231438.0761223,4036
query,1509231438.0761263,1509231438.0885623,556
query,1509231438.0885658,1509231438.1109605,2987
query,1509231438.1109645,1509231438.1275904,862
query,1509231438.1275942,1509231438.1387506,63
query,1509231438.1387534,1509231438.1628764,4804
query,1509231438.16288,1509231438.2350984,20045
query,1509231438.2351024,1509231438.2498198,1342
query,1509231438.2498233,1509231438.261145,36
query,1509231438.2611904,1509231438.2779543,364
query,1509231438.2904122,1509231438.3038232,851
query,1509231438.3038268,1509231438.3430681,10154
query,1509231438.3430727,1509231438.3545969,48
query,1509231438.3546002,1509231438.3748522,3499
query,1509231438.3748567,1509231438.3985956,4531
query,1509231438.3985999,1509231438.410401,17
query,1509231438.4104052,1509231438.5002077,25739
query,1509231438.500212,1509231438.51282,270
query,1509231438.512824,1509231438.6295316,40852
query,1509231438.6295357,1509231438.6692538,10690
query,1509231438.6692579,1509231438.7463355,21156
query,1509231438.7463393,1509231438.7621715,1422
query,1509231438.762175,1509231438.777842,1598
query,1509231438.7778463,1509231438.8354745,15563
query,1509231438.8354785,1509231438.8476021,15
query,1509231438.847606,1509231438.8737135,5980
query,1509231438.8737183,1509231438.9005942,6429
query,1509231438.900599,1509231438.9122453,50
query,1509231438.912249,1509231438.941151,6047
query,1509231438.9411943,1509231438.963583,2345
query,1509231438.975858,1509231438.9991472,4260
query,1509231438.999151,1509231439.015292,1443
query,1509231439.0152981,1509231439.051059,6670
query,1509231439.0510643,1509231439.1108997,18220
query,1509231439.1109045,1509231439.2450984,42780
query,1509231439.2451024,1509231439.2626522,1972
query,1509231439.2626555,1509231439.2763233,830
query,1509231439.2763264,1509231439.327581,13635
query,1509231439.327585,1509231439.341596,1009
query,1509231439.3415997,1509231439.383465,13032
query,1509231439.3834686,1509231439.3870258,0
query,1509231439.387029,1509231439.4033344,1821
query,1509231439.403338,1509231439.4173489,547
query,1509231439.417353,1509231439.4216886,0
query,1509231439.4216924,1509231439.4346855,440
query,1509231439.4346888,1509231439.4775214,13918
query,1509231439.4775257,1509231439.5052862,5230
query,1509231439.5052903,1509231439.5706244,16990
query,1509231439.5706284,1509231439.6864939,41566
query,1509231439.6865356,1509231439.7088418,2579
query,1509231439.7213185,1509231439.7461827,5491
query,1509231439.7461867,1509231439.7764652,6456
query,1509231439.7764685,1509231439.8043427,6948
query,1509231439.8043463,1509231439.8156137,56
query,1509231439.8156166,1509231439.8267813,31
query,1509231439.8267844,1509231439.8450572,2882
query,1509231439.8450606,1509231439.9811308,43780
query,1509231439.981135,1509231439.9976344,2090
query,1509231439.9976375,1509231440.0102131,245
query,1509231440.0102167,1509231440.1166759,39364
query,1509231440.1166801,1509231440.13895,1076
query,1509231440.1389534,1509231440.1805553,11690
query,1509231440.1805594,1509231440.2456357,13988
query,1509231440.2456393,1509231440.3531055,39864
query,1509231440.3531094,1509231440.440176,23438
query,1509231440.44018,1509231440.4549458,1054
query,1509231440.454949,1509231440.4667726,4
query,1509231440.466784,1509231440.4889538,4055
query,1509231440.4889572,1509231440.524007,9270
query,1509231440.5240486,1509231440.5433397,688
query,1509231440.5554125,1509231440.5755692,3191
query,1509231440.575572,1509231440.6169717,11923
query,1509231440.616975,1509231440.6730425,17501
query,1509231440.6730459,1509231440.7189424,11561
query,1509231440.7189457,1509231440.7522964,8364
query,1509231440.7523003,1509231440.769152,1676
query,1509231440.7691555,1509231440.7814343,70
query,1509231440.7814386,1509231440.7936969,150
query,1509231440.7937007,1509231440.899449,39488
query,1509231440.8994532,1509231440.9140053,870
query,1509231440.9140089,1509231440.9278855,870
query,1509231440.9278889,1509231440.9313903,0
query,1509231440.9313936,1509231440.957469,5792
query,1509231440.9574726,1509231440.9610946,0
query,1509231440.961098,1509231441.002074,10389
query,1509231441.0020773,1509231441.0408645,8791
query,1509231441.0408683,1509231441.053219,231
query,1509231441.0532224,1509231441.1010225,12720
query,1509231441.1010263,1509231441.198754,26748
query,1509231441.1987932,1509231441.2202542,2020
query,1509231441.233401,1509231441.2452574,8
query,1509231441.2452607,1509231441.2671428,3762
query,1509231441.267146,1509231441.296828,6934
query,1509231441.2968328,1509231441.3165329,3323
query,1509231441.3165362,1509231441.3587098,10708
query,1509231441.358714,1509231441.4282277,19223
query,1509231441.4282317,1509231441.4422688,692
query,1509231441.4422731,1509231441.4455419,0
query,1509231441.445545,1509231441.4750664,5425
query,1509231441.475071,1509231441.488154,203
query,1509231441.488158,1509231441.5213249,5406
query,1509231441.5213284,1509231441.6409597,20326
query,1509231441.6409636,1509231441.664109,1160
query,1509231441.6641128,1509231441.6906755,2365
query,1509231441.6906796,1509231441.7633057,19036
query,1509231441.7633102,1509231441.7848387,220
query,1509231441.7848423,1509231441.8068852,1739
query,1509231441.8068888,1509231441.8444872,7144
query,1509231441.844491,1509231441.864677,570
query,1509231441.8647141,1509231441.8980758,656
query,1509231441.9106998,1509231441.9236715,61
query,1509231441.9236755,1509231441.9564052,9059
query,1509231441.9564087,1509231441.9754698,398
query,1509231441.975474,1509231442.0288365,17677
query,1509231442.0288403,1509231442.1018436,16589
query,1509231442.1018484,1509231442.1376941,7632
query,1509231442.1376982,1509231442.243868,29366
query,1509231442.2438717,1509231442.2617502,2368
query,1509231442.261754,1509231442.2670143,0
query,1509231442.267018,1509231442.2957356,6444
query,1509231442.2957394,1509231442.3302016,7213
query,1509231442.330206,1509231442.3425856,425
query,1509231442.3425887,1509231442.3711717,4056
query,1509231442.371176,1509231442.4127176,5837
query,1509231442.4127216,1509231442.418247,0
query,1509231442.4182498,1509231442.5247705,19092
query,1509231442.524775,1509231442.6417437,40302
query,1509231442.6417477,1509231442.6534529,169
query,1509231442.653456,1509231442.6647727,73
query,1509231442.6648366,1509231442.7174947,11979
query,1509231442.730283,1509231442.804861,20675
query,1509231442.804865,1509231442.8209617,1739
query,1509231442.8209653,1509231442.875401,16021
query,1509231442.8754058,1509231442.9335222,15420
query,1509231442.9335263,1509231442.996516,18578
query,1509231442.9965196,1509231443.0386698,10773
query,1509231443.0386734,1509231443.0420344,0
query,1509231443.0420372,1509231443.0533228,36
query,1509231443.0533257,1509231443.114027,19099
query,1509231443.1140308,1509231443.1332383,2649
query,1509231443.1332417,1509231443.1438687,3
query,1509231443.1438718,1509231443.2037022,15221
query,1509231443.2037063,1509231443.210077,2
query,1509231443.21008,1509231443.2817976,22402
query,1509231443.2818015,1509231443.3023202,3246
query,1509231443.3023236,1509231443.371738,20386
query,1509231443.3717418,1509231443.3750982,0
query,1509231443.3751016,1509231443.3780658,0
query,1509231443.378069,1509231443.397853,3353
query,1509231443.3978927,1509231443.4805999,21803
query,1509231443.494338,1509231443.5077767,543
query,1509231443.507781,1509231443.510993,0
query,1509231443.510996,1509231443.5470028,9965
query,1509231443.5470064,1509231443.575575,6659
query,1509231443.575579,1509231443.597807,4268
query,1509231443.5978103,1509231443.6022375,0
query,1509231443.6022406,1509231443.615516,244
query,1509231443.6155202,1509231443.6918268,19173
query,1509231443.6918314,1509231443.7019966,2
query,1509231443.702,1509231443.7065158,1
query,1509231443.7065191,1509231443.748846,12756
query,1509231443.74885,1509231443.7528882,0
query,1509231443.7528918,1509231443.769474,1888
query,1509231443.7694778,1509231443.837458,17053
query,1509231443.8374615,1509231443.8983817,12415
query,1509231443.8983865,1509231443.9147367,1318
query,1509231443.9147408,1509231444.0004938,14677
query,1509231444.0004985,1509231444.0156698,209
query,1509231444.0156746,1509231444.0633044,7014
query,1509231444.0633442,1509231444.082464,32
query,1509231444.0952523,1509231444.24858,26256
query,1509231444.2485843,1509231444.271449,1496
query,1509231444.271453,1509231444.2850196,420
query,1509231444.285023,1509231444.3303108,14441
query,1509231444.3303144,1509231444.348492,586
query,1509231444.348496,1509231444.3763847,3485
query,1509231444.3763888,1509231444.4393342,19390
query,1509231444.439338,1509231444.4749157,4476
query,1509231444.4749198,1509231444.4880164,53
query,1509231444.48802,1509231444.516203,5295
query,1509231444.5162065,1509231444.5461645,7281
query,1509231444.5461693,1509231444.6940713,41592
query,1509231444.6940758,1509231444.7156234,389
query,1509231444.7156274,1509231444.7207277,0
query,1509231444.7207313,1509231444.7408867,302
query,1509231444.74089,1509231444.7607098,50
query,1509231444.760714,1509231444.7986882,4381
query,1509231444.798693,1509231444.8663826,18528
query,1509231444.8663864,1509231444.9325716,10615
query,1509231444.9326124,1509231444.957252,340
query,1509231444.9702764,1509231444.99267,3711
query,1509231444.9926736,1509231445.0193357,5104
query,1509231445.0193398,1509231445.0605779,10013
query,1509231445.0605814,1509231445.1106148,14538
query,1509231445.1106188,1509231445.1272724,1077
query,1509231445.1272767,1509231445.1615946,7746
query,1509231445.1615987,1509231445.1875088,4769
query,1509231445.187513,1509231445.2084026,2701
query,1509231445.2084062,1509231445.3487651,43275
query,1509231445.3487692,1509231445.3524966,0
query,1509231445.3525002,1509231445.377197,4802
query,1509231445.3772013,1509231445.3805387,0
query,1509231445.3805418,1509231445.3932662,15
query,1509231445.3932705,1509231445.4843826,15952
query,1509231445.4843874,1509231445.506523,97
query,1509231445.506527,1509231445.5637462,11914
query,1509231445.5637503,1509231445.609289,10296
query,1509231445.6092927,1509231445.6144485,0
query,1509231445.6144516,1509231445.6370523,619
query,1509231445.637092,1509231445.7551303,17470
query,1509231445.7690542,1509231445.7903855,639
query,1509231445.7903895,1509231445.9214613,32405
query,1509231445.9214659,1509231446.0449185,32952
query,1509231446.0449226,1509231446.071378,3050
query,1509231446.071382,1509231446.1479495,13589
query,1509231446.147954,1509231446.2585835,28401
query,1509231446.2585878,1509231446.278677,179
query,1509231446.2786813,1509231446.3299603,10062
query,1509231446.3299654,1509231446.3696012,7564
query,1509231446.3696055,1509231446.4987936,19502
query,1509231446.4987974,1509231446.6202936,31703
query,1509231446.6202974,1509231446.6304889,1
query,1509231446.630493,1509231446.650011,115
query,1509231446.6500146,1509231446.687583,7300
query,1509231446.6875865,1509231446.7171512,4091
query,1509231446.7171555,1509231446.7432053,559
query,1509231446.743209,1509231446.7744546,2509
query,1509231446.7744586,1509231446.7980072,1782
query,1509231446.798011,1509231446.8920176,21301
query,1509231446.8920596,1509231447.0190327,38475
query,1509231447.033001,1509231447.171612,41355
query,1509231447.1716163,1509231447.2062242,8555
query,1509231447.2062285,1509231447.2191346,6
query,1509231447.2191384,1509231447.314953,25947
query,1509231447.3149576,1509231447.3323011,1206
query,1509231447.3323054,1509231447.3516529,2742
query,1509231447.3516564,1509231447.3748565,2413
query,1509231447.3748603,1509231447.38785,59
query,1509231447.387854,1509231447.5025287,40872
query,1509231447.502533,1509231447.590414,17138
query,1509231447.590418,1509231447.6046793,1124
query,1509231447.6046824,1509231447.624459,1755
query,1509231447.6244621,1509231447.6365805,11
query,1509231447.636583,1509231447.6932213,13366
query,1509231447.6932251,1509231447.7351794,9339
query,1509231447.7351832,1509231447.7579567,4471
query,1509231447.7579598,1509231447.7776227,1552
query,1509231447.7776263,1509231447.7815764,0
query,1509231447.781579,1509231447.7938912,23
query,1509231447.793925,1509231447.8742301,19998
query,1509231447.8856087,1509231448.0053484,30090
query,1509231448.0053525,1509231448.0099053,0
query,1509231448.0099087,1509231448.0139554,0
query,1509231448.0139592,1509231448.040006,5887
query,1509231448.0400093,1509231448.066094,4353
query,1509231448.066098,1509231448.084006,2157
query,1509231448.0840108,1509231448.10848,4834
query,1509231448.1084836,1509231448.1223211,332
query,1509231448.1223247,1509231448.156482,7873
query,1509231448.1564858,1509231448.173036,1840
query,1509231448.1730397,1509231448.1896906,1805
query,1509231448.1896935,1509231448.2022982,618
query,1509231448.2023015,1509231448.2551568,14394
query,1509231448.255161,1509231448.2682743,14
query,1509231448.2682772,1509231448.2826405,491
query,1509231448.2826436,1509231448.3147519,8476
query,1509231448.3147554,1509231448.3911357,19317
query,1509231448.3911397,1509231448.394639,0
query,1509231448.3946419,1509231448.409033,1102
query,1509231448.4090726,1509231448.419984,1
query,1509231448.4238648,1509231448.4366782,503
query,1509231448.4366822,1509231448.448583,384
query,1509231448.4485862,1509231448.4808414,8837
query,1509231448.480853,1509231448.5400505,15260
query,1509231448.5400543,1509231448.5561054,1816
query,1509231448.5561085,1509231448.567838,71
query,1509231448.5678413,1509231448.601312,9023
query,1509231448.6013153,1509231448.7006233,38417
query,1509231448.7006276,1509231448.7040706,0
query,1509231448.7040737,1509231448.7293487,4954
query,1509231448.729353,1509231448.743164,1124
query,1509231448.7431672,1509231448.7582142,1593
query,1509231448.7582173,1509231448.8132775,16075
query,1509231448.8132813,1509231448.848974,8459
query,1509231448.8489778,1509231448.8870282,8770
query,1509231448.8870316,1509231448.9415019,15025
query,1509231448.9415054,1509231448.9533215,147
query,1509231448.9533253,1509231448.964627,19
query,1509231448.9646301,1509231449.0453253,22132
query,1509231449.0453625,1509231449.0918078,12053
query,1509231449.1046631,1509231449.1202457,1032
query,1509231449.1202495,1509231449.1505818,7724
query,1509231449.1505852,1509231449.1978383,13583
query,1509231449.1978416,1509231449.209732,19
query,1509231449.209736,1509231449.3430812,41717
query,1509231449.3430853,1509231449.3575206,1154
query,1509231449.357524,1509231449.3689294,6
query,1509231449.3689334,1509231449.395154,5629
query,1509231449.3951576,1509231449.507158,31733
query,1509231449.5071626,1509231449.5291405,3430
query,1509231449.5291445,1509231449.5952606,19348
query,1509231449.5952644,1509231449.608404,715
query,1509231449.6084073,1509231449.6279404,150
query,1509231449.6279442,1509231449.6468465,55
query,1509231449.646851,1509231449.7214088,13518
query,1509231449.7214131,1509231449.7985618,13373
query,1509231449.7985654,1509231449.8186939,7
query,1509231449.8186975,1509231449.874797,12397
query,1509231449.8748014,1509231449.8883202,3
query,1509231449.8883557,1509231449.9560766,15394
query,1509231449.9683673,1509231449.990453,449
query,1509231449.990457,1509231450.037956,9325
query,1509231450.0379615,1509231450.0851705,10135
query,1509231450.0851755,1509231450.105421,641
query,1509231450.105425,1509231450.2339857,41168
query,1509231450.2339902,1509231450.3538644,40096
query,1509231450.3538687,1509231450.3766227,1265
query,1509231450.3766265,1509231450.4043803,2573
query,1509231450.4043844,1509231450.4119155,3
query,1509231450.4119198,1509231450.4266274,690
query,1509231450.4266315,1509231450.4419036,1211
query,1509231450.4419074,1509231450.4593904,2481
query,1509231450.4593942,1509231450.484344,5377
query,1509231450.4843485,1509231450.5205476,10298
query,1509231450.5205514,1509231450.5317948,6
query,1509231450.5317984,1509231450.5430748,6
query,1509231450.5430784,1509231450.6369207,25952
query,1509231450.6369255,1509231450.648371,22
query,1509231450.6483753,1509231450.6600084,92
query,1509231450.660044,1509231450.7007744,8460
query,1509231450.7132225,1509231450.72571,131
query,1509231450.7257142,1509231450.7383265,667
query,1509231450.7383301,1509231450.7525773,1318
query,1509231450.7525806,1509231450.767769,1534
query,1509231450.7677724,1509231450.8029249,8895
query,1509231450.8029287,1509231450.8170617,795
query,1509231450.8170652,1509231450.8532114,10466
query,1509231450.8532152,1509231450.8709588,1233
query,1509231450.8709633,1509231450.9094737,10104
query,1509231450.9094784,1509231450.9744146,16733
query,1509231450.9744186,1509231450.9845006,2
query,1509231450.984504,1509231451.0674932,23656
query,1509231451.0674968,1509231451.0790777,248
query,1509231451.079081,1509231451.1440074,18842
query,1509231451.1440115,1509231451.2555099,34328
query,1509231451.2555146,1509231451.3505473,27426
query,1509231451.3505523,1509231451.4678643,40600
query,1509231451.4678688,1509231451.4725716,1
query,1509231451.472575,1509231451.4935634,3471
query,1509231451.4935975,1509231451.5655324,18493
query,1509231451.5782547,1509231451.5931633,954
query,1509231451.593167,1509231451.6094537,1351
query,1509231451.6094575,1509231451.6276858,2565
query,1509231451.6276896,1509231451.651034,4478
query,1509231451.6510382,1509231451.7018783,14514
query,1509231451.7018824,1509231451.780935,21053
query,1509231451.7809393,1509231451.819859,10848
query,1509231451.8198633,1509231451.8319905,280
query,1509231451.831994,1509231451.8620713,7354
query,1509231451.862075,1509231451.8782973,1754
query,1509231451.878301,1509231451.8922148,1009
query,1509231451.8922186,1509231451.9067552,1005
query,1509231451.906759,1509231451.9945495,25750
query,1509231451.9945543,1509231452.0077493,386
query,1509231452.0077536,1509231452.0266292,2749
query,1509231452.0266333,1509231452.0471494,3260
query,1509231452.0471532,1509231452.0611205,1063
query,1509231452.061124,1509231452.0965304,10575
query,1509231452.0965347,1509231452.1182609,3277
query,1509231452.1183026,1509231452.2229002,38637
query,1509231452.2379665,1509231452.2665968,6782
query,1509231452.2666016,1509231452.3185763,16039
query,1509231452.3185806,1509231452.3327749,971
query,1509231452.3327782,1509231452.355762,4282
query,1509231452.3557658,1509231452.3679838,396
query,1509231452.3679874,1509231452.3731546,2
query,1509231452.373158,1509231452.3858888,680
query,1509231452.3858924,1509231452.434065,12520
query,1509231452.4340692,1509231452.4483085,1169
query,1509231452.4483123,1509231452.4900043,10910
query,1509231452.4900084,1509231452.5126207,3819
query,1509231452.5126252,1509231452.602997,26265
query,1509231452.6030014,1509231452.6138036,5
query,1509231452.6138074,1509231452.628578,140
query,1509231452.6285832,1509231452.687148,17028
query,1509231452.6871521,1509231452.699703,137
query,1509231452.6997066,1509231452.7505453,12198
query,1509231452.7505498,1509231452.7838318,7680
query,1509231452.7838361,1509231452.8453183,16787
query,1509231452.8453684,1509231452.855711,0
query,1509231452.8571126,1509231452.9042773,13640
query,1509231452.9042804,1509231452.9218159,2193
query,1509231452.9218194,1509231452.9342875,282
query,1509231452.9342914,1509231453.0398123,39464
query,1509231453.0398164,1509231453.0535138,543
query,1509231453.0535183,1509231453.1039696,13441
query,1509231453.1039739,1509231453.121838,2200
query,1509231453.1218417,1509231453.2369978,41109
query,1509231453.2370021,1509231453.2561097,2733
query,1509231453.2561135,1509231453.3258417,20189
query,1509231453.3258462,1509231453.3948324,16527
query,1509231453.3948364,1509231453.4075422,15
query,1509231453.4075463,1509231453.4203184,445
query,1509231453.4203222,1509231453.4471624,5996
query,1509231453.4471662,1509231453.580939,42728
query,1509231453.5809433,1509231453.674064,26061
query,1509231453.6740682,1509231453.720207,12962
query,1509231453.720211,1509231453.7343552,626
query,1509231453.7343588,1509231453.790662,15560
query,1509231453.79071,1509231453.8058493,5
query,1509231453.8206909,1509231453.8979049,19138
query,1509231453.8979104,1509231453.9177287,3214
query,1509231453.9177325,1509231453.9296765,200
query,1509231453.9296799,1509231453.9648237,9122
query,1509231453.9648275,1509231453.9773567,66
query,1509231453.9773602,1509231454.0353618,16924
query,1509231454.0353663,1509231454.0525432,2277
query,1509231454.0525465,1509231454.145663,27041
query,1509231454.145667,1509231454.1980782,12006
query,1509231454.1980822,1509231454.2476883,13095
query,1509231454.2476926,1509231454.3062906,16366
query,1509231454.3062956,1509231454.3189952,55
query,1509231454.318999,1509231454.4072015,28264
query,1509231454.4072058,1509231454.4194272,152
query,1509231454.4194307,1509231454.440288,3488
query,1509231454.4402916,1509231454.4616678,3576
query,1509231454.4616714,1509231454.4735053,25
query,1509231454.4735086,1509231454.4794934,2
query,1509231454.4794967,1509231454.501818,3990
query,1509231454.5018573,1509231454.5349007,5734
query,1509231454.547998,1509231454.595376,13752
query,1509231454.5953798,1509231454.6285417,7654
query,1509231454.6285446,1509231454.6483412,2798
query,1509231454.648345,1509231454.6599352,86
query,1509231454.6599398,1509231454.6643858,0
query,1509231454.6643887,1509231454.749563,22408
query,1509231454.7495668,1509231454.810453,19395
query,1509231454.8104575,1509231454.9000127,25000
query,1509231454.900018,1509231454.9144804,1046
query,1509231454.9144843,1509231454.9301877,1632
query,1509231454.9301913,1509231454.9468112,1875
query,1509231454.9468145,1509231455.0184593,20914
query,1509231455.0184636,1509231455.1319265,40098
query,1509231455.1319304,1509231455.1443925,299
query,1509231455.1443958,1509231455.168896,5088
query,1509231455.1688995,1509231455.1902664,3385
query,1509231455.1902697,1509231455.2418897,14331
query,1509231455.2418935,1509231455.2765086,9354
query,1509231455.2765126,1509231455.2887173,261
query,1509231455.2887518,1509231455.3059025,52
query,1509231455.3186507,1509231455.3492463,7706
query,1509231455.3492498,1509231455.396048,12633
query,1509231455.396053,1509231455.4371152,10542
query,1509231455.43712,1509231455.45847,4033
query,1509231455.4584734,1509231455.521857,19069
query,1509231455.5218606,1509231455.53531,94
query,1509231455.5353138,1509231455.6032326,17580
query,1509231455.603237,1509231455.6241024,3521
query,1509231455.6241057,1509231455.660457,9529
query,1509231455.6604605,1509231455.6736784,744
query,1509231455.6736815,1509231455.7183921,11795
query,1509231455.7183957,1509231455.7625678,10995
query,1509231455.7625716,1509231455.8096495,11946
query,1509231455.8096533,1509231455.8710659,17348
query,1509231455.8710706,1509231455.913681,11072
query,1509231455.9136848,1509231455.965963,13578
query,1509231455.9659667,1509231456.037529,18729
query,1509231456.0375335,1509231456.073466,8995
query,1509231456.07347,1509231456.0849485,23
query,1509231456.0849845,1509231456.1031592,29
query,1509231456.1155152,1509231456.119079,0
query,1509231456.1190832,1509231456.1357741,2281
query,1509231456.1357772,1509231456.1608498,3568
query,1509231456.1608539,1509231456.1736636,226
query,1509231456.1736674,1509231456.1993809,5876
query,1509231456.1993847,1509231456.2191393,2921
query,1509231456.2191436,1509231456.2480948,6133
query,1509231456.248099,1509231456.2664814,2134
query,1509231456.2664857,1509231456.2737482,3
query,1509231456.273751,1509231456.3160691,8382
query,1509231456.3160732,1509231456.3416114,5735
query,1509231456.3416152,1509231456.3507576,3
query,1509231456.3507617,1509231456.4093149,16542
query,1509231456.4093196,1509231456.4370456,7002
query,1509231456.4370492,1509231456.4480526,19
query,1509231456.4480557,1509231456.4790819,8044
query,1509231456.4790854,1509231456.5012677,4250
query,1509231456.5012708,1509231456.5405295,10043
query,1509231456.540533,1509231456.5749295,10088
query,1509231456.5749657,1509231456.593567,994
query,1509231456.6067371,1509231456.6191468,219
query,1509231456.6191506,1509231456.6931658,22837
query,1509231456.6931703,1509231456.710711,2302
query,1509231456.7107148,1509231456.7245324,812
query,1509231456.7245357,1509231456.736331,23
query,1509231456.7363346,1509231456.7530315,1498
query,1509231456.753035,1509231456.765185,253
query,1509231456.7651885,1509231456.776638,86
query,1509231456.7766416,1509231456.7936661,2295
query,1509231456.7936697,1509231456.8296354,7311
query,1509231456.8296394,1509231456.8419912,284
query,1509231456.8419943,1509231456.9202487,21516
query,1509231456.9202528,1509231456.93865,2638
query,1509231456.9386535,1509231456.9718587,9305
query,1509231456.9718623,1509231456.9833727,22
query,1509231456.983376,1509231457.047106,18575
query,1509231457.047111,1509231457.0812006,8624
query,1509231457.081205,1509231457.1292348,11928
query,1509231457.129239,1509231457.1859093,6748
query,1509231457.1859515,1509231457.2047417,840
query,1509231457.218179,1509231457.2341838,1307
query,1509231457.2341874,1509231457.262307,6433
query,1509231457.2623107,1509231457.290878,6463
query,1509231457.2908814,1509231457.2942626,0
query,1509231457.2942655,1509231457.3834507,23906
query,1509231457.383455,1509231457.3982558,1049
query,1509231457.3982599,1509231457.4115837,623
query,1509231457.411587,1509231457.4244485,34
query,1509231457.4244525,1509231457.4370933,380
query,1509231457.4370968,1509231457.4486916,97
query,1509231457.448695,1509231457.5623522,25019
query,1509231457.5623565,1509231457.651125,23433
query,1509231457.651129,1509231457.6561892,0
query,1509231457.6561923,1509231457.6740756,6
query,1509231457.67408,1509231457.7277355,12006
query,1509231457.7277403,1509231457.7733974,10695
query,1509231457.7734013,1509231457.8139281,8300
query,1509231457.8139317,1509231457.8294897,2
query,1509231457.8294938,1509231457.8534155,1706
query,1509231457.8534546,1509231457.9353316,10743
query,1509231457.9485981,1509231458.0568867,23587
query,1509231458.0568905,1509231458.07844,997
query,1509231458.0784438,1509231458.1996088,20657
query,1509231458.1996126,1509231458.224349,2184
query,1509231458.224353,1509231458.2878036,12309
query,1509231458.2878075,1509231458.3110466,129
query,1509231458.3110502,1509231458.3297007,17
query,1509231458.329704,1509231458.3554304,3156
query,1509231458.3554337,1509231458.411579,14252
query,1509231458.4115832,1509231458.4973292,17153
query,1509231458.4973328,1509231458.5250127,2540
query,1509231458.5250165,1509231458.6241045,17092
query,1509231458.6241088,1509231458.7614124,41270
query,1509231458.7614167,1509231458.8320134,17832
query,1509231458.8320172,1509231458.9291065,24113
query,1509231458.9291103,1509231458.9620354,6392
query,1509231458.962039,1509231458.996884,5824
query,1509231458.996888,1509231459.013247,6
query,1509231459.0132506,1509231459.053606,6139
query,1509231459.0536475,1509231459.0849795,1075
query,1509231459.0982974,1509231459.2307556,40246
query,1509231459.2307596,1509231459.2529395,109
query,1509231459.2529433,1509231459.29381,3944
query,1509231459.2938132,1509231459.3429651,11530
query,1509231459.3429692,1509231459.3909423,10188
query,1509231459.3909466,1509231459.518587,41073
query,1509231459.5185912,1509231459.5919678,19406
query,1509231459.5919719,1509231459.6851265,16597
query,1509231459.6851306,1509231459.7465045,16661
query,1509231459.7465086,1509231459.7983952,6731
query,1509231459.7983992,1509231459.8102643,98
query,1509231459.8102674,1509231459.8217177,165
query,1509231459.8217208,1509231459.94602,43580
query,1509231459.9460242,1509231459.9496162,0
query,1509231459.9496195,1509231460.0327396,24585
query,1509231460.0327437,1509231460.0716107,10766
query,1509231460.0716157,1509231460.1350803,17560
query,1509231460.1350842,1509231460.1873813,13468
query,1509231460.1873853,1509231460.2638073,22274
query,1509231460.263845,1509231460.335587,17902
query,1509231460.3482594,1509231460.3612587,68
query,1509231460.3612626,1509231460.3734596,35
query,1509231460.373463,1509231460.4309757,16930
query,1509231460.4309795,1509231460.5386121,39838
query,1509231460.538617,1509231460.576506,9066
query,1509231460.5765104,1509231460.632772,12647
query,1509231460.632776,1509231460.6478732,1301
query,1509231460.6478763,1509231460.6603663,161
query,1509231460.6603699,1509231460.6734133,654
query,1509231460.6734395,1509231460.7257338,13802
query,1509231460.7257385,1509231460.7316134,1
query,1509231460.731617,1509231460.743665,130
query,1509231460.743669,1509231460.7751696,7980
query,1509231460.7751741,1509231460.823786,15520
query,1509231460.82379,1509231460.897332,18693
query,1509231460.8973358,1509231460.911219,1206
query,1509231460.9112225,1509231460.9877717,19547
query,1509231460.9877756,1509231461.0362175,5973
query,1509231461.0362222,1509231461.0906518,11020
query,1509231461.090696,1509231461.1707149,21767
query,1509231461.1836786,1509231461.2019606,2536
query,1509231461.2019641,1509231461.318023,41653
query,1509231461.318027,1509231461.3315122,282
query,1509231461.331517,1509231461.3664784,5270
query,1509231461.3664823,1509231461.417771,15074
query,1509231461.4177747,1509231461.4592462,11707
query,1509231461.4592497,1509231461.4723132,224
query,1509231461.4723175,1509231461.559347,23991
query,1509231461.5593517,1509231461.5933456,8975
query,1509231461.5933495,1509231461.6055193,249
query,1509231461.6055229,1509231461.6562226,12986
query,1509231461.6562264,1509231461.6837254,5904
query,1509231461.68373,1509231461.7247045,12875
query,1509231461.7247093,1509231461.7335944,4
query,1509231461.7335982,1509231461.7463093,253
query,1509231461.746313,1509231461.7666075,3590
query,1509231461.7666116,1509231461.8028488,10306
query,1509231461.8028533,1509231461.8419008,9742
query,1509231461.8419049,1509231461.9256814,23902
query,1509231461.9257221,1509231461.984234,15110
query,1509231461.9971006,1509231462.0368881,10145
query,1509231462.0368931,1509231462.0697603,7506
query,1509231462.069766,1509231462.1173258,13129
query,1509231462.1173303,1509231462.135937,2265
query,1509231462.135942,1509231462.1503308,526
query,1509231462.1503348,1509231462.1680517,1964
query,1509231462.1680555,1509231462.2213018,14127
query,1509231462.2213063,1509231462.289064,17622
query,1509231462.2890685,1509231462.369356,22335
query,1509231462.3693602,1509231462.4501665,21274
query,1509231462.4501698,1509231462.5117204,18740
query,1509231462.5117247,1509231462.6348188,40460
query,1509231462.634823,1509231462.6465356,7
query,1509231462.64654,1509231462.69383,13413
query,1509231462.6938343,1509231462.7277822,9584
query,1509231462.7277865,1509231462.8032346,21487
query,1509231462.803239,1509231462.8302624,5491
query,1509231462.8302674,1509231462.8428292,33
query,1509231462.8428328,1509231462.8646896,4085
query,1509231462.8647273,1509231462.884226,1000
query,1509231462.8985999,1509231462.940178,11085
query,1509231462.940182,1509231462.978756,9671
query,1509231462.9787598,1509231463.0045283,5283
query,1509231463.004532,1509231463.017808,640
query,1509231463.0178115,1509231463.0475137,6100
query,1509231463.0475175,1509231463.162008,39920
query,1509231463.1620123,1509231463.1789062,2067
query,1509231463.1789098,1509231463.2411532,17443
query,1509231463.2411575,1509231463.2532194,9
query,1509231463.2532237,1509231463.2922444,10152
query,1509231463.292249,1509231463.3314843,10534
query,1509231463.3314886,1509231463.3380425,2
query,1509231463.3380473,1509231463.445772,39971
query,1509231463.445777,1509231463.453452,3
query,1509231463.4534557,1509231463.4653955,18
query,1509231463.4653986,1509231463.51364,13393
query,1509231463.5136447,1509231463.5313058,2289
query,1509231463.53131,1509231463.6030264,19765
query,1509231463.6030307,1509231463.673875,18504
query,1509231463.6739128,1509231463.7147996,8893
query,1509231463.7285066,1509231463.7417607,386
query,1509231463.7417653,1509231463.7536888,193
query,1509231463.7536924,1509231463.7679024,1166
query,1509231463.7679062,1509231463.7809296,104
query,1509231463.7809331,1509231463.7925549,6
query,1509231463.792558,1509231463.8114736,2648
query,1509231463.8114774,1509231463.8822548,15649
query,1509231463.8822596,1509231463.8865292,0
query,1509231463.8865323,1509231463.8979077,187
query,1509231463.8979108,1509231463.9094303,51
query,1509231463.9094336,1509231463.9670105,16326
query,1509231463.9670146,1509231464.1110883,49678
query,1509231464.1110926,1509231464.1758134,20026
query,1509231464.1758173,1509231464.1883698,491
query,1509231464.1883729,1509231464.290917,29582
query,1509231464.2909226,1509231464.3231795,7639
query,1509231464.3231852,1509231464.339349,1398
query,1509231464.339354,1509231464.3669233,5266
query,1509231464.3669276,1509231464.4121408,10976
query,1509231464.4121842,1509231464.4515202,9036
query,1509231464.4675379,1509231464.5273309,12999
query,1509231464.5273356,1509231464.6172986,27181
query,1509231464.6173031,1509231464.6209607,0
query,1509231464.620964,1509231464.7064612,22972
query,1509231464.7064655,1509231464.7189624,159
query,1509231464.7189674,1509231464.7601705,10139
query,1509231464.7601755,1509231464.7845306,4753
query,1509231464.784535,1509231464.8358512,14062
query,1509231464.8358557,1509231464.8669822,7333
query,1509231464.8669877,1509231464.878625,44
query,1509231464.8786285,1509231464.892443,1303
query,1509231464.892446,1509231464.9897346,31180
query,1509231464.9897392,1509231465.0020602,390
query,1509231465.002064,1509231465.0475132,13205
query,1509231465.047517,1509231465.1014805,16633
query,1509231465.1014845,1509231465.1153293,718
query,1509231465.115333,1509231465.127407,36
query,1509231465.1274111,1509231465.1669712,9633
query,1509231465.166975,1509231465.170586,0
query,1509231465.1706192,1509231465.2038734,7833
query,1509231465.2166815,1509231465.2512805,8510
query,1509231465.251285,1509231465.2640882,266
query,1509231465.2640922,1509231465.328004,17078
query,1509231465.3280082,1509231465.3329659,1
query,1509231465.3329694,1509231465.3790784,13073
query,1509231465.3790824,1509231465.4158108,9456
query,1509231465.4158149,1509231465.4292054,453
query,1509231465.4292092,1509231465.474078,13217
query,1509231465.474082,1509231465.5196898,14009
query,1509231465.5196936,1509231465.5778358,6748
query,1509231465.5778399,1509231465.6530197,22713
query,1509231465.6530254,1509231465.6747346,1417
query,1509231465.6747394,1509231465.7146492,8970
query,1509231465.7146533,1509231465.7555952,10834
query,1509231465.7555997,1509231465.8190231,17810
query,1509231465.8190274,1509231465.889177,19373
query,1509231465.8891811,1509231465.904633,1390
query,1509231465.9046361,1509231465.936224,8859
query,1509231465.9362278,1509231465.9513156,1298
query,1509231465.9513578,1509231465.9600205,0
query,1509231465.9615257,1509231465.973385,160
query,1509231465.9733882,1509231466.0311463,6748
query,1509231466.03115,1509231466.0522933,3712
query,1509231466.0522964,1509231466.1234076,19037
query,1509231466.1234117,1509231466.1596453,9542
query,1509231466.1596494,1509231466.2148628,16754
query,1509231466.2148662,1509231466.2350185,3343
query,1509231466.2350223,1509231466.2471104,199
query,1509231466.247115,1509231466.2603693,49
query,1509231466.2603726,1509231466.355539,23912
query,1509231466.3555439,1509231466.3743918,2243
query,1509231466.374396,1509231466.4902637,32214
query,1509231466.4902682,1509231466.5360045,13242
query,1509231466.5360086,1509231466.595759,17272
query,1509231466.595763,1509231466.6196947,5099
query,1509231466.6196983,1509231466.7329838,40145
query,1509231466.7329886,1509231466.7680256,8381
query,1509231466.7680304,1509231466.7857623,1287
query,1509231466.785768,1509231466.9003613,39905
query,1509231466.9004056,1509231466.9804199,19957
query,1509231466.9985387,1509231467.0451927,10734
query,1509231467.0451975,1509231467.0769572,2705
query,1509231467.0769622,1509231467.106944,2442
query,1509231467.106948,1509231467.2192261,39796
query,1509231467.2192302,1509231467.3697357,42869
query,1509231467.3697398,1509231467.3906512,493
query,1509231467.3906548,1509231467.4082513,23
query,1509231467.4082549,1509231467.5144525,39707
query,1509231467.514457,1509231467.566926,14136
query,1509231467.5669312,1509231467.5803792,691
query,1509231467.5803826,1509231467.5834453,0
query,1509231467.5834482,1509231467.5940397,4
query,1509231467.5940428,1509231467.6284626,8334
query,1509231467.6284661,1509231467.6789057,15043
query,1509231467.6789095,1509231467.703766,5202
query,1509231467.7037706,1509231467.7073066,0
query,1509231467.7073102,1509231467.8142416,31861
query,1509231467.8142467,1509231467.834232,3247
query,1509231467.8342364,1509231467.8892224,6761
query,1509231467.8892636,1509231467.9114416,2092
query,1509231467.926694,1509231468.0529585,43123
query,1509231468.0529628,1509231468.0676615,122
query,1509231468.0676653,1509231468.0795703,159
query,1509231468.0795736,1509231468.096374,1980
query,1509231468.0963774,1509231468.1129236,1833
query,1509231468.1129274,1509231468.1565738,11402
query,1509231468.156578,1509231468.2005265,11261
query,1509231468.2005312,1509231468.214559,1129
query,1509231468.2145631,1509231468.2286503,957
query,1509231468.2286544,1509231468.2409859,342
query,1509231468.2409904,1509231468.2454941,1
query,1509231468.245497,1509231468.2963076,11959
query,1509231468.2963111,1509231468.3083014,77
query,1509231468.308305,1509231468.319861,74
query,1509231468.3198645,1509231468.3328595,261
query,1509231468.3328629,1509231468.3486366,1740
query,1509231468.3486402,1509231468.3695464,3683
query,1509231468.36955,1509231468.3975747,6458
query,1509231468.3975787,1509231468.4573689,17232
query,1509231468.457413,1509231468.4969647,9172
query,1509231468.5093813,1509231468.5380728,5347
query,1509231468.538078,1509231468.5549695,83
query,1509231468.5549734,1509231468.5761857,1920
query,1509231468.5761912,1509231468.5908809,31
query,1509231468.590885,1509231468.62928,9558
query,1509231468.629284,1509231468.6413486,8
query,1509231468.6413522,1509231468.6548543,112
query,1509231468.6548574,1509231468.666807,45
query,1509231468.66681,1509231468.67997,755
query,1509231468.6799731,1509231468.7357259,16132
query,1509231468.73573,1509231468.741461,2
query,1509231468.7414644,1509231468.75313,179
query,1509231468.7531335,1509231468.764696,44
query,1509231468.7647002,1509231468.7837603,2372
query,1509231468.783764,1509231468.7995758,1851
query,1509231468.7995794,1509231468.8209817,4068
query,1509231468.8209853,1509231468.8751557,15900
query,1509231468.8751605,1509231468.9274893,14592
query,1509231468.927493,1509231468.977657,13779
query,1509231468.9776962,1509231469.0467777,17986
query,1509231469.0596964,1509231469.1252043,18864
query,1509231469.1252086,1509231469.1447027,2759
query,1509231469.1447072,1509231469.1579034,8
query,1509231469.157907,1509231469.170779,357
query,1509231469.1707826,1509231469.1836557,403
query,1509231469.1836588,1509231469.241677,13875
query,1509231469.2416816,1509231469.279333,8814
query,1509231469.2793362,1509231469.2937152,1054
query,1509231469.293719,1509231469.3048651,28
query,1509231469.3048682,1509231469.3181877,946
query,1509231469.3181913,1509231469.3235517,2
query,1509231469.323554,1509231469.3976657,23534
query,1509231469.39767,1509231469.409551,8
query,1509231469.4095542,1509231469.5071864,38446
query,1509231469.5071905,1509231469.6106136,38946
query,1509231469.6106179,1509231469.6302814,2473
query,1509231469.6302853,1509231469.6668832,9384
query,1509231469.6668868,1509231469.6998644,7693
query,1509231469.6998682,1509231469.7164867,1966
query,1509231469.7165236,1509231469.7802215,13670
query,1509231469.7942755,1509231469.8075082,507
query,1509231469.8075118,1509231469.8354259,5244
query,1509231469.8354294,1509231469.8592315,4703
query,1509231469.859235,1509231469.8851366,5647
query,1509231469.8851397,1509231469.9372199,13622
query,1509231469.937225,1509231470.0645328,42888
query,1509231470.0645368,1509231470.0826747,2389
query,1509231470.0826786,1509231470.0862823,0
query,1509231470.0862856,1509231470.1782725,25272
query,1509231470.178277,1509231470.1818526,0
query,1509231470.1818557,1509231470.1855016,0
query,1509231470.1855059,1509231470.191565,1
query,1509231470.1915689,1509231470.1954682,0
query,1509231470.1954718,1509231470.231751,9267
query,1509231470.2317553,1509231470.2365887,0
query,1509231470.236592,1509231470.273666,9081
query,1509231470.2736704,1509231470.2841554,3
query,1509231470.2841592,1509231470.3267162,10886
query,1509231470.32672,1509231470.365255,10447
query,1509231470.3652847,1509231470.3816452,12
query,1509231470.3890357,1509231470.4401543,13483
query,1509231470.4401574,1509231470.45455,1072
query,1509231470.4545546,1509231470.4661684,408
query,1509231470.4661717,1509231470.4896343,4116
query,1509231470.489637,1509231470.5200324,6579
query,1509231470.5200362,1509231470.5515232,7495
query,1509231470.5515263,1509231470.563175,74
query,1509231470.5631773,1509231470.5856862,4566
query,1509231470.5856886,1509231470.6030316,2568
query,1509231470.6030343,1509231470.6384342,10648
query,1509231470.6384373,1509231470.65383,1491
query,1509231470.6538324,1509231470.673548,3218
query,1509231470.6735506,1509231470.6979728,5099
query,1509231470.6979756,1509231470.7110505,625
query,1509231470.7110536,1509231470.7429483,8432
query,1509231470.742952,1509231470.7856905,11828
query,1509231470.785694,1509231470.7984831,717
query,1509231470.7984858,1509231470.8377059,11075
query,1509231470.8377092,1509231470.848388,3
query,1509231470.8484259,1509231470.8651407,143
query,1509231470.8775032,1509231470.8836262,2
query,1509231470.8836298,1509231470.9117565,6634
query,1509231470.9117596,1509231470.9246495,836
query,1509231470.9246528,1509231471.0225713,38418
query,1509231471.0225756,1509231471.0722113,15546
query,1509231471.0722158,1509231471.09918,6383
query,1509231471.0991838,1509231471.210513,40525
query,1509231471.2105174,1509231471.2290947,1786
query,1509231471.2290988,1509231471.3412504,40027
query,1509231471.3412545,1509231471.3979564,19158
query,1509231471.3979614,1509231471.4255972,5766
query,1509231471.4256012,1509231471.4588926,7732
query,1509231471.458897,1509231471.490453,6414
query,1509231471.4904578,1509231471.5124855,3757
query,1509231471.5124898,1509231471.527721,921
query,1509231471.5277255,1509231471.5465221,2827
query,1509231471.546526,1509231471.5645146,1370
query,1509231471.5645192,1509231471.577937,675
query,1509231471.5779405,1509231471.5897176,269
query,1509231471.5897658,1509231471.6069803,51
query,1509231471.6199675,1509231471.6760428,15050
query,1509231471.6760473,1509231471.6882324,252
query,1509231471.6882358,1509231471.7566833,18062
query,1509231471.7566876,1509231471.832501,18600
query,1509231471.832505,1509231471.9304378,27051
query,1509231471.9304426,1509231471.9659724,8954
query,1509231471.9659772,1509231471.9693823,0
query,1509231471.9693859,1509231472.0232246,15298
query,1509231472.0232294,1509231472.0354111,5
query,1509231472.035415,1509231472.087693,13439
query,1509231472.087698,1509231472.1079574,3324
query,1509231472.107962,1509231472.1196697,23
query,1509231472.1196733,1509231472.2151387,25747
query,1509231472.2151432,1509231472.2185352,0
query,1509231472.2185378,1509231472.2816966,17684
query,1509231472.2817006,1509231472.3647795,21296
query,1509231472.3647838,1509231472.4325063,19693
query,1509231472.4325104,1509231472.4784641,12092
query,1509231472.478469,1509231472.51554,10543
query,1509231472.5155778,1509231472.5329309,838
query,1509231472.5457413,1509231472.5582733,6
query,1509231472.5582771,1509231472.5667148,5
query,1509231472.566719,1509231472.571801,1
query,1509231472.5718038,1509231472.582762,18
query,1509231472.5827649,1509231472.6870732,39600
query,1509231472.6870787,1509231472.7456925,17209
query,1509231472.745697,1509231472.7751288,7199
query,1509231472.775133,1509231472.841873,18875
query,1509231472.841878,1509231472.9029524,18335
query,1509231472.902956,1509231472.9081345,2
query,1509231472.908144,1509231472.926968,2681
query,1509231472.9269717,1509231472.9522607,4363
query,1509231472.952265,1509231473.0115411,16831
query,1509231473.0115457,1509231473.0633512,15193
query,1509231473.0633562,1509231473.0874197,4813
query,1509231473.0874243,1509231473.1468194,15434
query,1509231473.146824,1509231473.1599066,698
query,1509231473.1599104,1509231473.1748242,1045
query,1509231473.174828,1509231473.2079833,8249
query,1509231473.2080247,1509231473.235721,4554
query,1509231473.2502537,1509231473.2648323,1352
query,1509231473.2648356,1509231473.2865956,4113
query,1509231473.2865992,1509231473.3230758,10158
query,1509231473.32308,1509231473.4085948,24168
query,1509231473.408599,1509231473.4460196,9316
query,1509231473.4460242,1509231473.5092058,17740
query,1509231473.509211,1509231473.517654,6
query,1509231473.5176573,1509231473.5384786,3364
query,1509231473.5384824,1509231473.561042,4184
query,1509231473.561046,1509231473.5746577,160
query,1509231473.5746615,1509231473.5850594,2
query,1509231473.5850968,1509231473.6958902,40666
query,1509231473.6958938,1509231473.7097445,393
query,1509231473.7097478,1509231473.8536131,43273
query,1509231473.8536177,1509231473.9005735,11365
query,1509231473.900577,1509231473.9477148,12112
query,1509231473.9477186,1509231473.9602334,349
query,1509231473.9602377,1509231473.980386,3297
query,1509231473.9803896,1509231474.0118883,7466
query,1509231474.0119305,1509231474.0305178,179
query,1509231474.0464482,1509231474.061261,1137
query,1509231474.0612652,1509231474.1131513,12495
query,1509231474.113155,1509231474.1250517,143
query,1509231474.1250548,1509231474.1281312,0
query,1509231474.1281338,1509231474.175413,12305
query,1509231474.1754162,1509231474.2607076,23078
query,1509231474.2607114,1509231474.2730622,265
query,1509231474.2730658,1509231474.387105,38820
query,1509231474.387109,1509231474.4057508,2239
query,1509231474.4057546,1509231474.4265902,2943
query,1509231474.4265938,1509231474.4779873,15666
query,1509231474.4779913,1509231474.528487,13507
query,1509231474.528491,1509231474.5419157,658
query,1509231474.5419195,1509231474.5795681,11669
query,1509231474.5795717,1509231474.5930042,907
query,1509231474.5930076,1509231474.6884983,28530
query,1509231474.6885033,1509231474.7160075,6231
query,1509231474.7160115,1509231474.7260826,5
query,1509231474.7260861,1509231474.7400894,1168
query,1509231474.740139,1509231474.7896173,13191
query,1509231474.8027265,1509231474.876075,19826
query,1509231474.876079,1509231474.906766,8179
query,1509231474.9067695,1509231474.9154074,3
query,1509231474.9154108,1509231474.9725118,15399
query,1509231474.972516,1509231475.0345771,16026
query,1509231475.0345817,1509231475.0797021,12219
query,1509231475.0797064,1509231475.1047232,5766
query,1509231475.1047268,1509231475.1278667,4418
query,1509231475.12787,1509231475.1553342,5813
query,1509231475.1553378,1509231475.1676877,295
query,1509231475.167691,1509231475.170789,0
query,1509231475.1707919,1509231475.2507732,22490
query,1509231475.2507782,1509231475.2853358,6978
query,1509231475.2853398,1509231475.3898776,26905
query,1509231475.3898816,1509231475.4153013,4187
query,1509231475.4153051,1509231475.427383,322
query,1509231475.4273865,1509231475.4808638,15092
query,1509231475.4808679,1509231475.5399227,15190
query,1509231475.5399265,1509231475.6510794,41242
query,1509231475.6511364,1509231475.695861,9922
query,1509231475.7090964,1509231475.743942,8901
query,1509231475.7439466,1509231475.7904131,11764
query,1509231475.7904174,1509231475.8121364,4036
query,1509231475.8121402,1509231475.8236375,145
query,1509231475.8236408,1509231475.8353598,367
query,1509231475.835363,1509231475.8473077,62
query,1509231475.8473117,1509231475.8597836,603
query,1509231475.859787,1509231475.9060085,12146
query,1509231475.9060125,1509231475.945579,11733
query,1509231475.945583,1509231475.9487658,0
query,1509231475.9487686,1509231475.9887178,10835
query,1509231475.9887218,1509231476.0022802,1068
query,1509231476.0022843,1509231476.0153284,900
query,1509231476.015332,1509231476.0511532,9060
query,1509231476.051157,1509231476.0653095,1131
query,1509231476.0653126,1509231476.1595125,25078
query,1509231476.1595163,1509231476.2477074,25652
query,1509231476.2477117,1509231476.3600168,39262
query,1509231476.3600209,1509231476.3737981,143
query,1509231476.3738475,1509231476.398441,3302
query,1509231476.410747,1509231476.439339,6118
query,1509231476.439343,1509231476.4702353,8415
query,1509231476.4702399,1509231476.5499341,22170
query,1509231476.5499387,1509231476.566366,1644
query,1509231476.5663705,1509231476.593071,6131
query,1509231476.593075,1509231476.5964496,0
query,1509231476.5964532,1509231476.6974435,38956
query,1509231476.6974475,1509231476.7147667,2469
query,1509231476.71477,1509231476.770716,16530
query,1509231476.77072,1509231476.8019545,7965
query,1509231476.8019583,1509231476.916633,40105
query,1509231476.9166374,1509231476.9722052,16044
query,1509231476.9722102,1509231476.9803433,2
query,1509231476.9803467,1509231477.0214548,11255
query,1509231477.0214593,1509231477.053643,8586
query,1509231477.0536468,1509231477.0656464,188
query,1509231477.0656502,1509231477.1354086,15949
query,1509231477.135413,1509231477.214765,17123
query,1509231477.2147691,1509231477.29701,13068
query,1509231477.297054,1509231477.335074,3174
query,1509231477.3477073,1509231477.3668978,2742
query,1509231477.3669014,1509231477.3911333,4817
query,1509231477.3911376,1509231477.4410422,13257
query,1509231477.4410472,1509231477.4553256,708
query,1509231477.4553294,1509231477.4856172,7552
query,1509231477.4856207,1509231477.5410848,14444
query,1509231477.5410893,1509231477.5452588,0
query,1509231477.5452628,1509231477.5731704,5951
query,1509231477.5731742,1509231477.665951,25056
query,1509231477.6659555,1509231477.707905,10191
query,1509231477.7079096,1509231477.7198613,151
query,1509231477.7198648,1509231477.7780733,18733
query,1509231477.7780778,1509231477.8093147,6520
query,1509231477.809319,1509231477.8236392,445
query,1509231477.823643,1509231477.829992,3
query,1509231477.8299956,1509231477.8333974,0
query,1509231477.8334012,1509231477.8479142,1154
query,1509231477.8479187,1509231477.909212,17316
query,1509231477.9092166,1509231477.9534419,10727
query,1509231477.9534886,1509231477.9705012,32
query,1509231477.9870617,1509231478.1047645,41368
query,1509231478.1047695,1509231478.1725855,18306
query,1509231478.172591,1509231478.2276103,14510
query,1509231478.2276146,1509231478.248377,3639
query,1509231478.2483811,1509231478.2767406,6495
query,1509231478.2767448,1509231478.303415,6152
query,1509231478.3034186,1509231478.315889,42
query,1509231478.3158927,1509231478.3880382,19736
query,1509231478.388043,1509231478.4441676,14830
query,1509231478.4441721,1509231478.4709873,5388
query,1509231478.4709928,1509231478.4852316,423
query,1509231478.4852364,1509231478.4976351,25
query,1509231478.497639,1509231478.5655947,19207
query,1509231478.5655992,1509231478.5709498,1
query,1509231478.5709534,1509231478.5836976,268
query,1509231478.5837011,1509231478.5903773,2
query,1509231478.5903811,1509231478.68178,24055
query,1509231478.681783,1509231478.7186086,10050
query,1509231478.7186124,1509231478.7398195,1977
query,1509231478.7398496,1509231478.7638726,1718
query,1509231478.7719514,1509231478.7870054,1035
query,1509231478.787008,1509231478.9183366,42937
query,1509231478.9183412,1509231478.9240558,0
query,1509231478.9240592,1509231478.9406092,7
query,1509231478.9406135,1509231478.955091,10
query,1509231478.955095,1509231479.0355551,18042
query,1509231479.0355592,1509231479.0530844,29
query,1509231479.0530896,1509231479.1206007,16491
query,1509231479.1206048,1509231479.1378014,1529
query,1509231479.1386409,1509231479.146993,2
query,1509231479.1469972,1509231479.2175095,23455
query,1509231479.2175133,1509231479.2815137,6744
query,1509231479.2815182,1509231479.35287,22768
query,1509231479.3528736,1509231479.3764217,5097
query,1509231479.3764255,1509231479.398775,4515
query,1509231479.3987784,1509231479.430871,7711
query,1509231479.4308748,1509231479.4953923,17017
query,1509231479.4953961,1509231479.510069,1310
query,1509231479.5100722,1509231479.5471861,5732
query,1509231479.5472238,1509231479.664255,20756
query,1509231479.6829448,1509231479.7706244,23558
query,1509231479.7706294,1509231479.824923,8309
query,1509231479.8249273,1509231479.8448958,25
query,1509231479.8449,1509231479.8639286,137
query,1509231479.8639324,1509231479.9273977,10469
query,1509231479.9274013,1509231479.9459732,21
query,1509231479.9459772,1509231479.9649484,9
query,1509231479.964952,1509231480.0196433,14451
query,1509231480.0196478,1509231480.0504277,5452
query,1509231480.0504334,1509231480.089191,7264
query,1509231480.0891953,1509231480.1065962,1622
query,1509231480.1066003,1509231480.1923578,21873
query,1509231480.1923618,1509231480.2757428,23877
query,1509231480.2757473,1509231480.3369071,17050
query,1509231480.3369112,1509231480.3533928,1303
query,1509231480.3533964,1509231480.3690088,622
query,1509231480.369014,1509231480.3886452,2800
query,1509231480.3886495,1509231480.3937118,1
query,1509231480.3937166,1509231480.4059703,138
query,1509231480.406011,1509231480.435717,4660
query,1509231480.4527736,1509231480.4731944,531
query,1509231480.4731982,1509231480.4928508,211
query,1509231480.4928555,1509231480.514088,1947
query,1509231480.5140915,1509231480.5474212,6802
query,1509231480.5474255,1509231480.5612614,17
query,1509231480.5612652,1509231480.5760877,414
query,1509231480.5760915,1509231480.579508,0
query,1509231480.5795112,1509231480.6342676,15004
query,1509231480.6342711,1509231480.739506,26428
query,1509231480.73951,1509231480.76067,53
query,1509231480.7606742,1509231480.7803228,44
query,1509231480.7803264,1509231480.8071074,4391
query,1509231480.807111,1509231480.8609922,17832
query,1509231480.8609962,1509231480.8734438,9
query,1509231480.8734477,1509231480.9285383,15862
query,1509231480.9285424,1509231480.9525807,4899
query,1509231480.9525845,1509231480.9580586,2
query,1509231480.958062,1509231480.994964,9599
query,1509231480.9949677,1509231481.007778,239
query,1509231481.0078182,1509231481.0367637,3796
query,1509231481.0530293,1509231481.0732477,2999
query,1509231481.0732517,1509231481.1529362,22358
query,1509231481.1529403,1509231481.2172892,16159
query,1509231481.217295,1509231481.2349207,1809
query,1509231481.2349248,1509231481.2670975,7816
query,1509231481.2671015,1509231481.2898583,4467
query,1509231481.2898629,1509231481.350607,17819
query,1509231481.350611,1509231481.3723412,3952
query,1509231481.372345,1509231481.4072185,8837
query,1509231481.4072223,1509231481.462949,14246
query,1509231481.4629533,1509231481.500994,10789
query,1509231481.5009987,1509231481.5342238,8693
query,1509231481.5342278,1509231481.595602,16436
query,1509231481.5956068,1509231481.6555707,19448
query,1509231481.6555753,1509231481.7642663,39433
query,1509231481.7642708,1509231481.8307586,17257
query,1509231481.8307629,1509231481.8682272,9416
query,1509231481.8682315,1509231481.882677,1002
query,1509231481.8826807,1509231481.8947635,391
query,1509231481.8948004,1509231481.9125087,412
query,1509231481.925085,1509231481.959172,7845
query,1509231481.959176,1509231481.9718785,251
query,1509231481.9718819,1509231481.9970982,4952
query,1509231481.997102,1509231482.0153904,2564
query,1509231482.0153942,1509231482.027362,106
query,1509231482.0273666,1509231482.1250753,38594
query,1509231482.1250794,1509231482.151257,5375
query,1509231482.1512606,1509231482.1974642,14176
query,1509231482.197469,1509231482.2460122,13414
query,1509231482.2460167,1509231482.2625813,1879
query,1509231482.2625854,1509231482.3207262,16996
query,1509231482.3207302,1509231482.33443,706
query,1509231482.3344338,1509231482.351372,34
query,1509231482.351376,1509231482.402705,13144
query,1509231482.402709,1509231482.511189,39462
query,1509231482.5111935,1509231482.5614178,14489
query,1509231482.5614226,1509231482.6191692,16273
query,1509231482.6191735,1509231482.7233706,39507
query,1509231482.723375,1509231482.7294288,1
query,1509231482.7294679,1509231482.7343926,1
query,1509231482.7370386,1509231482.7405653,0
query,1509231482.740569,1509231482.7590828,2572
query,1509231482.759087,1509231482.762984,0
query,1509231482.762989,1509231482.7770584,831
query,1509231482.7770622,1509231482.7804856,0
query,1509231482.780489,1509231482.8048985,4440
query,1509231482.8049023,1509231482.815064,3
query,1509231482.8150673,1509231482.8659806,13186
query,1509231482.8659842,1509231482.9102914,10599
query,1509231482.9102952,1509231482.92918,2692
query,1509231482.9291837,1509231482.954578,4818
query,1509231482.9545817,1509231482.9844267,7188
query,1509231482.9844303,1509231482.996899,189
query,1509231482.996902,1509231483.0506525,13456
query,1509231483.0506566,1509231483.0715687,3545
query,1509231483.071572,1509231483.1967247,42504
query,1509231483.1967287,1509231483.2016563,0
query,1509231483.2016606,1509231483.2154331,379
query,1509231483.2154372,1509231483.2314334,1134
query,1509231483.2314742,1509231483.2532268,1353
query,1509231483.2663066,1509231483.301582,8769
query,1509231483.3015864,1509231483.3860917,20743
query,1509231483.386096,1509231483.3897588,0
query,1509231483.3897622,1509231483.429588,9109
query,1509231483.4295921,1509231483.5333908,39809
query,1509231483.5333958,1509231483.5700238,9833
query,1509231483.5700278,1509231483.5886211,2875
query,1509231483.5886245,1509231483.6417038,6723
query,1509231483.641708,1509231483.7050395,17041
query,1509231483.7050447,1509231483.7207296,1470
query,1509231483.720733,1509231483.758726,9322
query,1509231483.7587304,1509231483.7857955,5671
query,1509231483.7858005,1509231483.8557694,18478
query,1509231483.855774,1509231483.8692067,696
query,1509231483.8692098,1509231483.8813078,265
query,1509231483.8813107,1509231483.897955,2243
query,1509231483.897958,1509231483.9168918,2616
query,1509231483.9168959,1509231483.96197,11525
query,1509231483.961974,1509231483.9734724,61
query,1509231483.973506,1509231484.0493839,20445
query,1509231484.0619347,1509231484.1271634,19004
query,1509231484.127167,1509231484.1398687,406
query,1509231484.1398716,1509231484.1679456,6157
query,1509231484.1679494,1509231484.2076612,10486
query,1509231484.2076645,1509231484.2111042,0
query,1509231484.2111073,1509231484.2229965,273
query,1509231484.2229996,1509231484.2278776,1
query,1509231484.2278802,1509231484.2312052,0
query,1509231484.2312083,1509231484.2343884,0
query,1509231484.2343912,1509231484.3131351,21516
query,1509231484.3131394,1509231484.3246636,95
query,1509231484.3246667,1509231484.3320436,4
query,1509231484.332047,1509231484.391384,17989
query,1509231484.391388,1509231484.460781,16991
query,1509231484.460785,1509231484.482652,3660
query,1509231484.4826553,1509231484.4952295,543
query,1509231484.4952328,1509231484.507032,34
query,1509231484.5070353,1509231484.5473826,9942
query,1509231484.5473874,1509231484.5739589,5520
query,1509231484.5740006,1509231484.6278613,13315
query,1509231484.641775,1509231484.685716,11178
query,1509231484.6857202,1509231484.7116013,5395
query,1509231484.7116044,1509231484.7942638,23376
query,1509231484.794268,1509231484.8081868,869
query,1509231484.8081903,1509231484.8114152,0
query,1509231484.8114188,1509231484.843357,7396
query,1509231484.8433604,1509231484.8602047,2064
query,1509231484.8602078,1509231484.879305,3183
query,1509231484.8793082,1509231484.902265,4854
query,1509231484.9022684,1509231484.9274104,6256
query,1509231484.927414,1509231484.9599524,9098
query,1509231484.959956,1509231484.9722407,249
query,1509231484.9722445,1509231485.0219395,15489
query,1509231485.0219443,1509231485.05521,8750
query,1509231485.0552137,1509231485.068045,460
query,1509231485.0680485,1509231485.0711985,0
query,1509231485.0712013,1509231485.1171598,13443
query,1509231485.117164,1509231485.1691394,13087
query,1509231485.1691434,1509231485.2445283,20283
query,1509231485.2445738,1509231485.2663038,2109
query,1509231485.2793674,1509231485.3001778,3854
query,1509231485.3001819,1509231485.3213358,3818
query,1509231485.3213398,1509231485.4258876,38913
query,1509231485.425892,1509231485.4616299,8211
query,1509231485.461634,1509231485.5244982,19123
query,1509231485.5245023,1509231485.5493443,5051
query,1509231485.549349,1509231485.6242182,22687
query,1509231485.6242232,1509231485.645323,3336
query,1509231485.6453285,1509231485.6730685,5863
query,1509231485.6730723,1509231485.7311718,16928
query,1509231485.7311764,1509231485.7493265,2044
query,1509231485.7493308,1509231485.7746537,5147
query,1509231485.774659,1509231485.77825,0
query,1509231485.778253,1509231485.8518674,18657
query,1509231485.851872,1509231485.865037,352
query,1509231485.8650405,1509231485.942615,21824
query,1509231485.9426196,1509231485.9561255,489
query,1509231485.9561296,1509231485.9804025,15
query,1509231485.980408,1509231485.9858077,0
query,1509231485.9858508,1509231486.0676637,18252
query,1509231486.0802064,1509231486.190617,40486
query,1509231486.1906219,1509231486.2142944,4600
query,1509231486.214298,1509231486.218925,0
query,1509231486.218929,1509231486.2321475,34
query,1509231486.2321506,1509231486.2895973,16167
query,1509231486.2896013,1509231486.2969263,1
query,1509231486.2969294,1509231486.3174279,3040
query,1509231486.317431,1509231486.3924472,15862
query,1509231486.392452,1509231486.398792,1
query,1509231486.3987956,1509231486.4196665,2186
query,1509231486.41967,1509231486.4395542,2949
query,1509231486.4395583,1509231486.4601333,2939
query,1509231486.4601374,1509231486.4820595,592
query,1509231486.4820635,1509231486.5023577,16
query,1509231486.5023615,1509231486.5555675,12358
query,1509231486.5555713,1509231486.5766418,27
query,1509231486.576645,1509231486.6009562,244
query,1509231486.6009595,1509231486.6248393,7
query,1509231486.6248436,1509231486.6761217,13094
query,1509231486.6761596,1509231486.7179718,5391
query,1509231486.7305822,1509231486.794954,15957
query,1509231486.794958,1509231486.8686905,10929
query,1509231486.8686943,1509231486.9034147,6793
query,1509231486.9034183,1509231486.9279938,1527
query,1509231486.9279969,1509231486.9478996,384
query,1509231486.9479034,1509231486.9781003,3558
query,1509231486.9781637,1509231486.9839587,0
query,1509231486.9839616,1509231487.0406246,7753
query,1509231487.0406282,1509231487.0672426,3263
query,1509231487.0672474,1509231487.0811493,4
query,1509231487.0811534,1509231487.108087,3368
query,1509231487.1080906,1509231487.142575,5737
query,1509231487.1425784,1509231487.159962,42
query,1509231487.159966,1509231487.2956777,31458
query,1509231487.295682,1509231487.3159401,336
query,1509231487.3159451,1509231487.4284787,38679
query,1509231487.4284835,1509231487.5056531,16018
query,1509231487.5056572,1509231487.5336685,1196
query,1509231487.5336733,1509231487.5533805,437
query,1509231487.5534232,1509231487.6267292,13942
query,1509231487.6390378,1509231487.7211976,19726
query,1509231487.721202,1509231487.7512984,4309
query,1509231487.751303,1509231487.7740088,632
query,1509231487.774013,1509231487.7959285,8
query,1509231487.7959323,1509231487.817046,20
query,1509231487.8170502,1509231487.836051,35
query,1509231487.836055,1509231487.8552334,156
query,1509231487.8552375,1509231487.9086995,14139
query,1509231487.9087045,1509231488.0177991,29003
query,1509231488.0178032,1509231488.0443068,3230
query,1509231488.044311,1509231488.049216,0
query,1509231488.0492208,1509231488.0802488,4277
query,1509231488.080253,1509231488.2083752,32825
query,1509231488.20838,1509231488.2500842,8700
query,1509231488.2500885,1509231488.299656,11320
query,1509231488.2996597,1509231488.32201,591
query,1509231488.3220139,1509231488.3600194,7660
query,1509231488.360024,1509231488.3839848,93
query,1509231488.383989,1509231488.4119,2663
query,1509231488.4119418,1509231488.5635653,44413
query,1509231488.5766246,1509231488.696601,39717
query,1509231488.6966052,1509231488.7316744,6034
query,1509231488.7316794,1509231488.7530077,14
query,1509231488.7530127,1509231488.829294,11202
query,1509231488.8292983,1509231488.9034526,13749
query,1509231488.9034586,1509231488.9595983,13174
query,1509231488.9596024,1509231489.0063186,12698
query,1509231489.0063229,1509231489.0831103,14570
query,1509231489.083115,1509231489.1373086,8153
query,1509231489.137312,1509231489.1891277,6932
query,1509231489.189132,1509231489.2276576,4424
query,1509231489.2276618,1509231489.233636,0
query,1509231489.2336397,1509231489.2923222,14144
query,1509231489.292326,1509231489.4237792,29863
query,1509231489.4237843,1509231489.430648,1
query,1509231489.4306517,1509231489.4521265,1372
query,1509231489.4521306,1509231489.56158,33346
query,1509231489.5615847,1509231489.595863,9141
query,1509231489.5958676,1509231489.6528864,16297
query,1509231489.6529322,1509231489.703766,12288
query,1509231489.71951,1509231489.8147573,29568
query,1509231489.814762,1509231489.8310323,1591
query,1509231489.8310359,1509231489.8588383,6337
query,1509231489.8588443,1509231489.990954,44032
query,1509231489.9909582,1509231490.0027983,110
query,1509231490.0028014,1509231490.1214468,40939
query,1509231490.1214507,1509231490.1333745,74
query,1509231490.1333776,1509231490.1533766,1182
query,1509231490.1533806,1509231490.1984718,13512
query,1509231490.1984756,1509231490.2304535,8684
query,1509231490.2304568,1509231490.2511418,2979
query,1509231490.2511456,1509231490.303617,9414
query,1509231490.303621,1509231490.3816795,24726
query,1509231490.3816833,1509231490.413086,7745
query,1509231490.413091,1509231490.4165792,0
query,1509231490.4165838,1509231490.4200678,0
query,1509231490.4200714,1509231490.4275382,2
query,1509231490.4275417,1509231490.4433825,1865
query,1509231490.4433868,1509231490.4588747,1501
query,1509231490.4589112,1509231490.4765544,471
query,1509231490.489184,1509231490.502477,611
query,1509231490.5024807,1509231490.5153072,745
query,1509231490.5153108,1509231490.5499504,7012
query,1509231490.5499542,1509231490.5897164,11201
query,1509231490.5897195,1509231490.593001,0
query,1509231490.5930035,1509231490.6056457,732
query,1509231490.6056483,1509231490.6297872,5701
query,1509231490.6297905,1509231490.641677,184
query,1509231490.6416802,1509231490.6540382,230
query,1509231490.6540415,1509231490.7067344,14953
query,1509231490.706738,1509231490.718522,51
query,1509231490.7185256,1509231490.7618988,10027
query,1509231490.7619028,1509231490.7812567,2521
query,1509231490.7812607,1509231490.811956,8376
query,1509231490.8119607,1509231490.8230484,106
query,1509231490.8230522,1509231490.829148,2
query,1509231490.8291514,1509231490.8470519,2637
query,1509231490.8470552,1509231490.9059098,16719
query,1509231490.9059145,1509231490.918882,418
query,1509231490.9189517,1509231490.943995,3336
query,1509231490.9564369,1509231490.960276,0
query,1509231490.9602797,1509231490.9987116,10312
query,1509231490.9987156,1509231491.0105038,99
query,1509231491.0105085,1509231491.0413408,7650
query,1509231491.041345,1509231491.0881577,11586
query,1509231491.088162,1509231491.113969,5868
query,1509231491.1139731,1509231491.1533806,10474
query,1509231491.153385,1509231491.212603,15938
query,1509231491.2126074,1509231491.287798,19351
query,1509231491.2878027,1509231491.320184,7686
query,1509231491.3201878,1509231491.3954842,21199
query,1509231491.3954885,1509231491.444293,10462
query,1509231491.4442973,1509231491.4805503,8462
query,1509231491.4805558,1509231491.5180674,9543
query,1509231491.5180717,1509231491.5822744,18590
query,1509231491.5822785,1509231491.5953639,15
query,1509231491.5953672,1509231491.7233267,41601
query,1509231491.7233305,1509231491.7638605,11054
query,1509231491.7638643,1509231491.7725058,5
query,1509231491.772542,1509231491.838069,9101
query,1509231491.8522904,1509231491.9145539,16691
query,1509231491.9145584,1509231491.9612873,9217
query,1509231491.9612913,1509231491.996481,5747
query,1509231491.996485,1509231492.0352995,7376
query,1509231492.035304,1509231492.0757458,8931
query,1509231492.0757499,1509231492.149691,19987
query,1509231492.1497104,1509231492.1872165,6391
query,1509231492.1872208,1509231492.212246,428
query,1509231492.2122507,1509231492.2347424,860
query,1509231492.2347465,1509231492.3260584,14907
query,1509231492.3260627,1509231492.3820848,12993
query,1509231492.3820887,1509231492.386868,0
query,1509231492.3868723,1509231492.5350082,25890
query,1509231492.5350122,1509231492.55751,1198
query,1509231492.5575135,1509231492.5762234,33
query,1509231492.5762267,1509231492.5982518,2482
query,1509231492.598255,1509231492.6328647,6399
query,1509231492.632869,1509231492.6606655,2129
query,1509231492.6606693,1509231492.6652749,0
query,1509231492.6653097,1509231492.7010355,4962
query,1509231492.7140043,1509231492.7189665,0
query,1509231492.7189698,1509231492.7693202,9734
query,1509231492.7693238,1509231492.7921476,948
query,1509231492.792152,1509231492.8494523,12393
query,1509231492.8494563,1509231492.9290283,20527
query,1509231492.9290323,1509231492.9895537,15237
query,1509231492.989557,1509231493.015548,2758
query,1509231493.0155518,1509231493.0456882,2776
query,1509231493.0456924,1509231493.0737164,353
query,1509231493.0737205,1509231493.2240634,43344
query,1509231493.2240677,1509231493.2453144,180
query,1509231493.245318,1509231493.2832296,7676
query,1509231493.2832334,1509231493.288054,0
query,1509231493.288057,1509231493.3788786,19987
query,1509231493.3788822,1509231493.4596105,19397
query,1509231493.4596152,1509231493.517545,15474
query,1509231493.517549,1509231493.6319094,29794
query,1509231493.6319137,1509231493.6974528,13589
query,1509231493.6974578,1509231493.7035828,0
query,1509231493.7036157,1509231493.723139,6
query,1509231493.7356744,1509231493.8196476,21880
query,1509231493.8196518,1509231493.883174,6116
query,1509231493.8831778,1509231493.992138,29028
query,1509231493.9921422,1509231494.1117651,39049
query,1509231494.1117692,1509231494.1670418,13285
query,1509231494.1670458,1509231494.1876128,44
query,1509231494.187616,1509231494.2072406,50
query,1509231494.2072442,1509231494.2281845,341
query,1509231494.2281878,1509231494.247502,55
query,1509231494.2475054,1509231494.2855115,8038
query,1509231494.2855153,1509231494.3280697,8421
query,1509231494.3280733,1509231494.469432,22541
query,1509231494.469436,1509231494.5604603,25535
query,1509231494.560466,1509231494.5808487,19
query,1509231494.5808525,1509231494.6412585,11196
query,1509231494.641263,1509231494.682879,3130
query,1509231494.6828833,1509231494.794206,38523
query,1509231494.7942107,1509231494.8221858,6077
query,1509231494.8221903,1509231494.8829176,14874
query,1509231494.8829627,1509231494.9036565,1565
query,1509231494.9210124,1509231494.950609,7034
query,1509231494.9506135,1509231494.9807038,5988
query,1509231494.9807084,1509231494.9935882,270
query,1509231494.9935918,1509231495.0538616,15982
query,1509231495.0538657,1509231495.0829601,6553
query,1509231495.082964,1509231495.149495,18930
query,1509231495.1494987,1509231495.1530044,0
query,1509231495.1530075,1509231495.1719651,2333
query,1509231495.1719701,1509231495.219608,15764
query,1509231495.2196116,1509231495.2296107,6
query,1509231495.2296138,1509231495.279383,14963
query,1509231495.2793868,1509231495.297412,2778
query,1509231495.297415,1509231495.331701,8453
query,1509231495.3317049,1509231495.3654902,9018
query,1509231495.3654947,1509231495.379216,909
query,1509231495.3792195,1509231495.4285986,15489
query,1509231495.428603,1509231495.4414842,638
query,1509231495.4414876,1509231495.45344,263
query,1509231495.4534433,1509231495.577472,43711
query,1509231495.5775232,1509231495.598467,1601
query,1509231495.6121452,1509231495.6482158,9173
query,1509231495.6482196,1509231495.6704361,3573
query,1509231495.6704402,1509231495.7385716,19614
query,1509231495.7385764,1509231495.81697,19733
query,1509231495.8169746,1509231495.8684587,13847
query,1509231495.8684626,1509231495.8921745,4573
query,1509231495.8921778,1509231495.9794302,24422
query,1509231495.979434,1509231496.0100398,5886
query,1509231496.0100434,1509231496.0217085,17
query,1509231496.0217123,1509231496.094728,19534
query,1509231496.0947318,1509231496.1090667,1166
query,1509231496.10907,1509231496.171899,18141
query,1509231496.1719036,1509231496.230914,16797
query,1509231496.2309182,1509231496.2426162,46
query,1509231496.2426195,1509231496.3760164,43860
query,1509231496.376021,1509231496.3905454,486
query,1509231496.3905494,1509231496.5279589,43533
query,1509231496.5279634,1509231496.5631003,9045
query,1509231496.5631053,1509231496.6618495,26461
query,1509231496.661886,1509231496.6997073,7931
query,1509231496.7133756,1509231496.7253168,155
query,1509231496.7253208,1509231496.7323675,3
query,1509231496.7323701,1509231496.7357967,0
query,1509231496.7358003,1509231496.790339,15982
query,1509231496.7903435,1509231496.9327745,42765
query,1509231496.9327793,1509231496.9449573,113
query,1509231496.9449608,1509231496.9903717,14264
query,1509231496.990376,1509231497.102258,32030
query,1509231497.1022627,1509231497.1150773,287
query,1509231497.1150806,1509231497.18228,18419
query,1509231497.1822839,1509231497.2063153,4939
query,1509231497.20632,1509231497.2235413,2371
query,1509231497.2235448,1509231497.25429,7659
query,1509231497.254294,1509231497.2663572,125
query,1509231497.2663608,1509231497.277969,85
query,1509231497.277972,1509231497.3424153,18881
query,1509231497.342419,1509231497.36408,3843
query,1509231497.364084,1509231497.3945076,8144
query,1509231497.3945115,1509231497.4067476,80
query,1509231497.406792,1509231497.4465256,9403
query,1509231497.462989,1509231497.475695,34
query,1509231497.4756987,1509231497.5394516,19689
query,1509231497.539456,1509231497.6734548,42485
query,1509231497.6734586,1509231497.755722,23625
query,1509231497.7557263,1509231497.8090482,16998
query,1509231497.8090563,1509231497.8143616,1
query,1509231497.8143659,1509231497.8265812,17
query,1509231497.826585,1509231497.8385265,78
query,1509231497.83853,1509231497.8915062,17705
query,1509231497.8915107,1509231497.9192388,6221
query,1509231497.9192424,1509231498.0166552,28846
query,1509231498.0166605,1509231498.0298839,579
query,1509231498.0298884,1509231498.0454473,1581
query,1509231498.045451,1509231498.0734074,5984
query,1509231498.073412,1509231498.0857131,29
query,1509231498.0857172,1509231498.0890107,0
query,1509231498.0890143,1509231498.1017787,537
query,1509231498.101782,1509231498.1134758,11
query,1509231498.1134794,1509231498.1260693,389
query,1509231498.1261687,1509231498.1489835,2797
query,1509231498.1646135,1509231498.2395382,20221
query,1509231498.2395425,1509231498.2520087,10
query,1509231498.2520127,1509231498.2769654,5165
query,1509231498.2769694,1509231498.2925842,1457
query,1509231498.2925885,1509231498.3052652,167
query,1509231498.3052697,1509231498.317474,259
query,1509231498.3174775,1509231498.3369858,3231
query,1509231498.3369894,1509231498.3401527,0
query,1509231498.3401558,1509231498.3924634,15814
query,1509231498.3924677,1509231498.4053266,66
query,1509231498.4053304,1509231498.4770012,20101
query,1509231498.4770055,1509231498.5415199,15535
query,1509231498.541524,1509231498.584092,9008
query,1509231498.584096,1509231498.6151187,5131
query,1509231498.615123,1509231498.6883547,11331
query,1509231498.6883588,1509231498.7865112,25919
query,1509231498.7865157,1509231498.872566,19638
query,1509231498.87257,1509231498.9541917,18641
query,1509231498.954196,1509231499.1067536,42415
query,1509231499.1067936,1509231499.1659667,10100
query,1509231499.1822095,1509231499.238241,13740
query,1509231499.2382452,1509231499.322632,22810
query,1509231499.3226357,1509231499.371838,13840
query,1509231499.3718421,1509231499.4753716,39334
query,1509231499.475376,1509231499.5758545,38565
query,1509231499.575859,1509231499.6166816,11206
query,1509231499.6166859,1509231499.674728,15313
query,1509231499.6747334,1509231499.707279,7660
query,1509231499.707283,1509231499.7196069,215
query,1509231499.7196114,1509231499.8160596,24016
query,1509231499.816064,1509231499.8361208,1272
query,1509231499.8361244,1509231499.8576322,2080
query,1509231499.8576365,1509231499.862573,0
query,1509231499.8625767,1509231499.880147,179
query,1509231499.8801506,1509231499.911819,4626
query,1509231499.9118226,1509231499.9336305,150
query,1509231499.933634,1509231499.9946895,14853
query,1509231499.9946935,1509231500.035803,5835
query,1509231500.0358076,1509231500.0648515,2073
query,1509231500.0648928,1509231500.096599,36
query,1509231500.109497,1509231500.1479685,6740
query,1509231500.1479726,1509231500.2152917,17160
query,1509231500.2152965,1509231500.2356803,956
query,1509231500.2356837,1509231500.255455,463
query,1509231500.255458,1509231500.3183393,15319
query,1509231500.318343,1509231500.353668,8055
query,1509231500.3536723,1509231500.3659697,116
query,1509231500.3659735,1509231500.3795328,764
query,1509231500.3795362,1509231500.4870317,39718
query,1509231500.4870355,1509231500.4997597,18
query,1509231500.499763,1509231500.517198,2146
query,1509231500.517202,1509231500.5217655,1
query,1509231500.5217686,1509231500.5524864,7772
query,1509231500.55249,1509231500.6154885,17410
query,1509231500.6154928,1509231500.6477635,8745
query,1509231500.6477673,1509231500.7357404,26083
query,1509231500.7357466,1509231500.7499292,957
query,1509231500.7499335,1509231500.7824316,7588
query,1509231500.7824354,1509231500.7941859,15
query,1509231500.7942235,1509231500.8100643,4
query,1509231500.822092,1509231500.8255482,0
query,1509231500.8255513,1509231500.829918,1
query,1509231500.829921,1509231500.9206693,26633
query,1509231500.9206734,1509231500.9330006,13
query,1509231500.9330041,1509231500.966421,7703
query,1509231500.9664247,1509231501.002949,9418
query,1509231501.0029526,1509231501.007235,0
query,1509231501.0072386,1509231501.0197163,383
query,1509231501.0197198,1509231501.032096,353
query,1509231501.0320995,1509231501.0519795,3270
query,1509231501.0519829,1509231501.0753946,4547
query,1509231501.0753994,1509231501.0980864,4505
query,1509231501.0980906,1509231501.1177053,3233
query,1509231501.1177092,1509231501.1311278,654
query,1509231501.1311386,1509231501.13437,0
query,1509231501.1343725,1509231501.1603696,6007
query,1509231501.1603737,1509231501.174613,1081
query,1509231501.174617,1509231501.2302816,16724
query,1509231501.2302854,1509231501.2419214,6
query,1509231501.2419553,1509231501.3008704,16035
query,1509231501.313232,1509231501.3247366,125
query,1509231501.32474,1509231501.3441896,2722
query,1509231501.3441935,1509231501.3988733,14736
query,1509231501.3988786,1509231501.4165788,8
query,1509231501.416582,1509231501.4550376,8635
query,1509231501.455042,1509231501.4930034,5584
query,1509231501.4930074,1509231501.5477648,14925
query,1509231501.54777,1509231501.5736256,1815
query,1509231501.5736303,1509231501.5921655,154
query,1509231501.5921695,1509231501.693186,38386
query,1509231501.6931908,1509231501.7152514,3562
query,1509231501.7152555,1509231501.7961528,25702
query,1509231501.7961571,1509231501.8363543,12368
query,1509231501.8363585,1509231501.8850374,13009
query,1509231501.8850417,1509231501.890161,1
query,1509231501.8901644,1509231501.9016738,102
query,1509231501.901677,1509231501.9220462,3685
query,1509231501.9220502,1509231501.9390135,1934
query,1509231501.939017,1509231501.9694307,7452
query,1509231501.9694684,1509231501.9874494,647
query,1509231502.0009668,1509231502.024095,4237
query,1509231502.0240989,1509231502.0362616,95
query,1509231502.0362654,1509231502.0524948,1679
query,1509231502.052498,1509231502.0809531,6456
query,1509231502.0809567,1509231502.0988123,2300
query,1509231502.098816,1509231502.1106582,46
query,1509231502.1106613,1509231502.1139355,0
query,1509231502.1139383,1509231502.126343,259
query,1509231502.1263459,1509231502.148222,1373
query,1509231502.1482258,1509231502.1632636,10
query,1509231502.1632671,1509231502.2011998,5666
query,1509231502.2012036,1509231502.2090626,3
query,1509231502.209067,1509231502.3311636,41339
query,1509231502.331168,1509231502.453023,41931
query,1509231502.453029,1509231502.5038605,15632
query,1509231502.5038648,1509231502.5184574,983
query,1509231502.5184615,1509231502.5416353,4279
query,1509231502.5416398,1509231502.5958579,14839
query,1509231502.5958622,1509231502.60789,21
query,1509231502.6079307,1509231502.6719215,16562
query,1509231502.6889186,1509231502.703758,1216
query,1509231502.703762,1509231502.7195828,1357
query,1509231502.7195868,1509231502.754063,8438
query,1509231502.7540672,1509231502.7893677,8722
query,1509231502.7893717,1509231502.7930267,0
query,1509231502.793031,1509231502.7962873,0
query,1509231502.796291,1509231502.8080115,6
query,1509231502.8080149,1509231502.8235507,1599
query,1509231502.8235548,1509231502.835742,26
query,1509231502.8357458,1509231502.856619,1247
query,1509231502.8566225,1509231502.9520087,20069
query,1509231502.952013,1509231503.074956,26536
query,1509231503.074961,1509231503.1585371,22437
query,1509231503.1585412,1509231503.2418141,20221
query,1509231503.2418182,1509231503.2696047,2380
query,1509231503.269609,1509231503.2903569,680
query,1509231503.2903605,1509231503.3151174,1933
query,1509231503.3151224,1509231503.3853269,16799
query,1509231503.385331,1509231503.4804327,14235
query,1509231503.480476,1509231503.5222616,4452
query,1509231503.539,1509231503.5909228,13591
query,1509231503.590927,1509231503.630732,7493
query,1509231503.6307356,1509231503.6873631,11293
query,1509231503.6873672,1509231503.7448347,14946
query,1509231503.744839,1509231503.767146,7
query,1509231503.7671504,1509231503.7918446,2637
query,1509231503.7918487,1509231503.845362,8991
query,1509231503.8453665,1509231503.8868384,6625
query,1509231503.8868432,1509231503.9092636,503
query,1509231503.9092672,1509231504.0553157,42081
query,1509231504.0553195,1509231504.0803034,373
query,1509231504.0803077,1509231504.2167592,27136
query,1509231504.2167633,1509231504.2868576,17983
query,1509231504.2868617,1509231504.3120966,1843
query,1509231504.3121,1509231504.3647506,12064
query,1509231504.3647554,1509231504.414846,11442
query,1509231504.4148512,1509231504.460504,11643
query,1509231504.4605076,1509231504.531909,18570
query,1509231504.5319133,1509231504.556438,4796
query,1509231504.556474,1509231504.5670657,0
query,1509231504.5684848,1509231504.6386936,21140
query,1509231504.6387048,1509231504.701896,16912
query,1509231504.7019,1509231504.71897,216
query,1509231504.7189748,1509231504.7419116,3886
query,1509231504.7419162,1509231504.772847,7712
query,1509231504.7728522,1509231504.8242161,14018
query,1509231504.8242207,1509231504.8480506,4724
query,1509231504.848055,1509231504.888389,10560
query,1509231504.8883936,1509231504.9019814,614
query,1509231504.901986,1509231504.92935,6293
query,1509231504.929355,1509231504.9485028,2757
query,1509231504.948507,1509231504.9740171,5605
query,1509231504.9740217,1509231504.9870553,213
query,1509231504.9870598,1509231505.0428908,12318
query,1509231505.042896,1509231505.0553586,20
query,1509231505.0553627,1509231505.0693133,785
query,1509231505.0693173,1509231505.1138668,13235
query,1509231505.1138716,1509231505.1810763,18030
query,1509231505.1810818,1509231505.239398,6748
query,1509231505.2394445,1509231505.2567654,349
query,1509231505.2728996,1509231505.3137517,10003
query,1509231505.3137565,1509231505.382969,20155
query,1509231505.382973,1509231505.4169445,8955
query,1509231505.416949,1509231505.4493399,8210
query,1509231505.4493446,1509231505.4549398,1
query,1509231505.454945,1509231505.4697375,1256
query,1509231505.4697413,1509231505.5744452,39046
query,1509231505.57445,1509231505.595453,2231
query,1509231505.595457,1509231505.617373,3380
query,1509231505.6173768,1509231505.6299362,486
query,1509231505.6299396,1509231505.7164056,24474
query,1509231505.7164094,1509231505.738522,4144
query,1509231505.7385263,1509231505.7941692,13976
query,1509231505.7941756,1509231505.808099,748
query,1509231505.8081024,1509231505.8651223,15704
query,1509231505.865127,1509231505.8778133,26
query,1509231505.8778174,1509231505.8866177,1
query,1509231505.886622,1509231505.928719,10870
query,1509231505.9287238,1509231506.0137298,21396
query,1509231506.0137792,1509231506.049818,7599
query,1509231506.066506,1509231506.0822904,1202
query,1509231506.0822952,1509231506.0856745,0
query,1509231506.085678,1509231506.1392114,13643
query,1509231506.1392155,1509231506.14283,0
query,1509231506.1428335,1509231506.160491,2481
query,1509231506.1604946,1509231506.1745641,610
query,1509231506.1745687,1509231506.2053607,7098
query,1509231506.2053645,1509231506.238218,8388
query,1509231506.2382221,1509231506.251886,516
query,1509231506.2518902,1509231506.297511,14464
query,1509231506.2975156,1509231506.315944,2448
query,1509231506.3159485,1509231506.3443217,7474
query,1509231506.3443263,1509231506.4823678,41847
query,1509231506.482374,1509231506.5325089,14391
query,1509231506.5325139,1509231506.585886,15784
query,1509231506.5858903,1509231506.6133032,6019
query,1509231506.6133077,1509231506.6419158,6834
query,1509231506.6419203,1509231506.7036002,15964
query,1509231506.7036047,1509231506.7182033,452
query,1509231506.718246,1509231506.7494857,3604
query,1509231506.7644417,1509231506.7788258,521
query,1509231506.7788293,1509231506.7923849,632
query,1509231506.7923882,1509231506.8120525,3232
query,1509231506.8120565,1509231506.8495016,9738
query,1509231506.8495054,1509231506.8532457,0
query,1509231506.85325,1509231506.8921351,11141
query,1509231506.8921397,1509231506.9069524,1171
query,1509231506.9069576,1509231506.9373364,7499
query,1509231506.9373405,1509231506.949449,123
query,1509231506.9494526,1509231506.966359,2145
query,1509231506.9663625,1509231506.984451,2360
query,1509231506.9844542,1509231507.023441,10207
query,1509231507.0234938,1509231507.0837214,15554
query,1509231507.083725,1509231507.1043763,2038
query,1509231507.10438,1509231507.1332695,5828
query,1509231507.1332734,1509231507.189777,9902
query,1509231507.1897814,1509231507.3214676,34353
query,1509231507.3214722,1509231507.342038,3316
query,1509231507.3420422,1509231507.3585827,1887
query,1509231507.3586242,1509231507.388635,5507
query,1509231507.4025643,1509231507.4263794,4703
query,1509231507.4263833,1509231507.4568987,8346
query,1509231507.4569023,1509231507.478167,3813
query,1509231507.4781709,1509231507.535843,15179
query,1509231507.535847,1509231507.5404248,1
query,1509231507.540429,1509231507.629324,21839
query,1509231507.6293304,1509231507.7280543,18231
query,1509231507.7280583,1509231507.7330327,0
query,1509231507.7330365,1509231507.799256,18936
query,1509231507.7992609,1509231507.8261025,4921
query,1509231507.8261476,1509231507.876621,11625
query,1509231507.8766253,1509231507.8921309,1550
query,1509231507.8921342,1509231507.9393969,12911
query,1509231507.9394004,1509231507.9475384,3
query,1509231507.9475415,1509231507.9732907,2948
query,1509231507.9732945,1509231508.039847,13660
query,1509231508.0398517,1509231508.062475,4088
query,1509231508.0624788,1509231508.1029837,9936
query,1509231508.1029882,1509231508.139885,9992
query,1509231508.1399248,1509231508.1771333,8598
query,1509231508.1896892,1509231508.3186793,41489
query,1509231508.318684,1509231508.3613858,6258
query,1509231508.3613913,1509231508.450096,25179
query,1509231508.450101,1509231508.4918618,10153
query,1509231508.4918666,1509231508.4955094,0
query,1509231508.495513,1509231508.5095131,870
query,1509231508.5095174,1509231508.528469,2896
query,1509231508.5284724,1509231508.5655737,9336
query,1509231508.565577,1509231508.632738,16861
query,1509231508.6327424,1509231508.6501853,1767
query,1509231508.65019,1509231508.717252,19041
query,1509231508.7172563,1509231508.7210317,0
query,1509231508.7210348,1509231508.7381704,2071
query,1509231508.738175,1509231508.7673044,7474
query,1509231508.7673085,1509231508.7840245,1908
query,1509231508.784029,1509231508.8464386,15840
query,1509231508.8464434,1509231508.864036,2010
query,1509231508.8640404,1509231508.8768873,224
query,1509231508.8768926,1509231508.892243,1571
query,1509231508.8922837,1509231509.0380735,45283
query,1509231509.0505962,1509231509.0641923,841
query,1509231509.0641959,1509231509.0681438,0
query,1509231509.0681477,1509231509.1008227,8564
query,1509231509.1008265,1509231509.112925,277
query,1509231509.112929,1509231509.1697316,14273
query,1509231509.1697357,1509231509.231407,15764
query,1509231509.2314115,1509231509.2457068,672
query,1509231509.245711,1509231509.2593863,612
query,1509231509.2593908,1509231509.2877905,6763
query,1509231509.2877953,1509231509.3399098,16110
query,1509231509.3399146,1509231509.3552308,1441
query,1509231509.355234,1509231509.4583678,39434
query,1509231509.4583719,1509231509.4713855,17
query,1509231509.4713888,1509231509.5130825,12491
query,1509231509.5130863,1509231509.5164702,0
query,1509231509.5164728,1509231509.5604389,10789
query,1509231509.560443,1509231509.594569,7712
query,1509231509.5945728,1509231509.6078622,770
query,1509231509.6078653,1509231509.6269538,2803
query,1509231509.6269884,1509231509.6442335,242
query,1509231509.6567736,1509231509.6707444,290
query,1509231509.670749,1509231509.724282,13695
query,1509231509.7242866,1509231509.7692895,10971
query,1509231509.7692945,1509231509.8028827,7280
query,1509231509.8028872,1509231509.843178,12672
query,1509231509.8431833,1509231509.9018111,18217
query,1509231509.901815,1509231509.9456213,13013
query,1509231509.9456253,1509231509.9491057,0
query,1509231509.9491088,1509231510.0627496,41232
query,1509231510.0627542,1509231510.0784338,1430
query,1509231510.078438,1509231510.1238782,10782
query,1509231510.1238832,1509231510.140098,1574
query,1509231510.140102,1509231510.1720283,7281
query,1509231510.1720324,1509231510.2568197,18865
query,1509231510.2568238,1509231510.2736287,1540
query,1509231510.2736323,1509231510.2872112,193
query,1509231510.2872148,1509231510.2904267,0
query,1509231510.2904296,1509231510.3053157,924
query,1509231510.305319,1509231510.4109924,40446
query,1509231510.4110315,1509231510.4586964,12539
query,1509231510.4749944,1509231510.494066,2528
query,1509231510.494071,1509231510.5127516,2781
query,1509231510.512756,1509231510.5265856,831
query,1509231510.5265894,1509231510.5853086,16525
query,1509231510.5853136,1509231510.590583,1
query,1509231510.590587,1509231510.629841,10089
query,1509231510.6298468,1509231510.680134,13885
query,1509231510.6801386,1509231510.692201,18
query,1509231510.6922045,1509231510.7433782,15368
query,1509231510.743382,1509231510.7623012,2378
query,1509231510.7623055,1509231510.7780316,1194
query,1509231510.7780354,1509231510.8324397,14403
query,1509231510.8324435,1509231510.8545392,3747
query,1509231510.8545425,1509231510.9557133,29621
query,1509231510.955717,1509231510.973414,1831
query,1509231510.9734178,1509231510.986177,5
query,1509231510.9861803,1509231510.9984603,118
query,1509231510.998464,1509231511.0106466,198
query,1509231511.010651,1509231511.023423,456
query,1509231511.0234656,1509231511.0800538,12620
query,1509231511.092637,1509231511.1273098,9299
query,1509231511.1273136,1509231511.1455376,2519
query,1509231511.1455414,1509231511.149111,0
query,1509231511.1491144,1509231511.1642995,1261
query,1509231511.1643035,1509231511.1885893,4937
query,1509231511.1885931,1509231511.2452958,17972
query,1509231511.2453003,1509231511.2651935,2801
query,1509231511.265198,1509231511.2844644,2610
query,1509231511.284469,1509231511.305333,3330
query,1509231511.305338,1509231511.3386097,6207
query,1509231511.3386135,1509231511.3588114,386
query,1509231511.3588154,1509231511.4039152,6233
query,1509231511.4039192,1509231511.5172563,38848
query,1509231511.5172617,1509231511.6152947,6748
query,1509231511.6153,1509231511.6553524,8481
query,1509231511.655356,1509231511.6773403,115
query,1509231511.6773446,1509231511.7643209,13881
query,1509231511.7643251,1509231511.8327148,16842
query,1509231511.8327188,1509231511.8847804,10976
