tables,1509154370.384447,1509161993.0019963
query,1509161993.003096,1509161993.4071233,4837
query,1509161993.4222434,1509161993.886705,5983
query,1509161993.8867087,1509161993.9981236,3002
query,1509161993.9981272,1509161994.0979352,1992
query,1509161994.0979397,1509161994.2780535,4332
query,1509161994.2780573,1509161994.3127007,980
query,1509161994.3127036,1509161994.3446136,527
query,1509161994.3446167,1509161994.6673775,1833
query,1509161994.667382,1509161994.6988995,1351
query,1509161994.698945,1509161994.7770984,1605
query,1509161994.7771025,1509161994.7906363,3
query,1509161994.7906394,1509161994.8193562,341
query,1509161994.8193593,1509161995.0486732,5382
query,1509161995.0486767,1509161995.3089373,1835
query,1509161995.308941,1509161995.40128,3124
query,1509161995.401283,1509161995.485072,2931
query,1509161995.4850817,1509161995.6273427,5260
query,1509161995.6273463,1509161995.923198,6197
query,1509161995.9232018,1509161996.1951969,1834
query,1509161996.1952007,1509161996.228222,913
query,1509161996.2282672,1509161996.3404977,1594
query,1509161996.3525693,1509161996.6429665,1833
query,1509161996.6429713,1509161996.674572,718
query,1509161996.6745758,1509161997.0404484,6064
query,1509161997.0404525,1509161997.2800157,1827
query,1509161997.280019,1509161997.308946,469
query,1509161997.308951,1509161997.6524775,6585
query,1509161997.6524816,1509161997.703963,1899
query,1509161997.7039669,1509161997.7273042,499
query,1509161997.7273078,1509161998.0401785,5196
query,1509161998.040189,1509161998.2783558,4350
query,1509161998.2783594,1509161998.3593912,3157
query,1509161998.3593953,1509161998.5437274,4080
query,1509161998.543732,1509161998.765884,4491
query,1509161998.765888,1509161998.860111,3041
query,1509161998.860115,1509161999.0921357,1836
query,1509161999.0921397,1509161999.121467,932
query,1509161999.1214705,1509161999.441056,6245
query,1509161999.4410608,1509161999.5944598,1824
query,1509161999.5944638,1509161999.7971206,4566
query,1509161999.7971642,1509161999.9634883,5634
query,1509161999.9762433,1509162000.3582008,7176
query,1509162000.358205,1509162000.4480083,1636
query,1509162000.4480119,1509162000.551406,3270
query,1509162000.5514097,1509162000.9377966,1831
query,1509162000.9378006,1509162001.2745688,1835
query,1509162001.2745726,1509162001.3696287,1932
query,1509162001.369633,1509162001.489991,2990
query,1509162001.489995,1509162001.5232236,1692
query,1509162001.5232275,1509162001.718571,1826
query,1509162001.7185755,1509162001.8566213,3451
query,1509162001.856625,1509162001.8892648,5
query,1509162001.8892682,1509162002.0927088,4266
query,1509162002.0927129,1509162002.1476965,1449
query,1509162002.1477005,1509162002.1848364,8
query,1509162002.18484,1509162002.3105762,3169
query,1509162002.3105803,1509162002.5652812,6191
query,1509162002.5652852,1509162002.5889523,18
query,1509162002.5889559,1509162002.6079006,4
query,1509162002.6079044,1509162002.729377,3514
query,1509162002.7294178,1509162002.987324,1823
query,1509162003.001192,1509162003.216405,4140
query,1509162003.216409,1509162003.3650057,3993
query,1509162003.36501,1509162003.533407,5467
query,1509162003.5334108,1509162003.6905825,5177
query,1509162003.6905868,1509162003.8236809,3483
query,1509162003.8236852,1509162004.1160545,6545
query,1509162004.1160586,1509162004.2725568,3302
query,1509162004.272561,1509162004.3911397,3284
query,1509162004.3911433,1509162004.6503363,5983
query,1509162004.65034,1509162004.905283,1831
query,1509162004.9052873,1509162005.3032503,17083
query,1509162005.3032541,1509162005.393947,4516
query,1509162005.3939514,1509162005.6042244,6939
query,1509162005.6042285,1509162005.8856673,8042
query,1509162005.8856714,1509162006.030151,3485
query,1509162006.030156,1509162006.9353464,19061
query,1509162006.9353504,1509162007.4522772,22266
query,1509162007.4522815,1509162007.4916584,185
query,1509162007.4916625,1509162007.5923133,4445
query,1509162007.5923548,1509162007.6305542,246
query,1509162007.6429439,1509162007.7118154,2060
query,1509162007.7118192,1509162007.8225877,2855
query,1509162007.8225923,1509162008.384899,12603
query,1509162008.3849027,1509162008.8029861,14789
query,1509162008.8029904,1509162009.481037,18880
query,1509162009.4810412,1509162009.6050382,4731
query,1509162009.6050425,1509162009.6199658,1
query,1509162009.6199708,1509162009.940698,18198
query,1509162009.940702,1509162010.119056,16962
query,1509162010.1190605,1509162010.377825,17558
query,1509162010.3778288,1509162010.7274745,14007
query,1509162010.7274783,1509162010.8240087,6934
query,1509162010.8240132,1509162010.8355405,0
query,1509162010.8355443,1509162011.0054202,5507
query,1509162011.0054243,1509162011.609563,19321
query,1509162011.6095672,1509162011.762437,5502
query,1509162011.7624407,1509162011.8375862,2004
query,1509162011.8375902,1509162011.8628924,127
query,1509162011.8628964,1509162012.0183039,5567
query,1509162012.0183551,1509162012.1671455,3271
query,1509162012.1795926,1509162012.2935405,11109
query,1509162012.2935445,1509162012.6984844,14181
query,1509162012.6984885,1509162012.7754228,3792
query,1509162012.775427,1509162013.0782723,15348
query,1509162013.0782773,1509162013.128856,3338
query,1509162013.1288595,1509162013.6512191,19932
query,1509162013.6512232,1509162013.8060238,2790
query,1509162013.8060277,1509162013.8318238,1089
query,1509162013.8318274,1509162014.1787114,11950
query,1509162014.1787155,1509162014.2075944,1150
query,1509162014.2075994,1509162014.229983,52
query,1509162014.2299876,1509162014.5390923,13605
query,1509162014.5390964,1509162014.616391,1931
query,1509162014.6163945,1509162015.278006,14254
query,1509162015.2780101,1509162015.359599,5965
query,1509162015.3596032,1509162015.4107957,1467
query,1509162015.4107995,1509162015.4261694,4
query,1509162015.4261732,1509162015.5048878,2219
query,1509162015.5048914,1509162015.6482763,4055
query,1509162015.648317,1509162015.9702833,10029
query,1509162015.982821,1509162016.2896504,11987
query,1509162016.2896543,1509162016.4616551,4527
query,1509162016.4616601,1509162016.8442404,14322
query,1509162016.844245,1509162017.202694,6548
query,1509162017.202699,1509162017.4954457,10129
query,1509162017.49545,1509162017.8532178,11059
query,1509162017.8532217,1509162017.997977,5339
query,1509162017.9979808,1509162018.0730615,2349
query,1509162018.0730653,1509162018.5141325,11833
query,1509162018.5141368,1509162018.6730287,4039
query,1509162018.6730332,1509162019.388151,19869
query,1509162019.3881543,1509162019.4778767,8357
query,1509162019.47788,1509162019.738686,14333
query,1509162019.73869,1509162019.8775423,6216
query,1509162019.8775468,1509162019.9416068,221
query,1509162019.9416106,1509162020.0865633,4616
query,1509162020.0865674,1509162020.171285,2290
query,1509162020.1712885,1509162020.405593,6662
query,1509162020.4055963,1509162020.5054965,2693
query,1509162020.5055423,1509162020.548363,1663
query,1509162020.561589,1509162021.0974321,18211
query,1509162021.0974362,1509162021.1295857,1190
query,1509162021.1295898,1509162021.1425421,4
query,1509162021.1425455,1509162022.078171,25016
query,1509162022.0781755,1509162022.1953435,2078
query,1509162022.1953473,1509162022.2056828,0
query,1509162022.205686,1509162022.3809485,4957
query,1509162022.3809526,1509162022.412715,914
query,1509162022.4127188,1509162022.7837732,15066
query,1509162022.7837768,1509162023.3205547,12944
query,1509162023.3205588,1509162023.3583455,775
query,1509162023.3583488,1509162023.5226831,8367
query,1509162023.5226874,1509162023.8580925,12973
query,1509162023.8580968,1509162024.0013797,8111
query,1509162024.0013835,1509162024.5859878,13288
query,1509162024.585992,1509162024.7435112,5670
query,1509162024.7435153,1509162024.7793038,560
query,1509162024.779308,1509162025.2135873,12835
query,1509162025.2135913,1509162025.4123974,8346
query,1509162025.412442,1509162026.20606,20829
query,1509162026.2198203,1509162027.0354276,18110
query,1509162027.035432,1509162027.2253575,8856
query,1509162027.2253613,1509162027.6584496,15374
query,1509162027.6584532,1509162028.0694337,11656
query,1509162028.0694375,1509162028.158181,3749
query,1509162028.1581848,1509162028.1834478,1153
query,1509162028.1834514,1509162028.57311,14340
query,1509162028.5731142,1509162028.6424408,2732
query,1509162028.6424444,1509162029.042357,12957
query,1509162029.0423615,1509162029.2926943,5871
query,1509162029.2926984,1509162029.3033378,2
query,1509162029.3033414,1509162029.3253033,7
query,1509162029.3253067,1509162029.3502824,942
query,1509162029.3502858,1509162029.5877745,14372
query,1509162029.5877786,1509162029.9190106,15291
query,1509162029.9190147,1509162029.956315,16
query,1509162029.956319,1509162029.9857306,835
query,1509162029.9857345,1509162030.051617,2978
query,1509162030.0516207,1509162030.2037878,3940
query,1509162030.2038276,1509162030.2236397,0
query,1509162030.2250044,1509162031.4009786,24521
query,1509162031.4009826,1509162031.4267185,3
query,1509162031.4267223,1509162031.8689015,14045
query,1509162031.8689053,1509162032.1275475,13889
query,1509162032.127551,1509162032.2280443,2344
query,1509162032.2280483,1509162032.3046834,1959
query,1509162032.3046877,1509162032.4464922,3525
query,1509162032.4464955,1509162032.7424693,7970
query,1509162032.7424736,1509162033.017014,14508
query,1509162033.0170176,1509162033.5653586,12131
query,1509162033.5653625,1509162033.5735679,1
query,1509162033.5735707,1509162033.734423,3037
query,1509162033.7344267,1509162033.8143454,1451
query,1509162033.81435,1509162035.1778793,19452
query,1509162035.1778831,1509162035.7880187,21890
query,1509162035.7880232,1509162035.9315207,3439
query,1509162035.9315252,1509162035.9902627,1867
query,1509162035.9902668,1509162036.4470932,21689
query,1509162036.4470973,1509162036.9279583,11604
query,1509162036.9279997,1509162036.9638355,1237
query,1509162036.9758933,1509162037.1277156,5880
query,1509162037.1277199,1509162037.7059681,17098
query,1509162037.7059722,1509162038.0111065,7392
query,1509162038.0111108,1509162038.4504309,15100
query,1509162038.450435,1509162039.0454402,14873
query,1509162039.0454438,1509162039.138333,5812
query,1509162039.1383367,1509162039.1682982,1617
query,1509162039.1683025,1509162039.5862231,14360
query,1509162039.5862274,1509162040.0754752,12505
query,1509162040.075479,1509162040.1739814,7640
query,1509162040.1739848,1509162040.190057,12
query,1509162040.190061,1509162040.2149048,496
query,1509162040.2149088,1509162040.828092,12684
query,1509162040.8280966,1509162041.2184405,11682
query,1509162041.218444,1509162041.2430794,1154
query,1509162041.243083,1509162041.8935318,3447
query,1509162041.8935356,1509162041.9240837,448
query,1509162041.9240873,1509162041.9515858,528
query,1509162041.951589,1509162042.1343324,8156
query,1509162042.1343725,1509162042.6898031,12956
query,1509162042.7020247,1509162042.9838037,10167
query,1509162042.9838088,1509162043.3050325,7356
query,1509162043.3050365,1509162043.9581423,21915
query,1509162043.9581475,1509162044.3330734,3214
query,1509162044.333077,1509162044.8666115,22291
query,1509162044.866616,1509162045.1733232,17758
query,1509162045.1733274,1509162045.3156612,5296
query,1509162045.315665,1509162045.323561,1
query,1509162045.323564,1509162045.92788,22888
query,1509162045.927884,1509162046.5807629,16722
query,1509162046.5807664,1509162046.661863,3009
query,1509162046.6618671,1509162047.3086872,19321
query,1509162047.308691,1509162047.9479876,14586
query,1509162047.9479916,1509162049.0821376,22139
query,1509162049.082142,1509162049.118102,307
query,1509162049.118106,1509162049.2209191,7379
query,1509162049.220924,1509162049.2551637,1690
query,1509162049.2551672,1509162049.3902082,4054
query,1509162049.390212,1509162049.4146655,26
query,1509162049.414704,1509162049.7667968,11225
query,1509162049.7788153,1509162050.2080135,19595
query,1509162050.2080183,1509162050.4847832,12551
query,1509162050.484787,1509162050.840753,11284
query,1509162050.840757,1509162051.5641158,18858
query,1509162051.5641196,1509162051.7276688,6358
query,1509162051.7276726,1509162051.7534883,480
query,1509162051.7534919,1509162052.49423,17157
query,1509162052.4942338,1509162053.6466062,20579
query,1509162053.64661,1509162054.0294125,7101
query,1509162054.029416,1509162054.1146655,6903
query,1509162054.1146703,1509162054.5959623,18790
query,1509162054.5959673,1509162054.851641,6677
query,1509162054.851645,1509162055.2975614,20208
query,1509162055.2975652,1509162055.306389,0
query,1509162055.3063922,1509162055.3455462,45
query,1509162055.3455498,1509162055.940863,16293
query,1509162055.9408672,1509162055.9675775,1051
query,1509162055.9675813,1509162055.9922554,979
query,1509162055.9922597,1509162056.5637772,19799
query,1509162056.5638244,1509162056.9200253,11650
query,1509162056.9335568,1509162057.8496747,21849
query,1509162057.8496795,1509162058.1557229,13767
query,1509162058.1557276,1509162058.1644957,0
query,1509162058.164499,1509162058.1889663,468
query,1509162058.18897,1509162058.9217997,16982
query,1509162058.9218042,1509162059.148512,6446
query,1509162059.1485167,1509162059.1879294,104
query,1509162059.1879332,1509162059.2250504,40
query,1509162059.2250545,1509162059.3590047,3360
query,1509162059.3590095,1509162060.223183,19956
query,1509162060.2231872,1509162060.505359,3343
query,1509162060.5053632,1509162060.518302,1
query,1509162060.5183058,1509162060.9158962,13047
query,1509162060.9159,1509162060.9308164,2
query,1509162060.93082,1509162061.5208313,15672
query,1509162061.5208366,1509162062.2260406,15981
query,1509162062.2260451,1509162062.2584825,185
query,1509162062.2584856,1509162062.3349295,2896
query,1509162062.3349333,1509162063.1820538,26690
query,1509162063.1820998,1509162063.907974,19792
query,1509162063.9200501,1509162064.0429313,2990
query,1509162064.0429354,1509162064.2524133,8365
query,1509162064.2524173,1509162064.2905138,24
query,1509162064.2905176,1509162064.3696668,2702
query,1509162064.369671,1509162064.499542,4727
query,1509162064.499547,1509162064.6906862,4633
query,1509162064.6906905,1509162064.7292986,19
query,1509162064.7293026,1509162064.736151,0
query,1509162064.7361543,1509162064.9257073,9551
query,1509162064.9257114,1509162065.0737047,3577
query,1509162065.073709,1509162065.0964894,459
query,1509162065.0964935,1509162065.9802768,17877
query,1509162065.9802806,1509162066.5425115,18660
query,1509162066.5425158,1509162066.5797825,17
query,1509162066.579787,1509162066.7122514,4546
query,1509162066.712255,1509162067.5652585,22637
query,1509162067.5652623,1509162067.640115,3790
query,1509162067.6401196,1509162067.8521695,10420
query,1509162067.8521743,1509162068.1404414,10187
query,1509162068.1404824,1509162069.0939925,27510
query,1509162069.106341,1509162069.1358957,1312
query,1509162069.1358993,1509162069.3895528,15888
query,1509162069.3895576,1509162069.584085,5776
query,1509162069.5840895,1509162069.60814,390
query,1509162069.608144,1509162069.6819959,3489
query,1509162069.6820002,1509162069.9436896,9519
query,1509162069.9436939,1509162070.057407,3616
query,1509162070.0574112,1509162070.8623862,18839
query,1509162070.86239,1509162070.9544442,5320
query,1509162070.954449,1509162071.109781,4863
query,1509162071.109785,1509162071.8388495,17929
query,1509162071.8388534,1509162071.8802166,758
query,1509162071.8802207,1509162071.907411,18
query,1509162071.9074144,1509162072.3287668,14571
query,1509162072.3287704,1509162072.342306,3
query,1509162072.3423092,1509162072.945416,17586
query,1509162072.94542,1509162072.9985955,1421
query,1509162072.9985993,1509162073.1185129,4299
query,1509162073.118517,1509162073.3557827,11958
query,1509162073.355821,1509162074.0654771,22724
query,1509162074.0778577,1509162075.0609326,21932
query,1509162075.0609367,1509162075.084139,308
query,1509162075.0841439,1509162075.7750633,19238
query,1509162075.775068,1509162075.9883168,4660
query,1509162075.9883208,1509162076.012656,29
query,1509162076.01266,1509162076.4609594,18874
query,1509162076.4609635,1509162076.4781094,3
query,1509162076.4781137,1509162076.548227,3173
query,1509162076.5482316,1509162077.058295,13192
query,1509162077.0582993,1509162077.2354405,14104
query,1509162077.2354448,1509162077.5954735,11885
query,1509162077.5954776,1509162078.3939838,20387
query,1509162078.393988,1509162079.4276526,24915
query,1509162079.4276571,1509162079.648443,6283
query,1509162079.6484473,1509162079.8332155,13474
query,1509162079.8332195,1509162080.0624235,8097
query,1509162080.0624273,1509162080.070652,0
query,1509162080.070655,1509162080.7337227,17564
query,1509162080.733728,1509162080.870332,3613
query,1509162080.8703694,1509162080.904387,222
query,1509162080.9166117,1509162081.171461,12889
query,1509162081.1714654,1509162081.2001526,1300
query,1509162081.2001565,1509162081.2067132,0
query,1509162081.2067163,1509162081.2336566,381
query,1509162081.2336605,1509162081.4118128,3457
query,1509162081.4118166,1509162081.7541757,12799
query,1509162081.7541795,1509162081.8761458,5391
query,1509162081.8761494,1509162081.8859806,1
query,1509162081.8859837,1509162081.9136105,1348
query,1509162081.9136143,1509162082.3146932,14745
query,1509162082.3146977,1509162082.8080633,19399
query,1509162082.808067,1509162083.2883008,18656
query,1509162083.2883048,1509162083.9871001,18538
query,1509162083.9871051,1509162084.37334,14887
query,1509162084.373344,1509162084.3954148,125
query,1509162084.3954194,1509162084.551981,10796
query,1509162084.5519853,1509162085.2110448,18407
query,1509162085.211049,1509162085.230124,6
query,1509162085.2301283,1509162085.4137354,8289
query,1509162085.4137836,1509162085.870844,17336
query,1509162085.8837807,1509162085.9111488,37
query,1509162085.9111533,1509162086.0732825,6816
query,1509162086.0732863,1509162087.0357187,14540
query,1509162087.0357237,1509162087.048222,0
query,1509162087.048226,1509162087.0800877,6
query,1509162087.0800917,1509162087.1355429,1392
query,1509162087.1355474,1509162087.1605227,978
query,1509162087.1605263,1509162087.7328606,14253
query,1509162087.7328653,1509162088.100659,8085
query,1509162088.1006632,1509162088.268498,16897
query,1509162088.268502,1509162088.421799,11445
query,1509162088.421803,1509162088.50128,4004
query,1509162088.5012841,1509162088.6060455,3159
query,1509162088.60605,1509162088.6313422,116
query,1509162088.6313465,1509162088.707933,4203
query,1509162088.7079375,1509162088.888682,6319
query,1509162088.8886864,1509162089.7634687,17798
query,1509162089.7634728,1509162089.8990412,5886
query,1509162089.899045,1509162090.6264927,23070
query,1509162090.6265342,1509162091.0092766,12689
query,1509162091.02146,1509162091.1129167,9172
query,1509162091.1129217,1509162091.2204292,5163
query,1509162091.2204335,1509162091.3400998,3747
query,1509162091.3401043,1509162091.6225562,13389
query,1509162091.62256,1509162091.8601036,6255
query,1509162091.8601081,1509162092.030588,8496
query,1509162092.0305922,1509162092.7204368,13158
query,1509162092.7204409,1509162092.7446728,8
query,1509162092.7446775,1509162093.5948255,24885
query,1509162093.5948296,1509162093.6778867,16638
query,1509162093.6778905,1509162093.708633,1762
query,1509162093.7086372,1509162093.8719456,6096
query,1509162093.8719501,1509162094.0485575,6151
query,1509162094.0485616,1509162094.1538184,6942
query,1509162094.1538222,1509162094.5131114,16216
query,1509162094.5131216,1509162094.5517814,10
query,1509162094.5517864,1509162094.7279544,13662
query,1509162094.7279582,1509162094.8455846,5275
query,1509162094.8455887,1509162095.188352,14302
query,1509162095.1883943,1509162095.2240438,465
query,1509162095.2370484,1509162095.692379,16449
query,1509162095.6923828,1509162095.8529088,3714
query,1509162095.8529134,1509162096.3547812,9714
query,1509162096.3547852,1509162097.144533,19842
query,1509162097.1445377,1509162097.4913497,13875
query,1509162097.4913547,1509162097.7310696,6201
query,1509162097.7310739,1509162098.0759106,6859
query,1509162098.0759146,1509162098.1129627,637
query,1509162098.1129673,1509162098.329019,6416
query,1509162098.3290231,1509162098.3527253,129
query,1509162098.352729,1509162098.696393,13088
query,1509162098.6963978,1509162098.7761288,1916
query,1509162098.7761326,1509162098.9214392,5688
query,1509162098.9214432,1509162099.510376,10697
query,1509162099.5103798,1509162100.5178542,26662
query,1509162100.517859,1509162101.5705452,22718
query,1509162101.5705497,1509162101.752355,6822
query,1509162101.7523584,1509162101.8793426,6534
query,1509162101.8793466,1509162101.9563208,3805
query,1509162101.9563622,1509162102.3491335,17593
query,1509162102.361442,1509162102.3876157,11
query,1509162102.3876195,1509162102.8667474,18015
query,1509162102.8667521,1509162103.2500906,12943
query,1509162103.2500947,1509162103.3546855,4744
query,1509162103.3546913,1509162103.6609204,10425
query,1509162103.6609242,1509162104.0391548,14653
query,1509162104.0391586,1509162104.151944,4986
query,1509162104.1519477,1509162104.1778264,1351
query,1509162104.17783,1509162104.4341133,16922
query,1509162104.4341176,1509162105.0654163,15745
query,1509162105.0654304,1509162105.4594831,13281
query,1509162105.4594877,1509162105.5344853,3694
query,1509162105.5344896,1509162105.5421655,0
query,1509162105.5421689,1509162105.8171484,13233
query,1509162105.817152,1509162106.295827,17568
query,1509162106.2958307,1509162106.562898,5664
query,1509162106.5629015,1509162106.6671927,3060
query,1509162106.6671972,1509162106.7474282,2920
query,1509162106.7474325,1509162107.2778177,16553
query,1509162107.2778673,1509162107.7047393,14397
query,1509162107.7173378,1509162107.948509,11364
query,1509162107.9485135,1509162108.5066664,14952
query,1509162108.5066705,1509162109.0053427,22015
query,1509162109.0053463,1509162109.0281346,17
query,1509162109.0281382,1509162109.1920152,5812
query,1509162109.192019,1509162109.2084012,3
query,1509162109.2084043,1509162109.3376422,5338
query,1509162109.3376467,1509162109.4798508,4515
query,1509162109.4798558,1509162109.6798863,9947
query,1509162109.6798906,1509162109.9185228,11765
query,1509162109.9185266,1509162110.0492804,5080
query,1509162110.0492845,1509162110.190877,6918
query,1509162110.190881,1509162110.326417,5088
query,1509162110.3264213,1509162110.4016948,3587
query,1509162110.401699,1509162110.6877801,12523
query,1509162110.687783,1509162111.0592208,6768
query,1509162111.059225,1509162111.202057,4356
query,1509162111.2020607,1509162111.228206,57
query,1509162111.2282093,1509162111.471479,17643
query,1509162111.4715161,1509162111.9818408,18159
query,1509162111.9942062,1509162112.0368207,425
query,1509162112.0368247,1509162112.232029,8607
query,1509162112.232033,1509162112.5461135,12275
query,1509162112.5461173,1509162112.9525192,14205
query,1509162112.952523,1509162113.1190512,5161
query,1509162113.1190553,1509162113.2467966,4779
query,1509162113.246801,1509162113.3671277,10028
query,1509162113.3671315,1509162113.4740765,2269
query,1509162113.4740803,1509162113.5096567,1831
query,1509162113.5096607,1509162113.965707,19406
query,1509162113.9657118,1509162114.2925606,9192
query,1509162114.2925644,1509162114.3331425,1209
query,1509162114.3331463,1509162114.375705,685
query,1509162114.3757086,1509162114.6540568,8669
query,1509162114.6540606,1509162114.7117062,3796
query,1509162114.7117105,1509162114.718351,0
query,1509162114.7183547,1509162114.799347,2591
query,1509162114.7993503,1509162115.0710359,14124
query,1509162115.0710406,1509162115.5624468,14234
query,1509162115.5624888,1509162116.0937011,18218
query,1509162116.1057968,1509162116.524571,13815
query,1509162116.5245752,1509162116.6190586,3128
query,1509162116.6190627,1509162117.3715923,24343
query,1509162117.3715978,1509162117.6260767,13578
query,1509162117.6260808,1509162118.049338,14181
query,1509162118.0493426,1509162118.9056673,17413
query,1509162118.905672,1509162119.4304016,15569
query,1509162119.430406,1509162119.4605107,9
query,1509162119.460515,1509162119.5862398,6392
query,1509162119.586244,1509162119.659874,1830
query,1509162119.6598775,1509162119.9675405,10561
query,1509162119.9675448,1509162120.011741,842
query,1509162120.0117455,1509162120.3992677,15999
query,1509162120.3992724,1509162120.713769,16906
query,1509162120.713773,1509162121.08265,13673
query,1509162121.082654,1509162121.2231302,3755
query,1509162121.2231345,1509162121.4839208,2802
query,1509162121.4839249,1509162121.6947787,7926
query,1509162121.6947823,1509162121.7852552,8137
query,1509162121.7852962,1509162122.4931684,3448
query,1509162122.5054257,1509162122.6576097,13873
query,1509162122.6576135,1509162122.8807516,6381
query,1509162122.8807554,1509162122.9606054,2698
query,1509162122.9606092,1509162122.9882433,104
query,1509162122.9882472,1509162123.0160913,887
query,1509162123.016095,1509162123.3447556,18438
query,1509162123.3447592,1509162123.654916,17132
query,1509162123.6549203,1509162123.6840494,762
query,1509162123.684054,1509162123.6941767,1
query,1509162123.6941807,1509162123.9575293,12963
query,1509162123.9575336,1509162124.2077372,5998
query,1509162124.2077417,1509162125.08565,16141
query,1509162125.0856543,1509162125.1086123,12
query,1509162125.1086156,1509162125.6509192,15493
query,1509162125.650923,1509162125.9260194,7115
query,1509162125.9260228,1509162126.1565444,12468
query,1509162126.1565487,1509162126.717554,19388
query,1509162126.7175584,1509162127.0878737,14199
query,1509162127.0878775,1509162127.5445127,18946
query,1509162127.5445614,1509162127.9494605,13866
query,1509162127.9617484,1509162128.4740698,19394
query,1509162128.4740744,1509162129.5588164,19812
query,1509162129.5588202,1509162129.7534492,12157
query,1509162129.7534533,1509162130.3035889,16521
query,1509162130.303593,1509162130.802178,12646
query,1509162130.802182,1509162130.9021995,4553
query,1509162130.9022045,1509162130.9074228,0
query,1509162130.9074266,1509162130.9359396,1338
query,1509162130.935943,1509162131.0797694,5299
query,1509162131.0797737,1509162131.6665137,15639
query,1509162131.6665182,1509162131.9000556,12133
query,1509162131.9000604,1509162132.3569705,19561
query,1509162132.3569746,1509162132.645817,13543
query,1509162132.6458213,1509162133.093765,17798
query,1509162133.0937688,1509162133.164,3046
query,1509162133.164004,1509162134.2435868,25175
query,1509162134.2435906,1509162134.5313864,10983
query,1509162134.5313907,1509162134.8280933,7514
query,1509162134.8280976,1509162135.3929224,14483
query,1509162135.3929682,1509162135.531764,3069
query,1509162135.5437963,1509162135.7729392,10964
query,1509162135.7729435,1509162135.799476,860
query,1509162135.7994797,1509162135.823772,767
query,1509162135.8237755,1509162136.3121743,15018
query,1509162136.312181,1509162136.3991382,3325
query,1509162136.3991423,1509162137.3016667,18580
query,1509162137.301671,1509162137.442593,7810
query,1509162137.4425976,1509162137.6075547,5269
query,1509162137.607559,1509162137.753457,4584
query,1509162137.7534606,1509162137.8440552,10487
query,1509162137.844059,1509162138.2001896,11162
query,1509162138.2001936,1509162138.3348758,5615
query,1509162138.3348796,1509162138.6548061,11325
query,1509162138.6548107,1509162138.855956,11228
query,1509162138.855961,1509162139.8966134,23762
query,1509162139.8966177,1509162140.418119,15322
query,1509162140.418123,1509162140.6061428,9836
query,1509162140.6061468,1509162140.9439235,11891
query,1509162140.9439273,1509162140.969496,1773
query,1509162140.969533,1509162141.654198,24876
query,1509162141.6682339,1509162141.9413064,10959
query,1509162141.9413102,1509162141.9680066,791
query,1509162141.9680107,1509162142.4769638,15570
query,1509162142.4769685,1509162143.2206414,23826
query,1509162143.220645,1509162144.1012483,18034
query,1509162144.1012533,1509162144.3211236,13949
query,1509162144.3211277,1509162144.5095844,15185
query,1509162144.5095885,1509162144.5354896,22
query,1509162144.535494,1509162145.0554357,19283
query,1509162145.0554395,1509162145.0616276,0
query,1509162145.0616314,1509162145.313166,14643
query,1509162145.3131704,1509162145.418041,2791
query,1509162145.418045,1509162145.4467058,1455
query,1509162145.4467096,1509162145.6299686,7026
query,1509162145.629973,1509162145.7602394,5198
query,1509162145.7602444,1509162145.8843787,5524
query,1509162145.8843834,1509162145.9748082,3233
query,1509162145.974813,1509162146.0896952,4880
query,1509162146.0897005,1509162146.1714342,3809
query,1509162146.1714752,1509162146.4226046,5749
query,1509162146.4347217,1509162146.7610006,18508
query,1509162146.7610052,1509162146.7683504,0
query,1509162146.768354,1509162146.827067,1982
query,1509162146.8270712,1509162147.0117476,9662
query,1509162147.0117517,1509162147.1459913,4295
query,1509162147.1459951,1509162147.182951,31
query,1509162147.1829548,1509162147.2220416,146
query,1509162147.222046,1509162147.2608075,11
query,1509162147.260812,1509162147.8074296,3433
query,1509162147.807435,1509162148.223579,17935
query,1509162148.2235823,1509162148.8165627,19352
query,1509162148.8165672,1509162148.8475592,823
query,1509162148.847564,1509162148.8533707,0
query,1509162148.853375,1509162149.2280362,18116
query,1509162149.2280405,1509162149.298354,2089
query,1509162149.2983587,1509162150.1258817,19115
query,1509162150.1258857,1509162150.9692602,20779
query,1509162150.9692647,1509162151.0966997,4973
query,1509162151.0967038,1509162151.2143116,9786
query,1509162151.2143567,1509162151.313604,2949
query,1509162151.3258371,1509162151.3521538,36
query,1509162151.352158,1509162151.8234098,18920
query,1509162151.8234138,1509162152.5016344,16811
query,1509162152.5016382,1509162152.73268,10782
query,1509162152.7326841,1509162153.404159,20156
query,1509162153.4041636,1509162153.8617506,12569
query,1509162153.861755,1509162154.010322,5289
query,1509162154.0103257,1509162154.7432387,23733
query,1509162154.743243,1509162155.0623908,3416
query,1509162155.062395,1509162155.0881135,315
query,1509162155.0881171,1509162155.2620175,8623
query,1509162155.2620218,1509162155.4261768,7230
query,1509162155.4261808,1509162155.8929937,15848
query,1509162155.8929977,1509162156.0057635,5307
query,1509162156.0057676,1509162156.2269168,8075
query,1509162156.226922,1509162156.9795535,19330
query,1509162156.9795573,1509162157.2839837,17315
query,1509162157.2839873,1509162157.93574,24202
query,1509162157.9357445,1509162158.0498745,4017
query,1509162158.049916,1509162158.5426984,14434
query,1509162158.556549,1509162158.8338022,13852
query,1509162158.8338063,1509162158.9561565,6664
query,1509162158.956161,1509162158.9835436,1
query,1509162158.9835474,1509162159.2760694,10375
query,1509162159.276074,1509162159.4760325,5703
query,1509162159.4760365,1509162159.5052896,1532
query,1509162159.5052936,1509162159.5431333,15
query,1509162159.543137,1509162160.150367,20715
query,1509162160.1503723,1509162160.327591,5292
query,1509162160.3275943,1509162160.9139137,17419
query,1509162160.9139175,1509162161.2707047,17462
query,1509162161.2707088,1509162161.3714356,7621
query,1509162161.3714402,1509162161.426463,3035
query,1509162161.4264672,1509162161.5877144,4127
query,1509162161.5877182,1509162161.7485542,5769
query,1509162161.7485588,1509162161.917036,5959
query,1509162161.9170392,1509162161.953062,226
query,1509162161.9530656,1509162162.190272,14123
query,1509162162.1902776,1509162162.2129612,439
query,1509162162.2130065,1509162162.2297602,0
query,1509162162.2314036,1509162162.689121,14348
query,1509162162.6891253,1509162162.713636,147
query,1509162162.7136393,1509162163.555406,18185
query,1509162163.5554106,1509162163.5853384,376
query,1509162163.5853426,1509162163.633267,1927
query,1509162163.6332705,1509162164.0173428,21148
query,1509162164.0173466,1509162164.3444571,19205
query,1509162164.344461,1509162164.650713,14591
query,1509162164.650717,1509162165.2263005,24913
query,1509162165.2263048,1509162166.0420952,18956
query,1509162166.0421,1509162167.103739,24928
query,1509162167.103743,1509162167.5296712,11927
query,1509162167.529675,1509162167.5703373,1211
query,1509162167.5703413,1509162167.5828023,2
query,1509162167.5828059,1509162168.3679292,18197
query,1509162168.367934,1509162168.5243247,10107
query,1509162168.5243282,1509162168.6043165,2550
query,1509162168.6043205,1509162168.9105222,14068
query,1509162168.910526,1509162169.0428693,6244
query,1509162169.0429091,1509162169.8656962,22862
query,1509162169.8790934,1509162170.7323053,24390
query,1509162170.7323096,1509162170.7397716,0
query,1509162170.7397747,1509162170.8157194,1786
query,1509162170.815724,1509162170.913492,3389
query,1509162170.9134967,1509162170.922477,0
query,1509162170.9224815,1509162170.9304395,0
query,1509162170.93045,1509162171.0107305,3041
query,1509162171.0107343,1509162171.0375986,90
query,1509162171.0376024,1509162171.3387523,17750
query,1509162171.3387563,1509162171.4742103,5188
query,1509162171.474214,1509162171.568495,3320
query,1509162171.5684986,1509162171.97276,14058
query,1509162171.9727635,1509162172.2345679,13763
query,1509162172.2345724,1509162172.4802973,11411
query,1509162172.4803014,1509162172.7023473,6303
query,1509162172.7023516,1509162172.9315171,13549
query,1509162172.9315224,1509162173.2669654,18320
query,1509162173.2669692,1509162173.2789114,1
query,1509162173.2789145,1509162173.3188815,7
query,1509162173.318924,1509162173.7990532,10906
query,1509162173.8112805,1509162174.1219034,9356
query,1509162174.1219075,1509162174.215735,6644
query,1509162174.215739,1509162174.333109,3298
query,1509162174.333114,1509162175.2586682,20042
query,1509162175.2586725,1509162176.1042473,16750
query,1509162176.104252,1509162176.492969,3428
query,1509162176.4929736,1509162176.6701264,5311
query,1509162176.6701305,1509162177.0195167,14934
query,1509162177.0195205,1509162177.3724854,11163
query,1509162177.3724892,1509162178.3707807,20182
query,1509162178.3707845,1509162178.7614303,13993
query,1509162178.761434,1509162179.1892183,12440
query,1509162179.1892223,1509162179.2031293,5
query,1509162179.2031326,1509162179.2350714,1945
query,1509162179.235075,1509162179.6029038,14227
query,1509162179.6029081,1509162180.2097044,27004
query,1509162180.209709,1509162180.4301262,9715
query,1509162180.4301298,1509162181.1770225,16855
query,1509162181.177027,1509162181.2719765,2007
query,1509162181.272018,1509162181.909508,21777
query,1509162181.921851,1509162182.0342698,5978
query,1509162182.0342731,1509162182.2097769,13706
query,1509162182.2097807,1509162182.2980683,3218
query,1509162182.2980719,1509162182.3298433,290
query,1509162182.329847,1509162182.984142,20979
query,1509162182.984146,1509162183.7426574,15633
query,1509162183.7426617,1509162183.816922,1661
query,1509162183.8169262,1509162183.976546,6588
query,1509162183.9765503,1509162184.0694082,3937
query,1509162184.0694127,1509162184.0946496,149
query,1509162184.0946536,1509162184.5365813,21080
query,1509162184.5365849,1509162184.7939084,11249
query,1509162184.7939134,1509162184.8608556,1692
query,1509162184.8608606,1509162185.8228874,24987
query,1509162185.8228922,1509162185.8474905,11
query,1509162185.8474946,1509162185.9223645,3701
query,1509162185.9223683,1509162186.4435563,15983
query,1509162186.4435604,1509162186.8116784,17534
query,1509162186.8116827,1509162186.8462641,248
query,1509162186.846304,1509162187.3748846,12656
query,1509162187.3872216,1509162187.5879974,6248
query,1509162187.588001,1509162188.0011,15427
query,1509162188.0011044,1509162188.2702973,8326
query,1509162188.270301,1509162188.604055,12734
query,1509162188.604059,1509162189.0618107,13455
query,1509162189.061815,1509162189.8151922,12645
query,1509162189.815196,1509162190.5271516,19437
query,1509162190.5271556,1509162190.5612009,6
query,1509162190.5612047,1509162191.0642192,18756
query,1509162191.0642238,1509162191.2523537,10064
query,1509162191.2523582,1509162192.0508106,19531
query,1509162192.0508146,1509162192.080746,263
query,1509162192.08075,1509162192.5834389,21406
query,1509162192.5834432,1509162192.591945,0
query,1509162192.5919487,1509162192.626607,1682
query,1509162192.6266117,1509162192.663323,195
query,1509162192.6633275,1509162192.706168,1256
query,1509162192.706172,1509162192.819227,4283
query,1509162192.819232,1509162193.5953677,22942
query,1509162193.5954154,1509162193.6288536,111
query,1509162193.6428847,1509162193.8176444,3320
query,1509162193.8176491,1509162194.3770514,21536
query,1509162194.3770556,1509162194.4836516,4974
query,1509162194.4836555,1509162194.5035923,4
query,1509162194.5035965,1509162194.7139444,16963
query,1509162194.7139492,1509162194.9748359,10003
query,1509162194.9748404,1509162195.0128677,239
query,1509162195.0128725,1509162195.1937284,9558
query,1509162195.1937323,1509162195.6127129,14608
query,1509162195.6127167,1509162195.6480205,804
query,1509162195.648024,1509162196.2775776,13329
query,1509162196.2775817,1509162196.4415083,10502
query,1509162196.4415123,1509162196.5449688,4136
query,1509162196.5449755,1509162196.5772436,476
query,1509162196.5772488,1509162197.4786594,24502
query,1509162197.4786644,1509162198.4254766,24869
query,1509162198.4254816,1509162198.6011403,5580
query,1509162198.6011438,1509162198.844676,9590
query,1509162198.84468,1509162199.1307209,13691
query,1509162199.1307578,1509162199.5112357,20429
query,1509162199.5238893,1509162199.621197,4651
query,1509162199.6212027,1509162200.1228817,18330
query,1509162200.1228862,1509162200.4565432,17781
query,1509162200.4565473,1509162200.4793391,476
query,1509162200.4793425,1509162200.9042242,11650
query,1509162200.9042284,1509162201.2644753,11526
query,1509162201.2644799,1509162201.9862018,24873
query,1509162201.9862072,1509162202.5018709,17690
query,1509162202.5018752,1509162203.437083,22949
query,1509162203.437087,1509162203.4622934,18
query,1509162203.4622974,1509162203.467898,0
query,1509162203.4679017,1509162203.7643833,11859
query,1509162203.764388,1509162204.2099738,17796
query,1509162204.209978,1509162204.6236658,15997
query,1509162204.623671,1509162204.6520605,580
query,1509162204.652065,1509162205.3611948,22192
query,1509162205.3611991,1509162206.1569405,19653
query,1509162206.1569445,1509162206.505383,12702
query,1509162206.505387,1509162206.620673,4791
query,1509162206.6207097,1509162207.266012,24175
query,1509162207.2786784,1509162207.499651,11393
query,1509162207.4996552,1509162207.6075995,7162
query,1509162207.607604,1509162207.633155,95
query,1509162207.6331592,1509162207.733721,3845
query,1509162207.7337253,1509162208.2351086,15744
query,1509162208.2351124,1509162208.4514537,10705
query,1509162208.451458,1509162208.6572065,3721
query,1509162208.6572104,1509162208.8269873,4088
query,1509162208.826991,1509162209.749173,21035
query,1509162209.7491784,1509162209.7774825,1370
query,1509162209.777486,1509162209.979207,5227
query,1509162209.979211,1509162210.7918413,21811
query,1509162210.7918453,1509162211.6964052,19685
query,1509162211.6964087,1509162212.437666,15904
query,1509162212.4376712,1509162213.3891664,19642
query,1509162213.3891704,1509162213.4862154,4187
query,1509162213.4862194,1509162213.5978372,3208
query,1509162213.5978408,1509162213.767398,9904
query,1509162213.7674024,1509162213.8010185,1010
query,1509162213.801063,1509162214.4456449,16606
query,1509162214.460772,1509162214.5745041,5446
query,1509162214.5745087,1509162214.6001055,16
query,1509162214.6001098,1509162215.4649968,22127
query,1509162215.4650009,1509162215.5706003,3682
query,1509162215.5706046,1509162215.7404616,10556
query,1509162215.7404659,1509162216.5363429,20259
query,1509162216.536347,1509162216.9075968,13463
query,1509162216.9076014,1509162216.9513636,141
query,1509162216.9513676,1509162217.6376042,22855
query,1509162217.637609,1509162217.8347225,4661
query,1509162217.8347268,1509162218.2665968,14746
query,1509162218.2666008,1509162218.834533,17512
query,1509162218.834538,1509162219.155219,15208
query,1509162219.1552231,1509162219.867292,20205
query,1509162219.867296,1509162220.612312,19549
query,1509162220.6123164,1509162221.0712297,15475
query,1509162221.0712335,1509162221.2568762,12518
query,1509162221.25688,1509162221.32936,3512
query,1509162221.3293643,1509162222.0801075,16494
query,1509162222.0801451,1509162222.5315526,16175
query,1509162222.5439787,1509162222.6271417,3158
query,1509162222.6271458,1509162222.6671662,1223
query,1509162222.66717,1509162222.7428908,2353
query,1509162222.7428946,1509162222.7856605,243
query,1509162222.785665,1509162223.402181,16204
query,1509162223.402185,1509162223.5584052,6725
query,1509162223.5584092,1509162223.8051329,6746
query,1509162223.805137,1509162223.9990764,6621
query,1509162223.9990814,1509162224.122405,4625
query,1509162224.1224096,1509162224.7241986,14398
query,1509162224.7242029,1509162225.3022633,17395
query,1509162225.3022676,1509162225.3259592,13
query,1509162225.325963,1509162226.289661,20489
query,1509162226.2896645,1509162226.374585,4224
query,1509162226.3745887,1509162226.4816365,5769
query,1509162226.4816408,1509162226.9120364,17984
query,1509162226.912041,1509162228.0036516,24959
query,1509162228.0036557,1509162228.028834,810
query,1509162228.028839,1509162228.2978091,9748
query,1509162228.2978528,1509162229.021628,24298
query,1509162229.034743,1509162229.0651839,227
query,1509162229.0651875,1509162229.1781597,4119
query,1509162229.1781635,1509162229.9488707,14034
query,1509162229.9488752,1509162229.9871356,1832
query,1509162229.9871397,1509162230.6012487,22468
query,1509162230.6012526,1509162230.62111,8
query,1509162230.621114,1509162230.993551,14741
query,1509162230.9935546,1509162231.1222851,3802
query,1509162231.1222885,1509162231.4930756,11523
query,1509162231.4930794,1509162231.833066,11745
query,1509162231.8330703,1509162231.8393772,0
query,1509162231.83938,1509162232.0600238,12044
query,1509162232.0600276,1509162232.398704,13667
query,1509162232.3987088,1509162232.8597724,12685
query,1509162232.8597775,1509162232.966162,2871
query,1509162232.966166,1509162233.3158388,13052
query,1509162233.315843,1509162233.3394356,280
query,1509162233.3394396,1509162233.3679733,1478
query,1509162233.3679776,1509162233.5626607,9385
query,1509162233.5627193,1509162234.1591744,15799
query,1509162234.1716146,1509162234.2978766,3874
query,1509162234.29788,1509162234.6404815,14651
query,1509162234.6404862,1509162235.787975,18251
query,1509162235.7879796,1509162236.0794346,12202
query,1509162236.079439,1509162236.1076326,653
query,1509162236.1076365,1509162236.3161833,8581
query,1509162236.3161879,1509162236.5703409,6317
query,1509162236.5703456,1509162236.8865054,10409
query,1509162236.8865097,1509162236.943086,1608
query,1509162236.9430907,1509162237.4877737,14496
query,1509162237.4877784,1509162237.986105,17435
query,1509162237.9861085,1509162238.1934679,4479
query,1509162238.1934724,1509162238.3386083,4400
query,1509162238.3386126,1509162238.6022258,17756
query,1509162238.6022305,1509162238.630728,939
query,1509162238.6307323,1509162238.6550105,82
query,1509162238.6550674,1509162239.342482,15767
query,1509162239.3424861,1509162240.2978094,24799
query,1509162240.2978137,1509162240.4375172,7592
query,1509162240.4375687,1509162240.77176,10423
query,1509162240.7873697,1509162241.0821111,11220
query,1509162241.0821157,1509162241.6408923,16749
query,1509162241.6408968,1509162242.1339977,23555
query,1509162242.1340027,1509162242.5438085,13441
query,1509162242.5438123,1509162242.6117947,1972
query,1509162242.611799,1509162243.3446248,16872
query,1509162243.3446288,1509162243.4283762,3713
query,1509162243.4283805,1509162243.5065446,1799
query,1509162243.5065491,1509162244.2681596,18446
query,1509162244.2681637,1509162244.3897054,4921
query,1509162244.3897095,1509162244.992581,17796
query,1509162244.992585,1509162245.020928,927
query,1509162245.0209324,1509162245.4064562,16372
query,1509162245.4064608,1509162245.632917,13546
query,1509162245.6329222,1509162246.511991,15504
query,1509162246.511996,1509162246.7119217,8913
query,1509162246.7119257,1509162247.418228,19851
query,1509162247.4182317,1509162247.445871,747
query,1509162247.4458756,1509162247.521923,1701
query,1509162247.52197,1509162247.6951385,4659
query,1509162247.708282,1509162247.981065,13149
query,1509162247.98107,1509162248.4925122,19879
query,1509162248.4925165,1509162249.1473622,3436
query,1509162249.1473663,1509162249.3246047,7385
query,1509162249.3246086,1509162249.9580748,15829
query,1509162249.9580789,1509162250.0293818,3322
query,1509162250.0293858,1509162250.4048831,14741
query,1509162250.4048877,1509162250.4264321,6
query,1509162250.4264364,1509162250.4956045,928
query,1509162250.4956083,1509162250.747864,5390
query,1509162250.7478678,1509162251.7711523,22367
query,1509162251.7711568,1509162251.9943738,11033
query,1509162251.9943776,1509162252.011915,6
query,1509162252.011919,1509162252.081325,2219
query,1509162252.0813293,1509162252.1523042,1575
query,1509162252.1523077,1509162253.1050978,20681
query,1509162253.1051023,1509162253.1833422,3055
query,1509162253.1833465,1509162253.1912,0
query,1509162253.1912038,1509162253.219176,92
query,1509162253.219219,1509162253.503509,5966
query,1509162253.5162034,1509162253.9551797,15847
query,1509162253.9551837,1509162253.96298,1
query,1509162253.9629838,1509162254.6279383,18294
query,1509162254.6279438,1509162254.7154844,3816
query,1509162254.7154884,1509162254.9227057,11394
query,1509162254.9227102,1509162255.015389,3165
query,1509162255.0153933,1509162255.042868,1245
query,1509162255.0428724,1509162255.13274,6194
query,1509162255.132744,1509162255.1802568,1644
query,1509162255.1802607,1509162255.9266534,19132
query,1509162255.9266577,1509162255.9592228,1224
query,1509162255.9592266,1509162255.9795022,4
query,1509162255.9795063,1509162256.5483599,14344
query,1509162256.5483637,1509162257.1183636,18005
query,1509162257.118368,1509162257.3671184,13609
query,1509162257.3671227,1509162257.3931906,719
query,1509162257.3931954,1509162257.4247305,1690
query,1509162257.4247346,1509162258.3078642,24520
query,1509162258.307868,1509162258.348269,662
query,1509162258.3483124,1509162258.5307357,3890
query,1509162258.54305,1509162258.824262,10499
query,1509162258.824266,1509162259.3029852,13883
query,1509162259.3029892,1509162259.6402314,14829
query,1509162259.6402357,1509162260.4586508,23186
query,1509162260.4586556,1509162260.6613824,5728
query,1509162260.6613867,1509162260.9439316,14293
query,1509162260.9439423,1509162260.9858007,1884
query,1509162260.9858046,1509162261.776604,23952
query,1509162261.776608,1509162262.4249256,23814
query,1509162262.42493,1509162262.4580534,1486
query,1509162262.4580572,1509162263.6050606,25707
query,1509162263.6050653,1509162263.9468002,14566
query,1509162263.946805,1509162264.4361327,7696
query,1509162264.4361367,1509162264.5574162,8170
query,1509162264.5574205,1509162264.5752904,6
query,1509162264.575295,1509162264.6780167,4573
query,1509162264.6780207,1509162264.7046885,362
query,1509162264.7046926,1509162264.7349715,1385
query,1509162264.734976,1509162265.370239,17235
query,1509162265.3702884,1509162265.5815682,5228
query,1509162265.594198,1509162265.6711211,4558
query,1509162265.6711247,1509162266.5716724,17962
query,1509162266.5716763,1509162266.60009,457
query,1509162266.600094,1509162267.3381927,18984
query,1509162267.3381968,1509162267.9134336,14984
query,1509162267.9134371,1509162267.9429288,382
query,1509162267.942932,1509162268.0139878,3909
query,1509162268.0139909,1509162268.037502,72
query,1509162268.037506,1509162268.1852512,2985
query,1509162268.185255,1509162268.404199,9309
query,1509162268.404203,1509162268.6179862,6507
query,1509162268.6179907,1509162268.9429696,11321
query,1509162268.9429743,1509162269.1487362,13743
query,1509162269.1487393,1509162269.1743214,365
query,1509162269.1743252,1509162269.7182782,16683
query,1509162269.7182825,1509162269.8339,9036
query,1509162269.833904,1509162269.8472633,2
query,1509162269.8472672,1509162270.0564294,7427
query,1509162270.0564332,1509162270.1544464,3729
query,1509162270.1544895,1509162270.63269,13386
query,1509162270.6451185,1509162270.7099373,2738
query,1509162270.7099419,1509162270.8171246,4142
query,1509162270.817129,1509162270.8432624,639
query,1509162270.843267,1509162270.8492072,0
query,1509162270.849211,1509162271.1937203,12980
query,1509162271.1937253,1509162271.217904,41
query,1509162271.217909,1509162271.5743067,11868
query,1509162271.5743108,1509162271.7718456,5477
query,1509162271.7718506,1509162271.8568828,4051
query,1509162271.8568876,1509162272.185442,9422
query,1509162272.1854472,1509162272.2202137,7
query,1509162272.220218,1509162272.229468,1
query,1509162272.2294726,1509162272.433701,3435
query,1509162272.4337053,1509162272.456099,609
query,1509162272.4561033,1509162272.7595835,6460
query,1509162272.7595878,1509162272.7821574,13
query,1509162272.7821612,1509162273.112315,9594
query,1509162273.1123195,1509162273.6823921,3449
query,1509162273.6823962,1509162273.7048929,5
query,1509162273.704935,1509162274.0341907,17415
query,1509162274.0466328,1509162274.3702583,16503
query,1509162274.3702645,1509162274.3780885,0
query,1509162274.3780932,1509162274.3852167,1
query,1509162274.38522,1509162274.930599,12760
query,1509162274.930603,1509162275.2684965,13999
query,1509162275.268501,1509162276.1593633,24513
query,1509162276.159368,1509162276.8753018,24390
query,1509162276.8753057,1509162278.1228552,19834
query,1509162278.1228592,1509162278.1429596,7
query,1509162278.1429634,1509162278.1832476,232
query,1509162278.1832516,1509162278.6748173,19022
query,1509162278.6748211,1509162278.7100084,550
query,1509162278.7100122,1509162278.887961,4654
query,1509162278.8879657,1509162278.9543269,2340
query,1509162278.9543314,1509162279.2341976,10977
query,1509162279.2342021,1509162279.2766862,1495
query,1509162279.2766914,1509162279.3817592,2999
query,1509162279.3817632,1509162279.8013287,10652
query,1509162279.801333,1509162280.1720614,11642
query,1509162280.172106,1509162280.9725635,18705
query,1509162280.9847772,1509162281.182846,11292
query,1509162281.1828501,1509162281.4613075,14510
query,1509162281.4613118,1509162281.6644359,11451
query,1509162281.6644409,1509162282.5874307,20535
query,1509162282.5874348,1509162282.6739848,3270
query,1509162282.6739886,1509162282.9942691,5981
query,1509162282.9942737,1509162283.028257,88
query,1509162283.0282617,1509162283.7277892,18255
query,1509162283.727794,1509162283.7518265,25
query,1509162283.7518303,1509162284.3305268,20127
query,1509162284.330531,1509162285.1424565,17747
query,1509162285.1424608,1509162285.3985274,7081
query,1509162285.3985312,1509162285.653225,10411
query,1509162285.6532288,1509162286.13706,21491
query,1509162286.1370637,1509162286.8413446,24352
query,1509162286.8413486,1509162287.4197733,18933
query,1509162287.4197776,1509162287.9108145,16248
query,1509162287.9108195,1509162288.281918,10894
query,1509162288.2819223,1509162288.540022,5726
query,1509162288.5400708,1509162288.570223,29
query,1509162288.584072,1509162289.2730021,20024
query,1509162289.2730064,1509162289.6824799,18126
query,1509162289.6824853,1509162290.0197577,14055
query,1509162290.019762,1509162290.268447,13755
query,1509162290.2684507,1509162290.9638414,15903
query,1509162290.9638457,1509162290.9714973,0
query,1509162290.971501,1509162290.9892318,7
query,1509162290.9892359,1509162291.01572,509
query,1509162291.0157237,1509162291.0222287,0
query,1509162291.022232,1509162291.1339853,5088
query,1509162291.133989,1509162291.981493,17251
query,1509162291.9814968,1509162292.1085644,3649
query,1509162292.1085682,1509162292.3715158,12253
query,1509162292.37152,1509162293.3700173,24174
query,1509162293.370021,1509162294.2446537,20415
query,1509162294.2446578,1509162294.667268,15219
query,1509162294.667273,1509162295.6825519,21474
query,1509162295.6825566,1509162296.1922424,15732
query,1509162296.1922467,1509162296.2402413,1353
query,1509162296.2402844,1509162296.509559,13877
query,1509162296.522318,1509162296.5606296,2587
query,1509162296.5606337,1509162296.6977851,5873
query,1509162296.6977892,1509162297.0818868,17780
query,1509162297.081891,1509162298.1571777,20062
query,1509162298.1571817,1509162298.286447,5504
query,1509162298.2864509,1509162298.8566527,18771
query,1509162298.8566566,1509162299.674824,19907
query,1509162299.6748285,1509162299.7132378,1329
query,1509162299.7132418,1509162299.911374,7878
query,1509162299.911378,1509162300.1456738,6248
query,1509162300.1456776,1509162300.187242,156
query,1509162300.1872458,1509162300.393981,4240
query,1509162300.3939855,1509162300.5122406,4633
query,1509162300.512245,1509162300.5383928,135
query,1509162300.5383973,1509162300.903889,7688
query,1509162300.9038928,1509162300.9385226,73
query,1509162300.9385264,1509162300.947106,0
query,1509162300.9471102,1509162301.4224284,14385
query,1509162301.4224322,1509162301.4541678,258
query,1509162301.4542134,1509162301.6859207,11877
query,1509162301.699295,1509162302.3089604,19788
query,1509162302.3089645,1509162302.456752,3720
query,1509162302.456756,1509162302.6548843,6428
query,1509162302.6548886,1509162302.9437015,10448
query,1509162302.9437053,1509162303.1101375,11285
query,1509162303.1101413,1509162303.4225373,12983
query,1509162303.4225423,1509162303.580944,3362
query,1509162303.5809488,1509162303.9917064,18120
query,1509162303.9917104,1509162304.693354,18426
query,1509162304.6933577,1509162305.0515382,13087
query,1509162305.0515425,1509162305.723995,18761
query,1509162305.7239993,1509162305.9553018,12224
query,1509162305.955307,1509162306.866899,18016
query,1509162306.8669035,1509162307.335963,6513
query,1509162307.335967,1509162307.725832,9492
query,1509162307.7258363,1509162308.4742503,19371
query,1509162308.4742548,1509162309.1186316,16097
query,1509162309.118635,1509162309.2493865,3887
query,1509162309.2493906,1509162309.4456792,6876
query,1509162309.4457273,1509162310.0322733,12853
query,1509162310.0447624,1509162310.2784162,14179
query,1509162310.2784207,1509162310.7100954,11705
query,1509162310.7101007,1509162311.2934134,18857
query,1509162311.2934177,1509162311.9575844,14796
query,1509162311.957589,1509162312.3660297,16962
query,1509162312.3660336,1509162313.0436628,22396
query,1509162313.0436676,1509162313.369935,10680
query,1509162313.3699386,1509162313.4977305,5148
query,1509162313.4977357,1509162313.6095276,4293
query,1509162313.6095319,1509162314.011654,14407
query,1509162314.0116584,1509162314.2464526,9874
query,1509162314.2464569,1509162314.2810352,557
query,1509162314.2810392,1509162314.753895,7993
query,1509162314.7538993,1509162315.2706764,15190
query,1509162315.270682,1509162315.9511113,20010
query,1509162315.9511154,1509162316.394106,12073
query,1509162316.39411,1509162316.4249828,7
query,1509162316.4249873,1509162317.779528,24738
query,1509162317.779532,1509162318.1153548,12358
query,1509162318.1154048,1509162318.742592,25391
query,1509162318.7552536,1509162318.9275491,5547
query,1509162318.927553,1509162319.0902252,3253
query,1509162319.090229,1509162319.1258602,929
query,1509162319.1258643,1509162319.2786674,3038
query,1509162319.2786713,1509162319.293939,5
query,1509162319.2939425,1509162319.4782774,4156
query,1509162319.4782813,1509162319.5041895,22
query,1509162319.5041935,1509162319.5287294,119
query,1509162319.5287335,1509162320.5754929,25452
query,1509162320.5754979,1509162320.7740686,5833
query,1509162320.7740738,1509162320.8038476,1644
query,1509162320.8038518,1509162320.9243512,3750
query,1509162320.924356,1509162321.4155319,14397
query,1509162321.4155362,1509162321.461194,1518
query,1509162321.4611976,1509162322.1630268,13512
query,1509162322.1630304,1509162322.6690402,13692
query,1509162322.6690454,1509162322.9018748,10611
query,1509162322.9018784,1509162322.9900265,3489
query,1509162322.9900308,1509162323.0169148,770
query,1509162323.0169616,1509162323.4586642,15371
query,1509162323.471099,1509162324.4405315,22453
query,1509162324.4405353,1509162324.7682085,13736
query,1509162324.7682128,1509162324.9511106,5369
query,1509162324.9511142,1509162325.0819337,8633
query,1509162325.0819376,1509162325.2331579,5386
query,1509162325.2331617,1509162325.5588155,7286
query,1509162325.5588188,1509162326.0455208,21416
query,1509162326.0455246,1509162326.5982041,15432
query,1509162326.5982084,1509162327.071819,8152
query,1509162327.0718226,1509162328.4638755,24732
query,1509162328.4638796,1509162328.4991157,878
query,1509162328.4991205,1509162328.8702345,15355
query,1509162328.8702388,1509162329.4589562,16444
query,1509162329.4589603,1509162329.5795276,4689
query,1509162329.5795317,1509162330.718223,25946
query,1509162330.7182274,1509162331.1520236,16461
query,1509162331.1520274,1509162331.851342,14529
query,1509162331.851346,1509162332.4365656,15081
query,1509162332.4365702,1509162332.7493696,16643
query,1509162332.7494147,1509162333.3903084,21765
query,1509162333.4026814,1509162333.4579196,1941
query,1509162333.4579232,1509162333.5709674,4291
query,1509162333.5709715,1509162333.5991445,1287
query,1509162333.599148,1509162334.6901019,20624
query,1509162334.6901062,1509162334.7702844,3246
query,1509162334.7702887,1509162334.7996132,2014
query,1509162334.7996168,1509162334.8112803,1
query,1509162334.8112843,1509162335.4332795,21920
query,1509162335.4332845,1509162335.462671,671
query,1509162335.4626744,1509162335.6058824,4327
query,1509162335.6058872,1509162335.7249405,3772
query,1509162335.7249448,1509162335.932084,6530
query,1509162335.932088,1509162336.714808,23783
query,1509162336.7148128,1509162337.2078404,17310
query,1509162337.2078443,1509162337.4490638,10333
query,1509162337.4490678,1509162337.4820333,868
query,1509162337.4820378,1509162337.55918,3433
query,1509162337.559184,1509162337.8942244,14276
query,1509162337.8942282,1509162338.3513217,17614
query,1509162338.3513613,1509162338.5422566,4904
query,1509162338.5561817,1509162338.6808436,3563
query,1509162338.6808476,1509162339.2512572,18383
query,1509162339.2512612,1509162339.7955906,10609
query,1509162339.7955945,1509162339.8587873,2674
query,1509162339.8587916,1509162339.8875773,1056
query,1509162339.8875806,1509162340.327796,14766
query,1509162340.3277998,1509162341.1254494,16112
query,1509162341.1254544,1509162341.1522934,8
query,1509162341.1522982,1509162341.4757779,11028
query,1509162341.4757817,1509162342.4296148,24822
query,1509162342.4296188,1509162342.5314567,2134
query,1509162342.5314605,1509162342.9525964,12528
query,1509162342.9526012,1509162343.1482697,4056
query,1509162343.1482737,1509162343.7942278,17787
query,1509162343.7942321,1509162343.8834376,3497
query,1509162343.8834412,1509162343.9062767,77
query,1509162343.9062812,1509162344.2591875,10401
query,1509162344.259192,1509162345.1943083,23228
query,1509162345.1943135,1509162345.595021,19184
query,1509162345.5951083,1509162345.8789706,11843
query,1509162345.89129,1509162345.8993146,1
query,1509162345.8993182,1509162346.6105192,12909
query,1509162346.6105232,1509162346.617453,0
query,1509162346.6174574,1509162346.7740507,5490
query,1509162346.774055,1509162346.8135834,657
query,1509162346.8135877,1509162346.8605385,1891
query,1509162346.8605425,1509162347.6421185,17153
query,1509162347.6421223,1509162348.2052863,21577
query,1509162348.2052903,1509162348.9609058,19149
query,1509162348.96091,1509162349.0039616,456
query,1509162349.0039659,1509162349.2453856,5663
query,1509162349.2453902,1509162349.8223662,17398
query,1509162349.8223705,1509162349.8487117,449
query,1509162349.848715,1509162350.1482465,13892
query,1509162350.1482508,1509162350.705801,14281
query,1509162350.7058055,1509162351.5616784,23245
query,1509162351.5616825,1509162351.6675727,3856
query,1509162351.6675773,1509162352.631282,17353
query,1509162352.6312873,1509162352.7810507,4828
query,1509162352.7810943,1509162353.2101414,14705
query,1509162353.2227168,1509162353.3445551,3226
query,1509162353.3445728,1509162353.8620725,15722
query,1509162353.8620775,1509162354.884167,17691
query,1509162354.8841767,1509162355.1050518,11530
query,1509162355.1050556,1509162355.2722938,4833
query,1509162355.2722983,1509162355.2994294,341
query,1509162355.2994351,1509162355.3259127,7
query,1509162355.3259168,1509162355.348272,25
query,1509162355.3482766,1509162355.4532053,3950
query,1509162355.4532096,1509162356.09123,3449
query,1509162356.0912342,1509162356.8519588,16523
query,1509162356.8519628,1509162356.9312494,2182
query,1509162356.9312537,1509162357.1595135,11513
query,1509162357.1595173,1509162357.267374,3458
query,1509162357.2673779,1509162358.2694886,22243
query,1509162358.2694921,1509162358.552335,14490
query,1509162358.552339,1509162358.5591815,0
query,1509162358.5591846,1509162358.8047364,9056
query,1509162358.804741,1509162359.0824976,7200
query,1509162359.0825462,1509162359.8564193,19884
query,1509162359.8691516,1509162360.3569517,12074
query,1509162360.356956,1509162361.38101,19525
query,1509162361.3810148,1509162361.7250497,13868
query,1509162361.7250547,1509162362.5644562,13770
query,1509162362.564461,1509162362.755629,5349
query,1509162362.7556336,1509162363.4616401,14409
query,1509162363.4616446,1509162363.5702322,3102
query,1509162363.5702367,1509162364.332911,20633
query,1509162364.332916,1509162365.2580745,18781
query,1509162365.258079,1509162365.434779,7107
query,1509162365.4347832,1509162365.9054193,12373
query,1509162365.9054236,1509162366.1162777,16791
query,1509162366.1162817,1509162366.273554,3104
query,1509162366.2735581,1509162366.7330449,20308
query,1509162366.7330496,1509162367.2780256,11286
query,1509162367.27803,1509162367.5892272,17096
query,1509162367.5892317,1509162367.9074845,14285
query,1509162367.9074883,1509162368.8897476,20057
query,1509162368.8897517,1509162369.5134602,17435
query,1509162369.5135121,1509162369.5465012,457
query,1509162369.5586782,1509162369.827794,11018
query,1509162369.8277988,1509162369.9772134,6008
query,1509162369.9772182,1509162370.71505,17340
query,1509162370.7150545,1509162371.6313074,24708
query,1509162371.631311,1509162372.0300188,18075
query,1509162372.0300236,1509162372.8799949,15469
query,1509162372.8799987,1509162372.9581194,2862
query,1509162372.9581227,1509162374.1089888,24398
query,1509162374.1089928,1509162375.2661874,24401
query,1509162375.2661922,1509162375.546314,7345
query,1509162375.546318,1509162375.5531843,0
query,1509162375.5531876,1509162375.7142127,7155
query,1509162375.7142167,1509162376.2109861,3424
query,1509162376.21099,1509162376.9372187,3444
query,1509162376.9372263,1509162377.804474,21157
query,1509162377.804478,1509162377.9116793,3702
query,1509162377.9116833,1509162378.081498,5596
query,1509162378.0815017,1509162378.0997887,5
query,1509162378.099791,1509162378.297351,4958
query,1509162378.2974064,1509162378.8885167,13195
query,1509162378.9016812,1509162379.0069673,3048
query,1509162379.006971,1509162379.8988767,24379
query,1509162379.8988807,1509162379.9855788,4549
query,1509162379.985583,1509162380.7557228,21730
query,1509162380.755727,1509162380.7802148,759
query,1509162380.7802181,1509162380.808902,1525
query,1509162380.8089054,1509162381.6153035,22280
query,1509162381.6153073,1509162382.216878,18036
query,1509162382.216882,1509162382.3806877,7516
query,1509162382.3806922,1509162382.4138331,107
query,1509162382.4138372,1509162382.9633074,16150
query,1509162382.963312,1509162383.871039,18277
query,1509162383.8710434,1509162383.910613,1554
query,1509162383.9106166,1509162384.64691,23080
query,1509162384.6469135,1509162384.6614506,3
query,1509162384.661454,1509162385.1378238,12372
query,1509162385.13783,1509162385.1496775,1
query,1509162385.1496823,1509162385.461135,7057
query,1509162385.46114,1509162385.5226595,1552
query,1509162385.5226974,1509162386.2709205,19976
query,1509162386.2776544,1509162387.1535676,19132
query,1509162387.1535714,1509162387.1616921,1
query,1509162387.1616952,1509162387.8014653,16014
query,1509162387.8014688,1509162387.986298,5646
query,1509162387.9863017,1509162388.6423562,18003
query,1509162388.6423607,1509162388.6688151,479
query,1509162388.6688197,1509162389.2266035,19022
query,1509162389.226608,1509162390.1062756,19968
query,1509162390.1062803,1509162390.2953103,7379
query,1509162390.2953146,1509162391.6448727,27081
query,1509162391.6448767,1509162391.67135,9
query,1509162391.6713548,1509162391.7016227,556
query,1509162391.701626,1509162391.7953713,3902
query,1509162391.7953753,1509162392.0766313,9702
query,1509162392.0766354,1509162392.934181,22176
query,1509162392.9341853,1509162393.0049136,7608
query,1509162393.004918,1509162393.215697,7386
query,1509162393.215701,1509162393.2556024,894
query,1509162393.2556078,1509162393.465501,8392
query,1509162393.4655452,1509162393.5258803,728
query,1509162393.5424876,1509162394.7440565,27293
query,1509162394.7440615,1509162395.0625732,9934
query,1509162395.0625775,1509162395.5954185,14449
query,1509162395.5954227,1509162395.656537,1487
query,1509162395.6565416,1509162395.729175,4439
query,1509162395.7291815,1509162395.872536,6192
query,1509162395.8725405,1509162396.147375,9458
query,1509162396.1473794,1509162396.173732,100
query,1509162396.1737356,1509162396.4503284,10199
query,1509162396.4503322,1509162396.5177336,1651
query,1509162396.5177379,1509162396.5957396,2759
query,1509162396.595744,1509162396.6329641,1031
query,1509162396.6329677,1509162396.807596,4745
query,1509162396.8076005,1509162397.1689281,13827
query,1509162397.1689334,1509162397.4438329,13674
query,1509162397.443837,1509162397.619749,5971
query,1509162397.6197531,1509162397.9118698,12493
query,1509162397.9118738,1509162398.9904084,17721
query,1509162398.9904127,1509162399.0216506,140
query,1509162399.0216992,1509162399.9865985,18960
query,1509162399.9993455,1509162400.006592,0
query,1509162400.0065956,1509162400.039612,885
query,1509162400.0396154,1509162400.0655096,1438
query,1509162400.065513,1509162400.5395794,7281
query,1509162400.5395834,1509162401.216721,20529
query,1509162401.2167265,1509162401.2383287,4
query,1509162401.238332,1509162401.3486435,3132
query,1509162401.3486474,1509162401.630122,7538
query,1509162401.6301262,1509162401.6363783,0
query,1509162401.6363826,1509162401.659927,106
query,1509162401.6599305,1509162402.1130724,14913
query,1509162402.1130764,1509162402.1394675,910
query,1509162402.1394718,1509162402.4079397,17416
query,1509162402.407944,1509162403.2461884,15451
query,1509162403.2461927,1509162403.6316316,15084
query,1509162403.6316357,1509162403.888211,16944
query,1509162403.8882153,1509162403.998995,3522
query,1509162403.9989994,1509162404.1351218,4033
query,1509162404.1351266,1509162404.2554772,3094
query,1509162404.2555168,1509162404.9778724,18195
query,1509162404.9903083,1509162405.570424,16802
query,1509162405.570428,1509162405.5963156,25
query,1509162405.5963194,1509162406.011152,10637
query,1509162406.011157,1509162406.0404022,54
query,1509162406.040408,1509162406.0750332,31
query,1509162406.075038,1509162406.2910588,4454
query,1509162406.2910628,1509162406.802958,12347
query,1509162406.8029633,1509162406.9185357,3878
query,1509162406.9185417,1509162406.945613,374
query,1509162406.9456177,1509162406.9778543,1027
query,1509162406.9778585,1509162407.007899,653
query,1509162407.0079033,1509162407.2232044,9281
query,1509162407.2232084,1509162407.3304572,4581
query,1509162407.330461,1509162407.5788078,7053
query,1509162407.5788116,1509162408.767191,19605
query,1509162408.7671955,1509162409.2274935,21834
query,1509162409.2274976,1509162410.0316699,22193
query,1509162410.0316741,1509162410.042583,2
query,1509162410.042587,1509162410.2096016,4629
query,1509162410.2096455,1509162410.265946,510
query,1509162410.278542,1509162410.5067205,7811
query,1509162410.5067248,1509162410.7467103,7696
query,1509162410.7467146,1509162410.9807565,5218
query,1509162410.980761,1509162411.116406,3643
query,1509162411.1164103,1509162411.4316835,20201
query,1509162411.4316876,1509162411.7379105,10473
query,1509162411.7379143,1509162411.7721803,715
query,1509162411.7721841,1509162411.803896,497
query,1509162411.8038995,1509162412.5734446,19416
query,1509162412.573449,1509162412.6058016,296
query,1509162412.605806,1509162413.0283744,14742
query,1509162413.0283785,1509162413.1651633,8240
query,1509162413.1651673,1509162413.2037144,607
query,1509162413.2037187,1509162413.9747365,14626
query,1509162413.9747417,1509162414.359376,5626
query,1509162414.35938,1509162414.5507886,5722
query,1509162414.5507932,1509162414.7673643,9630
query,1509162414.7673678,1509162414.7932513,147
query,1509162414.793255,1509162414.8949265,2947
query,1509162414.894964,1509162414.9278324,7
query,1509162414.9397762,1509162414.9895463,161
query,1509162414.98955,1509162415.4852612,12090
query,1509162415.4852653,1509162415.8601134,17384
query,1509162415.8601172,1509162416.3292553,13694
query,1509162416.3292587,1509162416.6391826,6660
query,1509162416.6391869,1509162417.2640321,13001
query,1509162417.2640364,1509162417.2725608,1
query,1509162417.2725644,1509162417.524662,7373
query,1509162417.5246656,1509162417.6665027,3173
query,1509162417.666508,1509162417.7069292,604
query,1509162417.706933,1509162417.9875374,10746
query,1509162417.9875417,1509162418.3942027,8115
query,1509162418.3942068,1509162418.838732,16752
query,1509162418.8387372,1509162419.1333244,17818
query,1509162419.133329,1509162419.1407056,4
query,1509162419.140709,1509162419.1503732,2
query,1509162419.1503768,1509162419.270902,2614
query,1509162419.2709057,1509162419.9732351,14687
query,1509162419.9732387,1509162420.0022764,1120
query,1509162420.0023153,1509162420.187676,9415
query,1509162420.201792,1509162420.373833,6013
query,1509162420.3738372,1509162420.505575,4720
query,1509162420.5055788,1509162420.6469016,4651
query,1509162420.6469064,1509162421.1452477,10964
query,1509162421.1452525,1509162421.2564638,4860
query,1509162421.2564673,1509162421.6775823,19480
query,1509162421.6775858,1509162421.7072673,1200
query,1509162421.7072709,1509162421.818754,6196
query,1509162421.8187578,1509162421.994215,6727
query,1509162421.9942188,1509162422.9579027,20852
query,1509162422.9579065,1509162422.9852507,109
query,1509162422.9852545,1509162423.5623372,12827
query,1509162423.562341,1509162423.959589,15824
query,1509162423.9595928,1509162424.096136,5765
query,1509162424.0961406,1509162424.350813,12437
query,1509162424.3508165,1509162424.5109608,4628
query,1509162424.5109653,1509162425.0681117,14813
query,1509162425.0681157,1509162425.7330835,20801
query,1509162425.7330873,1509162426.3376448,18986
query,1509162426.337683,1509162426.505963,5149
query,1509162426.5188437,1509162426.5300877,0
query,1509162426.5300915,1509162426.8653657,6413
query,1509162426.8653693,1509162427.975857,26267
query,1509162427.975861,1509162428.058482,3767
query,1509162428.0584862,1509162428.4862666,14151
query,1509162428.4862711,1509162428.722958,9566
query,1509162428.7229617,1509162428.8894286,4488
query,1509162428.8894324,1509162429.2739394,13880
query,1509162429.2739434,1509162429.4949834,11877
query,1509162429.4949877,1509162429.661206,4456
query,1509162429.6612098,1509162429.8272595,6362
query,1509162429.8272645,1509162430.050426,11227
query,1509162430.0504305,1509162430.3376815,10666
query,1509162430.3376858,1509162430.5222542,5061
query,1509162430.5222583,1509162431.017884,14868
query,1509162431.0178883,1509162431.0252926,0
query,1509162431.0252957,1509162431.3057613,6176
query,1509162431.305766,1509162431.928309,14745
query,1509162431.9283135,1509162432.2405663,11339
query,1509162432.2406096,1509162432.2770312,1228
query,1509162432.290006,1509162432.7524974,17381
query,1509162432.752502,1509162433.1518142,17686
query,1509162433.1518183,1509162434.0689735,17585
query,1509162434.0689774,1509162434.1212597,1387
query,1509162434.121264,1509162434.352148,4367
query,1509162434.352152,1509162434.5678496,6408
query,1509162434.5678535,1509162434.8243227,13607
query,1509162434.8243265,1509162435.1478312,13724
query,1509162435.1478357,1509162435.959116,19609
query,1509162435.9591208,1509162436.4058666,11814
query,1509162436.4058704,1509162436.8360465,10864
query,1509162436.8360505,1509162437.325737,13947
query,1509162437.3257408,1509162437.829428,19859
query,1509162437.8294315,1509162438.06944,13663
query,1509162438.0694442,1509162438.1240215,556
query,1509162438.124025,1509162438.2359776,3182
query,1509162438.2359824,1509162438.389466,4610
query,1509162438.38947,1509162439.2302678,23039
query,1509162439.2302713,1509162439.4886258,16937
query,1509162439.4886804,1509162439.868277,19103
query,1509162439.8804896,1509162440.140031,14673
query,1509162440.140035,1509162440.7486744,22691
query,1509162440.7486782,1509162440.9187238,5655
query,1509162440.9187284,1509162441.3412724,13953
query,1509162441.3412762,1509162441.620845,15037
query,1509162441.6208491,1509162442.0540998,15240
query,1509162442.0541039,1509162442.5056326,18713
query,1509162442.5056362,1509162443.278367,19327
query,1509162443.2783709,1509162443.308967,11
query,1509162443.3089707,1509162443.4047303,1709
query,1509162443.4047341,1509162443.4529269,2726
query,1509162443.4529307,1509162443.5344884,2047
query,1509162443.5344925,1509162443.5657547,1221
query,1509162443.5657587,1509162444.3763747,19803
query,1509162444.37638,1509162444.9769256,17820
query,1509162444.97693,1509162445.1412725,7578
query,1509162445.1412761,1509162445.1491902,0
query,1509162445.1491933,1509162445.178177,1398
query,1509162445.178181,1509162445.2694676,3179
query,1509162445.2695036,1509162445.3045266,14
query,1509162445.3176188,1509162445.6610558,21222
query,1509162445.6610608,1509162445.7654004,3928
query,1509162445.7654052,1509162446.4853547,21950
query,1509162446.4853587,1509162447.1715944,19420
query,1509162447.1715984,1509162447.2053425,1257
query,1509162447.2053463,1509162447.4830432,10838
query,1509162447.4830492,1509162447.5091379,462
query,1509162447.5091424,1509162447.734366,10103
query,1509162447.7343707,1509162448.0731585,18135
query,1509162448.0731633,1509162448.1944423,5209
query,1509162448.1944463,1509162448.2084851,0
query,1509162448.208489,1509162448.521768,7761
query,1509162448.5217729,1509162448.5472646,791
query,1509162448.547268,1509162448.6085753,3737
query,1509162448.6085792,1509162448.9686422,7846
query,1509162448.968647,1509162449.0809639,3785
query,1509162449.0809684,1509162449.4763398,15149
query,1509162449.4763436,1509162449.856959,17673
query,1509162449.8569639,1509162450.8504586,19267
query,1509162450.8505104,1509162450.8867645,108
query,1509162450.899515,1509162451.4029288,13024
query,1509162451.4029324,1509162451.5130236,3896
query,1509162451.5130274,1509162451.605228,4300
query,1509162451.605232,1509162451.9669554,10299
query,1509162451.9669602,1509162452.369773,14718
query,1509162452.369777,1509162452.4896843,2627
query,1509162452.489688,1509162453.0965798,18341
query,1509162453.0965855,1509162454.046051,20712
query,1509162454.0460553,1509162454.3613892,6812
query,1509162454.3613932,1509162454.4134514,1658
query,1509162454.413456,1509162454.572336,4788
query,1509162454.5723395,1509162454.645845,2209
query,1509162454.6458488,1509162454.6525114,0
query,1509162454.6525145,1509162454.7394733,10665
query,1509162454.7394774,1509162454.8329268,4627
query,1509162454.832932,1509162455.130574,14042
query,1509162455.1305778,1509162455.2021585,2614
query,1509162455.202162,1509162455.2196388,5
query,1509162455.2196424,1509162455.3159516,2707
query,1509162455.315995,1509162456.1304526,3448
query,1509162456.1432333,1509162456.2271445,3263
query,1509162456.227151,1509162456.297284,3537
query,1509162456.297288,1509162456.3337119,6
query,1509162456.3337157,1509162456.35955,435
query,1509162456.3595538,1509162456.664583,14033
query,1509162456.6645875,1509162456.6874352,183
query,1509162456.6874397,1509162456.8343637,9155
query,1509162456.8343682,1509162457.0229354,3563
query,1509162457.0229397,1509162457.2893558,9133
query,1509162457.2893598,1509162457.900605,13046
query,1509162457.900609,1509162457.9257164,408
query,1509162457.9257202,1509162458.268032,14893
query,1509162458.2680368,1509162458.4727683,4618
query,1509162458.4727728,1509162458.7878294,17502
query,1509162458.7878344,1509162458.82085,468
query,1509162458.8208547,1509162458.8440247,29
query,1509162458.8440285,1509162458.9549024,4160
query,1509162458.9549065,1509162459.7909815,23037
query,1509162459.7909904,1509162460.14009,13343
query,1509162460.1401672,1509162460.3778124,8438
query,1509162460.390554,1509162461.2640634,23315
query,1509162461.264068,1509162462.0045524,31037
query,1509162462.0045562,1509162462.1505826,4968
query,1509162462.1505866,1509162462.996504,17936
query,1509162462.9965081,1509162463.0046546,0
query,1509162463.0046585,1509162463.366026,11462
query,1509162463.3660305,1509162463.8979642,15075
query,1509162463.8979688,1509162464.2992432,18562
query,1509162464.2992473,1509162464.39806,4151
query,1509162464.3980653,1509162464.6982658,7134
query,1509162464.6982703,1509162464.7204933,25
query,1509162464.7204974,1509162465.0153685,15815
query,1509162465.0153735,1509162465.0434976,238
query,1509162465.0435016,1509162465.2240021,9653
query,1509162465.2240071,1509162465.4235084,6399
query,1509162465.4235127,1509162466.276283,18170
query,1509162466.2762873,1509162466.9272864,19273
query,1509162466.927291,1509162467.7137187,24166
query,1509162467.7137222,1509162468.4035769,20042
query,1509162468.4036348,1509162468.6738715,3044
query,1509162468.6870182,1509162468.9101171,5965
query,1509162468.9101214,1509162469.0629377,10702
query,1509162469.0629418,1509162469.145847,4476
query,1509162469.1458519,1509162469.2816133,8656
query,1509162469.2816186,1509162469.7295954,12116
query,1509162469.7295995,1509162469.8324177,4304
query,1509162469.8324215,1509162470.6110528,14937
query,1509162470.6110568,1509162471.0766098,14965
query,1509162471.0766137,1509162471.107563,1941
query,1509162471.107567,1509162471.1985297,3529
query,1509162471.198534,1509162471.72369,19223
query,1509162471.7236943,1509162471.9833953,7198
query,1509162471.9833999,1509162473.0115051,19140
query,1509162473.011509,1509162473.227795,7958
query,1509162473.2278025,1509162473.6955767,21256
query,1509162473.6955807,1509162473.8723907,9927
query,1509162473.8723946,1509162473.9960792,4068
query,1509162473.9960833,1509162474.0126925,2
query,1509162474.0126965,1509162474.3085177,12252
query,1509162474.3085668,1509162474.7812495,16966
query,1509162474.7935665,1509162474.8201811,47
query,1509162474.8201854,1509162475.3388908,13437
query,1509162475.338895,1509162475.357242,8
query,1509162475.3572454,1509162475.5267408,4943
query,1509162475.5267446,1509162475.550801,184
query,1509162475.5508046,1509162475.9981077,14541
query,1509162475.9981115,1509162477.0023243,20036
query,1509162477.0023286,1509162477.5515904,16686
query,1509162477.5515943,1509162477.6534886,5571
query,1509162477.653493,1509162477.6756334,172
query,1509162477.6756363,1509162478.0156782,14850
query,1509162478.0156825,1509162478.2661605,12155
query,1509162478.2661657,1509162478.5638747,13208
query,1509162478.5638788,1509162478.9275029,15436
query,1509162478.9275076,1509162478.9360037,0
query,1509162478.9360075,1509162479.64497,21372
query,1509162479.644974,1509162479.8875473,5646
query,1509162479.8875504,1509162481.3069332,21560
query,1509162481.3069372,1509162481.5672069,11846
query,1509162481.5672512,1509162481.5893793,2
query,1509162481.6014497,1509162482.3388557,18821
query,1509162482.33886,1509162482.4748979,3359
query,1509162482.4749014,1509162482.4824176,0
query,1509162482.482421,1509162482.9138107,15438
query,1509162482.9138148,1509162483.2308066,12813
query,1509162483.2308114,1509162483.8154948,20240
query,1509162483.8154986,1509162483.8870244,9443
query,1509162483.8870285,1509162483.9112825,33
query,1509162483.9112864,1509162483.937178,845
query,1509162483.9371827,1509162484.732686,22584
query,1509162484.7326906,1509162485.1363444,15699
query,1509162485.1363487,1509162486.161342,24122
query,1509162486.1613462,1509162487.1635988,25261
query,1509162487.1636024,1509162487.1924314,22
query,1509162487.1924353,1509162487.6437593,19114
query,1509162487.643763,1509162488.0522459,21638
query,1509162488.05225,1509162488.119878,3166
query,1509162488.119882,1509162488.2022295,4129
query,1509162488.2022336,1509162488.234208,535
query,1509162488.2342458,1509162488.2765899,941
query,1509162488.2891011,1509162488.8872032,18479
query,1509162488.8872073,1509162489.0709693,10147
query,1509162489.0709734,1509162489.3849835,14202
query,1509162489.3849874,1509162489.9225698,14087
query,1509162489.9225736,1509162490.5689409,17056
query,1509162490.5689454,1509162491.0073514,15056
query,1509162491.0073555,1509162491.318147,19002
query,1509162491.318151,1509162491.456576,5597
query,1509162491.45658,1509162491.556149,3626
query,1509162491.5561528,1509162491.5890975,1517
query,1509162491.589102,1509162491.6866572,3704
query,1509162491.686661,1509162492.007764,11418
query,1509162492.0077689,1509162492.0147476,0
query,1509162492.0147517,1509162492.788683,19103
query,1509162492.7886868,1509162493.1853397,17818
query,1509162493.1853445,1509162493.3267698,6138
query,1509162493.3267744,1509162493.8450963,15074
query,1509162493.8451,1509162494.1541274,12644
query,1509162494.154132,1509162494.318183,13544
query,1509162494.3182223,1509162494.3460438,1
query,1509162494.3515093,1509162494.3780553,392
query,1509162494.3780594,1509162494.5352685,6653
query,1509162494.535273,1509162495.0120578,15421
query,1509162495.012062,1509162495.2695198,7766
query,1509162495.2695239,1509162496.1046982,24573
query,1509162496.104702,1509162496.4261024,6720
query,1509162496.4261065,1509162496.8825703,11845
query,1509162496.882575,1509162497.391608,13434
query,1509162497.3916123,1509162498.2513983,24758
query,1509162498.25141,1509162498.2584472,0
query,1509162498.2584505,1509162498.3948352,5032
query,1509162498.39484,1509162498.430099,146
query,1509162498.4301028,1509162498.687941,8596
query,1509162498.6879458,1509162499.7496545,20432
query,1509162499.7496588,1509162500.2667825,23323
query,1509162500.2667868,1509162500.799486,17461
query,1509162500.7994905,1509162500.8195717,6
query,1509162500.8195755,1509162500.8294299,1
query,1509162500.8294332,1509162501.9986696,18472
query,1509162501.9989216,1509162502.0381196,68
query,1509162502.0500925,1509162502.1028664,2872
query,1509162502.1028702,1509162502.7026017,18703
query,1509162502.702606,1509162503.351653,15697
query,1509162503.3516583,1509162503.746823,13927
query,1509162503.7468266,1509162504.2056665,15299
query,1509162504.2056704,1509162504.2285745,162
query,1509162504.2285783,1509162504.6094048,12836
query,1509162504.609409,1509162504.879973,9482
query,1509162504.8799765,1509162505.0447366,8335
query,1509162505.0447404,1509162505.3174536,17367
query,1509162505.3174582,1509162505.4310763,4259
query,1509162505.4310806,1509162505.6867583,10156
query,1509162505.6867626,1509162505.952934,11068
query,1509162505.9529388,1509162505.9851673,364
query,1509162505.9851716,1509162506.6188986,15867
query,1509162506.6189034,1509162506.7248778,4166
query,1509162506.7248833,1509162507.1499512,18172
query,1509162507.149957,1509162507.5417602,12825
query,1509162507.5417666,1509162508.5354269,21530
query,1509162508.535471,1509162508.7875967,14228
query,1509162508.7999327,1509162509.439417,14561
query,1509162509.4394207,1509162510.1990895,28236
query,1509162510.199093,1509162510.2314973,35
query,1509162510.2315009,1509162510.4216313,7826
query,1509162510.4216352,1509162510.8190737,11629
query,1509162510.8190775,1509162510.8576765,2215
query,1509162510.85768,1509162511.4718444,15560
query,1509162511.4718482,1509162511.5635324,2243
query,1509162511.5635364,1509162511.89091,15272
query,1509162511.8909142,1509162512.0259566,4839
query,1509162512.0259602,1509162512.3232195,10812
query,1509162512.3232234,1509162512.3496137,965
query,1509162512.3496175,1509162512.4489253,17479
query,1509162512.4489307,1509162512.697004,17114
query,1509162512.6970084,1509162512.7144363,5
query,1509162512.7144403,1509162512.738085,171
query,1509162512.73809,1509162512.7625036,169
query,1509162512.762508,1509162513.0115023,13618
query,1509162513.011507,1509162513.128592,2926
query,1509162513.1286309,1509162513.3153138,11627
query,1509162513.3274949,1509162513.382048,1460
query,1509162513.382052,1509162513.9959786,16054
query,1509162513.9959831,1509162514.2813034,14005
query,1509162514.2813087,1509162514.82963,15036
query,1509162514.8296342,1509162515.322911,16418
query,1509162515.3229163,1509162515.9331946,16915
query,1509162515.933199,1509162515.9568655,472
query,1509162515.9568691,1509162516.654375,18643
query,1509162516.6543798,1509162517.095386,13804
query,1509162517.0953896,1509162517.6507752,18658
query,1509162517.650779,1509162517.8354511,8872
query,1509162517.8354545,1509162517.9169133,3750
query,1509162517.9169176,1509162518.249646,11872
query,1509162518.249655,1509162518.797027,19159
query,1509162518.7970316,1509162518.8445132,923
query,1509162518.8445168,1509162519.7223332,19789
query,1509162519.7223372,1509162519.998527,16661
query,1509162519.9985309,1509162520.3339186,11650
query,1509162520.3339224,1509162520.673412,14180
query,1509162520.6734545,1509162520.6918318,0
query,1509162520.6934118,1509162520.8409839,3164
query,1509162520.8409877,1509162520.8656592,8
query,1509162520.8656635,1509162521.0699346,5627
query,1509162521.0699399,1509162521.489976,14045
query,1509162521.4899795,1509162522.1365004,7828
query,1509162522.1365044,1509162522.1775787,1772
query,1509162522.1775827,1509162523.0006056,19937
query,1509162523.0006099,1509162523.2655995,3374
query,1509162523.2656035,1509162523.5748305,11904
query,1509162523.5748346,1509162523.58546,0
query,1509162523.5854647,1509162523.734408,4817
query,1509162523.734412,1509162523.7438016,1
query,1509162523.7438061,1509162523.7603111,4
query,1509162523.7603147,1509162524.1765773,11757
query,1509162524.1765826,1509162524.2063675,327
query,1509162524.206371,1509162524.2862644,5820
query,1509162524.2862687,1509162524.857588,15181
query,1509162524.8575928,1509162524.937504,2126
query,1509162524.9375088,1509162525.0172565,3993
query,1509162525.017299,1509162526.0861807,18602
query,1509162526.1021492,1509162526.562528,17664
query,1509162526.562532,1509162526.7292778,5354
query,1509162526.7292824,1509162526.7670207,16
query,1509162526.7670248,1509162527.245314,18490
query,1509162527.245318,1509162527.835725,15734
query,1509162527.8357296,1509162527.925204,2075
query,1509162527.9252079,1509162528.0801718,6407
query,1509162528.0801764,1509162528.1708498,2891
query,1509162528.1708539,1509162528.3584414,6612
query,1509162528.3584452,1509162528.3662028,0
query,1509162528.3662064,1509162528.4929364,5717
query,1509162528.4929407,1509162528.4992428,0
query,1509162528.4992461,1509162528.8175225,10727
query,1509162528.817527,1509162528.844145,651
query,1509162528.8441484,1509162528.9638903,4774
query,1509162528.963895,1509162529.090442,3413
query,1509162529.0904458,1509162529.247201,8855
query,1509162529.2472045,1509162529.2759693,747
query,1509162529.2759726,1509162530.2884042,17869
query,1509162530.2884505,1509162530.3293974,348
query,1509162530.345365,1509162530.352322,0
query,1509162530.352326,1509162530.4597352,5634
query,1509162530.4597392,1509162530.9527137,11747
query,1509162530.952718,1509162530.9820359,78
query,1509162530.9820404,1509162531.5281355,15242
query,1509162531.5281394,1509162531.7348645,11983
query,1509162531.7348685,1509162532.0206578,17059
query,1509162532.0206618,1509162532.2112155,13699
query,1509162532.2112203,1509162532.485456,9745
query,1509162532.4854596,1509162532.9633663,14466
query,1509162532.9633698,1509162533.3877058,18026
query,1509162533.3877106,1509162533.4852781,5369
query,1509162533.4852815,1509162533.7973766,11279
query,1509162533.7973804,1509162533.8037565,0
query,1509162533.8037596,1509162534.335942,14809
query,1509162534.335946,1509162534.4180262,1924
query,1509162534.4180307,1509162534.6302924,5708
query,1509162534.6302967,1509162534.932677,16953
query,1509162534.932681,1509162535.8390405,19925
query,1509162535.8390784,1509162536.3677492,12631
query,1509162536.3797977,1509162536.7028291,12782
query,1509162536.7028334,1509162537.1451437,18072
query,1509162537.145148,1509162537.5115886,15684
query,1509162537.5115933,1509162537.6172616,2971
query,1509162537.6172655,1509162537.6473773,958
query,1509162537.647381,1509162537.6554935,0
query,1509162537.6554968,1509162538.144686,17104
query,1509162538.14469,1509162539.2534266,22562
query,1509162539.2534304,1509162539.516331,9501
query,1509162539.5163352,1509162540.494032,18147
query,1509162540.4940357,1509162540.5852468,3804
query,1509162540.5852513,1509162541.3554173,19669
query,1509162541.3554215,1509162541.4522336,3109
query,1509162541.4522376,1509162541.9230993,16139
query,1509162541.9231033,1509162542.437369,14529
query,1509162542.4373734,1509162542.9769824,13927
query,1509162542.9769866,1509162543.0925276,4394
query,1509162543.0925677,1509162544.3607605,20353
query,1509162544.3607652,1509162544.4446268,2631
query,1509162544.4446676,1509162544.8344615,12577
query,1509162544.8468645,1509162545.443578,13154
query,1509162545.4435825,1509162545.7638872,15519
query,1509162545.763891,1509162546.8938775,23324
query,1509162546.8938816,1509162546.923457,35
query,1509162546.923461,1509162547.3047621,11651
query,1509162547.304767,1509162547.4975514,9982
query,1509162547.497556,1509162547.507434,1
query,1509162547.5074372,1509162547.9251735,12054
query,1509162547.9251773,1509162548.9292557,18872
query,1509162548.92926,1509162548.973963,860
query,1509162548.9739673,1509162549.244224,7071
query,1509162549.2442281,1509162549.2898164,1192
query,1509162549.2898204,1509162550.0201817,21022
query,1509162550.0201857,1509162550.7655952,22587
query,1509162550.765599,1509162550.8069055,134
query,1509162550.8069093,1509162551.0719197,6371
query,1509162551.0719237,1509162551.118818,1345
query,1509162551.1188223,1509162552.2830942,21165
query,1509162552.2830994,1509162553.0268986,19543
query,1509162553.0269458,1509162553.9702108,21374
query,1509162553.9855518,1509162554.3371825,12088
query,1509162554.337187,1509162554.3713214,2315
query,1509162554.3713253,1509162554.5091355,5942
query,1509162554.5091393,1509162554.776156,13725
query,1509162554.77616,1509162554.8248959,1190
query,1509162554.8249002,1509162555.6148655,12724
query,1509162555.61487,1509162555.918531,16836
query,1509162555.9185352,1509162556.2795215,11000
query,1509162556.2795258,1509162556.311825,1378
query,1509162556.3118286,1509162556.5295768,12708
query,1509162556.5295813,1509162557.1041355,18168
query,1509162557.1041393,1509162557.3629694,13885
query,1509162557.362974,1509162557.3982453,1932
query,1509162557.3982503,1509162557.903176,14170
query,1509162557.9031801,1509162558.292946,15565
query,1509162558.2929509,1509162558.4571133,5420
query,1509162558.457117,1509162558.79381,12925
query,1509162558.7938137,1509162558.8959992,4427
query,1509162558.8960028,1509162559.0697873,6775
query,1509162559.0698268,1509162559.7456355,14479
query,1509162559.7582822,1509162560.0324225,12999
query,1509162560.032426,1509162560.3084183,10452
query,1509162560.3084219,1509162560.4287138,4864
query,1509162560.4287179,1509162560.6473734,11131
query,1509162560.6473777,1509162560.7718992,4874
query,1509162560.7719028,1509162560.8666592,4917
query,1509162560.8666635,1509162561.48564,13656
query,1509162561.4856439,1509162561.8818014,14953
query,1509162561.8818064,1509162562.0478594,5567
query,1509162562.0478632,1509162562.6532345,14560
query,1509162562.653239,1509162563.3345377,20502
query,1509162563.3345416,1509162563.428391,5329
query,1509162563.4283953,1509162563.7559507,11945
query,1509162563.7559552,1509162563.7795572,124
query,1509162563.7795603,1509162564.4361484,18977
query,1509162564.4361522,1509162564.4576306,3
query,1509162564.4576337,1509162564.4937022,1121
query,1509162564.4937057,1509162565.4722817,24808
query,1509162565.4722862,1509162565.502667,1450
query,1509162565.502709,1509162565.5911887,1783
query,1509162565.6032295,1509162565.7914658,8557
query,1509162565.7914696,1509162566.2199557,15735
query,1509162566.2199588,1509162566.522774,17607
query,1509162566.5227776,1509162566.6054063,11023
query,1509162566.6054099,1509162566.6326838,67
query,1509162566.6326876,1509162566.65251,11
query,1509162566.6525142,1509162566.6899981,129
query,1509162566.6900015,1509162566.8219852,4541
query,1509162566.8219893,1509162567.3564646,15255
query,1509162567.3564682,1509162567.7517273,7986
query,1509162567.7517316,1509162568.1893167,14070
query,1509162568.1893206,1509162568.7843668,15102
query,1509162568.7843711,1509162568.8134267,12
query,1509162568.813431,1509162569.1099946,15453
query,1509162569.1099985,1509162569.2300944,6316
query,1509162569.2301,1509162570.1199038,22950
query,1509162570.1199086,1509162570.4173415,8761
query,1509162570.4173458,1509162570.4245875,0
query,1509162570.4245908,1509162570.7460217,14144
query,1509162570.746061,1509162570.8115644,130
query,1509162570.8240514,1509162571.507563,17866
query,1509162571.5075684,1509162572.050095,14425
query,1509162572.0500996,1509162572.2681482,14320
query,1509162572.2681527,1509162572.2768598,0
query,1509162572.276864,1509162572.5573015,5611
query,1509162572.5573053,1509162573.0970383,14894
query,1509162573.0970435,1509162573.9330013,24837
query,1509162573.9330049,1509162573.9639244,537
query,1509162573.9639287,1509162574.1873782,5729
query,1509162574.1873822,1509162574.2835045,4473
query,1509162574.2835083,1509162574.315039,802
query,1509162574.3150425,1509162574.329213,2
query,1509162574.3292165,1509162574.7315664,15871
query,1509162574.7315707,1509162574.9027517,9150
query,1509162574.9027555,1509162575.2272499,13848
query,1509162575.2272542,1509162575.2494836,3
query,1509162575.249489,1509162575.5072045,16798
query,1509162575.5072088,1509162576.2800949,15540
query,1509162576.280099,1509162576.3783646,4232
query,1509162576.3784013,1509162577.2228956,24566
query,1509162577.2355022,1509162578.0536191,19789
query,1509162578.0536232,1509162578.0713787,3
query,1509162578.0713825,1509162578.531887,17656
query,1509162578.5318909,1509162578.9495866,18199
query,1509162578.9495916,1509162578.9744647,860
query,1509162578.9744687,1509162579.5994284,17600
query,1509162579.5994327,1509162579.7109907,4652
query,1509162579.710995,1509162579.7357874,53
query,1509162579.735791,1509162579.7637615,1021
query,1509162579.763765,1509162580.43439,19797
query,1509162580.4343953,1509162580.6445882,8765
query,1509162580.6445935,1509162580.787876,5277
query,1509162580.7878802,1509162581.1558585,12485
query,1509162581.1558626,1509162581.2987967,6219
query,1509162581.298801,1509162581.6777446,13790
query,1509162581.6777484,1509162582.2460127,16157
query,1509162582.246017,1509162582.276994,1155
query,1509162582.2769973,1509162582.3165243,328
query,1509162582.3165278,1509162582.3554451,9
query,1509162582.355483,1509162583.0903406,16952
query,1509162583.1029992,1509162583.321658,16860
query,1509162583.321662,1509162583.5432205,6718
query,1509162583.5432248,1509162583.8319826,8904
query,1509162583.8319867,1509162583.968189,3265
query,1509162583.9681926,1509162584.8950574,20342
query,1509162584.8950615,1509162585.2004805,13310
query,1509162585.200485,1509162585.2284455,898
query,1509162585.228449,1509162585.3987496,2794
query,1509162585.3987534,1509162585.791507,12577
query,1509162585.791511,1509162585.8755493,2710
query,1509162585.8755534,1509162585.9071798,452
query,1509162585.907184,1509162586.4229016,14825
query,1509162586.4229052,1509162587.0931726,18701
query,1509162587.0931764,1509162587.1000192,0
query,1509162587.1000223,1509162587.3341923,6618
query,1509162587.3341959,1509162588.1999211,17843
query,1509162588.1999247,1509162588.3047323,16733
query,1509162588.3047361,1509162589.0483387,27285
query,1509162589.0483432,1509162589.2718139,12555
query,1509162589.2718592,1509162589.9228477,22374
query,1509162589.9349108,1509162589.962538,151
query,1509162589.962543,1509162590.2773457,7558
query,1509162590.2773495,1509162590.3053885,806
query,1509162590.305392,1509162590.4439104,5818
query,1509162590.443915,1509162590.836069,11686
query,1509162590.8360732,1509162591.802131,19493
query,1509162591.8021355,1509162592.0540426,11027
query,1509162592.0540462,1509162592.6240053,14886
query,1509162592.6240091,1509162592.8429108,14859
query,1509162592.8429167,1509162593.211386,14353
query,1509162593.2113905,1509162593.269948,2603
query,1509162593.269952,1509162593.4096844,3770
query,1509162593.4096887,1509162593.973146,19661
query,1509162593.9731505,1509162595.060224,20276
query,1509162595.0602286,1509162595.0935218,13
query,1509162595.093526,1509162595.1791966,4145
query,1509162595.1792018,1509162595.268732,1995
query,1509162595.2687361,1509162595.2824035,4
query,1509162595.2824073,1509162595.2910416,0
query,1509162595.2910824,1509162595.3163693,491
query,1509162595.328896,1509162595.5258782,6312
query,1509162595.5258818,1509162596.1782835,19695
query,1509162596.1782875,1509162596.7497842,19012
query,1509162596.7497888,1509162597.1137168,13666
query,1509162597.1137211,1509162597.4398232,11850
query,1509162597.4398277,1509162597.550027,6834
query,1509162597.5500312,1509162597.5686486,3
query,1509162597.5686526,1509162597.9083107,17300
query,1509162597.9083145,1509162598.1706064,17040
query,1509162598.1706102,1509162598.352628,3594
query,1509162598.3526316,1509162598.794655,21453
query,1509162598.7946599,1509162598.9886343,11563
query,1509162598.9886382,1509162599.4544547,16158
query,1509162599.4544585,1509162600.4341109,21175
query,1509162600.4341152,1509162600.460372,780
query,1509162600.4603765,1509162600.6392853,15727
query,1509162600.6392899,1509162601.1284025,19493
query,1509162601.128406,1509162601.4778814,14437
query,1509162601.4778855,1509162601.7767394,14860
