tables,1508756280.950471,1508759142.9012322
query,1508759142.901926,1508759144.915293,588
query,1508759144.9191463,1508759145.3037996,1519
query,1508759145.303803,1508759145.5303783,671
query,1508759145.5303814,1508759145.6584015,4
query,1508759145.6584053,1508759146.4870014,2221
query,1508759146.4870045,1508759148.7989297,3540
query,1508759148.7989333,1508759148.905678,10
query,1508759148.9056811,1508759148.975134,0
query,1508759148.9751365,1508759149.0993507,828
query,1508759149.099354,1508759149.2374082,845
query,1508759149.2374113,1508759149.3217013,114
query,1508759149.321704,1508759149.8109791,4056
query,1508759149.8109827,1508759150.1410706,7476
query,1508759150.141074,1508759150.249391,0
query,1508759150.2493947,1508759150.33816,10
query,1508759150.3381631,1508759150.5755086,1
query,1508759150.5755117,1508759150.695197,697
query,1508759150.6952002,1508759150.7955487,0
query,1508759150.7955515,1508759150.9012904,495
query,1508759150.9013495,1508759151.1104252,2084
query,1508759151.1104517,1508759151.2478511,29
query,1508759151.2506113,1508759151.3274755,0
query,1508759151.3274791,1508759151.42587,1407
query,1508759151.4258738,1508759151.550181,2240
query,1508759151.5501842,1508759152.2555604,4435
query,1508759152.255564,1508759152.338134,60
query,1508759152.3381374,1508759152.812247,4319
query,1508759152.8122509,1508759152.886925,1027
query,1508759152.8869286,1508759152.9974833,243
query,1508759152.9974866,1508759153.095583,0
query,1508759153.0955865,1508759153.195022,3
query,1508759153.1950257,1508759153.2475624,0
query,1508759153.247566,1508759153.3294592,28
query,1508759153.3294635,1508759153.4536202,355
query,1508759153.4536235,1508759153.6408226,2467
query,1508759153.6408267,1508759153.7497053,1316
query,1508759153.7497091,1508759153.839623,868
query,1508759153.8396263,1508759154.2234936,1889
query,1508759154.2234972,1508759154.484238,266
query,1508759154.4842415,1508759154.5616386,203
query,1508759154.5616548,1508759154.6334796,120
query,1508759154.6358874,1508759154.821447,2245
query,1508759154.8214507,1508759154.897479,0
query,1508759154.8974826,1508759154.9705331,1611
query,1508759154.970536,1508759155.414453,2960
query,1508759155.4144568,1508759155.762583,3148
query,1508759155.7625864,1508759156.0697536,8460
query,1508759156.069757,1508759156.5342896,10460
query,1508759156.534293,1508759156.617807,15
query,1508759156.6178105,1508759156.691566,3
query,1508759156.6915696,1508759156.8526528,3459
query,1508759156.8526564,1508759156.9535105,540
query,1508759156.9535139,1508759157.1512012,2047
query,1508759157.1512048,1508759157.226487,241
query,1508759157.2264903,1508759157.310787,1
query,1508759157.3107905,1508759157.414301,1
query,1508759157.4143043,1508759157.5185585,43
query,1508759157.5185611,1508759157.6073544,0
query,1508759157.6073573,1508759157.7140396,1736
query,1508759157.714043,1508759157.8737864,1466
query,1508759157.8738046,1508759158.1530938,2184
query,1508759158.1555266,1508759158.2818058,1123
query,1508759158.2818096,1508759158.4204063,1
query,1508759158.42041,1508759158.5623832,777
query,1508759158.5623865,1508759158.697269,1173
query,1508759158.6972723,1508759158.838274,1009
query,1508759158.8382778,1508759158.950282,6621
query,1508759158.9502857,1508759159.1298904,2222
query,1508759159.129894,1508759159.3464434,3487
query,1508759159.3464472,1508759159.4743595,5
query,1508759159.474363,1508759159.5815136,264
query,1508759159.5815172,1508759159.6912668,0
query,1508759159.6912706,1508759159.8041894,140
query,1508759159.804193,1508759159.8654978,28
query,1508759159.8655014,1508759160.242056,4010
query,1508759160.242059,1508759160.337888,1349
query,1508759160.3378913,1508759160.4594364,1610
query,1508759160.45944,1508759160.6101146,1429
query,1508759160.610118,1508759160.6790757,900
query,1508759160.6790788,1508759160.8324003,488
query,1508759160.8324158,1508759161.3417034,3031
query,1508759161.3440614,1508759161.5138495,2645
query,1508759161.513853,1508759161.660453,1
query,1508759161.6604576,1508759161.8767579,4049
query,1508759161.8767614,1508759161.9663665,214
query,1508759161.9663699,1508759162.2027786,3859
query,1508759162.2027824,1508759162.353723,1562
query,1508759162.3537264,1508759162.435492,0
query,1508759162.4354963,1508759162.5196545,0
query,1508759162.5196586,1508759162.6392531,29
query,1508759162.639257,1508759162.7142918,1636
query,1508759162.7142959,1508759162.8002083,111
query,1508759162.8002114,1508759162.885417,328
query,1508759162.8854203,1508759162.9697876,1046
query,1508759162.969791,1508759163.9631848,2745
query,1508759163.963188,1508759164.0612905,1567
query,1508759164.0613284,1508759164.2094984,1126
query,1508759164.2095022,1508759164.4257536,2788
query,1508759164.4257572,1508759164.5417826,990
query,1508759164.5417862,1508759164.998044,4199
query,1508759164.9980597,1508759165.0696385,886
query,1508759165.0721474,1508759165.2085035,6
query,1508759165.2085068,1508759165.2792294,18
query,1508759165.2792325,1508759165.3991995,2800
query,1508759165.399203,1508759165.4954312,0
query,1508759165.495435,1508759165.572467,90
query,1508759165.572471,1508759165.9581938,4298
query,1508759165.9581978,1508759166.1198373,546
query,1508759166.1198409,1508759166.1805825,1
query,1508759166.180586,1508759166.2575896,1273
query,1508759166.2575934,1508759166.3353114,506
query,1508759166.3353148,1508759166.704594,10279
query,1508759166.7045972,1508759166.7537963,342
query,1508759166.7538002,1508759166.8256197,116
query,1508759166.825623,1508759166.9418397,1956
query,1508759166.941843,1508759167.2322025,3376
query,1508759167.2322059,1508759167.4136753,3937
query,1508759167.4136791,1508759167.4947252,225
query,1508759167.4947286,1508759168.0354862,3748
query,1508759168.0354893,1508759168.1135855,216
query,1508759168.1136012,1508759168.1855547,152
query,1508759168.1879084,1508759168.2538369,1237
query,1508759168.25384,1508759168.5579205,3724
query,1508759168.5579238,1508759168.6711388,185
query,1508759168.6711419,1508759168.829644,2222
query,1508759168.829647,1508759168.9912033,1137
query,1508759168.9912076,1508759169.290053,3733
query,1508759169.2900565,1508759169.3776727,358
query,1508759169.377676,1508759169.5348792,24
query,1508759169.5348833,1508759169.750504,4066
query,1508759169.7505078,1508759169.8697135,343
query,1508759169.8697174,1508759170.1020036,2069
query,1508759170.1020074,1508759170.556358,4029
query,1508759170.5563614,1508759170.6149538,0
query,1508759170.6149578,1508759170.7296758,1340
query,1508759170.7296793,1508759170.7874277,145
query,1508759170.7874308,1508759170.8737862,2664
query,1508759170.8737895,1508759171.1302388,4060
query,1508759171.1302426,1508759171.233523,1180
query,1508759171.2335262,1508759171.3177545,1429
query,1508759171.3177707,1508759171.4751742,3773
query,1508759171.4779174,1508759171.5674853,211
query,1508759171.5674894,1508759171.6663678,409
query,1508759171.6663713,1508759171.7418172,260
query,1508759171.741821,1508759171.9177368,2745
query,1508759171.9177408,1508759172.2553308,7570
query,1508759172.2553346,1508759172.4311962,174
query,1508759172.4311998,1508759172.545632,27
query,1508759172.545635,1508759172.7320635,1
query,1508759172.7320669,1508759172.8264015,499
query,1508759172.8264055,1508759172.8838186,182
query,1508759172.8838224,1508759173.0520415,127
query,1508759173.052045,1508759173.11837,538
query,1508759173.1183736,1508759173.2109601,3
query,1508759173.2109635,1508759173.3016443,339
query,1508759173.301648,1508759173.3593976,0
query,1508759173.3594017,1508759173.4302092,254
query,1508759173.430213,1508759173.7084074,227
query,1508759173.7084107,1508759173.921746,1333
query,1508759173.9217494,1508759174.0052676,343
query,1508759174.0052834,1508759174.1458368,3273
query,1508759174.1485016,1508759174.2367158,1068
query,1508759174.2367184,1508759174.370731,2431
query,1508759174.3707345,1508759174.440689,137
query,1508759174.4406927,1508759174.5577326,1446
query,1508759174.5577357,1508759174.6314688,0
query,1508759174.6314723,1508759174.725661,1990
query,1508759174.7256641,1508759174.8416555,2
query,1508759174.8416595,1508759174.9514182,0
query,1508759174.9514222,1508759175.063332,1
query,1508759175.0633357,1508759175.1382425,418
query,1508759175.1382456,1508759175.2377775,27
query,1508759175.2377808,1508759175.341508,0
query,1508759175.3415117,1508759175.4616807,145
query,1508759175.461684,1508759175.544395,1039
query,1508759175.5443983,1508759175.605941,4
query,1508759175.6059446,1508759175.7258072,890
query,1508759175.7258103,1508759176.009718,6962
query,1508759176.0097215,1508759176.0936975,1825
query,1508759176.0937011,1508759176.2513258,4
query,1508759176.2513428,1508759176.3656917,3587
query,1508759176.368157,1508759176.4977005,277
query,1508759176.4977038,1508759176.5814676,0
query,1508759176.5814712,1508759176.76355,1
query,1508759176.7635539,1508759177.0456507,2865
query,1508759177.045654,1508759177.1379786,5
query,1508759177.137982,1508759177.37392,1498
query,1508759177.3739235,1508759177.4461384,133
query,1508759177.446142,1508759177.5775669,3
query,1508759177.5775702,1508759177.8067243,1743
query,1508759177.8067274,1508759178.0617013,1743
query,1508759178.0617046,1508759178.1444724,127
query,1508759178.1444755,1508759178.2774887,8
query,1508759178.2774923,1508759178.3895736,312
query,1508759178.389577,1508759178.5016434,1882
query,1508759178.501647,1508759178.5698783,50
query,1508759178.5698817,1508759178.707455,1843
query,1508759178.7074583,1508759178.9295895,404
query,1508759178.9295936,1508759179.0257814,713
query,1508759179.0257847,1508759179.0854125,3
query,1508759179.0854285,1508759179.1750455,3
query,1508759179.1776352,1508759179.262293,47
query,1508759179.262297,1508759179.3457158,1505
query,1508759179.3457193,1508759179.4259331,1172
query,1508759179.425937,1508759179.6180716,0
query,1508759179.6180754,1508759179.690335,375
query,1508759179.6903389,1508759179.7656302,106
query,1508759179.7656336,1508759179.8774192,16
query,1508759179.877423,1508759180.3083875,3443
query,1508759180.3083913,1508759180.4269395,838
query,1508759180.4269433,1508759180.546235,332
query,1508759180.546239,1508759180.657758,1223
query,1508759180.6577616,1508759180.8418992,6221
query,1508759180.8419027,1508759180.9896517,1939
query,1508759180.9896555,1508759181.1101382,2789
query,1508759181.1101422,1508759181.2376602,397
query,1508759181.2376637,1508759181.3137894,1815
query,1508759181.3137932,1508759181.4262133,1525
query,1508759181.426217,1508759181.5336936,2226
query,1508759181.5336971,1508759181.617504,7
query,1508759181.617521,1508759181.7617874,91
query,1508759181.7641413,1508759181.8457973,1639
query,1508759181.8458006,1508759182.021826,3890
query,1508759182.0218294,1508759182.3407018,4072
query,1508759182.3407052,1508759182.4263525,208
query,1508759182.4263558,1508759182.474043,1
query,1508759182.4740465,1508759182.5141673,3
query,1508759182.5141711,1508759182.661814,1
query,1508759182.6618173,1508759182.701943,200
query,1508759182.7019463,1508759182.8419068,3000
query,1508759182.8419106,1508759182.9280856,23
query,1508759182.9280891,1508759183.0497758,119
query,1508759183.0497797,1508759183.442028,3961
query,1508759183.4420316,1508759183.5846622,3439
query,1508759183.5846658,1508759183.66969,3349
query,1508759183.6696935,1508759183.726483,141
query,1508759183.726487,1508759183.8762376,1349
query,1508759183.876241,1508759183.997604,34
query,1508759183.9976077,1508759184.0510619,1205
query,1508759184.0510721,1508759184.1699138,59
query,1508759184.16993,1508759184.213773,1
query,1508759184.216149,1508759184.2873313,134
query,1508759184.2873347,1508759184.7768292,4144
query,1508759184.776833,1508759184.8617442,1528
query,1508759184.8617475,1508759184.921703,145
query,1508759184.9217074,1508759185.0216568,1044
query,1508759185.0216603,1508759185.1254377,898
query,1508759185.1254408,1508759185.2415183,1570
query,1508759185.2415218,1508759185.317791,590
query,1508759185.3177948,1508759185.4655817,137
query,1508759185.465585,1508759185.6075206,54
query,1508759185.607524,1508759185.6853638,27
query,1508759185.685367,1508759185.838645,2949
query,1508759185.838648,1508759185.905616,930
query,1508759185.90562,1508759186.0457077,8
query,1508759186.0457115,1508759186.1698072,1631
query,1508759186.1698103,1508759186.2481601,453
query,1508759186.2481637,1508759186.3658326,1084
query,1508759186.3658361,1508759186.440938,2
query,1508759186.4409418,1508759186.5498226,453
query,1508759186.5498383,1508759186.6188726,750
query,1508759186.6212678,1508759186.6743462,1365
query,1508759186.67435,1508759186.8057141,2473
query,1508759186.805718,1508759186.920377,47
query,1508759186.92038,1508759187.0821958,2333
query,1508759187.082199,1508759187.2824016,1677
query,1508759187.2824051,1508759187.4655256,2522
query,1508759187.4655292,1508759187.754035,1803
query,1508759187.7540386,1508759187.8723376,67
query,1508759187.8723412,1508759188.0180607,2866
query,1508759188.018064,1508759188.0937066,1180
query,1508759188.0937104,1508759188.169571,284
query,1508759188.1695743,1508759188.310333,344
query,1508759188.310337,1508759188.4417977,1845
query,1508759188.4418013,1508759188.5178585,68
query,1508759188.517862,1508759188.6376605,53
query,1508759188.6376643,1508759188.8631783,0
query,1508759188.863182,1508759188.9451947,0
query,1508759188.9451983,1508759189.169284,0
query,1508759189.1692882,1508759189.2275798,0
query,1508759189.2275949,1508759189.3284597,790
query,1508759189.331419,1508759189.4535716,7
query,1508759189.453575,1508759189.6283405,555
query,1508759189.6283438,1508759189.7491088,1830
query,1508759189.7491126,1508759189.825639,1098
query,1508759189.8256428,1508759190.042038,3630
query,1508759190.0420415,1508759190.1535075,297
query,1508759190.1535113,1508759190.2619221,1673
query,1508759190.261926,1508759190.449699,4156
query,1508759190.4497025,1508759190.5337396,1762
query,1508759190.5337431,1508759190.6673615,3751
query,1508759190.667365,1508759190.896903,4663
query,1508759190.896907,1508759190.9750676,44
query,1508759190.9750712,1508759191.0535343,93
query,1508759191.0535376,1508759191.1204789,1378
query,1508759191.1204824,1508759191.2176108,863
query,1508759191.2176144,1508759191.581893,4260
query,1508759191.5818965,1508759191.6793544,2
query,1508759191.679358,1508759191.764622,1326
query,1508759191.7646258,1508759191.8595083,0
query,1508759191.8595238,1508759192.235032,3743
query,1508759192.2375772,1508759192.387434,0
query,1508759192.3874378,1508759192.7144907,4303
query,1508759192.7144942,1508759192.8975909,147
query,1508759192.8975947,1508759193.0524974,40
query,1508759193.052501,1508759193.1472838,599
query,1508759193.1472871,1508759193.2335339,11
query,1508759193.2335377,1508759193.4616954,3398
query,1508759193.4616988,1508759193.5656798,1102
query,1508759193.5656836,1508759193.7159956,13
query,1508759193.7159994,1508759193.7642872,986
query,1508759193.7642908,1508759193.9062545,3105
query,1508759193.9062579,1508759194.3059752,8756
query,1508759194.305979,1508759194.397875,398
query,1508759194.397879,1508759194.4492273,0
query,1508759194.449231,1508759194.5905983,448
query,1508759194.590602,1508759194.6644452,514
query,1508759194.6644487,1508759194.8094785,1
query,1508759194.809482,1508759194.8880126,381
query,1508759194.8880162,1508759195.0557635,0
query,1508759195.0557806,1508759195.1695514,66
query,1508759195.1719382,1508759195.2817578,237
query,1508759195.2817614,1508759195.3577635,12
query,1508759195.3577673,1508759195.4715295,0
query,1508759195.4715328,1508759195.5524347,334
query,1508759195.5524387,1508759195.730008,161
query,1508759195.7300115,1508759195.8114595,0
query,1508759195.8114634,1508759195.9377112,2370
query,1508759195.9377148,1508759196.0376055,1629
query,1508759196.037609,1508759196.1277153,8
query,1508759196.127719,1508759196.24761,0
query,1508759196.247614,1508759196.7464726,4078
query,1508759196.7464762,1508759196.8326879,0
query,1508759196.8326914,1508759196.9520285,0
query,1508759196.9520323,1508759197.131469,678
query,1508759197.1314728,1508759197.2711816,0
query,1508759197.2711854,1508759197.4043741,27
query,1508759197.4043782,1508759197.4977934,168
query,1508759197.497797,1508759197.7921116,3849
query,1508759197.7921154,1508759197.8325226,9
query,1508759197.8325381,1508759197.9020355,1178
query,1508759197.9045374,1508759198.0440633,1216
query,1508759198.0440664,1508759198.1122503,54
query,1508759198.112254,1508759198.246103,553
query,1508759198.246107,1508759198.32212,851
query,1508759198.3221235,1508759198.5339715,40
query,1508759198.5339751,1508759198.7795405,67
query,1508759198.7795448,1508759198.8961034,0
query,1508759198.8961077,1508759198.9946702,1
query,1508759198.994674,1508759199.2587771,3283
query,1508759199.258781,1508759199.4387732,2270
query,1508759199.4387767,1508759199.5820322,17
query,1508759199.5820358,1508759199.705886,749
query,1508759199.7058895,1508759199.8885655,3675
query,1508759199.8885698,1508759199.9639437,1
query,1508759199.963948,1508759200.070264,1
query,1508759200.0702682,1508759200.1220076,3
query,1508759200.1220112,1508759200.2282069,0
query,1508759200.2282107,1508759200.348747,0
query,1508759200.3487506,1508759200.4380608,1245
query,1508759200.4380767,1508759200.5218399,740
query,1508759200.5242565,1508759200.7460544,3761
query,1508759200.7460582,1508759201.3094769,2659
query,1508759201.3094804,1508759201.4019282,22
query,1508759201.4019315,1508759201.593978,898
query,1508759201.5939815,1508759201.733888,1604
query,1508759201.7338917,1508759201.847649,2
query,1508759201.8476527,1508759201.9237142,3
query,1508759201.9237175,1508759202.0073235,9
query,1508759202.007327,1508759202.0831113,0
query,1508759202.083115,1508759202.1754806,1136
query,1508759202.1754842,1508759202.3953996,4460
query,1508759202.3954034,1508759202.5940866,3628
query,1508759202.5940914,1508759202.6783364,218
query,1508759202.6783402,1508759202.747526,22
query,1508759202.74753,1508759202.809651,1871
query,1508759202.809654,1508759202.9392655,1181
query,1508759202.9392686,1508759202.981853,1906
query,1508759202.981856,1508759203.051401,25
query,1508759203.051404,1508759203.1275802,331
query,1508759203.1275947,1508759203.2015057,46
query,1508759203.2040887,1508759203.301622,25
query,1508759203.301626,1508759203.3659604,821
query,1508759203.365964,1508759203.4476004,0
query,1508759203.447604,1508759203.486231,1
query,1508759203.4862347,1508759203.5291667,0
query,1508759203.5291705,1508759203.6161282,7
query,1508759203.6161318,1508759203.7379637,1981
query,1508759203.737968,1508759203.8900678,3660
query,1508759203.8900714,1508759203.9739368,1405
query,1508759203.9739404,1508759204.2741277,3972
query,1508759204.274131,1508759204.4136825,35
query,1508759204.413686,1508759204.462114,949
query,1508759204.4621177,1508759204.6129148,4247
query,1508759204.6129189,1508759204.8098915,142
query,1508759204.8098953,1508759204.9377668,160
query,1508759204.9377704,1508759205.27196,3616
query,1508759205.2719636,1508759205.4502008,1559
query,1508759205.4502037,1508759205.5381365,1557
query,1508759205.5381398,1508759205.6177397,1794
query,1508759205.6177547,1508759205.689484,1425
query,1508759205.692287,1508759205.7656639,186
query,1508759205.7656677,1508759205.8417282,853
query,1508759205.8417313,1508759205.9164953,243
query,1508759205.9164987,1508759205.9587646,1148
query,1508759205.958768,1508759206.032753,1868
query,1508759206.032757,1508759206.2141955,3285
query,1508759206.214199,1508759206.2939303,76
query,1508759206.293934,1508759206.3376117,12
query,1508759206.337615,1508759206.3779051,0
query,1508759206.3779085,1508759206.4497612,1492
query,1508759206.449765,1508759206.5675144,104
query,1508759206.5675182,1508759206.6174748,1271
query,1508759206.6174788,1508759206.7514591,2186
query,1508759206.7514627,1508759206.8757668,1
query,1508759206.87577,1508759207.0237155,2655
query,1508759207.0237195,1508759207.2098684,413
query,1508759207.2098722,1508759207.3275282,1
query,1508759207.327532,1508759207.459582,0
query,1508759207.4595864,1508759207.6274123,3640
query,1508759207.627428,1508759207.8059742,1469
query,1508759207.8084185,1508759207.9181228,396
query,1508759207.9181273,1508759208.101974,2035
query,1508759208.101978,1508759208.1776307,720
query,1508759208.1776342,1508759208.2980416,1845
query,1508759208.2980456,1508759208.3521187,337
query,1508759208.3521218,1508759208.4496944,292
query,1508759208.4496975,1508759208.5610647,1751
query,1508759208.561068,1508759208.6919696,3
query,1508759208.6919732,1508759208.8499222,266
query,1508759208.849926,1508759208.9595873,0
query,1508759208.9595912,1508759209.1459217,2099
query,1508759209.1459262,1508759209.22155,859
query,1508759209.2215536,1508759209.3597426,171
query,1508759209.3597462,1508759209.527158,4
query,1508759209.5271616,1508759209.586501,645
query,1508759209.5865042,1508759209.706026,1937
query,1508759209.7060297,1508759209.8099082,2529
query,1508759209.8099117,1508759209.893684,900
query,1508759209.893688,1508759209.9755101,0
query,1508759209.9755266,1508759210.0976574,3
query,1508759210.1000354,1508759210.1692832,7
query,1508759210.1692865,1508759210.2094479,0
query,1508759210.2094514,1508759210.3875554,0
query,1508759210.387559,1508759210.4380634,261
query,1508759210.4380672,1508759210.5497284,3420
query,1508759210.5497322,1508759210.5980113,1015
query,1508759210.5980148,1508759210.646112,856
query,1508759210.6461153,1508759210.6941562,43
query,1508759210.6941595,1508759210.8780968,4174
query,1508759210.8781009,1508759210.925666,0
query,1508759210.9256697,1508759210.9741662,1496
query,1508759210.9741695,1508759211.02649,1885
query,1508759211.0264938,1508759211.1056318,1
query,1508759211.105636,1508759211.3579211,6782
query,1508759211.3579247,1508759211.4092848,856
query,1508759211.4093103,1508759211.5472803,1
query,1508759211.547284,1508759211.7379146,3808
query,1508759211.7379184,1508759211.8481634,188
query,1508759211.8481672,1508759212.0299244,4582
query,1508759212.0299406,1508759212.1586335,188
query,1508759212.1612613,1508759212.2803879,601
query,1508759212.2803915,1508759212.3671613,435
query,1508759212.3671646,1508759212.5260706,4593
query,1508759212.5260744,1508759212.60772,0
query,1508759212.607724,1508759212.7299929,107
query,1508759212.7299962,1508759212.7911694,298
query,1508759212.7911727,1508759212.8788548,312
query,1508759212.8788583,1508759212.9285676,426
query,1508759212.9285717,1508759213.0922205,2575
query,1508759213.092224,1508759213.1482925,274
query,1508759213.148296,1508759213.2343376,73
query,1508759213.2343414,1508759213.3539264,20
query,1508759213.3539307,1508759213.4716754,0
query,1508759213.4716792,1508759213.6540341,2826
query,1508759213.6540375,1508759213.7563043,1010
query,1508759213.7563078,1508759213.8864095,2883
query,1508759213.8864133,1508759213.9311433,19
query,1508759213.9311473,1508759214.1192734,337
query,1508759214.1192768,1508759214.197901,1616
query,1508759214.197917,1508759214.2590039,1917
query,1508759214.2614858,1508759214.4340465,2747
query,1508759214.4340498,1508759214.5523217,45
query,1508759214.5523255,1508759214.7577941,3190
query,1508759214.7577975,1508759214.869685,584
query,1508759214.8696885,1508759214.9518957,15
query,1508759214.9518995,1508759215.1449003,41
query,1508759215.144904,1508759215.217806,917
query,1508759215.2178097,1508759215.301496,0
query,1508759215.3014996,1508759215.3626,13
query,1508759215.3626037,1508759215.399526,21
query,1508759215.3995292,1508759215.6277547,4843
query,1508759215.6277578,1508759215.680109,884
query,1508759215.6801124,1508759215.7685316,131
query,1508759215.768535,1508759215.9258213,2842
query,1508759215.9258246,1508759215.9795105,545
query,1508759215.9795141,1508759216.0617838,1
query,1508759216.0617874,1508759216.117536,0
query,1508759216.11754,1508759216.3458753,1718
query,1508759216.3458786,1508759216.4483247,353
query,1508759216.4483435,1508759216.5140767,505
query,1508759216.516486,1508759216.681739,2739
query,1508759216.6817424,1508759216.7739885,1927
query,1508759216.773992,1508759217.0320249,4998
query,1508759217.0320282,1508759217.270157,3783
query,1508759217.2701604,1508759217.3962533,38
query,1508759217.3962567,1508759217.584291,407
query,1508759217.5842953,1508759217.7100396,1903
query,1508759217.7100432,1508759217.974711,3845
query,1508759217.9747148,1508759218.093933,682
query,1508759218.0939364,1508759218.1765857,231
query,1508759218.1765895,1508759218.2397563,17
query,1508759218.2397602,1508759218.4263678,2457
query,1508759218.4263713,1508759218.505817,2
query,1508759218.5058208,1508759218.5921242,2003
query,1508759218.5921278,1508759219.142186,4438
query,1508759219.1421895,1508759219.2346003,532
query,1508759219.2346041,1508759219.3179488,19
query,1508759219.3179522,1508759219.474113,2348
query,1508759219.4741163,1508759219.6012185,2151
query,1508759219.6012301,1508759219.810046,3063
query,1508759219.8125591,1508759219.9307742,914
query,1508759219.930777,1508759220.061916,190
query,1508759220.0619195,1508759220.1422415,44
query,1508759220.1422465,1508759220.2182784,58
query,1508759220.2182825,1508759220.259681,3
query,1508759220.2596846,1508759220.394093,1521
query,1508759220.3940964,1508759220.4470823,7
query,1508759220.4470859,1508759220.5135484,0
query,1508759220.513552,1508759220.627553,0
query,1508759220.6275563,1508759220.743335,1342
query,1508759220.7433383,1508759220.867389,1417
query,1508759220.867392,1508759221.2428675,4064
query,1508759221.242871,1508759221.3542778,39
query,1508759221.3542814,1508759221.4782817,1185
query,1508759221.4782856,1508759221.5607407,109
query,1508759221.5607445,1508759221.6463819,924
query,1508759221.6463852,1508759221.7266405,32
query,1508759221.726644,1508759221.8166187,692
query,1508759221.8166225,1508759221.8669457,1266
query,1508759221.8669624,1508759221.9745817,1484
query,1508759221.977019,1508759222.0944967,435
query,1508759222.0945003,1508759222.3419933,438
query,1508759222.3419967,1508759222.4341912,1195
query,1508759222.434195,1508759222.5785892,2053
query,1508759222.578593,1508759222.7099717,3231
query,1508759222.7099755,1508759222.9018388,2592
query,1508759222.9018424,1508759223.0306714,2370
query,1508759223.0306752,1508759223.1478307,498
query,1508759223.1478343,1508759223.2340162,1693
query,1508759223.2340198,1508759223.310176,709
query,1508759223.3101795,1508759223.3776908,634
query,1508759223.3776944,1508759223.4241548,1
query,1508759223.4241583,1508759223.538786,1288
query,1508759223.5387897,1508759223.6136436,22
query,1508759223.6136475,1508759223.687627,0
query,1508759223.687631,1508759223.8337345,837
query,1508759223.8337379,1508759224.0285962,3882
query,1508759224.0286002,1508759224.1390688,2993
query,1508759224.1390724,1508759224.2910342,1242
query,1508759224.29105,1508759224.4656894,232
query,1508759224.4680765,1508759224.5335712,682
query,1508759224.5335746,1508759224.6112776,50
query,1508759224.6112814,1508759224.8216257,14
query,1508759224.8216293,1508759224.8899138,15
query,1508759224.8899176,1508759224.9776385,223
query,1508759224.9776423,1508759225.0845814,8
query,1508759225.084585,1508759225.4263515,4549
query,1508759225.4263556,1508759225.5820048,852
query,1508759225.5820081,1508759225.7820969,4328
query,1508759225.782101,1508759225.910171,807
query,1508759225.9101746,1508759226.107443,1133
query,1508759226.1074467,1508759226.221754,152
query,1508759226.221758,1508759226.2943635,2
query,1508759226.294367,1508759226.3819056,937
query,1508759226.3819091,1508759226.4656227,1658
query,1508759226.465626,1508759226.5283763,278
query,1508759226.5283797,1508759226.5712154,410
query,1508759226.5712187,1508759226.6213913,0
query,1508759226.6213949,1508759227.012856,4507
query,1508759227.0128732,1508759227.0937262,10
query,1508759227.0960617,1508759227.1978488,8
query,1508759227.197852,1508759227.4714034,6983
query,1508759227.4714067,1508759227.606458,1280
query,1508759227.6064613,1508759227.660866,1
query,1508759227.6608691,1508759227.7900844,1281
query,1508759227.7900882,1508759227.9589138,1305
query,1508759227.9589174,1508759228.102345,2810
query,1508759228.1023486,1508759228.1894505,273
query,1508759228.1894546,1508759228.2701247,97
query,1508759228.2701283,1508759228.3155196,1
query,1508759228.3155227,1508759228.398129,2201
query,1508759228.3981326,1508759228.4777017,3
query,1508759228.477705,1508759228.563785,0
query,1508759228.5637884,1508759228.6957803,1256
query,1508759228.695784,1508759228.7560785,0
query,1508759228.7560816,1508759228.8698425,5
query,1508759228.8698456,1508759228.9549243,2
query,1508759228.9549277,1508759229.0258834,2
query,1508759229.0258868,1508759229.1174836,0
query,1508759229.1174994,1508759229.257823,1801
query,1508759229.2601373,1508759229.3273964,5
query,1508759229.3273993,1508759229.401602,74
query,1508759229.4016051,1508759229.4649274,131
query,1508759229.4649308,1508759229.5484755,125
query,1508759229.5484788,1508759229.6199837,2078
query,1508759229.619987,1508759229.7729049,41
query,1508759229.7729087,1508759229.89012,975
query,1508759229.8901236,1508759230.070951,3296
query,1508759230.0709546,1508759230.1385293,1
query,1508759230.1385329,1508759230.2580523,1007
query,1508759230.2580557,1508759230.3099897,0
query,1508759230.309993,1508759230.3419123,3
query,1508759230.3419156,1508759230.392229,6
query,1508759230.3922324,1508759230.4754195,130
query,1508759230.4754236,1508759230.5624733,198
query,1508759230.562477,1508759230.641739,398
query,1508759230.6417425,1508759230.6819508,193
query,1508759230.681954,1508759230.7936642,37
query,1508759230.7936678,1508759230.83011,10
query,1508759230.830126,1508759230.9037282,67
query,1508759230.9062223,1508759230.977712,18
query,1508759230.9777155,1508759231.0596907,0
query,1508759231.0596943,1508759231.6939826,2783
query,1508759231.693986,1508759231.7776284,1097
query,1508759231.7776315,1508759231.847348,51
query,1508759231.847351,1508759231.9376853,7
query,1508759231.9376886,1508759232.0657074,1640
query,1508759232.0657108,1508759232.4982722,5408
query,1508759232.4982755,1508759232.8593373,3758
query,1508759232.859341,1508759232.9632678,59
query,1508759232.9632711,1508759233.022864,72
query,1508759233.0228674,1508759233.149261,2278
query,1508759233.1492643,1508759233.3237336,2488
query,1508759233.3237374,1508759233.385142,100
query,1508759233.3851454,1508759233.5356848,0
query,1508759233.5356882,1508759233.6058958,19
query,1508759233.6058993,1508759233.7901168,2344
query,1508759233.7901201,1508759233.860412,129
query,1508759233.860416,1508759233.9714148,2141
query,1508759233.9714315,1508759234.045933,19
query,1508759234.0483065,1508759234.132937,743
query,1508759234.1329412,1508759234.2380102,2687
query,1508759234.2380135,1508759234.3101654,49
query,1508759234.3101687,1508759234.4478176,3555
query,1508759234.447821,1508759234.5456002,232
query,1508759234.5456035,1508759234.617275,0
query,1508759234.6172788,1508759234.7859068,71
query,1508759234.7859104,1508759234.9100807,182
query,1508759234.9100842,1508759235.0315032,94
query,1508759235.0315065,1508759235.1335166,952
query,1508759235.1335201,1508759235.293744,1416
query,1508759235.2937477,1508759235.391128,1241
query,1508759235.3911316,1508759235.5873833,1089
query,1508759235.5873866,1508759235.6656692,819
query,1508759235.665673,1508759235.7823484,1
query,1508759235.782352,1508759235.8666534,1
query,1508759235.8666565,1508759235.970649,341
query,1508759235.9706528,1508759236.071012,117
query,1508759236.0710156,1508759236.1948376,240
query,1508759236.194854,1508759236.3067212,14
query,1508759236.309173,1508759236.3948543,433
query,1508759236.394858,1508759236.444864,786
query,1508759236.4448676,1508759236.5992336,1670
query,1508759236.5992374,1508759236.715433,1580
query,1508759236.715437,1508759236.9167113,4071
query,1508759236.916715,1508759237.0019426,325
query,1508759237.0019462,1508759237.1141317,525
query,1508759237.1141355,1508759237.4783099,4436
query,1508759237.4783132,1508759237.6833394,3103
query,1508759237.683343,1508759237.7937233,772
query,1508759237.793727,1508759238.0179632,3395
query,1508759238.0179667,1508759238.06596,39
query,1508759238.0659633,1508759238.1473916,17
query,1508759238.147395,1508759238.2457292,3
query,1508759238.2457325,1508759238.3351903,964
query,1508759238.3351934,1508759238.4282727,760
query,1508759238.4282765,1508759238.5180225,204
query,1508759238.518026,1508759238.6162457,875
query,1508759238.6162496,1508759238.7111456,7
query,1508759238.711162,1508759238.8940496,3014
query,1508759238.8965461,1508759238.9895794,351
query,1508759238.9895828,1508759239.1577842,58
query,1508759239.1577873,1508759239.2415745,19
query,1508759239.241578,1508759239.4458833,4850
query,1508759239.4458864,1508759239.5677757,0
query,1508759239.5677793,1508759239.6239386,10
query,1508759239.623942,1508759239.8581882,4370
query,1508759239.8581917,1508759239.93152,1273
query,1508759239.9315236,1508759239.9918308,0
query,1508759239.9918344,1508759240.0479693,212
query,1508759240.0479727,1508759240.2785459,1441
query,1508759240.278549,1508759240.390642,328
query,1508759240.3906457,1508759240.5344017,1798
query,1508759240.5344052,1508759240.7304597,2276
query,1508759240.7304635,1508759240.9061792,3435
query,1508759240.9061828,1508759240.9824522,127
query,1508759240.9824555,1508759241.1784596,3326
query,1508759241.178463,1508759241.267779,784
query,1508759241.2677822,1508759241.3877866,582
query,1508759241.3878026,1508759241.5876083,1938
query,1508759241.5902002,1508759241.768736,555
query,1508759241.7687395,1508759241.8423724,625
query,1508759241.8423755,1508759241.9215558,9
query,1508759241.9215586,1508759242.0458312,361
query,1508759242.0458343,1508759242.128772,0
query,1508759242.1287754,1508759242.1981342,1382
query,1508759242.1981375,1508759242.2776961,2
query,1508759242.2776992,1508759242.389525,26
query,1508759242.3895283,1508759242.4620736,85
query,1508759242.4620767,1508759242.5720596,1080
query,1508759242.572063,1508759242.6816533,704
query,1508759242.6816564,1508759242.7292213,0
query,1508759242.7292252,1508759243.0982985,3060
query,1508759243.0983026,1508759243.2634227,1108
query,1508759243.2634263,1508759243.3379653,19
query,1508759243.3379688,1508759243.3848808,98
query,1508759243.384884,1508759243.459286,1
query,1508759243.459289,1508759243.5555902,35
query,1508759243.5555942,1508759243.6102564,12
query,1508759243.6102738,1508759243.7579575,2445
query,1508759243.7603433,1508759243.8278134,1
query,1508759243.8278167,1508759243.9256575,133
query,1508759243.9256608,1508759244.0097444,580
query,1508759244.0097475,1508759244.0860183,1404
query,1508759244.0860217,1508759244.1616802,244
query,1508759244.1616836,1508759244.3076842,2833
query,1508759244.307688,1508759244.4019668,27
query,1508759244.4019704,1508759244.488433,533
query,1508759244.4884365,1508759244.6273284,1610
query,1508759244.6273322,1508759244.6819081,964
query,1508759244.6819117,1508759244.74964,794
query,1508759244.749643,1508759244.817661,1
query,1508759244.8176646,1508759244.8756957,78
query,1508759244.8756988,1508759244.9497406,877
query,1508759244.9497437,1508759245.09793,3571
query,1508759245.0979333,1508759245.1855426,54
query,1508759245.1855462,1508759245.2556777,0
query,1508759245.2556808,1508759245.3143938,22
query,1508759245.3143973,1508759245.4111862,3
query,1508759245.4112015,1508759245.654237,6825
query,1508759245.6576474,1508759245.7217283,802
query,1508759245.7217314,1508759245.8058345,1692
query,1508759245.8058376,1508759245.881771,659
query,1508759245.8817744,1508759245.965634,1201
query,1508759245.965638,1508759246.0872874,203
query,1508759246.0872905,1508759246.179526,68
query,1508759246.1795294,1508759246.3157809,1636
query,1508759246.3157842,1508759246.4222324,9
query,1508759246.4222362,1508759246.4734855,0
query,1508759246.473489,1508759246.5718927,1
query,1508759246.5718966,1508759246.6841133,38
query,1508759246.6841166,1508759246.7219257,92
query,1508759246.7219288,1508759246.817451,1884
query,1508759246.8174546,1508759246.8818994,80
query,1508759246.8819036,1508759246.949557,364
query,1508759246.949561,1508759247.1467764,4684
query,1508759247.14678,1508759247.2216215,2
query,1508759247.2216249,1508759247.2902439,1756
query,1508759247.2902474,1508759247.3637514,0
query,1508759247.3637683,1508759247.4303787,422
query,1508759247.4327607,1508759247.4978938,36
query,1508759247.4978974,1508759247.5511165,639
query,1508759247.5511203,1508759247.6233015,390
query,1508759247.6233056,1508759247.7378654,1203
query,1508759247.737869,1508759247.825692,18
query,1508759247.8256953,1508759247.9821453,2986
query,1508759247.982149,1508759248.0654924,19
query,1508759248.0654955,1508759248.3641315,3048
query,1508759248.3641348,1508759248.478265,4282
query,1508759248.4782684,1508759248.562022,1032
query,1508759248.562025,1508759248.649909,1199
query,1508759248.6499124,1508759248.7352595,832
query,1508759248.735263,1508759248.833966,480
query,1508759248.8339696,1508759248.91772,1
query,1508759248.9177237,1508759249.0021791,1737
query,1508759249.0021822,1508759249.0499053,4
query,1508759249.0499089,1508759249.0913541,3
query,1508759249.0913572,1508759249.1731973,19
query,1508759249.1732004,1508759249.398077,2099
query,1508759249.3980923,1508759249.5023992,1553
query,1508759249.5048704,1508759249.5777416,1
query,1508759249.577745,1508759249.7020378,2956
query,1508759249.7020411,1508759249.7623088,40
query,1508759249.762312,1508759249.8382576,2
query,1508759249.838261,1508759249.9074965,15
query,1508759249.9075003,1508759250.002295,683
query,1508759250.0022984,1508759250.1579313,2078
query,1508759250.157935,1508759250.2430522,802
query,1508759250.2430558,1508759250.3738475,8
query,1508759250.3738508,1508759250.526006,871
query,1508759250.52601,1508759250.7795708,2368
query,1508759250.7795753,1508759250.9659045,4484
query,1508759250.9659078,1508759251.079142,1084
query,1508759251.0791457,1508759251.1896908,14
query,1508759251.1896944,1508759251.265644,272
query,1508759251.2656474,1508759251.3778796,2734
query,1508759251.3778827,1508759251.4537525,184
query,1508759251.453756,1508759251.7236323,4511
query,1508759251.7236357,1508759251.7979672,837
query,1508759251.797983,1508759251.867864,2
query,1508759251.8703446,1508759251.9101105,32
query,1508759251.9101138,1508759251.9862018,6
query,1508759251.9862053,1508759252.0941215,1809
query,1508759252.094125,1508759252.1763794,129
query,1508759252.176383,1508759252.2978292,2087
query,1508759252.2978327,1508759252.3399034,1082
query,1508759252.3399067,1508759252.4137323,484
query,1508759252.4137359,1508759252.59967,128
query,1508759252.5996735,1508759252.6913936,1139
query,1508759252.6913972,1508759252.7585998,254
query,1508759252.7586045,1508759252.8779755,2377
query,1508759252.877979,1508759252.997674,774
query,1508759252.9976776,1508759253.1095927,501
query,1508759253.1095958,1508759253.5793157,2568
query,1508759253.5793192,1508759253.6723232,0
query,1508759253.672327,1508759253.7817085,127
query,1508759253.7817123,1508759253.910553,750
query,1508759253.9105566,1508759254.11394,1427
query,1508759254.1139438,1508759254.1877434,1
query,1508759254.187759,1508759254.3137023,290
query,1508759254.3161142,1508759254.3904042,22
query,1508759254.3904076,1508759254.4726808,0
query,1508759254.4726841,1508759254.5831542,1431
query,1508759254.5831578,1508759254.657201,1
query,1508759254.6572044,1508759254.76592,1809
query,1508759254.7659235,1508759254.8427093,1774
query,1508759254.842713,1508759254.9547882,18
query,1508759254.954792,1508759255.0657644,148
query,1508759255.065768,1508759255.1440332,2206
query,1508759255.144037,1508759255.2180095,264
query,1508759255.2180135,1508759255.3403554,824
query,1508759255.340359,1508759255.4447112,0
query,1508759255.444715,1508759255.9582152,2611
query,1508759255.958219,1508759255.9992976,3
query,1508759255.9993012,1508759256.041528,381
query,1508759256.0415313,1508759256.109142,742
query,1508759256.1091459,1508759256.167895,0
query,1508759256.167899,1508759256.2861488,33
query,1508759256.2861521,1508759256.469673,4812
query,1508759256.4696898,1508759256.5778673,13
query,1508759256.580278,1508759256.6537251,596
query,1508759256.6537285,1508759256.7258737,475
query,1508759256.725877,1508759256.8017461,2360
query,1508759256.8017495,1508759256.8857763,1737
query,1508759256.88578,1508759256.9689548,1
query,1508759256.9689581,1508759257.0390332,1
query,1508759257.0390363,1508759257.1056306,31
query,1508759257.105634,1508759257.1695385,4
query,1508759257.1695416,1508759257.2421741,807
query,1508759257.2421772,1508759257.6261258,5159
query,1508759257.6261292,1508759257.6941783,168
query,1508759257.694182,1508759257.837788,124
query,1508759257.8377917,1508759257.9218888,3
query,1508759257.9218924,1508759257.991916,17
query,1508759257.9919195,1508759258.076639,713
query,1508759258.0766428,1508759258.1393168,255
query,1508759258.1393201,1508759258.7144105,4196
query,1508759258.7144141,1508759258.813945,598
query,1508759258.8139486,1508759259.0739267,4524
query,1508759259.0739427,1508759259.150023,1372
query,1508759259.152471,1508759259.2611544,1424
query,1508759259.2611585,1508759259.3544147,6
query,1508759259.3544188,1508759259.4603443,940
query,1508759259.460348,1508759259.5339255,763
query,1508759259.5339289,1508759259.7209644,3607
query,1508759259.7209687,1508759259.8182924,0
query,1508759259.8182962,1508759259.8915498,0
query,1508759259.8915534,1508759260.0542252,1435
query,1508759260.054229,1508759260.241878,4327
query,1508759260.2418814,1508759260.5027423,1743
query,1508759260.5027463,1508759260.5728452,1026
query,1508759260.5728488,1508759260.6281483,154
query,1508759260.6281514,1508759260.7302234,8
query,1508759260.7302268,1508759260.8108163,472
query,1508759260.8108196,1508759261.0378072,4109
query,1508759261.0378106,1508759261.098909,238
query,1508759261.0989122,1508759261.1875403,17
query,1508759261.1875434,1508759261.338556,1059
query,1508759261.3385596,1508759261.4232116,1006
query,1508759261.4232273,1508759261.6059413,12
query,1508759261.6084616,1508759261.694226,850
query,1508759261.6942298,1508759261.783843,0
query,1508759261.7838469,1508759261.9341545,2446
query,1508759261.9341583,1508759262.0436761,30
query,1508759262.0436797,1508759262.174328,1847
query,1508759262.1743314,1508759262.3102279,3438
query,1508759262.310232,1508759262.4380252,475
query,1508759262.4380286,1508759262.5697834,124
query,1508759262.5697868,1508759262.7410061,3000
query,1508759262.7410095,1508759262.8257644,15
query,1508759262.825768,1508759263.048369,4255
query,1508759263.0483723,1508759263.1538377,37
query,1508759263.1538415,1508759263.237673,736
query,1508759263.2376761,1508759263.3098214,16
query,1508759263.3098245,1508759263.3910387,1
query,1508759263.3910418,1508759263.50435,2729
query,1508759263.5043533,1508759264.0660596,2730
query,1508759264.0660632,1508759264.322298,2845
query,1508759264.322302,1508759264.425864,2
query,1508759264.4258819,1508759264.502074,107
query,1508759264.5044692,1508759264.5752857,2
query,1508759264.5752888,1508759264.747003,878
query,1508759264.7470064,1508759265.1792562,2440
query,1508759265.1792598,1508759265.471184,2537
query,1508759265.4711876,1508759265.5905426,1498
query,1508759265.5905464,1508759265.6800232,0
query,1508759265.6800268,1508759265.8907807,1743
query,1508759265.8907843,1508759266.0996246,1682
query,1508759266.0996282,1508759266.3034568,1551
query,1508759266.3034604,1508759266.475601,843
query,1508759266.475605,1508759266.5957282,1
query,1508759266.5957317,1508759266.6662335,7
query,1508759266.6662369,1508759266.8267772,1953
query,1508759266.8267808,1508759266.978262,139
query,1508759266.9782658,1508759267.2780504,2821
query,1508759267.2780542,1508759267.442826,3692
query,1508759267.4428298,1508759267.5176783,158
query,1508759267.5176814,1508759267.981708,2308
query,1508759267.9817116,1508759268.1128192,11
query,1508759268.1128366,1508759268.327129,3731
query,1508759268.3298163,1508759268.46248,4
query,1508759268.4624841,1508759268.6161213,50
query,1508759268.6161253,1508759268.7504318,1724
query,1508759268.7504354,1508759268.8354485,109
query,1508759268.8354511,1508759268.9421127,241
query,1508759268.942117,1508759269.1139252,2867
query,1508759269.1139288,1508759269.1918786,55
query,1508759269.1918814,1508759269.490132,5036
query,1508759269.490136,1508759269.5983772,1655
query,1508759269.5983808,1508759269.6865153,531
query,1508759269.6865184,1508759269.751315,657
query,1508759269.7513187,1508759269.8819,17
query,1508759269.8819034,1508759269.965369,9
query,1508759269.965372,1508759270.0737588,16
query,1508759270.0737622,1508759270.2187219,811
query,1508759270.2187252,1508759270.3462994,2131
query,1508759270.3463035,1508759270.41601,11
query,1508759270.4160132,1508759270.5103533,61
query,1508759270.510357,1508759270.5988135,110
query,1508759270.5988302,1508759270.7220283,1492
query,1508759270.7244556,1508759270.8257887,387
query,1508759270.825792,1508759270.888181,0
query,1508759270.8881845,1508759270.9701328,904
query,1508759270.9701364,1508759271.0779994,624
query,1508759271.0780027,1508759271.2741659,3150
query,1508759271.2741697,1508759271.4219787,1730
query,1508759271.421982,1508759271.5274947,6
query,1508759271.527498,1508759271.6989183,1037
query,1508759271.698922,1508759271.9547682,6794
query,1508759271.9547722,1508759272.0506067,3
query,1508759272.0506103,1508759272.1302476,1
query,1508759272.130251,1508759272.2229764,206
query,1508759272.2229795,1508759272.354327,26
query,1508759272.3543308,1508759272.4383523,1786
query,1508759272.4383552,1508759272.5147445,78
query,1508759272.5147479,1508759272.6258476,196
query,1508759272.625851,1508759272.6929905,635
query,1508759272.6929934,1508759272.7799442,91
query,1508759272.7799475,1508759272.8501775,1070
query,1508759272.8501925,1508759273.3421133,2535
query,1508759273.3444319,1508759273.453809,1328
query,1508759273.4538126,1508759273.565898,88
query,1508759273.565901,1508759273.6839662,0
query,1508759273.6839697,1508759273.8394578,678
query,1508759273.839461,1508759273.9633493,1201
query,1508759273.9633527,1508759274.0587854,2
query,1508759274.0587888,1508759274.1182196,178
query,1508759274.118223,1508759274.1856527,4
query,1508759274.1856565,1508759274.3475075,996
query,1508759274.3475108,1508759274.4759827,20
query,1508759274.4759865,1508759274.6394825,121
query,1508759274.6394858,1508759274.69923,1273
query,1508759274.699234,1508759274.8102033,983
query,1508759274.8102067,1508759274.8857105,13
query,1508759274.8857138,1508759274.9889526,1444
query,1508759274.9889562,1508759275.1944764,3057
query,1508759275.1944797,1508759275.278076,2029
query,1508759275.2780795,1508759275.3207822,726
query,1508759275.3207862,1508759275.385178,289
query,1508759275.385194,1508759275.4858494,1367
query,1508759275.4883177,1508759275.5843112,659
query,1508759275.5843146,1508759275.6636665,0
query,1508759275.6636703,1508759275.7376435,24
query,1508759275.737647,1508759275.8496754,897
query,1508759275.8496788,1508759275.901575,1394
query,1508759275.9015787,1508759276.1188722,4467
query,1508759276.1188755,1508759276.202324,2822
query,1508759276.2023273,1508759276.2818282,1915
query,1508759276.2818322,1508759276.5032134,2
query,1508759276.5032167,1508759276.7420197,3155
query,1508759276.742023,1508759276.8541794,997
query,1508759276.854183,1508759276.9022923,77
query,1508759276.9022958,1508759276.9818804,390
query,1508759276.9818838,1508759277.1659653,3003
query,1508759277.1659698,1508759277.227392,47
query,1508759277.2273953,1508759277.3101044,1054
query,1508759277.310108,1508759277.3551857,25
query,1508759277.3551893,1508759277.4196846,939
query,1508759277.419688,1508759277.5058212,5
query,1508759277.5058377,1508759277.5779157,1199
query,1508759277.580321,1508759277.6538846,1627
query,1508759277.653888,1508759277.884955,3927
query,1508759277.8849587,1508759277.9561214,90
query,1508759277.956125,1508759278.0779533,674
query,1508759278.077957,1508759278.2343128,1775
query,1508759278.234316,1508759278.3102486,437
query,1508759278.310252,1508759278.438008,176
query,1508759278.4380114,1508759278.6059706,3542
query,1508759278.6059744,1508759278.6700711,37
query,1508759278.6700747,1508759279.0463977,4877
query,1508759279.0464015,1508759279.1540647,4
query,1508759279.154069,1508759279.2350993,330
query,1508759279.2351031,1508759279.3429472,1606
query,1508759279.3429513,1508759279.3999252,0
query,1508759279.3999288,1508759279.4818044,2006
query,1508759279.4818077,1508759279.587592,202
query,1508759279.5875995,1508759279.8475528,4136
query,1508759279.847556,1508759280.0117586,301
query,1508759280.0117621,1508759280.1020837,1465
query,1508759280.1020994,1508759280.2101629,1742
query,1508759280.212516,1508759280.2515256,1597
query,1508759280.2515292,1508759280.3739262,83
query,1508759280.3739295,1508759280.4577782,760
query,1508759280.4577816,1508759280.5414464,812
query,1508759280.5414498,1508759280.7782016,7002
query,1508759280.778205,1508759280.8538241,1
query,1508759280.8538277,1508759280.914367,3
query,1508759280.9143703,1508759281.0743716,557
query,1508759281.0743752,1508759281.2735298,730
query,1508759281.273533,1508759281.4148679,3191
query,1508759281.4148715,1508759281.6742172,2714
query,1508759281.6742208,1508759281.7858403,1443
query,1508759281.7858438,1508759281.8980706,2289
query,1508759281.8980742,1508759281.957621,1
query,1508759281.9576252,1508759282.044479,5
query,1508759282.0444822,1508759282.0944483,0
query,1508759282.094452,1508759282.2983274,6968
query,1508759282.2983322,1508759282.4828088,1742
query,1508759282.4828124,1508759282.5422072,170
query,1508759282.5422237,1508759282.6498606,69
query,1508759282.6522408,1508759282.6882722,0
query,1508759282.6882758,1508759283.0734384,7598
query,1508759283.073442,1508759283.1200178,0
query,1508759283.1200216,1508759283.1976476,0
query,1508759283.1976514,1508759283.3901937,3963
query,1508759283.3901973,1508759283.4739082,221
query,1508759283.4739118,1508759283.5217605,0
query,1508759283.5217645,1508759283.6179836,1795
query,1508759283.617987,1508759283.695545,745
query,1508759283.6955485,1508759283.7979844,112
query,1508759283.7979884,1508759283.8460822,152
query,1508759283.8460863,1508759283.9580483,1868
query,1508759283.9580517,1508759284.0131419,629
query,1508759284.0131452,1508759284.0656643,718
query,1508759284.065668,1508759284.155586,978
query,1508759284.1555896,1508759284.2301018,71
query,1508759284.2301052,1508759284.2833118,34
query,1508759284.2833152,1508759284.343661,0
query,1508759284.343665,1508759284.410094,93
query,1508759284.4101095,1508759284.5577903,2891
query,1508759284.5603592,1508759284.608301,185
query,1508759284.608304,1508759284.658152,97
query,1508759284.658156,1508759284.710657,2
query,1508759284.7106602,1508759284.8659575,298
query,1508759284.8659616,1508759284.978044,2092
query,1508759284.9780476,1508759285.0538995,3
query,1508759285.053903,1508759285.2708633,3803
query,1508759285.2708669,1508759285.353866,125
query,1508759285.3538697,1508759285.3920844,0
query,1508759285.3920877,1508759285.4301066,16
query,1508759285.4301097,1508759285.5467508,3873
query,1508759285.5467541,1508759285.854455,3182
query,1508759285.8544583,1508759285.898978,1243
query,1508759285.8989813,1508759285.9751348,977
query,1508759285.9751382,1508759286.053419,318
query,1508759286.0534222,1508759286.113822,611
query,1508759286.1138253,1508759286.2390451,2570
query,1508759286.2390487,1508759286.2859728,2
query,1508759286.2859766,1508759286.3644943,409
query,1508759286.3645105,1508759286.51806,2354
query,1508759286.5213223,1508759286.5979617,26
query,1508759286.597965,1508759286.6755037,1
query,1508759286.675507,1508759286.8221128,2187
query,1508759286.8221164,1508759286.8980129,1186
query,1508759286.8980162,1508759286.9449506,467
query,1508759286.9449542,1508759287.0280626,2
query,1508759287.0280662,1508759287.1115472,81
query,1508759287.1115515,1508759287.185756,298
query,1508759287.1857598,1508759287.2557843,0
query,1508759287.2557878,1508759287.8476162,7954
query,1508759287.84762,1508759287.8911376,815
query,1508759287.8911407,1508759287.9689243,33
query,1508759287.9689279,1508759288.041889,91
query,1508759288.0418923,1508759288.163499,614
query,1508759288.1635025,1508759288.2539356,1609
query,1508759288.2539387,1508759288.390502,38
query,1508759288.3905053,1508759288.4805129,382
query,1508759288.480516,1508759288.598324,1770
query,1508759288.598328,1508759288.6825607,228
query,1508759288.682577,1508759288.7672157,56
query,1508759288.7697,1508759288.8737988,1773
query,1508759288.873802,1508759289.1063347,3505
query,1508759289.106338,1508759289.1763597,2151
query,1508759289.176363,1508759289.2603064,1737
query,1508759289.2603104,1508759289.4386158,3790
query,1508759289.43862,1508759289.5421245,1250
query,1508759289.5421278,1508759289.7099967,1413
query,1508759289.7100005,1508759289.9988248,2338
query,1508759289.9988282,1508759290.1835063,3090
query,1508759290.18351,1508759290.3292017,2688
query,1508759290.3292053,1508759290.8662984,2766
query,1508759290.866302,1508759290.9519475,1
query,1508759290.951951,1508759291.070191,176
query,1508759291.0701945,1508759291.1773562,366
query,1508759291.17736,1508759291.3938265,4211
query,1508759291.39383,1508759291.4744923,488
query,1508759291.4744956,1508759291.5544646,1
query,1508759291.554468,1508759291.8544154,7436
query,1508759291.854419,1508759291.9658928,1135
query,1508759291.9659095,1508759292.0457907,7
query,1508759292.0481544,1508759292.1218145,2
query,1508759292.121818,1508759292.194207,1338
query,1508759292.1942103,1508759292.2702827,75
query,1508759292.2702863,1508759292.3457677,72
query,1508759292.3457713,1508759292.4238377,0
query,1508759292.4238412,1508759292.4861484,1
query,1508759292.4861517,1508759292.8462303,6842
query,1508759292.8462338,1508759292.92801,0
query,1508759292.9280136,1508759293.0178905,993
query,1508759293.0178938,1508759293.0876803,1
query,1508759293.0876842,1508759293.5306356,2692
query,1508759293.5306394,1508759293.679363,452
query,1508759293.6793664,1508759293.8476448,0
query,1508759293.8476489,1508759294.1019516,3113
query,1508759294.1019552,1508759294.2359848,0
query,1508759294.2359884,1508759294.3351479,38
query,1508759294.335151,1508759294.417834,806
query,1508759294.417837,1508759294.502015,1437
query,1508759294.5020187,1508759294.5858152,1580
query,1508759294.5858305,1508759294.6592853,595
query,1508759294.6617303,1508759294.775505,1663
query,1508759294.7755086,1508759294.849919,1584
query,1508759294.8499227,1508759294.96639,1
query,1508759294.966394,1508759295.129345,2012
query,1508759295.1293485,1508759295.3539612,548
query,1508759295.3539655,1508759295.718089,6899
query,1508759295.7180934,1508759295.793957,327
query,1508759295.79396,1508759296.0268085,7028
query,1508759296.026812,1508759296.1027143,1132
query,1508759296.1027176,1508759296.207385,287
query,1508759296.2073884,1508759296.293989,40
query,1508759296.2939925,1508759296.3616207,0
query,1508759296.3616245,1508759296.4727604,428
query,1508759296.472764,1508759296.6675918,678
query,1508759296.6675966,1508759296.7945473,166
query,1508759296.794551,1508759296.885865,180
query,1508759296.8858685,1508759297.041916,1114
query,1508759297.0419195,1508759297.124339,184
query,1508759297.1243427,1508759297.209956,3
query,1508759297.2099712,1508759297.2681956,1222
query,1508759297.2711473,1508759297.3708282,9
query,1508759297.370832,1508759297.5018146,3417
query,1508759297.5018182,1508759297.5857484,23
query,1508759297.585752,1508759297.8076158,3837
query,1508759297.8076193,1508759297.9784446,3570
query,1508759297.9784482,1508759298.0982747,1742
query,1508759298.0982783,1508759298.2080164,133
query,1508759298.20802,1508759298.4625568,5035
query,1508759298.4625611,1508759298.5259132,388
query,1508759298.5259168,1508759298.6875076,2539
query,1508759298.6875112,1508759298.765349,0
query,1508759298.7653525,1508759298.8477466,0
query,1508759298.847751,1508759299.0300167,3840
query,1508759299.0300207,1508759299.088287,132
query,1508759299.0882905,1508759299.1617038,53
query,1508759299.161707,1508759299.226916,0
query,1508759299.2269197,1508759299.310868,587
query,1508759299.3108711,1508759299.4296024,712
query,1508759299.429606,1508759299.502201,1943
query,1508759299.5022175,1508759299.5746102,2
query,1508759299.5769835,1508759299.661974,405
query,1508759299.661978,1508759299.7733483,1888
query,1508759299.7733526,1508759299.86619,108
query,1508759299.866194,1508759300.0444765,2980
query,1508759300.0444796,1508759300.203395,2399
query,1508759300.2033987,1508759300.3297298,1484
query,1508759300.3297331,1508759300.3885844,0
query,1508759300.388588,1508759300.4741657,37
query,1508759300.4741695,1508759300.666116,2308
query,1508759300.6661196,1508759300.7778103,1291
query,1508759300.777814,1508759300.8547976,1069
query,1508759300.8548012,1508759300.962046,3
query,1508759300.9620497,1508759301.0378985,209
query,1508759301.0379019,1508759301.1756668,1972
query,1508759301.1756701,1508759301.3396063,1742
query,1508759301.3396099,1508759301.4840996,814
query,1508759301.484103,1508759301.6304827,1534
query,1508759301.6304867,1508759301.779008,1930
query,1508759301.7790112,1508759301.890135,388
query,1508759301.890151,1508759302.0381963,1536
query,1508759302.0405555,1508759302.1425545,6
query,1508759302.142558,1508759302.2619224,1092
query,1508759302.2619257,1508759302.4476569,2062
query,1508759302.4476604,1508759302.5625167,291
query,1508759302.56252,1508759302.6597552,0
query,1508759302.659759,1508759302.742678,1437
query,1508759302.7426813,1508759302.8938181,912
query,1508759302.8938215,1508759302.9602666,0
query,1508759302.96027,1508759303.094863,823
query,1508759303.0948668,1508759303.177764,560
query,1508759303.1777673,1508759303.3194883,0
query,1508759303.3194919,1508759303.4018166,63
query,1508759303.40182,1508759303.549769,156
query,1508759303.5497725,1508759303.6463134,25
query,1508759303.646317,1508759303.8143911,2023
query,1508759303.8143947,1508759303.9339328,148
query,1508759303.9339366,1508759304.036116,1
query,1508759304.0361192,1508759304.0841713,1
query,1508759304.0841744,1508759304.1342218,8
query,1508759304.1342378,1508759304.20569,2
query,1508759304.2080336,1508759304.8468192,7122
query,1508759304.846823,1508759304.92812,0
query,1508759304.9281237,1508759305.0358646,0
query,1508759305.0358682,1508759305.11401,66
query,1508759305.1140134,1508759305.1591523,600
query,1508759305.1591554,1508759305.2363825,604
query,1508759305.2363856,1508759305.3612545,2373
query,1508759305.3612585,1508759305.4236982,1747
query,1508759305.423702,1508759305.4713936,278
query,1508759305.471397,1508759305.5340898,1204
query,1508759305.5340934,1508759305.5825906,8
query,1508759305.5825934,1508759305.6260087,1956
query,1508759305.626012,1508759305.7150729,1005
query,1508759305.7150767,1508759305.7984602,1785
query,1508759305.7984643,1508759305.9540665,3785
query,1508759305.9540699,1508759306.0358074,37
query,1508759306.0358107,1508759306.109839,295
query,1508759306.1098423,1508759306.378992,2459
query,1508759306.378996,1508759306.78359,5498
query,1508759306.7836063,1508759306.846,10
query,1508759306.8485754,1508759306.978003,3191
query,1508759306.9780064,1508759307.0679998,0
query,1508759307.068004,1508759307.1821856,3
query,1508759307.182189,1508759307.2676287,0
query,1508759307.2676325,1508759307.3336601,358
query,1508759307.3336637,1508759307.4141061,1308
query,1508759307.4141095,1508759307.5014071,799
query,1508759307.5014105,1508759307.5859816,182
query,1508759307.5859854,1508759308.3822622,2809
query,1508759308.382266,1508759308.4580836,1442
query,1508759308.4580877,1508759308.5072062,2
query,1508759308.5072098,1508759308.5701418,2069
query,1508759308.5701454,1508759308.6820104,1804
query,1508759308.682014,1508759308.7577183,56
query,1508759308.757722,1508759308.901997,2289
query,1508759308.9020004,1508759309.011131,908
query,1508759309.0111344,1508759309.099441,0
query,1508759309.0994449,1508759309.2708583,3317
query,1508759309.2708614,1508759309.318174,21
query,1508759309.3181896,1508759309.3899071,5
query,1508759309.3922722,1508759309.5017905,6
query,1508759309.5017946,1508759309.5677686,16
query,1508759309.5677717,1508759309.6607437,1699
query,1508759309.660747,1508759309.763924,693
query,1508759309.7639275,1508759309.8821607,25
query,1508759309.8821642,1508759309.9617882,5
query,1508759309.9617918,1508759310.0385911,1426
query,1508759310.0385947,1508759310.150145,2105
query,1508759310.1501484,1508759310.259961,114
query,1508759310.2599642,1508759310.337987,1503
query,1508759310.3379905,1508759310.4500127,63
query,1508759310.450016,1508759310.5342848,0
query,1508759310.5342886,1508759310.6320033,1
query,1508759310.6320071,1508759310.7159104,0
query,1508759310.7159142,1508759310.8126144,4
query,1508759310.8126183,1508759311.0231824,1742
query,1508759311.0231862,1508759311.214248,0
query,1508759311.214252,1508759311.3096535,10
query,1508759311.309657,1508759311.380904,123
query,1508759311.3809204,1508759311.5114648,1039
query,1508759311.5139406,1508759311.6260662,1475
query,1508759311.6260695,1508759311.77233,1775
query,1508759311.7723331,1508759311.8820574,2090
query,1508759311.8820605,1508759311.9578109,13
query,1508759311.9578142,1508759312.027044,1281
query,1508759312.0270474,1508759312.1185043,1273
query,1508759312.118508,1508759312.2114089,4
query,1508759312.2114124,1508759312.345787,2030
query,1508759312.3457906,1508759312.4704425,916
query,1508759312.470446,1508759312.586465,1344
query,1508759312.5864685,1508759312.66209,752
query,1508759312.6620946,1508759312.8019202,1421
query,1508759312.8019238,1508759312.8867905,36
query,1508759312.8867936,1508759313.105367,5272
query,1508759313.1053705,1508759313.1542046,709
query,1508759313.154208,1508759313.2360132,0
query,1508759313.236017,1508759313.310616,107
query,1508759313.3106194,1508759313.3879602,0
query,1508759313.387964,1508759313.5397205,2647
query,1508759313.5397367,1508759313.7821205,3634
query,1508759313.784509,1508759313.8660767,768
query,1508759313.86608,1508759313.97778,103
query,1508759313.9777832,1508759314.061352,0
query,1508759314.0613558,1508759314.1458983,33
query,1508759314.1459017,1508759314.3832667,6650
query,1508759314.3832703,1508759314.5021627,2345
query,1508759314.5021663,1508759314.5502665,35
query,1508759314.5502694,1508759314.5921586,6
query,1508759314.5921617,1508759314.662443,1
query,1508759314.662446,1508759314.938059,2486
query,1508759314.9380627,1508759315.2581084,2279
query,1508759315.2581117,1508759315.434431,2734
query,1508759315.4344347,1508759315.512638,48
query,1508759315.5126421,1508759315.6366136,3284
query,1508759315.6366172,1508759315.7292247,0
query,1508759315.7292285,1508759315.8259637,42
query,1508759315.825967,1508759315.910443,151
query,1508759315.9104466,1508759316.0262268,2313
query,1508759316.0262303,1508759316.1021223,4
query,1508759316.1021383,1508759316.1441317,880
query,1508759316.1467006,1508759316.266344,2547
query,1508759316.2663472,1508759316.3502038,855
query,1508759316.3502073,1508759316.426223,940
query,1508759316.4262264,1508759316.5086927,585
query,1508759316.5086966,1508759316.558274,4
query,1508759316.5582771,1508759316.742212,4560
query,1508759316.7422159,1508759316.8862197,2286
query,1508759316.8862238,1508759317.0784473,3168
query,1508759317.0784507,1508759317.188593,46
query,1508759317.1885962,1508759317.2581303,701
query,1508759317.2581336,1508759317.298772,654
query,1508759317.2987761,1508759317.3655276,0
query,1508759317.3655314,1508759317.4481957,0
query,1508759317.4481993,1508759317.61822,3655
query,1508759317.6182232,1508759317.7383118,2273
query,1508759317.738315,1508759318.3581188,2666
query,1508759318.3581223,1508759318.4281971,0
query,1508759318.4282012,1508759318.5022166,372
query,1508759318.5022204,1508759318.7222743,4641
query,1508759318.7222898,1508759318.7978804,76
query,1508759318.8002775,1508759318.9500823,3358
query,1508759318.9500859,1508759319.0460317,2
query,1508759319.0460348,1508759319.1300333,6
query,1508759319.1300368,1508759319.2082567,0
query,1508759319.20826,1508759319.2920036,0
query,1508759319.292007,1508759319.5461628,4210
query,1508759319.5461664,1508759319.6203318,1035
query,1508759319.620335,1508759319.9014523,7081
query,1508759319.9014564,1508759319.9863603,2171
query,1508759319.9863634,1508759320.0344114,335
query,1508759320.0344155,1508759320.0824366,6
query,1508759320.0824397,1508759320.1582785,907
query,1508759320.1582818,1508759320.2341616,832
query,1508759320.2341652,1508759320.3459764,1077
query,1508759320.3459804,1508759320.4614646,3756
query,1508759320.461468,1508759320.5821123,317
query,1508759320.582116,1508759320.6579843,880
query,1508759320.6579878,1508759320.807425,2349
query,1508759320.8074284,1508759320.8833177,1237
query,1508759320.8833344,1508759321.173249,4209
query,1508759321.1756723,1508759321.3182347,1779
query,1508759321.3182387,1508759321.3602571,470
query,1508759321.3602607,1508759321.58635,2151
query,1508759321.5863538,1508759321.690223,786
query,1508759321.6902263,1508759321.810029,27
query,1508759321.8100324,1508759322.1022127,45
query,1508759322.102216,1508759322.250105,19
query,1508759322.2501085,1508759322.3261163,329
query,1508759322.3261197,1508759322.4018154,10
query,1508759322.401819,1508759322.5750794,4689
query,1508759322.575083,1508759322.6583395,16
query,1508759322.6583438,1508759322.7784042,1864
query,1508759322.7784083,1508759322.9261155,4156
query,1508759322.9261193,1508759323.0021522,309
query,1508759323.0021555,1508759323.07585,131
query,1508759323.0758538,1508759323.150045,35
query,1508759323.150049,1508759323.3055623,4056
query,1508759323.305566,1508759323.3923128,1
query,1508759323.392316,1508759323.443753,607
query,1508759323.4437685,1508759323.4993448,7
query,1508759323.501977,1508759323.5632243,1800
query,1508759323.5632274,1508759323.664182,520
query,1508759323.6641853,1508759323.7599416,0
query,1508759323.7599452,1508759324.2425926,4568
query,1508759324.242603,1508759324.3224676,500
query,1508759324.3224711,1508759324.3683255,0
query,1508759324.3683288,1508759324.4548085,84
query,1508759324.4548116,1508759324.5303388,1316
query,1508759324.530342,1508759324.8237555,2196
query,1508759324.8237588,1508759325.3023257,3952
query,1508759325.302329,1508759325.3911562,631
query,1508759325.3911598,1508759325.4740608,6
query,1508759325.4740646,1508759325.558027,13
query,1508759325.5580308,1508759325.6320703,1
query,1508759325.6320732,1508759325.7424686,2294
query,1508759325.7424746,1508759325.938074,1517
query,1508759325.938078,1508759326.2385502,2206
query,1508759326.2385538,1508759326.3181765,22
query,1508759326.3181798,1508759326.454123,101
query,1508759326.4541397,1508759326.5660079,19
query,1508759326.568327,1508759326.6553588,4
query,1508759326.6553626,1508759326.8156078,1
query,1508759326.8156114,1508759327.0834346,6832
query,1508759327.0834382,1508759327.1562395,50
query,1508759327.156243,1508759327.2403395,820
query,1508759327.2403433,1508759327.2915704,185
query,1508759327.2915735,1508759327.3817859,1511
query,1508759327.381789,1508759327.473886,2
query,1508759327.4738894,1508759327.5579538,51
query,1508759327.5579581,1508759327.6341224,1821
query,1508759327.6341255,1508759327.7460673,226
query,1508759327.7460709,1508759327.8071666,11
query,1508759327.8071702,1508759328.09774,4623
query,1508759328.097744,1508759328.161918,4
query,1508759328.1619217,1508759328.2446473,72
query,1508759328.2446513,1508759328.3421261,1389
query,1508759328.34213,1508759328.4182124,1554
query,1508759328.418216,1508759328.5338538,2519
query,1508759328.5338573,1508759328.7062516,2072
query,1508759328.7062683,1508759328.794134,9
query,1508759328.7971027,1508759328.895447,122
query,1508759328.8954506,1508759328.94237,187
query,1508759328.9423735,1508759329.010313,1997
query,1508759329.0103164,1508759329.0938497,1
query,1508759329.093853,1508759329.1784654,11
query,1508759329.1784692,1508759329.262431,1199
query,1508759329.2624342,1508759329.3074121,1082
query,1508759329.3074155,1508759329.5262897,3904
query,1508759329.5262935,1508759329.610341,1552
query,1508759329.610345,1508759329.7149436,895
query,1508759329.7149472,1508759329.846209,1828
query,1508759329.8462126,1508759330.038235,4806
query,1508759330.038239,1508759330.1142986,718
query,1508759330.1143022,1508759330.193694,5
query,1508759330.1936972,1508759330.2577136,8
query,1508759330.257717,1508759330.462215,2699
query,1508759330.4622185,1508759330.591604,1696
query,1508759330.5916073,1508759330.7500603,417
query,1508759330.7500637,1508759331.026735,3787
query,1508759331.0267513,1508759331.1105092,1
query,1508759331.1135592,1508759331.2621408,1015
query,1508759331.262145,1508759331.5468974,2968
query,1508759331.5469015,1508759331.6581926,2049
query,1508759331.658196,1508759331.867416,4295
query,1508759331.86742,1508759331.9375873,1430
query,1508759331.9375906,1508759331.9875944,16
query,1508759331.9875972,1508759332.082151,1314
query,1508759332.0821545,1508759332.1675909,0
query,1508759332.167595,1508759332.282295,518
query,1508759332.2822983,1508759332.9224951,2661
query,1508759332.9224985,1508759333.222228,3405
query,1508759333.2222323,1508759333.2961955,1
query,1508759333.2961993,1508759333.3794434,2
query,1508759333.3794465,1508759333.5683217,973
query,1508759333.568325,1508759333.6312006,87
query,1508759333.6312041,1508759333.7303147,996
query,1508759333.7303185,1508759333.8176248,255
query,1508759333.817628,1508759334.1146452,2962
query,1508759334.1146486,1508759334.3178024,2693
query,1508759334.3178186,1508759334.3752367,11
query,1508759334.3777418,1508759334.5144038,2165
query,1508759334.5144074,1508759334.5806181,386
query,1508759334.5806215,1508759334.6787,5
query,1508759334.678704,1508759334.9461198,3779
query,1508759334.9461231,1508759335.094163,3383
query,1508759335.0941665,1508759335.1453452,364
query,1508759335.145349,1508759335.2140992,200
query,1508759335.2141025,1508759335.2940707,2
query,1508759335.2940745,1508759335.379118,63
query,1508759335.3791215,1508759335.4982557,1559
query,1508759335.4982662,1508759335.5739863,17
query,1508759335.5739896,1508759335.7941742,1742
query,1508759335.794178,1508759335.8783367,128
query,1508759335.87834,1508759336.0982354,2373
query,1508759336.098239,1508759336.1616511,43
query,1508759336.1616545,1508759336.306572,8
query,1508759336.3065755,1508759336.423598,1120
query,1508759336.4236016,1508759336.5507472,6
query,1508759336.5507503,1508759336.7236578,2842
query,1508759336.7236738,1508759336.859531,1818
query,1508759336.8619642,1508759337.0298512,2919
query,1508759337.029855,1508759337.1584435,270
query,1508759337.1584475,1508759337.2941992,2458
query,1508759337.2942028,1508759337.3381603,64
query,1508759337.3381639,1508759337.5583043,4896
query,1508759337.5583076,1508759337.6959155,2613
query,1508759337.6959195,1508759337.73117,284
query,1508759337.731173,1508759337.8073463,426
query,1508759337.8073504,1508759337.8669574,0
query,1508759337.866961,1508759337.931823,0
query,1508759337.9318266,1508759337.971839,10
query,1508759337.9718425,1508759338.0493405,738
query,1508759338.0493448,1508759338.0864952,2
query,1508759338.0864995,1508759338.2938616,3482
query,1508759338.2938652,1508759338.3336272,1983
query,1508759338.3336303,1508759338.370248,249
query,1508759338.370252,1508759338.4383006,5
query,1508759338.4383042,1508759338.5394835,1279
query,1508759338.539487,1508759338.607847,205
query,1508759338.6078637,1508759338.7117379,66
query,1508759338.714264,1508759338.7913053,1549
query,1508759338.7913086,1508759339.0025544,4074
query,1508759339.002558,1508759339.1821828,6910
query,1508759339.1821866,1508759339.2262745,4
query,1508759339.2262783,1508759339.268072,710
query,1508759339.2680752,1508759339.3378649,4
query,1508759339.3378682,1508759339.425854,70
query,1508759339.4258575,1508759339.5383914,900
query,1508759339.5383947,1508759339.6180663,225
query,1508759339.6180696,1508759339.8270862,3726
query,1508759339.8270903,1508759340.0098588,1274
query,1508759340.0098624,1508759340.105745,8
query,1508759340.105749,1508759340.1906796,59
query,1508759340.1906826,1508759340.2661705,13
query,1508759340.2661738,1508759340.3434737,391
query,1508759340.343477,1508759340.491716,4
query,1508759340.4917197,1508759340.6340923,2
query,1508759340.634096,1508759340.7182243,2
query,1508759340.7182276,1508759340.8023765,556
query,1508759340.8023927,1508759340.8720703,0
query,1508759340.8735409,1508759340.9782903,1
query,1508759340.9782941,1508759341.0661678,17
query,1508759341.066171,1508759341.1500354,266
query,1508759341.1500385,1508759341.2318096,0
query,1508759341.2318132,1508759341.303878,0
query,1508759341.3038814,1508759341.342518,1
query,1508759341.3425212,1508759341.3880994,0
query,1508759341.388103,1508759341.4577427,1512
query,1508759341.4577465,1508759341.5260518,82
query,1508759341.526055,1508759341.666165,1681
query,1508759341.6661687,1508759341.7515068,14
query,1508759341.7515106,1508759341.8459842,7
query,1508759341.8459878,1508759341.9539416,15
query,1508759341.9539452,1508759342.0134697,19
query,1508759342.0134728,1508759342.062295,11
query,1508759342.062298,1508759342.1741304,481
query,1508759342.1741338,1508759342.2174368,52
query,1508759342.2174404,1508759342.3022327,2
query,1508759342.3022368,1508759342.4603868,3861
query,1508759342.4604018,1508759342.6611407,5136
query,1508759342.664088,1508759342.7278466,2
query,1508759342.7278502,1508759342.7757878,12
query,1508759342.7757912,1508759342.8904154,12
query,1508759342.8904188,1508759342.9849322,548
query,1508759342.9849358,1508759343.082165,2062
query,1508759343.082169,1508759343.1660776,878
query,1508759343.1660821,1508759343.286175,1650
query,1508759343.2861784,1508759343.3519225,0
query,1508759343.3519266,1508759343.4680197,9
query,1508759343.4680238,1508759343.5404124,16
query,1508759343.540416,1508759343.617969,469
query,1508759343.6179724,1508759343.7305422,1937
query,1508759343.7305458,1508759343.9026775,4022
query,1508759343.902681,1508759343.985084,221
query,1508759343.9850874,1508759344.0212486,0
query,1508759344.0212517,1508759344.1300426,34
query,1508759344.1300461,1508759344.4293244,5227
query,1508759344.429329,1508759344.742369,7517
query,1508759344.7423723,1508759344.8399296,0
query,1508759344.8399453,1508759344.9701462,485
query,1508759344.9725206,1508759345.0461855,31
query,1508759345.0461898,1508759345.114129,1285
query,1508759345.1141324,1508759345.270616,2192
query,1508759345.2706192,1508759345.3365328,113
query,1508759345.3365357,1508759345.5824761,2757
query,1508759345.5824804,1508759345.6999996,2304
query,1508759345.700003,1508759345.774219,61
query,1508759345.7742229,1508759345.8153124,162
query,1508759345.8153162,1508759345.8884363,290
query,1508759345.8884404,1508759346.2182927,7230
query,1508759346.218296,1508759346.2940586,7
query,1508759346.294062,1508759346.3661015,14
query,1508759346.3661053,1508759346.4863427,1294
query,1508759346.4863465,1508759346.6063662,6740
query,1508759346.6063693,1508759346.7181003,797
query,1508759346.7181041,1508759346.7939038,55
query,1508759346.7939079,1508759346.8940058,10
query,1508759346.894009,1508759346.9787,517
query,1508759346.9787035,1508759347.0542536,136
query,1508759347.0542705,1508759347.091616,158
query,1508759347.094096,1508759347.1683362,0
query,1508759347.1683402,1508759347.2306457,32
query,1508759347.2306495,1508759347.5702777,2628
query,1508759347.5702825,1508759348.4426835,2490
query,1508759348.4426873,1508759348.5263867,483
query,1508759348.5263903,1508759348.6298301,437
query,1508759348.6298337,1508759348.7356226,1
query,1508759348.735626,1508759348.81767,8
query,1508759348.8176732,1508759348.9261475,556
query,1508759348.9261506,1508759349.3144891,4909
query,1508759349.3144925,1508759349.3879807,0
query,1508759349.3879845,1508759349.4743905,296
query,1508759349.4743938,1508759349.5501788,1846
query,1508759349.5501823,1508759349.6258502,20
query,1508759349.6258535,1508759349.7101903,1791
query,1508759349.7101939,1508759349.7551136,1203
query,1508759349.755117,1508759349.8023384,530
query,1508759349.8023417,1508759349.853118,2240
query,1508759349.8531213,1508759349.9380827,3
query,1508759349.9380982,1508759350.042142,1912
query,1508759350.044651,1508759350.1160605,9
query,1508759350.1160636,1508759350.26639,3415
query,1508759350.2663932,1508759350.307803,2
query,1508759350.3078063,1508759350.3660486,29
query,1508759350.366052,1508759350.484311,0
query,1508759350.484315,1508759350.558029,35
query,1508759350.5580325,1508759350.6320143,14
query,1508759350.6320174,1508759350.706022,11
query,1508759350.7060256,1508759350.8021114,342
query,1508759350.8021145,1508759350.8562293,22
query,1508759350.856233,1508759351.0388122,310
query,1508759351.0388157,1508759351.2833161,4123
query,1508759351.2833195,1508759351.46289,3055
query,1508759351.4628935,1508759351.5160234,291
query,1508759351.5160275,1508759351.6296651,64
query,1508759351.6296685,1508759351.738259,1776
query,1508759351.7382627,1508759351.8621097,2542
query,1508759351.862113,1508759351.9463649,26
query,1508759351.9463687,1508759352.0289488,0
query,1508759352.0289657,1508759352.1101644,7
query,1508759352.1126826,1508759352.4503782,3076
query,1508759352.450382,1508759352.5375743,13
query,1508759352.5375774,1508759352.6137478,993
query,1508759352.6137512,1508759352.861914,3183
query,1508759352.8619175,1508759353.051441,2188
query,1508759353.0514448,1508759353.1483731,2
query,1508759353.148377,1508759353.2223465,1889
query,1508759353.22235,1508759353.2992551,2246
query,1508759353.2992585,1508759353.3552833,1
query,1508759353.3552866,1508759353.5580912,4148
query,1508759353.558095,1508759353.6029723,0
query,1508759353.6029756,1508759353.6661334,1984
query,1508759353.666137,1508759353.8216674,3559
query,1508759353.821671,1508759353.8945036,957
query,1508759353.8945074,1508759353.9581506,112
query,1508759353.958154,1508759354.0849106,2120
query,1508759354.084914,1508759354.132468,0
query,1508759354.1324718,1508759354.2550704,2571
query,1508759354.2550738,1508759354.5836794,5029
query,1508759354.5836966,1508759354.6271448,388
query,1508759354.63047,1508759354.942695,4269
query,1508759354.9426992,1508759355.314421,1581
query,1508759355.314425,1508759355.4263651,1230
query,1508759355.4263685,1508759355.4710286,1
query,1508759355.471032,1508759355.5675998,0
query,1508759355.5676036,1508759355.641208,10
query,1508759355.6412115,1508759355.8132277,2850
query,1508759355.8132312,1508759355.921992,2
query,1508759355.9219956,1508759356.0060647,9
query,1508759356.0060682,1508759356.0903432,551
query,1508759356.090347,1508759356.166061,2
query,1508759356.1660645,1508759356.2741814,1678
query,1508759356.274185,1508759356.4026718,1167
query,1508759356.4026752,1508759356.4912536,57
query,1508759356.491257,1508759356.5541265,1620
query,1508759356.55413,1508759356.6385243,778
query,1508759356.6385274,1508759356.9589458,5436
query,1508759356.9589493,1508759357.0423315,1560
query,1508759357.0423353,1508759357.1587582,261
query,1508759357.1587756,1508759357.2039807,475
query,1508759357.2065713,1508759357.290002,36
query,1508759357.2900052,1508759357.4141476,1747
query,1508759357.4141505,1508759357.52613,680
query,1508759357.526133,1508759357.6061513,1977
query,1508759357.6061544,1508759357.682033,1900
query,1508759357.682036,1508759357.793972,1521
query,1508759357.793975,1508759357.9121275,0
query,1508759357.9121308,1508759358.0461485,3023
query,1508759358.0461519,1508759358.1417925,2080
query,1508759358.141796,1508759358.3182108,4173
query,1508759358.3182142,1508759358.6423056,3636
query,1508759358.64231,1508759358.7257297,6
query,1508759358.7257335,1508759358.8021877,2052
query,1508759358.802191,1508759358.8865266,1197
query,1508759358.8865302,1508759358.9931915,1891
query,1508759358.9931953,1508759359.1565044,0
query,1508759359.1565082,1508759359.3784482,2411
query,1508759359.3784516,1508759359.4197993,0
query,1508759359.4198027,1508759359.5383196,6
query,1508759359.5383358,1508759359.882321,5533
query,1508759359.884728,1508759360.0626013,3571
query,1508759360.0626047,1508759360.144437,528
query,1508759360.1444404,1508759360.2360306,3
query,1508759360.236034,1508759360.318235,964
query,1508759360.3182383,1508759360.4260054,360
query,1508759360.4260082,1508759360.5463052,1780
query,1508759360.5463088,1508759360.6743252,331
query,1508759360.6743286,1508759360.8428013,3127
query,1508759360.842805,1508759360.950152,532
query,1508759360.9501557,1508759360.9990683,1606
query,1508759360.9990716,1508759361.3784673,2636
query,1508759361.3784707,1508759361.4551528,2034
query,1508759361.4551558,1508759361.5159295,0
query,1508759361.5159333,1508759361.6340904,2077
query,1508759361.634094,1508759361.7340686,1280
query,1508759361.7340713,1508759361.8181014,3
query,1508759361.818105,1508759361.89405,479
query,1508759361.8940537,1508759362.6060135,2800
query,1508759362.6060176,1508759362.7144165,1885
query,1508759362.7144334,1508759362.7901466,189
query,1508759362.792567,1508759362.8902602,2112
query,1508759362.8902636,1508759363.0501578,3947
query,1508759363.0501614,1508759363.2844002,4180
query,1508759363.2844033,1508759363.41589,1209
query,1508759363.4158938,1508759363.4961526,0
query,1508759363.4961565,1508759363.5681548,0
query,1508759363.5681593,1508759363.7143638,862
query,1508759363.714367,1508759363.7627041,1
query,1508759363.7627072,1508759363.8580885,282
query,1508759363.8580918,1508759363.9822807,290
query,1508759363.9822845,1508759364.0872893,962
query,1508759364.087293,1508759364.14803,0
query,1508759364.1480334,1508759364.198891,0
query,1508759364.1988945,1508759364.3147864,2039
query,1508759364.3147898,1508759364.3880877,0
query,1508759364.3880913,1508759364.5201719,0
query,1508759364.5201764,1508759364.6785758,844
query,1508759364.678579,1508759364.8706126,4960
query,1508759364.8706164,1508759364.943748,0
query,1508759364.9437644,1508759365.0020897,50
query,1508759365.004451,1508759365.0663116,1564
query,1508759365.066315,1508759365.1478066,0
query,1508759365.1478105,1508759365.2199578,0
query,1508759365.2199614,1508759365.303819,125
query,1508759365.3038218,1508759365.4021854,266
query,1508759365.4021893,1508759365.514363,57
query,1508759365.5143666,1508759365.6259708,971
query,1508759365.625974,1508759365.6980393,1993
query,1508759365.6980426,1508759365.7480066,1632
query,1508759365.7480106,1508759365.8101342,4
query,1508759365.8101375,1508759365.9194388,270
query,1508759365.9194422,1508759366.0478177,51
query,1508759366.0478213,1508759366.2503722,2344
query,1508759366.2503765,1508759366.322878,24
query,1508759366.3228822,1508759366.4879937,1890
query,1508759366.4879975,1508759366.6111429,824
query,1508759366.6111467,1508759366.7185147,20
query,1508759366.7185185,1508759366.818646,3
query,1508759366.8186495,1508759366.9392555,2685
query,1508759366.939271,1508759367.0025835,124
query,1508759367.0049691,1508759367.3426394,3861
query,1508759367.3426428,1508759367.5355177,3133
query,1508759367.5355215,1508759367.6061432,473
query,1508759367.6061463,1508759367.6579251,1430
query,1508759367.657928,1508759367.7181122,5
query,1508759367.7181153,1508759367.7588608,0
query,1508759367.758864,1508759367.8797176,2750
query,1508759367.8797212,1508759367.9760985,0
query,1508759367.9761026,1508759368.054301,769
query,1508759368.0543046,1508759368.1301956,1102
query,1508759368.1301992,1508759368.2060707,20
query,1508759368.206074,1508759368.2784464,228
query,1508759368.2784503,1508759368.466245,2581
query,1508759368.4662485,1508759368.5072517,373
query,1508759368.5072553,1508759368.582102,1106
query,1508759368.5821054,1508759368.6204467,900
query,1508759368.6204498,1508759368.6653192,0
query,1508759368.6653233,1508759368.8218002,72
query,1508759368.8218033,1508759368.8817606,312
query,1508759368.8817768,1508759368.9859889,1921
query,1508759368.9887617,1508759369.062402,42
query,1508759369.062405,1508759369.2485814,3736
query,1508759369.2485847,1508759369.419435,1048
query,1508759369.4194384,1508759369.5666485,4178
query,1508759369.5666523,1508759369.6792722,614
query,1508759369.6792755,1508759369.8464305,34
query,1508759369.846434,1508759369.927873,1
query,1508759369.9278762,1508759370.1353972,4672
query,1508759370.1354012,1508759370.2066069,487
query,1508759370.2066104,1508759370.3186347,1367
query,1508759370.3186383,1508759370.430759,13
query,1508759370.4307623,1508759370.5073788,1661
query,1508759370.5073824,1508759370.6259556,2823
query,1508759370.625959,1508759370.698331,3
query,1508759370.6983345,1508759370.8315132,668
query,1508759370.831517,1508759370.906745,201
query,1508759370.9067485,1508759371.0182474,574
query,1508759371.0182514,1508759371.1263227,769
query,1508759371.1263266,1508759371.2020998,439
query,1508759371.2021163,1508759371.388868,1979
query,1508759371.3914194,1508759371.5309374,13
query,1508759371.5309408,1508759371.6685014,3371
query,1508759371.6685047,1508759371.7527492,1073
query,1508759371.7527525,1508759371.8341508,839
query,1508759371.8341541,1508759371.906067,478
query,1508759371.9060702,1508759372.0344057,2316
query,1508759372.034409,1508759372.152258,2
query,1508759372.1522613,1508759372.226107,93
query,1508759372.2261102,1508759372.3024867,633
query,1508759372.3024905,1508759372.348561,181
query,1508759372.3485644,1508759372.450206,3
query,1508759372.4502094,1508759372.526379,43
query,1508759372.526383,1508759372.7823641,2619
query,1508759372.7823684,1508759372.8943434,1588
query,1508759372.8943472,1508759372.9711432,979
query,1508759372.971147,1508759373.1222775,2670
query,1508759373.1222808,1508759373.1771278,9
query,1508759373.177131,1508759373.2719414,593
query,1508759373.271945,1508759373.334215,2518
query,1508759373.3342316,1508759373.4923046,4073
query,1508759373.4948082,1508759373.6402705,0
query,1508759373.640274,1508759373.7227893,8
query,1508759373.722793,1508759373.8854644,3839
query,1508759373.8854675,1508759374.0413527,230
query,1508759374.041357,1508759374.1605875,1405
query,1508759374.160591,1508759374.2341363,1543
query,1508759374.23414,1508759374.3472607,2490
query,1508759374.3472638,1508759374.4361494,0
query,1508759374.4361534,1508759374.5223496,181
query,1508759374.5223532,1508759374.6002727,2002
query,1508759374.6002762,1508759374.6392312,1312
query,1508759374.6392343,1508759374.681648,0
query,1508759374.6816514,1508759374.778131,897
query,1508759374.778134,1508759374.8520107,0
query,1508759374.8520145,1508759374.9247818,135
query,1508759374.9247851,1508759374.9665616,1075
query,1508759374.966565,1508759375.0422883,4
query,1508759375.0422919,1508759375.1039674,0
query,1508759375.1039717,1508759375.615132,5638
query,1508759375.6151485,1508759375.8025248,738
query,1508759375.8049986,1508759375.9624305,1985
query,1508759375.9624338,1508759376.044039,242
query,1508759376.044043,1508759376.1650143,283
query,1508759376.165018,1508759376.2842455,0
query,1508759376.284249,1508759376.3712626,22
query,1508759376.3712661,1508759376.4946847,237
query,1508759376.494688,1508759376.5615377,0
query,1508759376.5615413,1508759376.6180398,709
query,1508759376.6180437,1508759376.9703271,6396
query,1508759376.970331,1508759377.0542572,38
query,1508759377.0542612,1508759377.1913455,2973
query,1508759377.191349,1508759377.6878366,6957
query,1508759377.6878402,1508759377.883807,66
query,1508759377.8838103,1508759377.998927,632
query,1508759377.998931,1508759378.4904432,2022
query,1508759378.4904466,1508759378.5710428,2154
query,1508759378.5710464,1508759378.6381772,215
query,1508759378.6381803,1508759378.8362274,4610
query,1508759378.836231,1508759378.9221935,971
query,1508759378.9222105,1508759379.1216803,2591
query,1508759379.12406,1508759379.1981182,76
query,1508759379.1981215,1508759379.2813413,1331
query,1508759379.2813451,1508759379.3782992,1213
query,1508759379.3783026,1508759379.4622574,1
query,1508759379.4622607,1508759379.5438468,2077
query,1508759379.5438504,1508759379.6524527,80
query,1508759379.6524563,1508759379.7217007,2
query,1508759379.721704,1508759380.0113652,4649
query,1508759380.011369,1508759380.0802534,1397
query,1508759380.080257,1508759380.1539633,8
query,1508759380.1539667,1508759380.2471745,148
query,1508759380.2471778,1508759380.3221374,30
query,1508759380.3221407,1508759380.3871202,1368
query,1508759380.3871233,1508759380.448023,0
query,1508759380.4480262,1508759380.5583827,1353
query,1508759380.5583858,1508759380.5965078,0
query,1508759380.596511,1508759380.6680093,863
query,1508759380.6680126,1508759380.7302296,959
query,1508759380.730233,1508759380.8502781,2211
query,1508759380.8502946,1508759380.922214,1532
query,1508759380.9245725,1508759380.9982772,1278
query,1508759380.9982808,1508759381.0724082,904
query,1508759381.0724118,1508759381.1125684,1163
query,1508759381.1125717,1508759381.153697,345
query,1508759381.1537004,1508759381.2239993,0
query,1508759381.2240028,1508759381.275227,53
query,1508759381.2752311,1508759381.4021962,991
query,1508759381.4021995,1508759381.5226564,2358
query,1508759381.5226598,1508759381.5638895,1
query,1508759381.5638926,1508759381.6084929,0
query,1508759381.6084964,1508759381.6801794,0
query,1508759381.6801832,1508759381.7784317,2257
query,1508759381.7784352,1508759381.8622446,13
query,1508759381.8622477,1508759381.974616,2747
query,1508759381.9746199,1508759382.0179648,0
query,1508759382.0179684,1508759382.112131,78
query,1508759382.1121345,1508759382.2222893,1119
query,1508759382.222293,1508759382.2622328,35
query,1508759382.2622359,1508759382.3039012,18
query,1508759382.3039172,1508759382.3424234,1690
query,1508759382.3448782,1508759382.4160564,0
query,1508759382.4160597,1508759382.4901698,7
query,1508759382.4901733,1508759382.5607219,1232
query,1508759382.5607257,1508759382.63806,1357
query,1508759382.6380637,1508759382.7104187,937
query,1508759382.7104218,1508759382.7821686,191
query,1508759382.7821724,1508759382.8643084,0
query,1508759382.8643115,1508759382.9661758,132
query,1508759382.9661796,1508759383.0418942,28
query,1508759383.0418975,1508759383.1140997,334
query,1508759383.114103,1508759383.2302363,45
query,1508759383.2302399,1508759383.354476,1683
query,1508759383.3544798,1508759383.466369,1971
query,1508759383.4663723,1508759383.5504317,1259
query,1508759383.5504355,1508759383.704287,178
query,1508759383.7042904,1508759383.8143048,406
query,1508759383.8143086,1508759383.9338973,1371
query,1508759383.9339008,1508759384.034327,1531
query,1508759384.0343304,1508759384.1303506,3
query,1508759384.1303673,1508759384.262516,1397
query,1508759384.2649655,1508759384.562201,2855
query,1508759384.5622048,1508759384.6365333,0
query,1508759384.6365373,1508759384.7484322,616
query,1508759384.7484357,1508759384.8652833,3021
query,1508759384.8652868,1508759385.3065429,2580
query,1508759385.3065464,1508759385.3901901,748
query,1508759385.3901935,1508759385.467922,1396
query,1508759385.467925,1508759385.5144393,798
query,1508759385.5144427,1508759385.5605993,0
query,1508759385.5606034,1508759385.7423935,1027
query,1508759385.7423966,1508759385.854284,6
query,1508759385.8542874,1508759385.9642243,0
query,1508759385.9642282,1508759386.035774,304
query,1508759386.0357773,1508759386.0814202,0
query,1508759386.0814235,1508759386.4744942,2677
query,1508759386.4744976,1508759386.810759,2044
query,1508759386.810763,1508759386.8485444,0
query,1508759386.8485475,1508759386.9202237,0
query,1508759386.920227,1508759387.0624497,2157
query,1508759387.062466,1508759387.1353235,2001
query,1508759387.138014,1508759387.2143195,32
query,1508759387.2143235,1508759387.2557797,114
query,1508759387.2557838,1508759387.336196,0
query,1508759387.3362005,1508759387.4149156,130
query,1508759387.4149199,1508759387.5228992,1282
query,1508759387.5229032,1508759387.93965,5132
query,1508759387.9396548,1508759388.2969682,3867
query,1508759388.296972,1508759388.6423542,5036
query,1508759388.6423578,1508759388.7122605,2
query,1508759388.7122636,1508759388.7979906,91
query,1508759388.797994,1508759388.8395433,469
query,1508759388.839546,1508759388.8784099,62
query,1508759388.878413,1508759389.022174,1799
query,1508759389.0221775,1508759389.1062248,213
query,1508759389.1062284,1508759389.1902804,1746
query,1508759389.1902838,1508759389.2358153,66
query,1508759389.2358184,1508759389.4673424,1858
query,1508759389.4673457,1508759389.5503502,641
query,1508759389.550354,1508759389.6625187,1337
query,1508759389.6625357,1508759389.7362158,0
query,1508759389.7376666,1508759389.8985167,2996
query,1508759389.8985202,1508759389.9788885,18
query,1508759389.978892,1508759390.1023495,9
query,1508759390.1023529,1508759390.1785657,497
query,1508759390.178569,1508759390.2468803,2
query,1508759390.2468836,1508759390.3257773,182
query,1508759390.3257809,1508759390.5383186,2001
query,1508759390.5383224,1508759390.7622366,2837
query,1508759390.76224,1508759390.9552543,2460
query,1508759390.9552577,1508759391.0303862,303
query,1508759391.0303895,1508759391.1062295,31
query,1508759391.1062326,1508759391.146501,2
query,1508759391.146504,1508759391.2662847,1973
query,1508759391.2662883,1508759391.3531997,780
query,1508759391.353203,1508759391.4380488,99
query,1508759391.438052,1508759391.5583813,1285
query,1508759391.5583851,1508759391.6702876,1358
query,1508759391.670291,1508759391.7500098,251
query,1508759391.750013,1508759391.8281403,164
query,1508759391.8281572,1508759391.9353979,731
query,1508759391.9387395,1508759392.0344,1690
query,1508759392.034404,1508759392.2984512,702
query,1508759392.2984548,1508759392.6342978,3947
query,1508759392.6343017,1508759392.7304218,1903
query,1508759392.7304256,1508759393.1139758,3078
query,1508759393.113979,1508759393.158174,17
query,1508759393.1581779,1508759393.2302854,1486
query,1508759393.2302892,1508759393.3193028,1
query,1508759393.3193066,1508759393.399399,326
query,1508759393.3994026,1508759393.6394303,2351
query,1508759393.6394343,1508759393.6955721,5
query,1508759393.6955757,1508759393.766371,1
query,1508759393.7663746,1508759393.8399444,35
query,1508759393.8399491,1508759393.987805,685
query,1508759393.987809,1508759394.1698372,3513
query,1508759394.1698406,1508759394.274395,2
query,1508759394.2743983,1508759394.3707309,1033
query,1508759394.370734,1508759394.4540973,404
query,1508759394.4541008,1508759394.5456228,17
query,1508759394.5456395,1508759394.738375,3488
query,1508759394.740724,1508759394.8141432,1
query,1508759394.8141465,1508759394.8996382,92
query,1508759394.8996413,1508759395.0022004,7
query,1508759395.0022047,1508759395.0427237,695
query,1508759395.042727,1508759395.1184309,1413
query,1508759395.1184342,1508759395.2662687,149
query,1508759395.266272,1508759395.3513963,44
query,1508759395.3514,1508759395.4460769,0
query,1508759395.4460807,1508759395.523747,1547
query,1508759395.5237508,1508759395.6184604,1733
query,1508759395.618464,1508759395.7010448,2022
query,1508759395.7010486,1508759395.8103063,2698
query,1508759395.81031,1508759395.9665425,3186
query,1508759395.9665465,1508759396.0334337,0
query,1508759396.0334373,1508759396.1263874,442
query,1508759396.126391,1508759396.2795732,1742
query,1508759396.2795773,1508759396.3667316,1802
query,1508759396.3667357,1508759396.4501607,1942
query,1508759396.4501643,1508759396.5645654,2570
