tables,1509244085.1806278,1509245968.0789692
query,1509245968.0794227,1509245968.172537,227
query,1509245968.1875696,1509245968.2775624,5693
query,1509245968.2775667,1509245968.402627,6475
query,1509245968.4026306,1509245968.4464307,2602
query,1509245968.4464343,1509245968.4723892,34
query,1509245968.4723926,1509245968.5136235,1817
query,1509245968.513627,1509245968.5384114,3
query,1509245968.538415,1509245968.5628448,184
query,1509245968.562848,1509245968.609007,1235
query,1509245968.6090107,1509245968.629095,208
query,1509245968.6290984,1509245968.8910043,2869
query,1509245968.8910086,1509245968.9332519,3262
query,1509245968.9332557,1509245969.0115974,2869
query,1509245969.0116017,1509245969.0679202,5391
query,1509245969.067924,1509245969.0954533,701
query,1509245969.0954561,1509245969.1501894,3701
query,1509245969.1501925,1509245969.1602175,0
query,1509245969.1602201,1509245969.2092986,2794
query,1509245969.2093024,1509245969.2351103,8
query,1509245969.2351131,1509245969.3013353,2890
query,1509245969.3013923,1509245969.3429074,2417
query,1509245969.3549094,1509245969.3900197,1585
query,1509245969.3900232,1509245969.4265125,2744
query,1509245969.426517,1509245969.4962034,7842
query,1509245969.4962075,1509245969.5240424,483
query,1509245969.5240462,1509245969.6074522,2869
query,1509245969.607456,1509245969.6991868,2869
query,1509245969.6991904,1509245969.7713826,2869
query,1509245969.7713866,1509245969.8474734,2869
query,1509245969.8474777,1509245969.9281797,2869
query,1509245969.9281843,1509245969.948618,1
query,1509245969.9486213,1509245969.9704187,11
query,1509245969.970422,1509245970.0242424,4292
query,1509245970.0242465,1509245970.0477192,61
query,1509245970.0477228,1509245970.1306655,6873
query,1509245970.1306696,1509245970.1716406,2086
query,1509245970.1716442,1509245970.1808355,0
query,1509245970.1808383,1509245970.2039356,331
query,1509245970.203939,1509245970.2368586,1668
query,1509245970.236862,1509245970.2609408,432
query,1509245970.2609842,1509245970.3692422,12829
query,1509245970.3811603,1509245970.449622,7608
query,1509245970.4496262,1509245970.5345025,11773
query,1509245970.5345073,1509245970.6896896,13985
query,1509245970.6896935,1509245970.716704,190
query,1509245970.7167075,1509245970.772278,7802
query,1509245970.772282,1509245970.837045,6628
query,1509245970.8370485,1509245970.9776087,14429
query,1509245970.9776132,1509245970.9884243,0
query,1509245970.988429,1509245971.000685,0
query,1509245971.00069,1509245971.0373719,2081
query,1509245971.0373755,1509245971.047945,0
query,1509245971.0479484,1509245971.1525664,12870
query,1509245971.1525702,1509245971.178103,717
query,1509245971.1781063,1509245971.2016408,100
query,1509245971.201644,1509245971.2237773,183
query,1509245971.2237804,1509245971.246395,446
query,1509245971.2463987,1509245971.3144467,12491
query,1509245971.3144505,1509245971.3424845,406
query,1509245971.342489,1509245971.3620224,6
query,1509245971.3620608,1509245971.379561,0
query,1509245971.3814974,1509245971.4058254,615
query,1509245971.405829,1509245971.5626857,13844
query,1509245971.562689,1509245971.6106102,6934
query,1509245971.6106138,1509245971.6229334,2
query,1509245971.6229367,1509245971.6472025,301
query,1509245971.6472056,1509245971.677548,2331
query,1509245971.6775508,1509245971.7930954,14845
query,1509245971.7930987,1509245971.8207347,807
query,1509245971.8207378,1509245971.842058,17
query,1509245971.842061,1509245971.8776872,2242
query,1509245971.8776913,1509245971.9761314,13319
query,1509245971.976136,1509245971.9838455,0
query,1509245971.9838493,1509245972.0114586,321
query,1509245972.011463,1509245972.0539138,3318
query,1509245972.053918,1509245972.121842,3858
query,1509245972.121846,1509245972.1323397,0
query,1509245972.132343,1509245972.1533463,9
query,1509245972.15335,1509245972.1743748,48
query,1509245972.174379,1509245972.1965578,417
query,1509245972.196601,1509245972.2360227,1750
query,1509245972.248248,1509245972.2689276,170
query,1509245972.2689312,1509245972.2919834,195
query,1509245972.2919872,1509245972.3082082,4
query,1509245972.3082113,1509245972.338192,2734
query,1509245972.3381956,1509245972.3619964,56
query,1509245972.3620002,1509245972.3691576,0
query,1509245972.3691604,1509245972.42476,4968
query,1509245972.4247642,1509245972.4518754,47
query,1509245972.4518795,1509245972.4829917,152
query,1509245972.482996,1509245972.5158014,1747
query,1509245972.515805,1509245972.5362067,252
query,1509245972.5362105,1509245972.5463345,2
query,1509245972.5463378,1509245972.5678756,13
query,1509245972.5678792,1509245972.5751452,0
query,1509245972.5751483,1509245972.6143959,2245
query,1509245972.6143997,1509245972.6556294,1396
query,1509245972.6556334,1509245972.6895459,3451
query,1509245972.6895814,1509245972.722412,2048
query,1509245972.7224169,1509245972.7938106,8731
query,1509245972.7938554,1509245972.8158453,1
query,1509245972.819852,1509245972.8573923,2275
query,1509245972.8573966,1509245972.89208,4617
query,1509245972.8920834,1509245972.91456,241
query,1509245972.9145634,1509245972.9342303,460
query,1509245972.9342341,1509245973.0110152,7878
query,1509245973.0110188,1509245973.1412902,14881
query,1509245973.141294,1509245973.1680067,490
query,1509245973.1680105,1509245973.1799135,2
query,1509245973.179917,1509245973.234161,7844
query,1509245973.234165,1509245973.2646043,78
query,1509245973.264609,1509245973.2901988,2191
query,1509245973.2902026,1509245973.3212874,821
query,1509245973.321292,1509245973.3437853,40
query,1509245973.3437903,1509245973.3700213,409
query,1509245973.3700252,1509245973.3921044,3
query,1509245973.3921084,1509245973.4184904,2351
query,1509245973.4184942,1509245973.5017178,11999
query,1509245973.501722,1509245973.5287511,35
query,1509245973.528755,1509245973.5499525,6
query,1509245973.5500095,1509245973.582468,6
query,1509245973.5946398,1509245973.6188502,664
query,1509245973.6188533,1509245973.6654067,7016
query,1509245973.66541,1509245973.674897,1
query,1509245973.6749005,1509245973.6973407,1417
query,1509245973.697345,1509245973.7208557,1977
query,1509245973.720859,1509245973.7379766,63
query,1509245973.7379797,1509245973.8388207,17412
query,1509245973.8388245,1509245973.8528986,38
query,1509245973.852902,1509245973.929212,15051
query,1509245973.9292154,1509245973.9508033,1193
query,1509245973.9508066,1509245974.0102017,7999
query,1509245974.010205,1509245974.034626,7
query,1509245974.0346293,1509245974.0573325,53
query,1509245974.0573359,1509245974.117299,8869
query,1509245974.1173027,1509245974.1388407,7
query,1509245974.138844,1509245974.1598575,84
query,1509245974.1598606,1509245974.1923475,3955
query,1509245974.192358,1509245974.2147748,7
query,1509245974.214778,1509245974.2498555,2959
query,1509245974.2498968,1509245974.290105,1066
query,1509245974.3038695,1509245974.3333497,1128
query,1509245974.333354,1509245974.3593807,743
query,1509245974.3593848,1509245974.4451294,6045
query,1509245974.4451334,1509245974.4863112,8713
query,1509245974.4863148,1509245974.6176116,18790
query,1509245974.617616,1509245974.6424394,156
query,1509245974.6424434,1509245974.6634429,27
query,1509245974.663446,1509245974.7231688,9854
query,1509245974.7231727,1509245974.7449534,313
query,1509245974.7449574,1509245974.7671788,515
query,1509245974.7671826,1509245974.7741854,0
query,1509245974.7741883,1509245974.7976632,35
query,1509245974.7976668,1509245974.822619,185
query,1509245974.822622,1509245974.8298597,0
query,1509245974.8298628,1509245974.854144,12
query,1509245974.8541481,1509245974.8800757,435
query,1509245974.8800797,1509245974.90825,2893
query,1509245974.9082534,1509245974.9915452,12006
query,1509245974.991549,1509245975.0752294,15696
query,1509245975.0752695,1509245975.1091137,535
query,1509245975.1217706,1509245975.1516957,2302
query,1509245975.1516995,1509245975.1964726,4082
query,1509245975.1964767,1509245975.226098,1182
query,1509245975.2261016,1509245975.2470503,18
query,1509245975.2470536,1509245975.268118,7
query,1509245975.268122,1509245975.2887034,795
query,1509245975.2887068,1509245975.375585,19212
query,1509245975.375589,1509245975.4018574,582
query,1509245975.4018605,1509245975.427501,208
query,1509245975.4275045,1509245975.4606476,2330
query,1509245975.4606516,1509245975.484166,1090
query,1509245975.4841692,1509245975.500734,86
query,1509245975.5007372,1509245975.5403168,6726
query,1509245975.540321,1509245975.5813584,6085
query,1509245975.5813627,1509245975.6436756,12910
query,1509245975.6436799,1509245975.6661212,123
query,1509245975.6661253,1509245975.680172,4
query,1509245975.6801758,1509245975.7044091,531
query,1509245975.7044127,1509245975.7363744,2461
query,1509245975.7364204,1509245975.759861,715
query,1509245975.7756603,1509245975.7968366,904
query,1509245975.7968404,1509245975.8135078,878
query,1509245975.813512,1509245975.8650904,13237
query,1509245975.8650944,1509245975.9068885,6208
query,1509245975.906892,1509245975.933124,4778
query,1509245975.933128,1509245975.9487617,1212
query,1509245975.9487655,1509245975.9548314,1
query,1509245975.9548342,1509245975.969038,5
query,1509245975.9690413,1509245976.0270379,15915
query,1509245976.027042,1509245976.0411472,274
query,1509245976.0411513,1509245976.0553186,448
query,1509245976.055323,1509245976.059987,0
query,1509245976.0599911,1509245976.075237,947
query,1509245976.0752409,1509245976.0800228,0
query,1509245976.0800266,1509245976.1385646,5049
query,1509245976.1385684,1509245976.182914,6576
query,1509245976.182918,1509245976.1975205,21
query,1509245976.1975236,1509245976.2274117,4607
query,1509245976.2274156,1509245976.3289387,14618
query,1509245976.3289819,1509245976.3559132,2540
query,1509245976.368067,1509245976.3840544,2
query,1509245976.3840578,1509245976.4153023,4545
query,1509245976.4153051,1509245976.4333072,611
query,1509245976.4333112,1509245976.470768,8802
query,1509245976.4707718,1509245976.5091047,7343
query,1509245976.5091083,1509245976.5630426,11114
query,1509245976.5630462,1509245976.577123,8
query,1509245976.577126,1509245976.582266,0
query,1509245976.5822687,1509245976.609335,2827
query,1509245976.6093383,1509245976.6267445,66
query,1509245976.6267478,1509245976.6477275,2458
query,1509245976.6477313,1509245976.7112465,12953
query,1509245976.7112513,1509245976.7243743,90
query,1509245976.7243774,1509245976.738187,512
query,1509245976.738191,1509245976.7681675,4667
query,1509245976.768171,1509245976.7803638,20
query,1509245976.7803667,1509245976.792779,11
query,1509245976.792782,1509245976.8072267,940
query,1509245976.80723,1509245976.8243928,248
query,1509245976.82443,1509245976.8463073,1283
query,1509245976.859187,1509245976.8720102,13
query,1509245976.8720138,1509245976.8881948,671
query,1509245976.8881984,1509245976.9013956,351
query,1509245976.9013987,1509245976.9299371,3709
query,1509245976.9299412,1509245977.0025768,14044
query,1509245977.0025811,1509245977.0327013,5261
query,1509245977.0327053,1509245977.09906,16285
query,1509245977.099064,1509245977.111715,43
query,1509245977.1117184,1509245977.1163485,0
query,1509245977.1163516,1509245977.145118,3231
query,1509245977.1451225,1509245977.1693785,3364
query,1509245977.1693835,1509245977.192015,16
query,1509245977.1920187,1509245977.221102,3639
query,1509245977.2211063,1509245977.2550542,3873
query,1509245977.2550583,1509245977.2668562,0
query,1509245977.26686,1509245977.3362138,13322
query,1509245977.3362186,1509245977.419977,18248
query,1509245977.4199815,1509245977.4381237,3
query,1509245977.4381278,1509245977.459356,10
query,1509245977.4593978,1509245977.4991157,3098
query,1509245977.5120747,1509245977.5685737,10258
query,1509245977.5685785,1509245977.5834432,100
query,1509245977.5834463,1509245977.6140165,5937
query,1509245977.61402,1509245977.684195,14596
query,1509245977.6841989,1509245977.7069116,2028
query,1509245977.706915,1509245977.7267041,2732
query,1509245977.7267077,1509245977.7313838,0
query,1509245977.7313867,1509245977.7443266,8
query,1509245977.744331,1509245977.7871609,9090
query,1509245977.7871647,1509245977.807419,954
query,1509245977.807423,1509245977.81673,1
query,1509245977.8167331,1509245977.8683174,10895
query,1509245977.8683217,1509245977.8796437,3
query,1509245977.8796475,1509245977.9231703,7765
query,1509245977.9231741,1509245977.965887,8179
query,1509245977.965891,1509245978.0123303,7555
query,1509245978.012335,1509245978.022333,0
query,1509245978.0223372,1509245978.0317402,0
query,1509245978.0317445,1509245978.0712657,2453
query,1509245978.0713124,1509245978.1424503,9479
query,1509245978.1543388,1509245978.176804,1444
query,1509245978.176808,1509245978.1842449,0
query,1509245978.1842484,1509245978.2191212,6069
query,1509245978.2191248,1509245978.2507029,2158
query,1509245978.2507064,1509245978.2729394,82
query,1509245978.2729433,1509245978.281055,0
query,1509245978.2810593,1509245978.3029153,48
query,1509245978.3029184,1509245978.4012916,18501
query,1509245978.4012954,1509245978.4097044,0
query,1509245978.4097075,1509245978.41731,0
query,1509245978.417313,1509245978.439671,18
query,1509245978.4396741,1509245978.4494467,0
query,1509245978.4494498,1509245978.4776318,786
query,1509245978.4776354,1509245978.5427983,4928
query,1509245978.5428019,1509245978.600617,9378
query,1509245978.600621,1509245978.6240485,78
query,1509245978.6240525,1509245978.670519,3648
query,1509245978.6705234,1509245978.6969402,6
query,1509245978.6969435,1509245978.7367077,4746
query,1509245978.7367487,1509245978.776384,6
query,1509245978.7885556,1509245978.8739228,12726
query,1509245978.8739266,1509245978.8985147,872
query,1509245978.8985186,1509245978.921557,1378
query,1509245978.92156,1509245978.953124,2428
query,1509245978.953128,1509245978.9765723,268
query,1509245978.976576,1509245979.0028267,947
query,1509245979.002831,1509245979.0613852,9823
query,1509245979.061389,1509245979.0898771,1450
query,1509245979.0898807,1509245979.1103845,178
query,1509245979.1103878,1509245979.141102,3154
query,1509245979.1411064,1509245979.172026,1136
query,1509245979.1720295,1509245979.2429125,12073
query,1509245979.2429166,1509245979.2708397,166
query,1509245979.2708437,1509245979.2792473,0
query,1509245979.2792513,1509245979.3010426,9
query,1509245979.3010464,1509245979.3084443,0
query,1509245979.3084474,1509245979.3359718,2644
query,1509245979.335976,1509245979.3720632,4131
query,1509245979.3720665,1509245979.416363,9089
query,1509245979.4164064,1509245979.4520936,49
query,1509245979.4658651,1509245979.4904735,651
query,1509245979.4904768,1509245979.5170007,1735
query,1509245979.5170043,1509245979.5745628,9825
query,1509245979.5745666,1509245979.6060965,2403
query,1509245979.6061008,1509245979.6284997,318
query,1509245979.628503,1509245979.6595874,3129
query,1509245979.6595912,1509245979.68933,3672
query,1509245979.6893342,1509245979.7188249,1763
query,1509245979.7188282,1509245979.7993274,15568
query,1509245979.7993312,1509245979.8043542,0
query,1509245979.8043575,1509245979.8228307,767
query,1509245979.822834,1509245979.8312485,0
query,1509245979.8312519,1509245979.8357317,0
query,1509245979.8357348,1509245979.8814034,11912
query,1509245979.8814087,1509245979.8966427,61
query,1509245979.8966467,1509245979.9416294,8283
query,1509245979.9416337,1509245979.9837036,9215
query,1509245979.9837081,1509245979.997707,0
query,1509245979.9977107,1509245980.010768,3
query,1509245980.0108106,1509245980.0616536,11263
query,1509245980.074369,1509245980.0969787,19
query,1509245980.0969822,1509245980.19897,19340
query,1509245980.1989741,1509245980.2692907,17606
query,1509245980.2692955,1509245980.291423,1562
query,1509245980.2914271,1509245980.3501296,10528
query,1509245980.3501344,1509245980.416836,10748
query,1509245980.4168406,1509245980.4316785,73
query,1509245980.4316819,1509245980.4480162,762
query,1509245980.4480207,1509245980.4804852,7168
query,1509245980.4804895,1509245980.5763898,17344
query,1509245980.5763936,1509245980.6359317,13781
query,1509245980.6359355,1509245980.6410627,0
query,1509245980.641067,1509245980.6626766,23
query,1509245980.6626801,1509245980.6894875,3398
query,1509245980.689492,1509245980.7143488,736
query,1509245980.7143536,1509245980.7364812,71
query,1509245980.7364848,1509245980.7624676,1518
query,1509245980.7624712,1509245980.7872305,770
query,1509245980.7872343,1509245980.8809571,14080
query,1509245980.8810055,1509245980.9157462,2992
query,1509245980.9314198,1509245981.0310552,19080
query,1509245981.0310595,1509245981.0464318,21
query,1509245981.0464354,1509245981.0549498,1
query,1509245981.0549529,1509245981.1189704,13874
query,1509245981.1189744,1509245981.1373618,1507
query,1509245981.1373663,1509245981.153233,521
query,1509245981.153237,1509245981.170942,999
query,1509245981.1709456,1509245981.184444,192
query,1509245981.1844475,1509245981.2247696,9507
query,1509245981.2247736,1509245981.3023195,14285
query,1509245981.3023236,1509245981.3345957,6701
query,1509245981.3346004,1509245981.3539777,2345
query,1509245981.3539822,1509245981.3645997,1
query,1509245981.3646028,1509245981.3917012,3748
query,1509245981.3917046,1509245981.4332156,4115
query,1509245981.433219,1509245981.4667742,4566
query,1509245981.466778,1509245981.4956043,272
query,1509245981.4956076,1509245981.5034652,0
query,1509245981.5034685,1509245981.5105712,0
query,1509245981.5106096,1509245981.5861087,17137
query,1509245981.6003876,1509245981.658363,11832
query,1509245981.6583674,1509245981.663314,0
query,1509245981.6633174,1509245981.6699362,0
query,1509245981.6699393,1509245981.68498,344
query,1509245981.6849833,1509245981.702776,1548
query,1509245981.702779,1509245981.7257168,3488
query,1509245981.7257214,1509245981.7487803,2615
query,1509245981.7487838,1509245981.76488,598
query,1509245981.7648833,1509245981.8084702,9084
query,1509245981.8084738,1509245981.8269854,1893
query,1509245981.8269897,1509245981.844095,1686
query,1509245981.8441002,1509245981.8566022,180
query,1509245981.8566058,1509245981.8965783,7669
query,1509245981.896582,1509245981.915072,3
query,1509245981.9150758,1509245981.94287,201
query,1509245981.9428732,1509245981.9684858,462
query,1509245981.9684904,1509245982.0444324,15497
query,1509245982.0444365,1509245982.049324,0
query,1509245982.0493271,1509245982.0639231,207
query,1509245982.0639634,1509245982.075413,0
query,1509245982.0768971,1509245982.0990734,145
query,1509245982.0990767,1509245982.1230338,60
query,1509245982.123037,1509245982.1531875,2380
query,1509245982.1531918,1509245982.2364001,12530
query,1509245982.236404,1509245982.2512782,702
query,1509245982.2512817,1509245982.2598119,1
query,1509245982.2598162,1509245982.277792,1873
query,1509245982.2777958,1509245982.294991,199
query,1509245982.2949948,1509245982.299438,0
query,1509245982.2994409,1509245982.3209662,3655
query,1509245982.32097,1509245982.3383255,38
query,1509245982.3383293,1509245982.3668926,258
query,1509245982.3668962,1509245982.4194973,8098
query,1509245982.419501,1509245982.4604948,6008
query,1509245982.4604983,1509245982.5094476,8575
query,1509245982.5094507,1509245982.553795,5280
query,1509245982.5537984,1509245982.5736253,9
query,1509245982.5736287,1509245982.580663,0
query,1509245982.580666,1509245982.628955,11057
query,1509245982.6289957,1509245982.6574535,2897
query,1509245982.67117,1509245982.68752,292
query,1509245982.6875238,1509245982.7033894,1512
query,1509245982.7033925,1509245982.7400615,5509
query,1509245982.7400653,1509245982.7506568,3
query,1509245982.750661,1509245982.8332577,19013
query,1509245982.8332613,1509245982.8514132,295
query,1509245982.8514168,1509245982.8629136,3
query,1509245982.862917,1509245982.8861074,4037
query,1509245982.8861115,1509245982.9442852,13132
query,1509245982.944289,1509245982.9687722,3350
query,1509245982.9687753,1509245983.005965,7295
query,1509245983.005968,1509245983.0299704,4
query,1509245983.0299742,1509245983.056977,57
query,1509245983.0569813,1509245983.0659893,3
query,1509245983.065993,1509245983.1093354,8708
query,1509245983.109339,1509245983.1507516,10087
query,1509245983.1507552,1509245983.1580367,1
query,1509245983.15804,1509245983.1706033,222
query,1509245983.1706064,1509245983.1873639,5
query,1509245983.1874025,1509245983.2128143,2499
query,1509245983.2253816,1509245983.2437558,130
query,1509245983.2437596,1509245983.2940543,6724
query,1509245983.2940588,1509245983.3127437,1685
query,1509245983.3127468,1509245983.3252583,78
query,1509245983.3252614,1509245983.3990953,19024
query,1509245983.3990986,1509245983.4571707,12863
query,1509245983.4571745,1509245983.4905756,1547
query,1509245983.4905798,1509245983.520929,1083
query,1509245983.5209332,1509245983.5287561,0
query,1509245983.5287592,1509245983.5464685,25
query,1509245983.5464725,1509245983.5636356,87
query,1509245983.5636387,1509245983.5857913,1596
query,1509245983.585795,1509245983.6073694,1807
query,1509245983.6073725,1509245983.6368713,5823
query,1509245983.636875,1509245983.6426063,0
query,1509245983.6426096,1509245983.6523168,0
query,1509245983.6523201,1509245983.731831,12505
query,1509245983.7318354,1509245983.7407541,2
query,1509245983.740758,1509245983.7548344,55
query,1509245983.7548735,1509245983.7997296,7702
query,1509245983.8118222,1509245983.8259537,66
query,1509245983.8259573,1509245983.8387635,31
query,1509245983.8387668,1509245983.8541021,211
query,1509245983.854106,1509245983.8689485,615
query,1509245983.8689523,1509245983.8840542,997
query,1509245983.8840573,1509245983.898985,563
query,1509245983.8989882,1509245983.9189765,2471
query,1509245983.9189801,1509245983.9335358,215
query,1509245983.9335399,1509245983.9581218,2257
query,1509245983.958125,1509245984.0008922,5641
query,1509245984.0008967,1509245984.0087366,3
query,1509245984.00874,1509245984.058411,12335
query,1509245984.058415,1509245984.0654454,0
query,1509245984.0654488,1509245984.1171749,12284
query,1509245984.1171787,1509245984.1836166,17756
query,1509245984.1836205,1509245984.2437215,12229
query,1509245984.2437253,1509245984.2838619,9084
query,1509245984.2838662,1509245984.2889931,0
query,1509245984.2889965,1509245984.3121057,2608
query,1509245984.3121488,1509245984.3454216,5706
query,1509245984.357643,1509245984.3737495,186
query,1509245984.3737538,1509245984.3895044,121
query,1509245984.3895085,1509245984.4037373,240
query,1509245984.4037414,1509245984.4191494,89
query,1509245984.4191532,1509245984.4661586,9753
query,1509245984.4661624,1509245984.5319862,14799
query,1509245984.5319903,1509245984.551207,590
query,1509245984.5512109,1509245984.5634212,119
query,1509245984.5634255,1509245984.5797598,1055
query,1509245984.5797634,1509245984.5937767,766
query,1509245984.5937798,1509245984.606127,153
query,1509245984.60613,1509245984.6206348,230
query,1509245984.6206384,1509245984.6977654,18284
query,1509245984.6977696,1509245984.7180026,468
query,1509245984.7180066,1509245984.739656,1167
query,1509245984.7396607,1509245984.762391,2795
query,1509245984.7623956,1509245984.775676,112
query,1509245984.7756793,1509245984.7958403,913
query,1509245984.7958434,1509245984.8172984,3245
query,1509245984.8173416,1509245984.848443,3186
query,1509245984.8610814,1509245984.905557,11399
query,1509245984.905561,1509245984.9382157,3791
query,1509245984.9382195,1509245984.9540122,507
query,1509245984.954016,1509245984.971103,1835
query,1509245984.9711072,1509245984.9813013,2
query,1509245984.9813042,1509245984.9856935,0
query,1509245984.9856968,1509245984.9979465,84
query,1509245984.9979494,1509245985.0479064,12582
query,1509245985.0479105,1509245985.061613,516
query,1509245985.0616164,1509245985.0986874,7883
query,1509245985.0986907,1509245985.1221611,3202
query,1509245985.1221642,1509245985.1900518,17561
query,1509245985.1900556,1509245985.1951904,0
query,1509245985.1951942,1509245985.2141864,11
query,1509245985.2141912,1509245985.2501447,5005
query,1509245985.250149,1509245985.2656326,886
query,1509245985.2656367,1509245985.2973528,4234
query,1509245985.2973568,1509245985.3159573,1154
query,1509245985.3159606,1509245985.362957,8571
query,1509245985.3629959,1509245985.3736665,1
query,1509245985.3760777,1509245985.417321,8435
query,1509245985.4173245,1509245985.4317017,181
query,1509245985.431705,1509245985.4465113,305
query,1509245985.4465148,1509245985.4653516,1832
query,1509245985.4653547,1509245985.4821026,504
query,1509245985.4821057,1509245985.520197,8994
query,1509245985.5202005,1509245985.5372348,1030
query,1509245985.5372381,1509245985.587119,11344
query,1509245985.5871227,1509245985.6025286,470
query,1509245985.602532,1509245985.6701622,17321
query,1509245985.6701672,1509245985.752429,13354
query,1509245985.752433,1509245985.761448,4
query,1509245985.7614512,1509245985.7737062,91
query,1509245985.77371,1509245985.7863412,101
query,1509245985.7863448,1509245985.8557212,17772
query,1509245985.8557253,1509245985.9187226,13710
query,1509245985.9187264,1509245985.9814825,15677
query,1509245985.9814858,1509245985.9973648,143
query,1509245985.9973679,1509245986.0456822,10924
query,1509245986.0457244,1509245986.055457,0
query,1509245986.0567503,1509245986.1023319,10286
query,1509245986.1023352,1509245986.116888,568
query,1509245986.1168919,1509245986.1260703,1
query,1509245986.1260736,1509245986.1553872,5790
query,1509245986.155391,1509245986.1680374,5
query,1509245986.168041,1509245986.1924589,4855
query,1509245986.192463,1509245986.205337,50
query,1509245986.2053401,1509245986.266952,15482
query,1509245986.2669566,1509245986.3204885,11831
query,1509245986.3204925,1509245986.3378675,1856
query,1509245986.3378708,1509245986.3762772,8446
query,1509245986.3762813,1509245986.388616,3
query,1509245986.3886192,1509245986.4446337,12180
query,1509245986.4446378,1509245986.4620163,276
query,1509245986.4620202,1509245986.4782696,573
query,1509245986.4782739,1509245986.5018492,2590
query,1509245986.5018532,1509245986.5131974,6
query,1509245986.513201,1509245986.5216124,1
query,1509245986.521616,1509245986.5400715,513
query,1509245986.5401108,1509245986.5742118,3596
query,1509245986.5865958,1509245986.604429,1054
query,1509245986.6044326,1509245986.620684,1500
query,1509245986.620687,1509245986.6468127,3621
query,1509245986.6468167,1509245986.667875,405
query,1509245986.6678793,1509245986.6750162,0
query,1509245986.6750195,1509245986.7261264,7458
query,1509245986.7261302,1509245986.7501783,395
query,1509245986.750182,1509245986.8464868,14471
query,1509245986.8464906,1509245986.8704283,745
query,1509245986.870432,1509245986.8949637,210
query,1509245986.8949676,1509245986.9244332,1019
query,1509245986.924437,1509245987.0041983,9366
query,1509245987.0042038,1509245987.0729551,13574
query,1509245987.0729594,1509245987.0951495,64
query,1509245987.0951536,1509245987.123168,396
query,1509245987.1231716,1509245987.1515632,1385
query,1509245987.151567,1509245987.194669,3828
query,1509245987.1946728,1509245987.2258291,2243
query,1509245987.2258332,1509245987.2423215,4
query,1509245987.2423656,1509245987.2691512,6
query,1509245987.2813005,1509245987.30486,639
query,1509245987.3048635,1509245987.346733,5919
query,1509245987.3467371,1509245987.4031534,10051
query,1509245987.403157,1509245987.428674,1358
query,1509245987.4286778,1509245987.490206,7846
query,1509245987.4902096,1509245987.5125422,12
query,1509245987.5125453,1509245987.6088514,14160
query,1509245987.6088634,1509245987.6361535,1266
query,1509245987.636157,1509245987.6701646,3962
query,1509245987.6701694,1509245987.7017095,181
query,1509245987.7017133,1509245987.7443442,6704
query,1509245987.744348,1509245987.7878635,6863
query,1509245987.7878685,1509245987.8211012,2308
query,1509245987.8211052,1509245987.8628287,5977
query,1509245987.8628323,1509245987.9408245,9799
query,1509245987.9408283,1509245987.9670208,465
query,1509245987.9670243,1509245988.0244074,9792
query,1509245988.0244107,1509245988.0615873,3420
query,1509245988.0615914,1509245988.0718093,0
query,1509245988.0718632,1509245988.087922,1
query,1509245988.09592,1509245988.1033902,0
query,1509245988.1033938,1509245988.1271477,196
query,1509245988.1271524,1509245988.157244,1705
query,1509245988.1572478,1509245988.1814435,1930
query,1509245988.181447,1509245988.206832,56
query,1509245988.2068348,1509245988.2284803,13
query,1509245988.2284837,1509245988.283808,15491
query,1509245988.283812,1509245988.3081105,1354
query,1509245988.3081136,1509245988.3176515,1
query,1509245988.3176541,1509245988.3492303,1755
query,1509245988.349234,1509245988.3746128,632
query,1509245988.3746161,1509245988.3858905,2
query,1509245988.385894,1509245988.4688833,13445
query,1509245988.4688888,1509245988.492903,1065
query,1509245988.4929063,1509245988.5139909,3
query,1509245988.5139942,1509245988.55005,2894
query,1509245988.5500536,1509245988.57211,209
query,1509245988.5721133,1509245988.6192026,9668
query,1509245988.6192062,1509245988.641898,806
query,1509245988.6419387,1509245988.6886435,5105
query,1509245988.7006521,1509245988.7140362,30
query,1509245988.71404,1509245988.7646844,10179
query,1509245988.764688,1509245988.785852,1388
query,1509245988.7858558,1509245988.8005834,479
query,1509245988.8005867,1509245988.8103511,3
query,1509245988.8103545,1509245988.8234563,12
query,1509245988.8234599,1509245988.8367755,17
query,1509245988.8367794,1509245988.8467705,2
query,1509245988.846774,1509245988.863164,122
query,1509245988.8631675,1509245988.898471,4468
query,1509245988.8984752,1509245988.912024,41
query,1509245988.9120274,1509245988.993205,15118
query,1509245988.9932091,1509245989.0225697,597
query,1509245989.0225737,1509245989.0496323,219
query,1509245989.0496364,1509245989.0621347,1
query,1509245989.0621383,1509245989.1058588,8468
query,1509245989.1058624,1509245989.1407647,4041
query,1509245989.140768,1509245989.1745992,2988
query,1509245989.174603,1509245989.2823331,6385
query,1509245989.282375,1509245989.302999,81
query,1509245989.316311,1509245989.3339424,262
query,1509245989.3339467,1509245989.3607569,5606
query,1509245989.3607602,1509245989.3844275,4142
query,1509245989.3844314,1509245989.3892083,0
query,1509245989.3892112,1509245989.4811726,14619
query,1509245989.4811764,1509245989.496366,146
query,1509245989.49637,1509245989.5088995,83
query,1509245989.508903,1509245989.5193274,4
query,1509245989.5193307,1509245989.5339422,209
query,1509245989.5339456,1509245989.5465853,13
query,1509245989.546589,1509245989.6172109,16340
query,1509245989.617215,1509245989.6736453,12774
query,1509245989.6736495,1509245989.678492,0
query,1509245989.6784954,1509245989.6851718,2
query,1509245989.685175,1509245989.71992,8476
query,1509245989.7199233,1509245989.749628,6172
query,1509245989.749632,1509245989.7740786,4609
query,1509245989.774083,1509245989.7828991,1
query,1509245989.7829025,1509245989.800427,701
query,1509245989.80047,1509245989.855232,15610
query,1509245989.8682687,1509245989.9175758,10978
query,1509245989.9175801,1509245989.9380805,2372
query,1509245989.938084,1509245990.0319905,15151
query,1509245990.0319948,1509245990.0483186,623
query,1509245990.0483222,1509245990.0973315,11912
query,1509245990.0973353,1509245990.1104662,123
query,1509245990.11047,1509245990.1147192,0
query,1509245990.1147218,1509245990.1316154,876
query,1509245990.1316202,1509245990.1988425,9594
query,1509245990.1988463,1509245990.2894015,13148
query,1509245990.2894056,1509245990.3059084,179
query,1509245990.3059118,1509245990.3568254,11069
query,1509245990.3568296,1509245990.4243364,18701
query,1509245990.4243405,1509245990.4727578,10132
query,1509245990.4727623,1509245990.5364385,12837
query,1509245990.5364425,1509245990.5608406,685
query,1509245990.560845,1509245990.5877995,3372
query,1509245990.587804,1509245990.5960333,0
query,1509245990.5960374,1509245990.6318493,6206
query,1509245990.6318882,1509245990.6647089,68
query,1509245990.6778705,1509245990.7218506,6316
query,1509245990.721854,1509245990.7416615,15
query,1509245990.741665,1509245990.7757094,3240
query,1509245990.7757132,1509245990.8141248,4402
query,1509245990.8141294,1509245990.8557389,6174
query,1509245990.8557425,1509245990.9194405,16235
query,1509245990.9194438,1509245990.9621358,6820
query,1509245990.9621398,1509245991.0139494,12230
query,1509245991.0139527,1509245991.047802,5219
query,1509245991.0478058,1509245991.1258414,6327
query,1509245991.125846,1509245991.1393003,23
query,1509245991.1393042,1509245991.155272,29
query,1509245991.1552758,1509245991.2312686,9926
query,1509245991.2312725,1509245991.2400007,1
query,1509245991.2400036,1509245991.3296192,14746
query,1509245991.329623,1509245991.3634694,7780
query,1509245991.3634744,1509245991.4264147,16053
query,1509245991.4264185,1509245991.491755,13055
query,1509245991.4917595,1509245991.5240142,6102
query,1509245991.5240533,1509245991.5871298,11211
query,1509245991.6006258,1509245991.6131604,4
query,1509245991.6131642,1509245991.6282609,10
query,1509245991.6282644,1509245991.648683,2970
query,1509245991.648687,1509245991.692138,7387
query,1509245991.6921415,1509245991.7473521,6791
query,1509245991.7473555,1509245991.8060708,11642
query,1509245991.8060744,1509245991.8296087,373
query,1509245991.8296118,1509245991.844882,320
query,1509245991.8448856,1509245991.8533866,0
query,1509245991.8533897,1509245991.9259295,11978
query,1509245991.9259331,1509245991.9349449,1
query,1509245991.9349477,1509245991.950195,57
query,1509245991.9501982,1509245991.9879262,8897
query,1509245991.987929,1509245992.0121062,1704
query,1509245992.0121102,1509245992.095895,17057
query,1509245992.0958989,1509245992.1144311,46
query,1509245992.1144345,1509245992.2114358,14910
query,1509245992.2114396,1509245992.2605927,5734
query,1509245992.260597,1509245992.302139,2824
query,1509245992.302177,1509245992.3645248,7958
query,1509245992.3768573,1509245992.4138956,223
query,1509245992.4138997,1509245992.4552739,5280
query,1509245992.455278,1509245992.4802217,12
query,1509245992.4802258,1509245992.5250268,3733
query,1509245992.5250306,1509245992.574348,8372
query,1509245992.5743527,1509245992.6154976,6323
query,1509245992.6155019,1509245992.6395059,137
query,1509245992.6395097,1509245992.7378747,16437
query,1509245992.737879,1509245992.7551606,1807
query,1509245992.7551644,1509245992.769962,8
query,1509245992.7699656,1509245992.819882,9306
query,1509245992.819886,1509245992.8950906,10504
query,1509245992.8950963,1509245992.9255795,1055
query,1509245992.9255836,1509245992.938909,2
query,1509245992.9389129,1509245992.9633722,108
query,1509245992.963376,1509245992.9898982,1443
query,1509245992.989902,1509245993.0158079,1439
query,1509245993.0158114,1509245993.0451384,1570
query,1509245993.0451422,1509245993.0987544,8659
query,1509245993.0988007,1509245993.1597703,3792
query,1509245993.1732857,1509245993.2145047,4491
query,1509245993.2145083,1509245993.271505,9788
query,1509245993.271509,1509245993.3139522,5457
query,1509245993.3139563,1509245993.3367286,156
query,1509245993.3367324,1509245993.3603218,46
query,1509245993.3603258,1509245993.3819728,15
query,1509245993.3819764,1509245993.4234931,5218
query,1509245993.423498,1509245993.4805818,10754
query,1509245993.4805858,1509245993.6031961,18674
query,1509245993.6032007,1509245993.6978896,15754
query,1509245993.6978946,1509245993.742556,8948
query,1509245993.7425601,1509245993.8130639,15185
query,1509245993.8130684,1509245993.8208406,0
query,1509245993.8208444,1509245993.8530881,4054
query,1509245993.8530927,1509245993.883344,1527
query,1509245993.883348,1509245993.9438488,8856
query,1509245993.943854,1509245993.9896085,5711
query,1509245993.9896486,1509245994.011024,24
query,1509245994.011028,1509245994.038865,2324
query,1509245994.0389042,1509245994.0760953,271
query,1509245994.0913591,1509245994.1436646,7258
query,1509245994.1436684,1509245994.180263,2464
query,1509245994.1802673,1509245994.2165391,4363
query,1509245994.2165425,1509245994.2378232,9
query,1509245994.2378268,1509245994.2676508,1327
query,1509245994.2676551,1509245994.342074,17592
query,1509245994.3420775,1509245994.3630097,1028
query,1509245994.3630133,1509245994.4425218,9307
query,1509245994.4425268,1509245994.4689748,7
query,1509245994.4689782,1509245994.5108747,5901
query,1509245994.510879,1509245994.5510845,6127
query,1509245994.551088,1509245994.5671408,2
query,1509245994.5671449,1509245994.6176474,8467
query,1509245994.6176517,1509245994.6249788,0
query,1509245994.6249819,1509245994.648551,123
query,1509245994.6485548,1509245994.6938794,9182
query,1509245994.693883,1509245994.7167466,114
query,1509245994.7167501,1509245994.7917612,13271
query,1509245994.7917652,1509245994.9147713,15469
query,1509245994.9148128,1509245994.9682,3627
query,1509245994.9814641,1509245995.0088105,164
query,1509245995.0088146,1509245995.0324864,93
query,1509245995.0324898,1509245995.0542054,15
query,1509245995.054253,1509245995.076893,6
query,1509245995.0768964,1509245995.0961108,8
query,1509245995.096114,1509245995.1240442,889
query,1509245995.1240482,1509245995.1757066,7347
query,1509245995.1757104,1509245995.1831667,0
query,1509245995.18317,1509245995.2053132,17
query,1509245995.2053485,1509245995.2295818,4
query,1509245995.2295854,1509245995.2689798,6998
query,1509245995.2689834,1509245995.3653665,15835
query,1509245995.3653708,1509245995.4362438,11703
query,1509245995.436247,1509245995.4498713,3
query,1509245995.4498744,1509245995.5562105,18164
query,1509245995.556215,1509245995.578696,892
query,1509245995.5787,1509245995.6004636,459
query,1509245995.600468,1509245995.650038,3475
query,1509245995.6500416,1509245995.7039785,9986
query,1509245995.7040174,1509245995.745519,3294
query,1509245995.7577662,1509245995.8024125,10215
query,1509245995.802416,1509245995.8445582,9012
query,1509245995.844562,1509245995.8495562,0
query,1509245995.8495595,1509245995.9351835,18641
query,1509245995.9351876,1509245995.9485512,242
query,1509245995.9485548,1509245995.9801908,5340
query,1509245995.9801943,1509245996.0029204,3887
query,1509245996.002924,1509245996.0314949,4737
query,1509245996.0314984,1509245996.0505075,2378
query,1509245996.0505118,1509245996.0658662,16
query,1509245996.06587,1509245996.079277,454
query,1509245996.0792804,1509245996.1120305,7056
query,1509245996.112034,1509245996.1244497,1
query,1509245996.1244535,1509245996.1742792,8045
query,1509245996.174283,1509245996.2095037,4614
query,1509245996.2095075,1509245996.231644,127
query,1509245996.2316475,1509245996.2477324,5
query,1509245996.2477362,1509245996.2876375,7245
query,1509245996.2876413,1509245996.2946384,0
query,1509245996.2946773,1509245996.3199365,3221
query,1509245996.3333695,1509245996.3619027,4495
query,1509245996.361907,1509245996.3784075,211
query,1509245996.3784113,1509245996.4297433,11442
query,1509245996.4297473,1509245996.4389217,0
query,1509245996.4389248,1509245996.509697,10985
query,1509245996.5097008,1509245996.536273,532
query,1509245996.5362775,1509245996.558526,75
query,1509245996.5585296,1509245996.5851955,1490
query,1509245996.585199,1509245996.613627,1737
query,1509245996.6136312,1509245996.7661839,6386
query,1509245996.7661881,1509245996.8825731,16534
query,1509245996.882577,1509245996.9080925,272
query,1509245996.9080973,1509245996.94104,4161
query,1509245996.941044,1509245996.9613378,1433
query,1509245996.961342,1509245996.9820921,1949
query,1509245996.982096,1509245997.046004,13938
query,1509245997.0460083,1509245997.0633879,646
query,1509245997.063392,1509245997.0837758,1718
query,1509245997.0837789,1509245997.0988574,1102
query,1509245997.0988927,1509245997.1094484,0
query,1509245997.1108437,1509245997.1290185,124
query,1509245997.1290226,1509245997.2441995,6386
query,1509245997.2442038,1509245997.2684772,1345
query,1509245997.2684808,1509245997.309177,7612
query,1509245997.3091812,1509245997.3466008,4701
query,1509245997.3466046,1509245997.3884857,5170
query,1509245997.3884897,1509245997.4118,234
query,1509245997.4118035,1509245997.4383934,12
query,1509245997.4383981,1509245997.4607332,16
query,1509245997.4607377,1509245997.563453,16507
query,1509245997.563457,1509245997.578872,236
query,1509245997.5788755,1509245997.6526213,15417
query,1509245997.6526256,1509245997.6721506,2260
query,1509245997.6721542,1509245997.698274,4670
query,1509245997.698278,1509245997.716104,821
query,1509245997.716108,1509245997.7741895,16177
query,1509245997.7741935,1509245997.7891011,903
query,1509245997.7891054,1509245997.8014522,16
query,1509245997.8014557,1509245997.8725684,12882
query,1509245997.8726082,1509245997.9324687,9758
query,1509245997.9446714,1509245998.0041559,9572
query,1509245998.0041602,1509245998.0226111,1364
query,1509245998.0226145,1509245998.0475428,2133
query,1509245998.0475461,1509245998.0665128,1100
query,1509245998.066517,1509245998.1550152,16999
query,1509245998.1550193,1509245998.1737454,113
query,1509245998.1737494,1509245998.186963,15
query,1509245998.1869664,1509245998.221853,7359
query,1509245998.2218568,1509245998.2533114,4850
query,1509245998.2533147,1509245998.270501,246
query,1509245998.2705052,1509245998.2777588,0
query,1509245998.277762,1509245998.2895956,3
query,1509245998.2895985,1509245998.3183246,4981
query,1509245998.3183277,1509245998.3723602,9344
query,1509245998.372364,1509245998.3910751,2200
query,1509245998.3910785,1509245998.3956168,0
query,1509245998.39562,1509245998.4590054,11905
query,1509245998.4590092,1509245998.4768908,402
query,1509245998.4768953,1509245998.5580037,6304
query,1509245998.55805,1509245998.5792503,1334
query,1509245998.5914092,1509245998.6493318,10017
query,1509245998.6493356,1509245998.6545305,0
query,1509245998.6545336,1509245998.6680937,11
query,1509245998.6680973,1509245998.687909,708
query,1509245998.6879127,1509245998.7030537,191
query,1509245998.703057,1509245998.735361,5693
query,1509245998.735365,1509245998.767881,4653
query,1509245998.7678847,1509245998.785689,221
query,1509245998.7856927,1509245998.8054087,398
query,1509245998.805413,1509245998.8211727,117
query,1509245998.821177,1509245998.8278146,0
query,1509245998.8278177,1509245998.8725133,6618
query,1509245998.8725173,1509245998.8909364,11
query,1509245998.8909402,1509245998.905521,101
query,1509245998.9055252,1509245998.920654,39
query,1509245998.9206572,1509245998.937561,605
query,1509245998.9375648,1509245998.9525983,850
query,1509245998.952602,1509245998.9683366,219
query,1509245998.9683402,1509245999.0038242,8586
query,1509245999.0038655,1509245999.0414655,7356
query,1509245999.0535111,1509245999.092826,7806
query,1509245999.0928297,1509245999.1026447,1
query,1509245999.1026475,1509245999.1199548,541
query,1509245999.1199594,1509245999.12907,3
query,1509245999.1290734,1509245999.1593192,3127
query,1509245999.1593235,1509245999.1694245,3
query,1509245999.1694276,1509245999.174195,0
query,1509245999.1741977,1509245999.1805434,1
query,1509245999.1805458,1509245999.1955266,331
query,1509245999.1955302,1509245999.2210288,2482
query,1509245999.221032,1509245999.2296238,2
query,1509245999.2296264,1509245999.2425773,37
query,1509245999.2425807,1509245999.2488327,1
query,1509245999.2488358,1509245999.2657554,432
query,1509245999.2657588,1509245999.2788265,138
query,1509245999.2788296,1509245999.29726,1006
query,1509245999.2972636,1509245999.3462775,10649
query,1509245999.3462815,1509245999.3744562,3446
query,1509245999.3744605,1509245999.4189808,9470
query,1509245999.4190233,1509245999.4619696,9147
query,1509245999.475441,1509245999.5180733,9308
query,1509245999.5180774,1509245999.53653,196
query,1509245999.536533,1509245999.5457869,2
query,1509245999.5457902,1509245999.5591125,82
query,1509245999.5591161,1509245999.5734522,17
query,1509245999.5734558,1509245999.6400936,11710
query,1509245999.6400979,1509245999.681619,7492
query,1509245999.681623,1509245999.699006,1019
query,1509245999.69901,1509245999.7078512,2
query,1509245999.7078545,1509245999.7207272,33
query,1509245999.7207313,1509245999.725752,0
query,1509245999.7257557,1509245999.7723725,10760
query,1509245999.7723765,1509245999.786431,2
query,1509245999.7864347,1509245999.8101585,58
query,1509245999.8101628,1509245999.8377507,1342
query,1509245999.8377557,1509245999.863357,1927
query,1509245999.8633604,1509245999.8868647,1644
query,1509245999.886868,1509245999.9227629,6041
query,1509245999.9227664,1509245999.9411488,266
query,1509245999.941194,1509246000.000674,10425
query,1509246000.0127556,1509246000.036295,22
query,1509246000.0362985,1509246000.055182,1532
query,1509246000.0551853,1509246000.0746274,1743
query,1509246000.0746312,1509246000.0962224,133
query,1509246000.0962255,1509246000.1427348,9536
query,1509246000.1427386,1509246000.19777,10487
query,1509246000.1977742,1509246000.2135606,1153
query,1509246000.2135637,1509246000.2224128,0
query,1509246000.222416,1509246000.2963872,17644
query,1509246000.2963908,1509246000.3024292,0
query,1509246000.3024335,1509246000.3091443,0
query,1509246000.309147,1509246000.3135233,0
query,1509246000.3135264,1509246000.3176627,0
query,1509246000.3176656,1509246000.3637903,7222
query,1509246000.3637948,1509246000.3710585,0
query,1509246000.3710616,1509246000.4000466,2985
query,1509246000.4000502,1509246000.4049914,0
query,1509246000.404994,1509246000.4481518,9752
query,1509246000.4481554,1509246000.4723678,2178
query,1509246000.472411,1509246000.4828165,1
query,1509246000.485527,1509246000.523737,9178
query,1509246000.5237412,1509246000.535943,6
query,1509246000.5359461,1509246000.5503592,28
query,1509246000.5503628,1509246000.5704823,2621
query,1509246000.570486,1509246000.585387,1053
query,1509246000.585391,1509246000.6042333,898
query,1509246000.6042366,1509246000.617195,30
query,1509246000.617199,1509246000.6327865,546
query,1509246000.632809,1509246000.648569,658
query,1509246000.648573,1509246000.6672082,1317
query,1509246000.6672125,1509246000.6861308,1386
query,1509246000.686134,1509246000.700527,630
query,1509246000.70053,1509246000.719611,1739
query,1509246000.7196143,1509246000.7348514,556
query,1509246000.734855,1509246000.747966,451
query,1509246000.7479694,1509246000.7837133,7956
query,1509246000.7837179,1509246000.7977533,68
query,1509246000.7977562,1509246000.8294833,5568
query,1509246000.8294873,1509246000.8414602,3
query,1509246000.841501,1509246000.8594685,26
query,1509246000.8719037,1509246000.8770554,0
query,1509246000.8770587,1509246000.8983645,3651
query,1509246000.8983676,1509246000.9166486,450
query,1509246000.9166517,1509246000.9332263,492
query,1509246000.93323,1509246000.9520745,1138
query,1509246000.9520779,1509246000.9682884,1284
query,1509246000.9682925,1509246001.0290122,11770
query,1509246001.029016,1509246001.0470989,1075
query,1509246001.0471027,1509246001.0783818,3711
query,1509246001.0783858,1509246001.0966897,1141
query,1509246001.0966933,1509246001.149786,15595
query,1509246001.149791,1509246001.1734965,2377
query,1509246001.1735003,1509246001.1972454,1228
query,1509246001.1972494,1509246001.2211883,869
query,1509246001.221192,1509246001.2415664,1216
query,1509246001.2415712,1509246001.257159,51
query,1509246001.2571626,1509246001.2729912,333
query,1509246001.2729955,1509246001.2876334,45
query,1509246001.2876375,1509246001.3053555,9
query,1509246001.3054,1509246001.3333158,2
query,1509246001.3490856,1509246001.4054098,9769
query,1509246001.405414,1509246001.429395,169
query,1509246001.4293988,1509246001.4839423,8722
query,1509246001.483946,1509246001.5574627,11728
query,1509246001.5574672,1509246001.6388004,13065
query,1509246001.638805,1509246001.6805685,9506
query,1509246001.6805732,1509246001.6875124,0
query,1509246001.6875155,1509246001.7185922,5248
query,1509246001.7185962,1509246001.7257476,2
query,1509246001.7257507,1509246001.7746603,11046
query,1509246001.774666,1509246001.7884562,536
query,1509246001.7884595,1509246001.7976842,3
query,1509246001.7976882,1509246001.870077,14835
query,1509246001.870081,1509246001.8749337,0
query,1509246001.8749368,1509246001.9196162,11392
query,1509246001.9196208,1509246001.9753473,12608
query,1509246001.9753513,1509246002.03234,16453
query,1509246002.0323443,1509246002.0733554,7342
query,1509246002.0733597,1509246002.094087,796
query,1509246002.0941317,1509246002.1159742,660
query,1509246002.1317306,1509246002.1380754,0
query,1509246002.138079,1509246002.1453292,0
query,1509246002.1453323,1509246002.1546617,1
query,1509246002.1546648,1509246002.1742597,2
query,1509246002.1742635,1509246002.2047045,2584
query,1509246002.2047086,1509246002.2635083,9490
query,1509246002.2635128,1509246002.3031578,4687
query,1509246002.303162,1509246002.3510513,4764
query,1509246002.3510551,1509246002.3961785,9095
query,1509246002.3961828,1509246002.4039738,0
query,1509246002.403977,1509246002.4296603,1531
query,1509246002.4296646,1509246002.4559886,3832
query,1509246002.4559925,1509246002.4947212,4082
query,1509246002.494726,1509246002.5401108,8099
query,1509246002.5401154,1509246002.565661,641
query,1509246002.565665,1509246002.6332607,9293
query,1509246002.6332645,1509246002.6556368,146
query,1509246002.6556408,1509246002.678705,3142
query,1509246002.6787095,1509246002.70355,2407
query,1509246002.703597,1509246002.7384012,4660
query,1509246002.7503572,1509246002.7662857,194
query,1509246002.7662895,1509246002.7829378,1689
query,1509246002.782941,1509246002.8241756,8055
query,1509246002.824179,1509246002.8927562,12336
query,1509246002.8927603,1509246002.9180088,2869
query,1509246002.9180126,1509246002.956475,8055
query,1509246002.9564784,1509246002.9631774,0
query,1509246002.9631805,1509246002.9825387,1032
query,1509246002.982542,1509246002.998116,292
query,1509246002.998119,1509246003.0109015,64
query,1509246003.0109048,1509246003.0241272,7
query,1509246003.0241306,1509246003.0562081,4604
query,1509246003.0562122,1509246003.0721462,113
query,1509246003.0721495,1509246003.1405776,16358
query,1509246003.1405818,1509246003.203718,13717
query,1509246003.2037218,1509246003.2479095,9015
query,1509246003.2479136,1509246003.2621725,46
query,1509246003.2621765,1509246003.2841299,2421
query,1509246003.284134,1509246003.3392413,7429
query,1509246003.3392887,1509246003.354584,3
query,1509246003.364253,1509246003.383098,27
query,1509246003.3831024,1509246003.4389017,9285
query,1509246003.4389048,1509246003.4502711,5
query,1509246003.4502735,1509246003.4546158,0
query,1509246003.454618,1509246003.499749,7233
query,1509246003.4997525,1509246003.554859,10151
query,1509246003.5548627,1509246003.5821722,246
query,1509246003.5821764,1509246003.6097536,1679
query,1509246003.6097572,1509246003.6327105,426
query,1509246003.632714,1509246003.661094,1397
query,1509246003.6610978,1509246003.695398,2831
query,1509246003.6954029,1509246003.7317064,3008
query,1509246003.7317104,1509246003.7587624,1217
query,1509246003.758797,1509246003.7838385,1006
query,1509246003.783842,1509246003.8073967,428
query,1509246003.8074002,1509246003.8871112,17490
query,1509246003.8871152,1509246003.9446745,8323
query,1509246003.9446783,1509246003.955127,1
query,1509246003.9551306,1509246003.9772878,124
query,1509246003.9773252,1509246004.0112114,445
query,1509246004.0239954,1509246004.1245217,13061
query,1509246004.1245258,1509246004.1585922,869
query,1509246004.1585963,1509246004.1715107,1
query,1509246004.1715143,1509246004.2465117,13864
query,1509246004.246516,1509246004.2976923,8096
query,1509246004.2976964,1509246004.3731253,9347
query,1509246004.3731291,1509246004.4089348,5132
query,1509246004.4089386,1509246004.4428911,3721
query,1509246004.4428952,1509246004.475191,1394
query,1509246004.4751947,1509246004.5021772,71
query,1509246004.5021813,1509246004.5105457,0
query,1509246004.5105488,1509246004.6108046,15142
query,1509246004.6108093,1509246004.6595762,4076
query,1509246004.6595812,1509246004.772048,14875
query,1509246004.7720556,1509246004.8093545,1397
query,1509246004.8093598,1509246004.834272,106
query,1509246004.834276,1509246004.8765419,8188
query,1509246004.8765466,1509246004.9434433,13451
query,1509246004.9434474,1509246004.9754848,4325
query,1509246004.9755259,1509246005.028081,7911
query,1509246005.0412774,1509246005.0913596,4585
query,1509246005.0913637,1509246005.1455755,9927
query,1509246005.1455793,1509246005.1721966,946
query,1509246005.1722004,1509246005.191202,23
query,1509246005.1912048,1509246005.2069342,158
query,1509246005.2069373,1509246005.2205553,19
query,1509246005.2205582,1509246005.234933,41
query,1509246005.2349355,1509246005.2778656,9381
query,1509246005.277869,1509246005.3009343,2514
query,1509246005.3009377,1509246005.3091352,0
query,1509246005.3091383,1509246005.338587,6299
query,1509246005.3385901,1509246005.3531115,151
query,1509246005.3531158,1509246005.3663316,24
query,1509246005.3663359,1509246005.3943326,3604
query,1509246005.394337,1509246005.4135234,2460
query,1509246005.4135273,1509246005.474266,14631
query,1509246005.4742699,1509246005.5603306,16566
query,1509246005.5603352,1509246005.6088545,9214
query,1509246005.6088586,1509246005.6250901,78
query,1509246005.6251361,1509246005.6524858,794
query,1509246005.6652133,1509246005.688381,1655
query,1509246005.688385,1509246005.6949224,0
query,1509246005.6949253,1509246005.7568545,14053
query,1509246005.7568583,1509246005.7726705,975
query,1509246005.7726748,1509246005.8094223,3634
query,1509246005.8094263,1509246005.8158603,0
query,1509246005.8158634,1509246005.8419054,2787
query,1509246005.8419101,1509246005.8544285,8
query,1509246005.8544316,1509246005.8865652,4462
query,1509246005.886569,1509246005.9121468,3276
query,1509246005.9121504,1509246005.958712,9069
query,1509246005.9587164,1509246005.9895039,4654
query,1509246005.9895082,1509246005.9943657,0
query,1509246005.9943688,1509246006.0319252,10309
query,1509246006.0319295,1509246006.0449026,46
query,1509246006.044907,1509246006.0572717,233
query,1509246006.0572753,1509246006.1298304,14608
query,1509246006.1298344,1509246006.1808453,11219
query,1509246006.1808493,1509246006.2321708,10857
query,1509246006.2322154,1509246006.2503676,558
query,1509246006.2624843,1509246006.2757695,115
query,1509246006.2757733,1509246006.295672,22
query,1509246006.2956755,1509246006.3490996,10771
query,1509246006.3491035,1509246006.36726,223
query,1509246006.3672636,1509246006.3860013,841
query,1509246006.3860054,1509246006.4290469,9094
query,1509246006.429051,1509246006.4340763,0
query,1509246006.4340792,1509246006.4637778,4891
query,1509246006.463782,1509246006.5338016,15608
query,1509246006.5338054,1509246006.582102,9492
query,1509246006.5821059,1509246006.5978653,4
query,1509246006.5978694,1509246006.6292577,5763
query,1509246006.6292622,1509246006.6495361,2570
query,1509246006.6495404,1509246006.6679888,25
query,1509246006.6679928,1509246006.6731703,0
query,1509246006.6731737,1509246006.6776934,0
query,1509246006.6776967,1509246006.6903038,37
query,1509246006.690307,1509246006.7496183,14370
query,1509246006.7496219,1509246006.8198638,14207
query,1509246006.8199036,1509246006.837402,4
query,1509246006.847545,1509246006.9193206,17604
query,1509246006.9193256,1509246006.986842,14169
query,1509246006.9868462,1509246007.03404,9556
query,1509246007.034044,1509246007.0510545,13
query,1509246007.0510578,1509246007.07807,3248
query,1509246007.0780742,1509246007.1127837,3028
query,1509246007.1128156,1509246007.1294756,60
query,1509246007.1294806,1509246007.1767318,8114
query,1509246007.1767359,1509246007.231537,7595
query,1509246007.2315414,1509246007.2638052,1293
query,1509246007.2638092,1509246007.2946324,28
query,1509246007.2946362,1509246007.3216877,5
query,1509246007.3216915,1509246007.3865185,15955
query,1509246007.3865223,1509246007.3930748,0
query,1509246007.3930783,1509246007.4076197,152
query,1509246007.407623,1509246007.4125628,0
query,1509246007.4125662,1509246007.4737508,10851
query,1509246007.4737544,1509246007.4918814,626
query,1509246007.4918852,1509246007.5131607,1261
query,1509246007.5132022,1509246007.5427287,411
query,1509246007.5558271,1509246007.5804954,607
query,1509246007.5804985,1509246007.6640134,14643
query,1509246007.6640167,1509246007.6723433,0
query,1509246007.6723473,1509246007.6792367,0
query,1509246007.6792395,1509246007.6885836,2
query,1509246007.6885867,1509246007.7479758,12145
query,1509246007.7479792,1509246007.7649388,9
query,1509246007.764943,1509246007.837321,14697
query,1509246007.8373244,1509246007.8568933,120
query,1509246007.8568966,1509246007.8658342,0
query,1509246007.8658373,1509246007.9172685,15643
query,1509246007.917272,1509246007.999292,6307
query,1509246007.9992955,1509246008.0294042,4189
query,1509246008.0294077,1509246008.043348,293
query,1509246008.043353,1509246008.0645695,821
query,1509246008.0645728,1509246008.1201637,9491
query,1509246008.1201677,1509246008.174428,10659
query,1509246008.174432,1509246008.1913974,75
query,1509246008.191402,1509246008.2140133,1850
query,1509246008.214054,1509246008.241478,3183
query,1509246008.2535756,1509246008.3049948,7450
query,1509246008.3049984,1509246008.3181283,347
query,1509246008.3181317,1509246008.3300073,6
query,1509246008.3300104,1509246008.3384845,2
query,1509246008.3384879,1509246008.3850577,9549
query,1509246008.3850613,1509246008.3907409,0
query,1509246008.3907442,1509246008.397957,2
query,1509246008.3979597,1509246008.4278877,6837
query,1509246008.4278908,1509246008.45525,3962
query,1509246008.4552531,1509246008.474328,2064
query,1509246008.4743319,1509246008.490052,479
query,1509246008.4900553,1509246008.5660799,13219
query,1509246008.566084,1509246008.6419296,18633
query,1509246008.6419346,1509246008.675441,6615
query,1509246008.6754448,1509246008.6918848,153
query,1509246008.691888,1509246008.7157826,87
query,1509246008.715787,1509246008.7397408,1318
query,1509246008.7397442,1509246008.7530699,1
query,1509246008.753073,1509246008.7857938,39
query,1509246008.78587,1509246008.8443065,2915
query,1509246008.8553882,1509246008.8732107,5
query,1509246008.8732147,1509246008.8950913,37
query,1509246008.8950949,1509246008.91783,43
query,1509246008.9178345,1509246008.9604955,4910
query,1509246008.9604995,1509246008.9739082,2
query,1509246008.973912,1509246008.9966202,116
query,1509246008.9966242,1509246009.0050337,0
query,1509246009.0050368,1509246009.0530484,7332
query,1509246009.053053,1509246009.1558938,17143
query,1509246009.1558979,1509246009.1795228,9
query,1509246009.1795266,1509246009.1988323,2
query,1509246009.1988356,1509246009.2261004,851
query,1509246009.2261045,1509246009.2714338,8213
query,1509246009.2714381,1509246009.288709,1
query,1509246009.2887125,1509246009.3186183,1272
query,1509246009.3186226,1509246009.344324,182
query,1509246009.3443282,1509246009.352013,0
query,1509246009.3520164,1509246009.3917174,4598
query,1509246009.3917215,1509246009.4118521,7
query,1509246009.4118938,1509246009.4498732,1464
query,1509246009.4619577,1509246009.4863935,1232
query,1509246009.4863985,1509246009.556157,11295
query,1509246009.5561614,1509246009.638652,13662
query,1509246009.638657,1509246009.6656387,546
query,1509246009.6656425,1509246009.6921449,1901
query,1509246009.6921484,1509246009.7158246,213
query,1509246009.7158277,1509246009.7681177,8467
query,1509246009.7681215,1509246009.8043275,3055
query,1509246009.8043313,1509246009.8668356,15545
query,1509246009.8668404,1509246009.9519925,14520
query,1509246009.9519968,1509246009.9778674,510
query,1509246009.9778726,1509246010.0296905,4419
query,1509246010.029695,1509246010.1318057,11757
query,1509246010.1318107,1509246010.191876,15502
query,1509246010.19188,1509246010.2431395,6302
query,1509246010.2431433,1509246010.2936027,9621
query,1509246010.2936068,1509246010.322568,5327
query,1509246010.3225713,1509246010.3382456,372
query,1509246010.3382494,1509246010.3506432,65
query,1509246010.3506796,1509246010.3631866,2
query,1509246010.3679218,1509246010.3958864,4800
query,1509246010.3958972,1509246010.4090083,72
query,1509246010.4090111,1509246010.4332047,3862
query,1509246010.4332082,1509246010.4521513,1541
query,1509246010.4521549,1509246010.4645605,22
query,1509246010.4645648,1509246010.4777887,89
query,1509246010.4777923,1509246010.507658,2244
query,1509246010.5076616,1509246010.529557,1175
query,1509246010.52956,1509246010.5756145,7508
query,1509246010.5756185,1509246010.5953794,12
query,1509246010.5953825,1509246010.6597922,15713
query,1509246010.6597958,1509246010.6759248,547
query,1509246010.6759279,1509246010.6842535,2
query,1509246010.6842575,1509246010.728668,10666
query,1509246010.728671,1509246010.7843776,15017
query,1509246010.7843807,1509246010.8143396,6568
query,1509246010.8143435,1509246010.8647835,10967
query,1509246010.864787,1509246010.8859239,2277
query,1509246010.8859272,1509246010.890808,0
query,1509246010.8908403,1509246010.895432,0
query,1509246010.896945,1509246010.901783,0
query,1509246010.901786,1509246010.9161553,607
query,1509246010.9161587,1509246010.9212098,0
query,1509246010.9212132,1509246010.9366918,270
query,1509246010.936695,1509246010.9413037,0
query,1509246010.9413066,1509246010.956901,1425
query,1509246010.9569042,1509246010.963296,2
query,1509246010.963299,1509246011.0129542,8178
query,1509246011.0129583,1509246011.0679152,11354
query,1509246011.0679202,1509246011.0859523,2058
query,1509246011.0859556,1509246011.110041,2263
query,1509246011.110044,1509246011.1318078,2078
query,1509246011.1318114,1509246011.1448503,12
query,1509246011.1448538,1509246011.1877778,9049
query,1509246011.187789,1509246011.2039201,249
query,1509246011.2039237,1509246011.2761157,14591
query,1509246011.2761197,1509246011.2864068,0
query,1509246011.2864108,1509246011.3195016,1310
query,1509246011.3195047,1509246011.3428478,114
query,1509246011.3428862,1509246011.3772485,192
query,1509246011.389425,1509246011.417526,1998
query,1509246011.41753,1509246011.4714222,7547
query,1509246011.4714262,1509246011.4801152,0
query,1509246011.480118,1509246011.5240989,2936
query,1509246011.5241034,1509246011.574178,8364
query,1509246011.5742276,1509246011.6027565,2219
query,1509246011.6027598,1509246011.6245844,301
query,1509246011.6245875,1509246011.7566063,6403
query,1509246011.7566102,1509246011.8307493,11436
query,1509246011.8307545,1509246011.853304,1598
query,1509246011.8533072,1509246011.8886461,5880
query,1509246011.8886497,1509246011.9255004,7030
query,1509246011.9255042,1509246011.9903395,13348
query,1509246011.9903429,1509246012.0068886,71
query,1509246012.006892,1509246012.0287802,1612
query,1509246012.0287833,1509246012.1008224,12460
query,1509246012.1008272,1509246012.12316,280
query,1509246012.1231635,1509246012.1852655,8240
query,1509246012.1852696,1509246012.2101135,77
query,1509246012.2101555,1509246012.2717745,2502
query,1509246012.2841024,1509246012.3277,6583
query,1509246012.3277032,1509246012.3464034,37
query,1509246012.3464072,1509246012.3763342,3296
query,1509246012.3763375,1509246012.4119442,7041
query,1509246012.411948,1509246012.419874,0
query,1509246012.4198773,1509246012.434169,448
query,1509246012.4341724,1509246012.44091,0
query,1509246012.440913,1509246012.4454474,0
query,1509246012.4454513,1509246012.4497554,0
query,1509246012.4497588,1509246012.5283544,20672
query,1509246012.5283585,1509246012.535992,1
query,1509246012.5359945,1509246012.5419626,1
query,1509246012.5419652,1509246012.5657318,3128
query,1509246012.565735,1509246012.6320162,14143
query,1509246012.6320202,1509246012.6558456,3053
query,1509246012.6558492,1509246012.6714172,357
query,1509246012.6714208,1509246012.6878736,16
query,1509246012.6878772,1509246012.722623,8342
query,1509246012.7226274,1509246012.7718413,8709
query,1509246012.7718809,1509246012.8204093,8858
query,1509246012.8333576,1509246012.8972683,7273
query,1509246012.8972728,1509246012.9121504,386
query,1509246012.912154,1509246012.9844756,13078
query,1509246012.9844804,1509246013.0096934,216
query,1509246013.0096972,1509246013.015493,0
query,1509246013.0154963,1509246013.0519977,4237
query,1509246013.0520015,1509246013.0710666,526
query,1509246013.07107,1509246013.0906055,809
query,1509246013.090609,1509246013.1079931,65
query,1509246013.1079965,1509246013.144058,4202
query,1509246013.1440625,1509246013.1749709,872
query,1509246013.1749744,1509246013.20295,9
query,1509246013.202954,1509246013.2346063,1746
query,1509246013.2346103,1509246013.2536483,193
query,1509246013.2536523,1509246013.2721694,333
query,1509246013.2721732,1509246013.279695,0
query,1509246013.2796986,1509246013.3054795,2814
query,1509246013.3054833,1509246013.3575232,9006
query,1509246013.3575277,1509246013.4330812,13511
query,1509246013.433122,1509246013.4573548,13
query,1509246013.4694397,1509246013.4896696,7
query,1509246013.4896731,1509246013.5282574,8228
query,1509246013.5282612,1509246013.5833764,13441
query,1509246013.5833802,1509246013.6231327,4232
query,1509246013.6231365,1509246013.660236,4702
query,1509246013.66024,1509246013.6914587,2357
query,1509246013.691463,1509246013.7527559,10263
query,1509246013.7527597,1509246013.7819638,2610
query,1509246013.7819679,1509246013.8066163,935
query,1509246013.8066201,1509246013.858695,10611
query,1509246013.8586996,1509246013.8771667,1000
query,1509246013.8771706,1509246013.8932476,1170
query,1509246013.893252,1509246013.899231,0
query,1509246013.8992362,1509246013.9494777,11281
query,1509246013.9494812,1509246013.9627156,16
query,1509246013.96272,1509246014.0414557,12347
query,1509246014.0414596,1509246014.055277,401
query,1509246014.0552802,1509246014.067639,17
query,1509246014.067643,1509246014.0723171,0
query,1509246014.0723555,1509246014.118355,10785
query,1509246014.1309783,1509246014.158449,5658
query,1509246014.1584527,1509246014.1751645,1459
query,1509246014.1751676,1509246014.1824396,0
query,1509246014.1824427,1509246014.1994927,51
query,1509246014.1994956,1509246014.2404177,5514
query,1509246014.240421,1509246014.2470434,1
query,1509246014.2470474,1509246014.2714038,1188
query,1509246014.2714071,1509246014.3386185,14694
query,1509246014.3386223,1509246014.345623,0
query,1509246014.345626,1509246014.3585246,359
query,1509246014.3585277,1509246014.382564,2170
query,1509246014.3825681,1509246014.4032948,2315
query,1509246014.4032981,1509246014.4199467,774
query,1509246014.41995,1509246014.4304452,4
query,1509246014.4304485,1509246014.4644442,5275
query,1509246014.464448,1509246014.4784381,224
query,1509246014.4784417,1509246014.4938824,111
query,1509246014.4938855,1509246014.500244,0
query,1509246014.5002468,1509246014.5160556,1047
query,1509246014.5160923,1509246014.5336766,448
query,1509246014.5469017,1509246014.5856,6964
query,1509246014.585603,1509246014.629681,8782
query,1509246014.6296852,1509246014.6501722,1959
query,1509246014.6502233,1509246014.6637363,312
query,1509246014.6637394,1509246014.6842892,1463
query,1509246014.6842923,1509246014.6982968,324
query,1509246014.6983001,1509246014.7029338,0
query,1509246014.702937,1509246014.743363,4767
query,1509246014.7433662,1509246014.756333,376
query,1509246014.7563362,1509246014.7621713,1
query,1509246014.7621744,1509246014.7789583,731
query,1509246014.778962,1509246014.8149953,2159
query,1509246014.814999,1509246014.8225074,0
query,1509246014.8225102,1509246014.9383266,18997
query,1509246014.9383304,1509246014.9543526,30
query,1509246014.9543567,1509246014.9837005,3180
query,1509246014.9837043,1509246015.0172098,2750
query,1509246015.0172136,1509246015.0411732,1852
query,1509246015.0411768,1509246015.0630543,175
query,1509246015.0630915,1509246015.1506145,10079
query,1509246015.1626904,1509246015.23526,8474
query,1509246015.2352643,1509246015.2658126,1396
query,1509246015.2658165,1509246015.2878134,197
query,1509246015.287817,1509246015.3018935,3
query,1509246015.3018968,1509246015.3203852,4
query,1509246015.3203888,1509246015.3421624,10
query,1509246015.3421662,1509246015.3500884,0
query,1509246015.3500915,1509246015.40127,9340
query,1509246015.4012742,1509246015.5038571,18128
query,1509246015.503861,1509246015.5260105,8
query,1509246015.5260143,1509246015.5350504,0
query,1509246015.5350537,1509246015.561494,791
query,1509246015.5614982,1509246015.6353498,17635
query,1509246015.635354,1509246015.6853316,15512
query,1509246015.6853356,1509246015.7294638,4143
query,1509246015.7294683,1509246015.7590487,236
query,1509246015.7590523,1509246015.7841897,1074
query,1509246015.7841933,1509246015.7987251,5
query,1509246015.7987292,1509246015.8128672,9
query,1509246015.8129058,1509246015.8800707,12214
query,1509246015.8926184,1509246015.9287474,7013
query,1509246015.9287512,1509246015.9509864,1728
query,1509246015.9509902,1509246015.9604087,0
query,1509246015.9604118,1509246015.993401,4702
query,1509246015.9934049,1509246016.038149,7870
query,1509246016.0381534,1509246016.0786703,5361
query,1509246016.0786743,1509246016.0972002,998
query,1509246016.0972037,1509246016.1394439,9616
query,1509246016.1394475,1509246016.1658196,4824
query,1509246016.165823,1509246016.2085314,12460
query,1509246016.208535,1509246016.2441828,2335
query,1509246016.2441864,1509246016.2518272,0
query,1509246016.2518303,1509246016.336005,15681
query,1509246016.3360097,1509246016.4280512,15951
query,1509246016.4280553,1509246016.4375181,0
query,1509246016.437522,1509246016.469981,747
query,1509246016.4699845,1509246016.5636687,11750
query,1509246016.5636725,1509246016.6123154,6433
query,1509246016.6123197,1509246016.6506677,6460
query,1509246016.650709,1509246016.6900303,2149
query,1509246016.7029018,1509246016.7958846,13920
query,1509246016.7958884,1509246016.8232942,702
query,1509246016.823298,1509246016.8512223,2778
query,1509246016.8512256,1509246016.9264805,14139
query,1509246016.926484,1509246016.9563904,16
query,1509246016.9563944,1509246017.045041,20260
query,1509246017.0450444,1509246017.0688353,228
query,1509246017.0688386,1509246017.0980022,530
query,1509246017.0980062,1509246017.143211,5339
query,1509246017.143215,1509246017.1709514,457
query,1509246017.170955,1509246017.2006564,1033
query,1509246017.2006607,1509246017.2353644,3005
query,1509246017.235368,1509246017.2711275,3998
query,1509246017.271132,1509246017.3101554,8563
query,1509246017.3101602,1509246017.319798,1
query,1509246017.319801,1509246017.328958,1
query,1509246017.3289616,1509246017.3390563,1
query,1509246017.3390596,1509246017.369359,1816
query,1509246017.3693624,1509246017.393807,310
query,1509246017.3938432,1509246017.4276912,171
query,1509246017.439842,1509246017.4644377,474
query,1509246017.4644413,1509246017.4858828,41
query,1509246017.4858856,1509246017.5290658,3413
query,1509246017.529069,1509246017.5526047,2012
query,1509246017.5526087,1509246017.5609167,0
query,1509246017.56092,1509246017.5844283,165
query,1509246017.5844316,1509246017.6068666,1123
query,1509246017.6068697,1509246017.619241,1
query,1509246017.6192443,1509246017.6412501,71
query,1509246017.6412535,1509246017.706802,7270
query,1509246017.7068057,1509246017.7284474,5
query,1509246017.7284508,1509246017.7993653,10714
query,1509246017.7993693,1509246017.8349166,2165
query,1509246017.8349202,1509246017.8576126,403
query,1509246017.8576164,1509246017.8649244,0
query,1509246017.8649275,1509246017.8745542,1
query,1509246017.8745575,1509246017.9185674,4542
query,1509246017.9185715,1509246017.979365,10290
query,1509246017.9793687,1509246018.008452,73
query,1509246018.0084949,1509246018.0583255,6778
query,1509246018.0704813,1509246018.0764763,0
query,1509246018.07648,1509246018.1055112,4558
query,1509246018.1055155,1509246018.1185021,17
query,1509246018.1185064,1509246018.1501074,1654
query,1509246018.150111,1509246018.203064,7190
query,1509246018.203068,1509246018.2238972,1350
query,1509246018.2239008,1509246018.2453036,1195
query,1509246018.2453072,1509246018.280501,5659
query,1509246018.2805052,1509246018.3629162,17591
query,1509246018.36292,1509246018.393398,6213
query,1509246018.393402,1509246018.4749787,14239
query,1509246018.474983,1509246018.548725,11052
query,1509246018.5487292,1509246018.5941064,4518
query,1509246018.5941103,1509246018.6382349,5520
query,1509246018.6382396,1509246018.7343755,16364
query,1509246018.7343798,1509246018.7480733,2
query,1509246018.748077,1509246018.8117774,13762
query,1509246018.8117812,1509246018.8405225,1769
query,1509246018.8405275,1509246018.8484528,0
query,1509246018.8484912,1509246018.8840954,4659
query,1509246018.8971393,1509246018.9240336,1217
query,1509246018.924038,1509246018.9680684,2081
query,1509246018.9680722,1509246019.0014696,1536
query,1509246019.0014737,1509246019.037096,3527
query,1509246019.0371,1509246019.0602052,830
query,1509246019.060209,1509246019.1183956,9935
query,1509246019.1184,1509246019.1535285,2659
query,1509246019.1535323,1509246019.1788201,1184
query,1509246019.1788237,1509246019.2035923,47
query,1509246019.2035959,1509246019.244312,6257
query,1509246019.2443159,1509246019.2842317,5256
query,1509246019.2842355,1509246019.2919586,0
query,1509246019.2919629,1509246019.4192474,17849
query,1509246019.4192517,1509246019.4477522,980
query,1509246019.4477563,1509246019.4565613,0
query,1509246019.4565656,1509246019.4796677,230
query,1509246019.4796717,1509246019.5414772,7803
query,1509246019.5414817,1509246019.5733612,3090
query,1509246019.573366,1509246019.580993,0
query,1509246019.581038,1509246019.6237082,5209
query,1509246019.636935,1509246019.6445904,0
query,1509246019.6445937,1509246019.7093275,8486
query,1509246019.7093315,1509246019.732546,257
query,1509246019.7325501,1509246019.7806447,7474
query,1509246019.7806487,1509246019.8371558,10405
query,1509246019.8371596,1509246019.8816223,8832
query,1509246019.8816266,1509246019.9080946,566
query,1509246019.908099,1509246019.9254613,104
query,1509246019.9254653,1509246019.9423234,45
query,1509246019.9423277,1509246020.0333912,18836
query,1509246020.033395,1509246020.049246,11
query,1509246020.0492494,1509246020.0991652,9157
query,1509246020.0991688,1509246020.1097794,0
query,1509246020.1097825,1509246020.181295,11143
query,1509246020.1812983,1509246020.2334309,9451
query,1509246020.2334352,1509246020.2704465,7470
query,1509246020.27045,1509246020.3227048,8758
query,1509246020.3227084,1509246020.353592,6431
query,1509246020.3535962,1509246020.3586214,0
query,1509246020.3586555,1509246020.3678246,2
query,1509246020.3747728,1509246020.437156,15909
query,1509246020.4371598,1509246020.4686658,5596
query,1509246020.4686692,1509246020.5335298,17776
query,1509246020.5335345,1509246020.5521853,2017
query,1509246020.5521889,1509246020.5905282,8670
query,1509246020.5905323,1509246020.6053548,7
query,1509246020.6053581,1509246020.619957,100
query,1509246020.61996,1509246020.6341503,80
query,1509246020.6341536,1509246020.6487858,1053
query,1509246020.6488144,1509246020.681637,4631
query,1509246020.6816406,1509246020.7299922,8132
query,1509246020.729996,1509246020.7873585,10294
query,1509246020.7873619,1509246020.815047,3841
query,1509246020.8150504,1509246020.8302984,8
query,1509246020.830302,1509246020.866691,8250
query,1509246020.8666945,1509246020.8977447,6700
query,1509246020.8977482,1509246020.9184923,569
query,1509246020.9184957,1509246020.9365811,1039
query,1509246020.9365842,1509246020.9835887,11085
query,1509246020.9836266,1509246021.0058532,826
query,1509246021.0185332,1509246021.0450075,4470
query,1509246021.045011,1509246021.0662985,2946
query,1509246021.0663023,1509246021.092132,4818
query,1509246021.0921361,1509246021.146997,13036
query,1509246021.1470015,1509246021.184765,3836
query,1509246021.184769,1509246021.2378922,10037
query,1509246021.237897,1509246021.2461321,0
query,1509246021.2461352,1509246021.2625015,1041
query,1509246021.2625048,1509246021.2841606,2934
query,1509246021.2841642,1509246021.2919872,1
query,1509246021.2919903,1509246021.319965,4358
query,1509246021.3199682,1509246021.335913,361
query,1509246021.3359165,1509246021.3670619,6408
query,1509246021.367066,1509246021.3925843,2304
query,1509246021.3925898,1509246021.422281,2645
query,1509246021.4222853,1509246021.4486911,2454
query,1509246021.448696,1509246021.4634144,382
query,1509246021.4634175,1509246021.475766,50
query,1509246021.4757695,1509246021.5622497,20301
query,1509246021.5622883,1509246021.5815523,604
query,1509246021.5942802,1509246021.6283252,4169
query,1509246021.628329,1509246021.6549141,3582
query,1509246021.654918,1509246021.6824431,4278
query,1509246021.6824474,1509246021.7697258,14296
query,1509246021.7697299,1509246021.8293178,11203
query,1509246021.8293214,1509246021.852542,455
query,1509246021.8525453,1509246021.9442031,15556
query,1509246021.9442067,1509246021.979222,2739
query,1509246021.979226,1509246021.9867063,0
query,1509246021.9867096,1509246022.0944688,15736
query,1509246022.0944731,1509246022.118439,1391
query,1509246022.1184425,1509246022.1792028,12388
query,1509246022.1792066,1509246022.2277002,9394
query,1509246022.2277043,1509246022.2325044,0
query,1509246022.2325072,1509246022.292478,15274
query,1509246022.2924817,1509246022.3057625,346
query,1509246022.3057666,1509246022.3800442,20347
query,1509246022.3800483,1509246022.4018948,3325
query,1509246022.4018986,1509246022.497189,18910
query,1509246022.4972322,1509246022.5325844,6413
query,1509246022.5460668,1509246022.5613384,11
query,1509246022.561343,1509246022.5671067,1
query,1509246022.5671096,1509246022.5713806,0
query,1509246022.5713835,1509246022.5972416,3756
query,1509246022.597246,1509246022.7066126,20491
query,1509246022.7066169,1509246022.7191646,2
query,1509246022.7191682,1509246022.7408671,1390
query,1509246022.740871,1509246022.823483,19007
query,1509246022.823488,1509246022.83986,282
query,1509246022.8398633,1509246022.9003255,14756
query,1509246022.9003303,1509246022.9140725,147
query,1509246022.9140763,1509246022.9337907,1645
query,1509246022.9337943,1509246022.9612625,5726
query,1509246022.9612663,1509246022.978975,75
query,1509246022.9789789,1509246022.990403,2
query,1509246022.9904068,1509246023.0374537,10601
query,1509246023.0374575,1509246023.0520668,146
query,1509246023.0520701,1509246023.0711465,2677
query,1509246023.071151,1509246023.08645,44
query,1509246023.086494,1509246023.1063597,982
query,1509246023.1221552,1509246023.132095,3
query,1509246023.1320987,1509246023.181115,7852
query,1509246023.181119,1509246023.2660546,16261
query,1509246023.2660587,1509246023.3299725,12036
query,1509246023.3299766,1509246023.3547554,1510
query,1509246023.3547587,1509246023.3622413,0
query,1509246023.3622441,1509246023.376533,3
query,1509246023.376536,1509246023.397829,14
query,1509246023.3978326,1509246023.4289663,5669
query,1509246023.428971,1509246023.474843,6090
query,1509246023.4748473,1509246023.5507069,15261
query,1509246023.5507107,1509246023.5720003,78
query,1509246023.572004,1509246023.5961225,129
query,1509246023.5961258,1509246023.6329346,5874
query,1509246023.6329384,1509246023.6624224,8
query,1509246023.6624258,1509246023.6701076,0
query,1509246023.6701114,1509246023.6938999,16
query,1509246023.693903,1509246023.71464,8
query,1509246023.714643,1509246023.734575,177
query,1509246023.7346141,1509246023.7794218,2044
query,1509246023.7917879,1509246023.862437,15887
query,1509246023.8624413,1509246023.8734314,1
query,1509246023.8734345,1509246023.9008696,270
query,1509246023.9008732,1509246023.925529,103
query,1509246023.9255395,1509246023.949252,28
query,1509246023.949256,1509246023.9712937,35
query,1509246023.971297,1509246023.9986942,822
query,1509246023.9986973,1509246024.0059974,0
query,1509246024.0060005,1509246024.0479696,2975
query,1509246024.047973,1509246024.0696492,5
query,1509246024.0696528,1509246024.1412559,13336
query,1509246024.1412597,1509246024.1863432,3678
query,1509246024.1863468,1509246024.2147572,1624
query,1509246024.214761,1509246024.2307184,866
query,1509246024.2307217,1509246024.262796,5258
query,1509246024.2627993,1509246024.3258395,12518
query,1509246024.3258436,1509246024.384389,12434
query,1509246024.3843923,1509246024.4230008,4217
query,1509246024.4230044,1509246024.488448,14586
query,1509246024.4884884,1509246024.5450397,7070
query,1509246024.5572522,1509246024.616582,8290
query,1509246024.6165857,1509246024.6948757,12911
query,1509246024.6948795,1509246024.7298472,1899
query,1509246024.7298508,1509246024.7645352,5459
query,1509246024.7645388,1509246024.7931736,3853
query,1509246024.7931771,1509246024.8311374,7045
query,1509246024.831141,1509246024.8893352,8642
query,1509246024.889339,1509246024.9243338,3371
query,1509246024.924338,1509246024.9464307,15
query,1509246024.9464347,1509246025.0585675,16189
query,1509246025.0585718,1509246025.0815494,275
query,1509246025.0815535,1509246025.1055858,231
query,1509246025.1055913,1509246025.1135085,0
query,1509246025.1135132,1509246025.1370628,130
query,1509246025.137067,1509246025.1637745,2143
query,1509246025.163778,1509246025.1873245,11
query,1509246025.1873283,1509246025.2166076,1739
query,1509246025.2166114,1509246025.2362638,1273
query,1509246025.2362673,1509246025.2542722,2016
query,1509246025.2543116,1509246025.2771897,38
query,1509246025.2900012,1509246025.3236516,5051
query,1509246025.3236554,1509246025.3609333,6010
query,1509246025.3609374,1509246025.3786898,141
query,1509246025.378693,1509246025.3996258,790
query,1509246025.3996296,1509246025.4425552,7338
query,1509246025.4425588,1509246025.4882698,6076
query,1509246025.4882736,1509246025.495789,0
query,1509246025.4957929,1509246025.5181086,195
query,1509246025.5181117,1509246025.5503795,2701
query,1509246025.5503843,1509246025.5655763,3
query,1509246025.5655801,1509246025.5826151,213
query,1509246025.5826185,1509246025.5907211,1
query,1509246025.5907245,1509246025.6167438,169
query,1509246025.6167474,1509246025.6676219,4199
query,1509246025.667626,1509246025.6932294,1323
query,1509246025.6932333,1509246025.7728662,13675
query,1509246025.7728717,1509246025.802765,1169
query,1509246025.8027687,1509246025.8440652,2042
query,1509246025.8440692,1509246025.8739202,7
query,1509246025.8739562,1509246025.8988361,1
query,1509246025.9014177,1509246025.9087527,0
query,1509246025.908757,1509246025.9159214,0
query,1509246025.915925,1509246026.023773,16714
query,1509246026.0237765,1509246026.0319886,0
query,1509246026.0319922,1509246026.0692627,3263
query,1509246026.0692663,1509246026.0954497,2357
query,1509246026.0954537,1509246026.1030898,0
query,1509246026.103093,1509246026.113229,1
query,1509246026.113232,1509246026.1495695,812
query,1509246026.1495738,1509246026.173896,267
query,1509246026.1739004,1509246026.2167075,7314
query,1509246026.2167113,1509246026.244979,1554
query,1509246026.244983,1509246026.2808642,5085
query,1509246026.280868,1509246026.3044488,1016
query,1509246026.304452,1509246026.3123055,0
query,1509246026.3123085,1509246026.3346941,756
query,1509246026.334698,1509246026.3556023,81
query,1509246026.3556056,1509246026.3970273,3908
query,1509246026.397031,1509246026.4120703,3
query,1509246026.4121063,1509246026.4529524,7779
query,1509246026.4648895,1509246026.4754581,5
query,1509246026.4754612,1509246026.4915338,256
query,1509246026.4915373,1509246026.5506907,15064
query,1509246026.5506947,1509246026.5613582,5
query,1509246026.5613618,1509246026.5852735,2551
query,1509246026.5852768,1509246026.6062496,1660
query,1509246026.6062531,1509246026.6469047,4581
query,1509246026.6469085,1509246026.6712627,1494
query,1509246026.6712663,1509246026.6913028,36
query,1509246026.6913064,1509246026.7218134,3460
query,1509246026.7218175,1509246026.7528563,3040
query,1509246026.7528596,1509246026.8054116,12188
query,1509246026.8054152,1509246026.8192904,723
query,1509246026.8192937,1509246026.8508222,5577
query,1509246026.8508258,1509246026.855444,0
query,1509246026.855447,1509246026.8756597,38
query,1509246026.875663,1509246026.8910239,13
query,1509246026.8910275,1509246026.9063907,218
query,1509246026.9063938,1509246026.9607263,15514
query,1509246026.960765,1509246026.9803326,850
query,1509246026.9923675,1509246027.0187876,3170
query,1509246027.0187917,1509246027.0345025,367
query,1509246027.0345058,1509246027.0530438,725
query,1509246027.0530472,1509246027.08874,2107
query,1509246027.0887437,1509246027.1235921,822
query,1509246027.1235955,1509246027.1453116,3
query,1509246027.1453147,1509246027.1589532,0
query,1509246027.1589572,1509246027.1855195,100
query,1509246027.1855228,1509246027.2141297,536
query,1509246027.2141335,1509246027.2361794,4
query,1509246027.2361825,1509246027.2957242,6198
query,1509246027.295729,1509246027.3043063,0
query,1509246027.30431,1509246027.4222853,12525
query,1509246027.4222894,1509246027.4848466,11316
query,1509246027.4848502,1509246027.5182917,4393
query,1509246027.5182953,1509246027.5441222,75
query,1509246027.5441256,1509246027.5834858,2566
query,1509246027.5834894,1509246027.6417222,6199
query,1509246027.6417272,1509246027.6628923,7
query,1509246027.662941,1509246027.7490706,12248
query,1509246027.7617078,1509246027.7791219,21
query,1509246027.7791252,1509246027.796725,429
query,1509246027.7967281,1509246027.8322105,8265
query,1509246027.8322139,1509246027.8832085,8703
query,1509246027.8832123,1509246027.8883705,0
query,1509246027.8883734,1509246027.893871,0
query,1509246027.8938742,1509246027.9036465,2
query,1509246027.9036493,1509246027.917248,241
query,1509246027.917251,1509246027.9311671,8
query,1509246027.9311702,1509246027.9451294,142
query,1509246027.945133,1509246028.0159159,18457
query,1509246028.0159197,1509246028.085223,13115
query,1509246028.085227,1509246028.1138566,5120
query,1509246028.113861,1509246028.1661541,15969
query,1509246028.1662087,1509246028.1821442,644
query,1509246028.1821477,1509246028.1972718,27
query,1509246028.1972756,1509246028.209593,85
query,1509246028.2095962,1509246028.2464004,6910
query,1509246028.2464042,1509246028.2746606,4244
query,1509246028.2746983,1509246028.2948563,1092
query,1509246028.3077812,1509246028.3273795,1307
query,1509246028.3273835,1509246028.3744538,8328
query,1509246028.374459,1509246028.411338,6031
query,1509246028.4113421,1509246028.4376984,2796
query,1509246028.4377024,1509246028.4505634,13
query,1509246028.4505677,1509246028.4627545,16
query,1509246028.462758,1509246028.4860594,1956
query,1509246028.4860632,1509246028.5129025,4151
query,1509246028.5129066,1509246028.5315304,1148
query,1509246028.5315342,1509246028.5881095,14056
query,1509246028.5881138,1509246028.6152925,230
query,1509246028.6152973,1509246028.7121706,18671
query,1509246028.712175,1509246028.7628763,11921
query,1509246028.7628813,1509246028.7778974,914
query,1509246028.777901,1509246028.817156,7091
query,1509246028.81716,1509246028.8524952,2769
query,1509246028.852499,1509246028.885573,5118
query,1509246028.8855767,1509246028.9299352,7750
query,1509246028.9299443,1509246028.958105,3163
query,1509246028.9581442,1509246028.9698222,0
query,1509246028.9713538,1509246028.9968855,3947
query,1509246028.99689,1509246029.0472445,12535
query,1509246029.0472493,1509246029.0605545,25
query,1509246029.0605583,1509246029.08009,1505
query,1509246029.080094,1509246029.1034925,1746
query,1509246029.1034963,1509246029.1743112,16145
query,1509246029.1743155,1509246029.195887,581
query,1509246029.195891,1509246029.2388325,9078
query,1509246029.2388372,1509246029.254279,51
query,1509246029.254283,1509246029.2839952,4418
query,1509246029.2839994,1509246029.3023689,1756
query,1509246029.3023727,1509246029.3399034,6264
query,1509246029.3399074,1509246029.3517246,2
query,1509246029.3517282,1509246029.4236925,13576
query,1509246029.4236972,1509246029.4317114,0
query,1509246029.4317155,1509246029.4467967,779
query,1509246029.4468012,1509246029.46963,4106
query,1509246029.4696336,1509246029.5272238,11454
query,1509246029.5272284,1509246029.6460505,6386
query,1509246029.6461232,1509246029.6641054,3
query,1509246029.6724417,1509246029.713564,5790
query,1509246029.7135675,1509246029.76927,14226
query,1509246029.7692742,1509246029.7943168,2743
query,1509246029.79432,1509246029.8187811,3669
query,1509246029.8187847,1509246029.8238325,0
query,1509246029.823836,1509246029.8366427,32
query,1509246029.8366463,1509246029.8700602,4068
query,1509246029.870064,1509246029.8866003,273
query,1509246029.8866043,1509246029.917895,2892
query,1509246029.9178984,1509246029.9344022,338
query,1509246029.9344065,1509246030.0324562,22870
query,1509246030.0324607,1509246030.0537264,1087
query,1509246030.05373,1509246030.1028476,6947
query,1509246030.1028516,1509246030.1282432,192
query,1509246030.1282485,1509246030.1789534,10077
query,1509246030.178957,1509246030.2010708,7
query,1509246030.2010744,1509246030.214505,3
query,1509246030.214509,1509246030.2440383,3072
query,1509246030.2440426,1509246030.3306782,19425
query,1509246030.330719,1509246030.3735309,1077
query,1509246030.3856835,1509246030.4084096,204
query,1509246030.4084134,1509246030.4182227,0
query,1509246030.4182265,1509246030.485181,11145
query,1509246030.4851854,1509246030.4934146,0
query,1509246030.4934182,1509246030.5204663,2438
query,1509246030.5204704,1509246030.5463996,695
query,1509246030.5464041,1509246030.5765057,1769
query,1509246030.5765092,1509246030.6068866,2974
query,1509246030.6068912,1509246030.6474648,326
query,1509246030.6474693,1509246030.7033987,4406
query,1509246030.7034028,1509246030.7253666,791
query,1509246030.7253704,1509246030.746971,2557
query,1509246030.746975,1509246030.8049185,12473
query,1509246030.8049223,1509246030.83863,5999
query,1509246030.838634,1509246030.8946278,10163
query,1509246030.894632,1509246030.9193058,1989
query,1509246030.91931,1509246030.9347107,416
query,1509246030.9347146,1509246030.9769578,8685
query,1509246030.9769635,1509246030.9902182,73
query,1509246030.9902592,1509246031.0162308,1368
query,1509246031.028344,1509246031.0437446,396
query,1509246031.0437489,1509246031.0563064,137
query,1509246031.0563102,1509246031.0845828,1731
query,1509246031.0845869,1509246031.1227727,7145
query,1509246031.1227767,1509246031.1312416,0
query,1509246031.1312454,1509246031.1551502,325
query,1509246031.155154,1509246031.1761692,906
query,1509246031.1761742,1509246031.2076514,2011
query,1509246031.2076554,1509246031.229598,19
query,1509246031.2296026,1509246031.2520466,621
query,1509246031.2520506,1509246031.2727559,586
query,1509246031.2727604,1509246031.3133767,6432
query,1509246031.3133817,1509246031.3996677,14136
query,1509246031.3996716,1509246031.428001,4831
query,1509246031.4280052,1509246031.4512587,2855
query,1509246031.451263,1509246031.501573,12843
query,1509246031.5015776,1509246031.5724518,15573
query,1509246031.5724566,1509246031.5975924,602
query,1509246031.5975964,1509246031.621655,1924
query,1509246031.6216955,1509246031.6482575,1694
query,1509246031.6602945,1509246031.6874423,2525
query,1509246031.6874459,1509246031.7089453,1128
query,1509246031.7089484,1509246031.72578,517
query,1509246031.7257833,1509246031.7961874,13743
query,1509246031.7961912,1509246031.8055062,1
query,1509246031.8055096,1509246031.8751369,12074
query,1509246031.8751414,1509246031.9325266,14486
query,1509246031.9325304,1509246031.9374151,0
query,1509246031.937418,1509246031.974941,8365
query,1509246031.9749446,1509246031.992978,313
query,1509246031.9929814,1509246032.026635,6074
query,1509246032.0266392,1509246032.0420768,165
query,1509246032.0420802,1509246032.06021,1975
query,1509246032.0602133,1509246032.0652237,0
query,1509246032.0652268,1509246032.088979,678
query,1509246032.0889826,1509246032.1126368,2070
query,1509246032.1126401,1509246032.133404,1086
query,1509246032.1334074,1509246032.1709712,4811
query,1509246032.1709745,1509246032.211713,7526
query,1509246032.2117538,1509246032.2481406,6785
query,1509246032.2604315,1509246032.3290832,15983
query,1509246032.3290865,1509246032.376694,5617
query,1509246032.3766975,1509246032.4315798,12103
query,1509246032.4315836,1509246032.4657001,8237
query,1509246032.4657035,1509246032.4704914,0
query,1509246032.4704943,1509246032.4856648,31
query,1509246032.4856682,1509246032.5104246,157
query,1509246032.510428,1509246032.5493765,3339
query,1509246032.5493803,1509246032.6574116,13390
query,1509246032.6574159,1509246032.68651,2337
query,1509246032.6865146,1509246032.7476077,11860
query,1509246032.7476113,1509246032.7532148,0
query,1509246032.7532182,1509246032.772862,2011
query,1509246032.772867,1509246032.7903576,1552
query,1509246032.7903621,1509246032.8083234,930
query,1509246032.808327,1509246032.8525429,6902
query,1509246032.852547,1509246032.868761,489
query,1509246032.8687649,1509246032.8819697,52
query,1509246032.8819733,1509246032.8953426,13
query,1509246032.8953857,1509246032.9780211,14709
query,1509246032.9941816,1509246033.0141027,13
query,1509246033.0141065,1509246033.0238335,0
query,1509246033.0238369,1509246033.0419667,766
query,1509246033.0419705,1509246033.058131,23
query,1509246033.0581348,1509246033.1034834,7220
query,1509246033.1034877,1509246033.1473548,8409
query,1509246033.147359,1509246033.1602757,198
query,1509246033.160279,1509246033.1755018,279
query,1509246033.1755056,1509246033.1929286,963
query,1509246033.1929324,1509246033.2154047,2746
query,1509246033.2154088,1509246033.2306015,934
query,1509246033.2306051,1509246033.2664971,8160
query,1509246033.2665014,1509246033.2801635,3
query,1509246033.2801673,1509246033.2981813,1847
query,1509246033.2981853,1509246033.304965,0
query,1509246033.3049686,1509246033.3758283,11387
query,1509246033.3758326,1509246033.4031923,3432
query,1509246033.4031963,1509246033.419673,99
query,1509246033.419677,1509246033.439494,2316
query,1509246033.4395332,1509246033.4598343,40
query,1509246033.47337,1509246033.4905202,96
query,1509246033.4905238,1509246033.5573575,14730
query,1509246033.5573614,1509246033.6019595,9893
query,1509246033.601963,1509246033.638019,9293
query,1509246033.6380234,1509246033.6524725,682
query,1509246033.6524758,1509246033.6747966,2786
query,1509246033.674801,1509246033.6938646,1347
query,1509246033.6938682,1509246033.6986403,0
query,1509246033.6986434,1509246033.7271237,5639
query,1509246033.7271273,1509246033.742631,184
query,1509246033.7426345,1509246033.7968493,13708
query,1509246033.7968528,1509246033.8167558,38
query,1509246033.8167603,1509246033.8652265,9480
query,1509246033.8652315,1509246033.9458935,16744
query,1509246033.9458983,1509246033.9594758,369
query,1509246033.959479,1509246033.9721024,180
query,1509246033.9721065,1509246033.9786325,0
query,1509246033.9786355,1509246033.9924223,43
query,1509246033.9924262,1509246034.0129328,927
query,1509246034.012978,1509246034.0326371,1311
query,1509246034.0455322,1509246034.0697389,997
query,1509246034.0697427,1509246034.0791287,0
query,1509246034.079132,1509246034.0954883,97
query,1509246034.0954916,1509246034.1484697,9431
query,1509246034.1484737,1509246034.1565177,0
query,1509246034.156521,1509246034.1837006,4096
query,1509246034.1837049,1509246034.2255676,4403
query,1509246034.2255714,1509246034.2439504,27
query,1509246034.2439544,1509246034.2844923,7169
query,1509246034.2844963,1509246034.3073602,1896
query,1509246034.3073637,1509246034.3225944,481
query,1509246034.3225985,1509246034.3609214,7409
query,1509246034.3609247,1509246034.3787029,254
query,1509246034.3787067,1509246034.4492893,15338
query,1509246034.4492927,1509246034.4702744,1213
query,1509246034.4702778,1509246034.4772666,0
query,1509246034.47727,1509246034.4951544,13
query,1509246034.495158,1509246034.5108907,38
query,1509246034.5108953,1509246034.5245905,54
query,1509246034.5246263,1509246034.6106226,14050
query,1509246034.6231768,1509246034.6381369,227
query,1509246034.6381414,1509246034.6569386,1289
query,1509246034.656942,1509246034.6618164,0
query,1509246034.6618192,1509246034.6815743,693
query,1509246034.6815774,1509246034.701836,2461
query,1509246034.7018394,1509246034.728269,3234
query,1509246034.7282724,1509246034.7514212,39
query,1509246034.7514243,1509246034.7733333,535
query,1509246034.7733362,1509246034.8021264,2846
query,1509246034.8021302,1509246034.8213525,1639
query,1509246034.8213563,1509246034.83811,124
query,1509246034.8381135,1509246034.8554897,843
query,1509246034.855493,1509246034.8924878,6240
query,1509246034.8924913,1509246034.9928782,6386
query,1509246034.992882,1509246035.0089486,23
query,1509246035.0089526,1509246035.0203085,1
query,1509246035.0203137,1509246035.0854242,15657
query,1509246035.0854292,1509246035.1135907,3532
query,1509246035.1135945,1509246035.1785078,9586
