tables,1508746235.4579847,1508750155.006028
query,1508750155.0065322,1508750158.9513795,5027
query,1508750158.955249,1508750159.7070105,2742
query,1508750159.7070138,1508750160.2066436,6258
query,1508750160.2066474,1508750160.3436425,998
query,1508750160.3436463,1508750160.4153693,2
query,1508750160.4153724,1508750160.7439444,5427
query,1508750160.743948,1508750161.14039,7109
query,1508750161.140394,1508750161.258244,2210
query,1508750161.2582479,1508750161.3601532,6
query,1508750161.3601565,1508750161.6106367,2189
query,1508750161.6106403,1508750161.7360983,4
query,1508750161.7361016,1508750161.8001027,707
query,1508750161.8001063,1508750162.0784242,4282
query,1508750162.0784276,1508750162.6861796,4007
query,1508750162.6861835,1508750162.7645695,11
query,1508750162.7645729,1508750162.8538992,440
query,1508750162.8539026,1508750163.1915967,2310
query,1508750163.1916006,1508750163.2869682,801
query,1508750163.286971,1508750163.3702195,791
query,1508750163.3702228,1508750163.4899879,70
query,1508750163.4900205,1508750163.614184,2041
query,1508750163.616588,1508750163.6884732,304
query,1508750163.6884768,1508750164.016486,5494
query,1508750164.0164895,1508750164.2916472,8672
query,1508750164.291651,1508750164.4462097,640
query,1508750164.4462137,1508750164.6326885,3906
query,1508750164.632692,1508750164.7072873,89
query,1508750164.7072911,1508750164.9301202,7779
query,1508750164.930124,1508750165.0184586,0
query,1508750165.0184624,1508750165.164952,1029
query,1508750165.1649556,1508750165.3274095,2384
query,1508750165.3274138,1508750166.163848,11650
query,1508750166.1638517,1508750166.319759,3668
query,1508750166.319763,1508750166.387258,722
query,1508750166.3872616,1508750166.4592702,1590
query,1508750166.4592738,1508750166.5671854,63
query,1508750166.5671892,1508750166.6354153,265
query,1508750166.635419,1508750166.8153923,150
query,1508750166.8153958,1508750166.8937824,60
query,1508750166.893786,1508750166.9804301,46
query,1508750166.9804492,1508750167.1391122,425
query,1508750167.1406567,1508750167.2564209,0
query,1508750167.2564247,1508750167.327129,5
query,1508750167.3271322,1508750167.4015255,548
query,1508750167.4015288,1508750167.4874992,272
query,1508750167.487503,1508750167.5693548,2
query,1508750167.5693586,1508750167.751294,5363
query,1508750167.7512982,1508750167.8251398,0
query,1508750167.825144,1508750167.9995768,2597
query,1508750167.9995809,1508750168.4885006,5052
query,1508750168.4885044,1508750168.5553622,1597
query,1508750168.5553665,1508750168.639187,25
query,1508750168.6391904,1508750168.682643,19
query,1508750168.6826465,1508750168.7632654,450
query,1508750168.7632687,1508750168.818658,555
query,1508750168.8186617,1508750168.8936918,40
query,1508750168.8936954,1508750169.0708148,3424
query,1508750169.0708182,1508750169.4475245,6058
query,1508750169.4475284,1508750169.6324956,4650
query,1508750169.6324995,1508750169.7275448,2413
query,1508750169.7275612,1508750170.0073779,8594
query,1508750170.0098262,1508750170.215717,7527
query,1508750170.215721,1508750170.439551,6329
query,1508750170.439555,1508750170.8436913,8842
query,1508750170.843695,1508750170.9231024,494
query,1508750170.9231057,1508750170.9990685,27
query,1508750170.999072,1508750171.1139994,3
query,1508750171.1140034,1508750171.180257,713
query,1508750171.1802611,1508750171.4874132,3742
query,1508750171.4874167,1508750171.5529916,60
query,1508750171.5529954,1508750171.8743505,4233
query,1508750171.8743544,1508750172.3953142,10259
query,1508750172.395318,1508750172.4914508,24
query,1508750172.4914544,1508750172.6205258,3035
query,1508750172.6205294,1508750172.7022398,2191
query,1508750172.7022433,1508750172.7890556,858
query,1508750172.7890599,1508750172.8845372,35
query,1508750172.8845413,1508750173.3135223,6757
query,1508750173.3135262,1508750173.3796449,2
query,1508750173.3796484,1508750173.6595263,4634
query,1508750173.6595418,1508750173.7313535,778
query,1508750173.7337835,1508750173.839192,60
query,1508750173.8391953,1508750174.3908443,6995
query,1508750174.390848,1508750174.8354926,3030
query,1508750174.8354962,1508750174.9233632,1
query,1508750174.9233665,1508750174.9993439,479
query,1508750174.9993474,1508750175.071094,9
query,1508750175.0710976,1508750175.3226428,8693
query,1508750175.3226461,1508750175.430168,757
query,1508750175.430172,1508750175.5501673,1180
query,1508750175.5501714,1508750175.631252,1210
query,1508750175.6312556,1508750175.7177382,2597
query,1508750175.717747,1508750175.8042047,0
query,1508750175.8042083,1508750175.8962088,62
query,1508750175.896212,1508750176.0703924,4984
query,1508750176.0703962,1508750176.2514303,1861
query,1508750176.251434,1508750176.3272974,1747
query,1508750176.327301,1508750176.399913,1948
query,1508750176.3999166,1508750176.5793219,2413
query,1508750176.5793254,1508750176.6628563,0
query,1508750176.6628728,1508750176.7632954,1193
query,1508750176.7657726,1508750177.0793104,3480
query,1508750177.0793142,1508750177.3111608,2621
query,1508750177.3111646,1508750177.386106,5
query,1508750177.3861098,1508750177.4941409,137
query,1508750177.494145,1508750177.6473086,1988
query,1508750177.6473122,1508750177.722126,41
query,1508750177.7221296,1508750177.8002443,876
query,1508750177.8002484,1508750177.8872416,356
query,1508750177.887246,1508750177.9380891,459
query,1508750177.938093,1508750178.3192635,6099
query,1508750178.3192668,1508750178.463603,1881
query,1508750178.4636064,1508750178.561116,471
query,1508750178.5611198,1508750178.6788223,3293
query,1508750178.6788263,1508750178.8112693,117
query,1508750178.8112733,1508750178.9924123,3547
query,1508750178.9924154,1508750179.1203494,19
query,1508750179.1203535,1508750179.3031182,2393
query,1508750179.3031223,1508750179.422171,1957
query,1508750179.422175,1508750179.6636813,4422
query,1508750179.663699,1508750179.806137,49
query,1508750179.8092651,1508750179.8877072,617
query,1508750179.887711,1508750179.9513998,0
query,1508750179.9514036,1508750180.207219,2637
query,1508750180.2072227,1508750180.3430843,1542
query,1508750180.343088,1508750180.6472595,5037
query,1508750180.6472633,1508750180.73386,0
query,1508750180.7338645,1508750180.7887592,4
query,1508750180.7887633,1508750180.8628902,570
query,1508750180.862894,1508750180.9649718,98
query,1508750180.9649754,1508750181.043083,140
query,1508750181.0430868,1508750181.1169858,0
query,1508750181.1169896,1508750181.2248356,0
query,1508750181.2248397,1508750181.3390481,1363
query,1508750181.3390515,1508750181.4224598,2
query,1508750181.4224632,1508750181.4854395,0
query,1508750181.4854429,1508750181.5648594,122
query,1508750181.5648632,1508750181.7767198,3406
query,1508750181.7767236,1508750182.1831422,10660
query,1508750182.1831455,1508750182.5551698,8678
query,1508750182.5551848,1508750182.6636176,26
query,1508750182.6660502,1508750182.7467844,922
query,1508750182.7467878,1508750182.8512712,3748
query,1508750182.851275,1508750182.9333696,721
query,1508750182.9333735,1508750183.0430708,1223
query,1508750183.0430746,1508750183.192304,5770
query,1508750183.1923075,1508750183.2669446,277
query,1508750183.2669485,1508750183.5203142,9193
query,1508750183.5203218,1508750183.7053816,6395
query,1508750183.7053857,1508750183.8231888,2518
query,1508750183.8231926,1508750184.0152333,7351
query,1508750184.0152376,1508750184.1272569,2176
query,1508750184.1272604,1508750184.237065,1
query,1508750184.237069,1508750184.394298,4859
query,1508750184.394302,1508750184.5113885,1
query,1508750184.5113926,1508750184.6645494,2929
query,1508750184.6645532,1508750184.7270553,905
query,1508750184.7270591,1508750184.8072402,24
query,1508750184.8072436,1508750184.8910074,14
query,1508750184.891011,1508750185.0830822,5248
query,1508750185.0830967,1508750185.2188356,2456
query,1508750185.2215524,1508750185.4353452,4596
query,1508750185.4353487,1508750185.5508056,88
query,1508750185.5508094,1508750185.6342041,1532
query,1508750185.6342077,1508750185.711139,1759
query,1508750185.7111433,1508750185.8058732,1065
query,1508750185.805877,1508750185.8705602,0
query,1508750185.870564,1508750185.9591572,1150
query,1508750185.9591613,1508750186.0230258,828
query,1508750186.023029,1508750186.1356835,1064
query,1508750186.1356874,1508750186.4798565,8852
query,1508750186.47986,1508750186.5349348,1
query,1508750186.5349383,1508750186.8795838,3576
query,1508750186.8795874,1508750187.0190196,2043
query,1508750187.0190237,1508750187.0711741,4
query,1508750187.0711777,1508750187.243113,5765
query,1508750187.2431164,1508750187.2986462,121
query,1508750187.2986498,1508750187.4186954,1520
query,1508750187.4186993,1508750187.5789413,8468
query,1508750187.5789452,1508750187.6748831,400
query,1508750187.6748984,1508750187.7273643,1259
query,1508750187.7301252,1508750187.7768776,826
query,1508750187.7768817,1508750188.007134,5507
query,1508750188.0071375,1508750188.2391303,6569
query,1508750188.2391338,1508750188.3080614,15
query,1508750188.3080647,1508750188.4050362,6
query,1508750188.4050417,1508750188.4714613,896
query,1508750188.4714653,1508750189.0076065,7198
query,1508750189.0076098,1508750189.1384928,829
query,1508750189.1384969,1508750189.2341728,1276
query,1508750189.2341766,1508750189.3011892,0
query,1508750189.3011925,1508750189.3715155,683
query,1508750189.371519,1508750189.5807445,1453
query,1508750189.5807483,1508750189.805601,6078
query,1508750189.8056047,1508750190.0704753,2311
query,1508750190.0704792,1508750190.1699598,1485
query,1508750190.1699636,1508750190.250258,998
query,1508750190.2502618,1508750190.679097,8742
query,1508750190.679101,1508750190.7542202,6
query,1508750190.7542238,1508750190.8417964,211
query,1508750190.8418126,1508750190.9135566,1228
query,1508750190.9161553,1508750191.0347261,2432
query,1508750191.0347295,1508750191.133957,975
query,1508750191.1339607,1508750191.2023633,879
query,1508750191.202367,1508750191.294944,1313
query,1508750191.2949479,1508750191.3851285,27
query,1508750191.3851326,1508750191.470634,121
query,1508750191.4706378,1508750191.5546355,1129
query,1508750191.5546389,1508750191.626662,1338
query,1508750191.6266656,1508750191.7306244,2404
query,1508750191.7306283,1508750191.8628266,357
query,1508750191.8628306,1508750191.9104047,0
query,1508750191.9104083,1508750191.970577,405
query,1508750191.970581,1508750192.1643445,2807
query,1508750192.1643484,1508750192.2778172,17
query,1508750192.277821,1508750192.422317,2237
query,1508750192.4223206,1508750192.5549347,1027
query,1508750192.5549383,1508750192.8641694,5732
query,1508750192.864174,1508750192.9428105,1595
query,1508750192.9428148,1508750193.0468976,87
query,1508750193.046914,1508750193.105679,1347
query,1508750193.1081843,1508750193.2826588,3092
query,1508750193.2826622,1508750193.3774672,0
query,1508750193.377471,1508750193.4347088,7
query,1508750193.4347126,1508750193.5870478,3823
query,1508750193.5870514,1508750193.9145792,2248
query,1508750193.914583,1508750194.0478034,1498
query,1508750194.047807,1508750194.1858687,894
query,1508750194.1858728,1508750194.4262364,2631
query,1508750194.4262402,1508750194.5903645,869
query,1508750194.5903683,1508750194.65394,5
query,1508750194.653944,1508750194.7386982,369
query,1508750194.7387018,1508750194.8877418,76
query,1508750194.8877451,1508750194.991516,1886
query,1508750194.99152,1508750195.1428092,3590
query,1508750195.1428134,1508750195.2422087,0
query,1508750195.2422128,1508750195.5648324,5307
query,1508750195.5648365,1508750195.6341107,32
query,1508750195.6341145,1508750195.7609434,1786
query,1508750195.7609472,1508750195.8628247,633
query,1508750195.8628414,1508750195.9791892,2608
query,1508750195.9822526,1508750196.0329223,5
query,1508750196.0329268,1508750196.1789868,1562
query,1508750196.1789908,1508750196.2249818,884
query,1508750196.2249856,1508750196.322614,1790
query,1508750196.3226173,1508750196.4105859,232
query,1508750196.4105895,1508750196.6635537,6604
query,1508750196.6635573,1508750196.7715309,32
query,1508750196.7715342,1508750197.135623,6155
query,1508750197.1356273,1508750197.3175821,308
query,1508750197.3175862,1508750197.3869774,831
query,1508750197.386981,1508750197.4607458,4
query,1508750197.4607499,1508750198.0473297,8127
query,1508750198.0473335,1508750198.470882,10248
query,1508750198.4708855,1508750198.6913717,3805
query,1508750198.691375,1508750199.0713074,8761
query,1508750199.0713112,1508750199.1709056,247
query,1508750199.17091,1508750199.2109911,1
query,1508750199.2109947,1508750199.3043752,121
query,1508750199.304379,1508750199.4122734,135
query,1508750199.4122884,1508750199.602463,2817
query,1508750199.6049125,1508750199.7387273,826
query,1508750199.7387314,1508750199.8870614,2587
query,1508750199.887065,1508750199.94535,260
query,1508750199.945354,1508750200.0872571,0
query,1508750200.0872612,1508750200.1590977,2
query,1508750200.159101,1508750200.204879,1
query,1508750200.2048829,1508750200.3305902,2973
query,1508750200.3305943,1508750200.4613063,3955
query,1508750200.4613101,1508750200.5267854,477
query,1508750200.5267897,1508750200.6163313,259
query,1508750200.6163354,1508750200.72356,1
query,1508750200.7235641,1508750200.8046868,205
query,1508750200.8046904,1508750201.015717,3083
query,1508750201.015721,1508750201.1235836,1577
query,1508750201.1235871,1508750201.430971,7208
query,1508750201.4309752,1508750201.510819,1095
query,1508750201.510823,1508750201.6069396,1351
query,1508750201.6069438,1508750201.6638672,17
query,1508750201.6638713,1508750201.892857,7595
query,1508750201.8928733,1508750201.957361,1562
query,1508750201.9598548,1508750202.0481737,1161
query,1508750202.048177,1508750202.1826577,2883
query,1508750202.182661,1508750202.2221787,0
query,1508750202.2221823,1508750202.3746843,3409
query,1508750202.3746881,1508750202.415925,80
query,1508750202.4159286,1508750202.5629845,3485
query,1508750202.5629885,1508750202.6386478,74
query,1508750202.6386518,1508750202.7205718,0
query,1508750202.7205758,1508750202.8025362,9
query,1508750202.8025405,1508750202.8785582,23
query,1508750202.8785627,1508750202.9510498,115
query,1508750202.9510539,1508750203.0402565,4
query,1508750203.0402603,1508750203.0871513,974
query,1508750203.0871553,1508750203.1349046,373
query,1508750203.134909,1508750203.186106,423
query,1508750203.1861103,1508750203.2685971,0
query,1508750203.2686014,1508750203.35411,1814
query,1508750203.3541143,1508750203.436123,1363
query,1508750203.436127,1508750203.5532062,1768
query,1508750203.553268,1508750203.8988287,7267
query,1508750203.9020855,1508750203.9827545,984
query,1508750203.9827585,1508750204.0643368,3
query,1508750204.0643408,1508750204.1406376,131
query,1508750204.1406417,1508750204.2547867,2166
query,1508750204.2547908,1508750204.3665845,1670
query,1508750204.366588,1508750204.4782703,1252
query,1508750204.478274,1508750204.8388534,6953
query,1508750204.8388574,1508750204.958056,120
query,1508750204.95806,1508750205.0524664,0
query,1508750205.0524702,1508750205.1265085,1612
query,1508750205.126512,1508750205.2000897,14
query,1508750205.2000935,1508750205.2740939,482
query,1508750205.274098,1508750206.1004276,2827
query,1508750206.1004322,1508750206.4109793,9234
query,1508750206.4109836,1508750206.4788978,154
query,1508750206.4789014,1508750206.8147023,2065
query,1508750206.814706,1508750207.1425722,6506
query,1508750207.1425762,1508750207.1875842,8
query,1508750207.1875877,1508750207.2512336,4
query,1508750207.2512503,1508750207.3639593,571
query,1508750207.3663907,1508750207.4723766,4
query,1508750207.4723814,1508750207.5360138,3
query,1508750207.5360172,1508750207.5756924,25
query,1508750207.575697,1508750207.8090975,5484
query,1508750207.8091013,1508750207.8663821,101
query,1508750207.8663857,1508750207.9186609,1183
query,1508750207.9186645,1508750207.9740138,2
query,1508750207.9740171,1508750208.0468326,941
query,1508750208.0468364,1508750208.2308373,5293
query,1508750208.2308412,1508750208.3031185,1943
query,1508750208.303122,1508750208.3506908,27
query,1508750208.3506942,1508750208.402164,795
query,1508750208.4021673,1508750208.4533217,275
query,1508750208.453326,1508750208.5028641,0
query,1508750208.5028684,1508750208.6023486,23
query,1508750208.6023526,1508750208.6506448,0
query,1508750208.6506484,1508750208.7142267,11
query,1508750208.7142305,1508750208.786249,553
query,1508750208.7862527,1508750208.882388,1698
query,1508750208.882404,1508750208.938431,585
query,1508750208.941065,1508750209.0222921,229
query,1508750209.022296,1508750209.080464,0
query,1508750209.0804677,1508750209.4123797,3522
query,1508750209.412384,1508750209.5305927,2566
query,1508750209.5305965,1508750209.7661545,2143
query,1508750209.766159,1508750209.9466658,2475
query,1508750209.9466696,1508750210.0205832,0
query,1508750210.0205872,1508750210.0990548,593
query,1508750210.0990593,1508750210.5306346,9605
query,1508750210.5306387,1508750210.6773238,2591
query,1508750210.6773276,1508750211.1837754,8494
query,1508750211.1837795,1508750211.254959,476
query,1508750211.2549632,1508750211.502691,3885
query,1508750211.5026956,1508750211.5718756,0
query,1508750211.5718794,1508750211.6425302,126
query,1508750211.6425338,1508750211.6979494,0
query,1508750211.6979535,1508750212.0348744,7879
query,1508750212.034879,1508750212.1183622,1542
query,1508750212.1183658,1508750212.5264528,4920
query,1508750212.5264692,1508750212.626467,464
query,1508750212.6288314,1508750212.83457,4517
query,1508750212.8345737,1508750212.9218707,2220
query,1508750212.9218752,1508750213.1427703,1556
query,1508750213.1427743,1508750213.5028973,8616
query,1508750213.502901,1508750213.5783968,106
query,1508750213.5784004,1508750213.8140872,6874
query,1508750213.8140907,1508750214.113312,6719
query,1508750214.1133163,1508750214.18645,421
query,1508750214.1864543,1508750214.2603598,0
query,1508750214.2603638,1508750214.3627534,1394
query,1508750214.3627574,1508750214.4386642,402
query,1508750214.4386685,1508750214.7986155,3752
query,1508750214.7986195,1508750214.8829296,126
query,1508750214.8829331,1508750214.958571,515
query,1508750214.9585752,1508750215.459119,6020
query,1508750215.4591234,1508750215.510338,58
query,1508750215.510342,1508750215.604489,33
query,1508750215.6044931,1508750215.8746006,5758
query,1508750215.874604,1508750216.1293306,3583
query,1508750216.1293468,1508750216.230583,1374
query,1508750216.233112,1508750216.3043423,2
query,1508750216.3043456,1508750216.4091582,1631
query,1508750216.4091616,1508750216.5665329,2594
query,1508750216.566537,1508750216.966625,6385
query,1508750216.9666293,1508750217.0424166,119
query,1508750217.0424204,1508750217.1183183,94
query,1508750217.1183224,1508750217.2396026,2436
query,1508750217.2396066,1508750217.3227475,3259
query,1508750217.3227515,1508750217.434346,3177
query,1508750217.4343495,1508750217.5059724,977
query,1508750217.505976,1508750217.82354,5700
query,1508750217.823544,1508750217.9214306,0
query,1508750217.9214344,1508750218.0307186,1196
query,1508750218.030723,1508750218.1084557,0
query,1508750218.10846,1508750218.149575,463
query,1508750218.1495786,1508750218.2664094,1587
query,1508750218.266414,1508750218.3266914,5
query,1508750218.3266952,1508750218.4381967,4
query,1508750218.438201,1508750218.9826021,2865
query,1508750218.9826193,1508750219.0247214,668
query,1508750219.0276084,1508750219.1023576,2142
query,1508750219.1023612,1508750219.4344597,2985
query,1508750219.4344633,1508750219.546438,3029
query,1508750219.5464418,1508750219.6222308,1704
query,1508750219.6222346,1508750219.699363,204
query,1508750219.6993668,1508750220.195997,9224
query,1508750220.1960013,1508750220.2964044,0
query,1508750220.2964087,1508750220.3624408,99
query,1508750220.3624446,1508750220.4197378,545
query,1508750220.4197416,1508750220.4916744,1527
query,1508750220.4916782,1508750220.5461895,32
query,1508750220.5461934,1508750220.6356556,2406
query,1508750220.6356597,1508750220.9629204,5076
query,1508750220.9629245,1508750221.070491,35
query,1508750221.0704951,1508750221.1823516,921
query,1508750221.1823556,1508750221.3984742,3355
query,1508750221.3984783,1508750221.4467463,783
query,1508750221.4467502,1508750221.4946263,611
query,1508750221.4946303,1508750221.615168,3135
query,1508750221.6151838,1508750221.6788547,472
query,1508750221.6813607,1508750221.7184806,23
query,1508750221.7184846,1508750221.7918832,7
query,1508750221.791887,1508750222.279263,5072
query,1508750222.279267,1508750222.358028,1331
query,1508750222.3580325,1508750222.682429,6734
query,1508750222.6824334,1508750223.0385242,7746
query,1508750223.0385282,1508750223.434538,3231
query,1508750223.4345417,1508750223.5101495,878
query,1508750223.510153,1508750223.947051,9976
query,1508750223.947055,1508750224.2463117,2589
query,1508750224.2463162,1508750224.3583722,596
query,1508750224.3583827,1508750224.6497986,8451
query,1508750224.6498024,1508750224.9288507,6085
query,1508750224.9288547,1508750225.3839412,6497
query,1508750225.383945,1508750225.4700403,133
query,1508750225.4700444,1508750225.566289,431
query,1508750225.5662932,1508750225.6307333,236
query,1508750225.6307368,1508750225.7891612,1659
query,1508750225.789165,1508750225.9302635,3361
query,1508750225.9302795,1508750226.0543559,1546
query,1508750226.0568666,1508750226.2198803,19
query,1508750226.2198844,1508750226.2943206,639
query,1508750226.2943246,1508750226.3660822,3
query,1508750226.3660867,1508750226.6104038,5193
query,1508750226.6104078,1508750226.7300541,3
query,1508750226.730058,1508750226.876362,54
query,1508750226.876366,1508750227.0665693,5105
query,1508750227.066573,1508750227.218194,3830
query,1508750227.218198,1508750227.3519437,1235
query,1508750227.3519475,1508750227.4380362,287
query,1508750227.4380405,1508750227.4946523,1054
query,1508750227.4946558,1508750227.5505505,6
query,1508750227.5505543,1508750228.0820663,11608
query,1508750228.0820706,1508750228.1782076,1859
query,1508750228.1782115,1508750228.2701457,107
query,1508750228.2701495,1508750228.566723,4926
query,1508750228.5667274,1508750229.114397,6983
query,1508750229.114401,1508750229.4824688,7673
query,1508750229.4824724,1508750229.91828,7426
query,1508750229.9182951,1508750230.0717192,798
query,1508750230.0742388,1508750230.4301958,6194
query,1508750230.4302,1508750230.8263593,5982
query,1508750230.8263633,1508750230.932755,974
query,1508750230.9327583,1508750231.0741909,2713
query,1508750231.0741942,1508750231.2144158,2164
query,1508750231.2144198,1508750231.3114963,320
query,1508750231.3115,1508750231.3785543,1
query,1508750231.3785577,1508750231.5116541,861
query,1508750231.5116584,1508750231.8910031,10290
query,1508750231.8910074,1508750232.0103745,21
query,1508750232.0103784,1508750232.1183853,1392
query,1508750232.1183891,1508750232.1982503,349
query,1508750232.198254,1508750232.302406,94
query,1508750232.30241,1508750232.3826506,879
query,1508750232.3826551,1508750232.4227664,36
query,1508750232.42277,1508750232.5058777,0
query,1508750232.5058815,1508750232.602322,923
query,1508750232.6023269,1508750232.7097483,1002
query,1508750232.709752,1508750232.8543546,1201
query,1508750232.8543723,1508750232.922147,123
query,1508750232.924472,1508750233.030273,524
query,1508750233.0302763,1508750233.243904,21
query,1508750233.2439082,1508750233.7462661,4824
query,1508750233.74627,1508750233.8597152,842
query,1508750233.859719,1508750233.9597433,1
query,1508750233.9597468,1508750234.327725,6479
query,1508750234.3277287,1508750234.5791893,8425
query,1508750234.579193,1508750234.7792513,3660
query,1508750234.7792554,1508750235.0022554,4812
query,1508750235.0022597,1508750235.098003,383
query,1508750235.0980067,1508750235.3595638,5063
query,1508750235.3595679,1508750235.4355624,889
query,1508750235.435566,1508750235.6142974,3166
query,1508750235.614301,1508750235.8262236,2466
query,1508750235.826227,1508750235.906212,5
query,1508750235.906216,1508750236.5588217,10486
query,1508750236.5588253,1508750236.6778505,37
query,1508750236.6778543,1508750237.0591354,6198
query,1508750237.0591393,1508750237.1411402,709
query,1508750237.141157,1508750237.3540943,4359
query,1508750237.3564885,1508750237.5063548,649
query,1508750237.506359,1508750237.6660435,2320
query,1508750237.6660469,1508750237.8221421,1769
query,1508750237.8221462,1508750238.202495,4903
query,1508750238.2024992,1508750238.2917607,3
query,1508750238.2917647,1508750238.3925154,0
query,1508750238.3925192,1508750238.5063515,1673
query,1508750238.5063555,1508750238.5840182,384
query,1508750238.5840223,1508750238.6942966,1548
query,1508750238.6943007,1508750238.8261373,2246
query,1508750238.826141,1508750238.9060295,222
query,1508750238.9060333,1508750238.9859886,111
query,1508750238.9859927,1508750239.17174,3574
query,1508750239.1717439,1508750239.5927484,7400
query,1508750239.5927522,1508750239.7181396,604
query,1508750239.7181432,1508750239.7954707,2
query,1508750239.7954738,1508750240.3111446,15880
query,1508750240.3111484,1508750240.739763,10171
query,1508750240.7397668,1508750240.9344647,1745
query,1508750240.9344804,1508750241.058218,2721
query,1508750241.0607288,1508750241.2341034,2933
query,1508750241.2341075,1508750241.722211,5937
query,1508750241.7222145,1508750241.836399,222
query,1508750241.836403,1508750241.9099524,587
query,1508750241.9099562,1508750241.9857821,1304
query,1508750241.9857857,1508750242.1298914,1177
query,1508750242.1298952,1508750242.1961076,22
query,1508750242.1961112,1508750242.568092,9497
query,1508750242.5680957,1508750242.7620828,4956
query,1508750242.762087,1508750242.9503257,1369
query,1508750242.95033,1508750243.0731723,2394
query,1508750243.0731766,1508750243.154043,873
query,1508750243.1540477,1508750243.347446,335
query,1508750243.3474498,1508750243.524673,3108
query,1508750243.524677,1508750243.7078998,0
query,1508750243.707904,1508750243.966408,6282
query,1508750243.9664118,1508750244.0864723,23
query,1508750244.0864758,1508750244.1823056,3
query,1508750244.1823094,1508750244.7624326,2833
query,1508750244.762448,1508750244.8658488,215
query,1508750244.8682384,1508750244.9777913,195
query,1508750244.9777951,1508750245.0539863,42
query,1508750245.05399,1508750245.1566114,2424
query,1508750245.156615,1508750245.3865151,5151
query,1508750245.386519,1508750245.973388,5867
query,1508750245.9733918,1508750246.1620793,4623
query,1508750246.162083,1508750246.470323,6726
query,1508750246.4703267,1508750246.6145358,3295
query,1508750246.61454,1508750246.8382132,2622
query,1508750246.838217,1508750246.9740636,445
query,1508750246.9740674,1508750247.2900403,5418
query,1508750247.2900436,1508750247.5781348,3655
query,1508750247.5781384,1508750248.0426147,11086
query,1508750248.0426183,1508750248.1499407,2
query,1508750248.1499445,1508750248.2834318,0
query,1508750248.2834358,1508750248.7189126,3567
query,1508750248.7189167,1508750249.0980687,8312
query,1508750249.0980728,1508750249.21012,71
query,1508750249.2101238,1508750249.3598142,1
query,1508750249.3598301,1508750249.4221268,62
query,1508750249.4244769,1508750249.5141735,59
query,1508750249.514177,1508750249.8702323,8585
query,1508750249.870236,1508750249.9267938,0
query,1508750249.9267972,1508750249.9900472,553
query,1508750249.9900508,1508750250.3647006,6813
query,1508750250.3647041,1508750250.7019289,7817
query,1508750250.7019331,1508750250.752271,113
query,1508750250.7522745,1508750250.7897527,26
query,1508750250.789756,1508750251.045955,5850
query,1508750251.0459585,1508750251.1497815,116
query,1508750251.1497853,1508750251.2873285,290
query,1508750251.2873323,1508750251.518209,3703
query,1508750251.518213,1508750251.673795,1975
query,1508750251.673799,1508750251.7451224,714
query,1508750251.745126,1508750251.9073625,2240
query,1508750251.9073668,1508750252.1058707,5182
query,1508750252.105875,1508750252.1819344,361
query,1508750252.1819384,1508750252.3339803,1611
query,1508750252.3339846,1508750252.4435134,7
query,1508750252.4435294,1508750252.800493,8748
query,1508750252.8029666,1508750252.8984787,318
query,1508750252.8984828,1508750253.070484,529
query,1508750253.0704875,1508750253.3342946,8599
query,1508750253.3342993,1508750253.5556443,6078
query,1508750253.5556479,1508750253.665789,572
query,1508750253.6657932,1508750253.7506073,1372
query,1508750253.7506113,1508750253.8233604,110
query,1508750253.8233645,1508750254.0056257,23
query,1508750254.00563,1508750254.0984924,1094
query,1508750254.0984962,1508750254.1788745,370
query,1508750254.1788783,1508750254.2206912,2
query,1508750254.220695,1508750254.3907385,3721
query,1508750254.3907423,1508750255.1261327,2724
query,1508750255.1261365,1508750255.4797096,7780
query,1508750255.4797132,1508750255.6779575,1917
query,1508750255.677961,1508750255.8121715,17
query,1508750255.812175,1508750256.018734,2610
query,1508750256.0187383,1508750256.3784525,2915
query,1508750256.3784566,1508750257.1175997,6874
query,1508750257.1176152,1508750257.1993225,784
query,1508750257.2018495,1508750257.3021355,34
query,1508750257.3021393,1508750257.5196404,3345
query,1508750257.519644,1508750257.6234856,5
query,1508750257.6234891,1508750257.7419221,10
query,1508750257.741926,1508750257.8155446,17
query,1508750257.8155484,1508750257.9298267,962
query,1508750257.9298308,1508750258.0077677,2
query,1508750258.0077715,1508750258.1096177,250
query,1508750258.109622,1508750258.157996,926
query,1508750258.1580002,1508750258.4196923,2121
query,1508750258.4196959,1508750258.4841104,0
query,1508750258.484114,1508750258.7298133,6905
query,1508750258.7298172,1508750258.9182386,5603
query,1508750258.9182425,1508750259.0700457,4564
query,1508750259.0700498,1508750259.1343586,3
query,1508750259.1343625,1508750259.2049775,115
query,1508750259.204982,1508750259.3235967,0
query,1508750259.323601,1508750259.8099742,3829
query,1508750259.809978,1508750259.97363,1342
query,1508750259.9736457,1508750260.1136003,1
query,1508750260.11613,1508750260.1897974,419
query,1508750260.189801,1508750260.2666512,610
query,1508750260.2666554,1508750260.3392947,0
query,1508750260.3392992,1508750260.38563,2
query,1508750260.3856335,1508750260.5059023,1238
query,1508750260.5059063,1508750260.6977696,5476
query,1508750260.6977746,1508750260.9219992,2266
query,1508750260.9220026,1508750260.989535,1174
query,1508750260.9895384,1508750261.073451,300
query,1508750261.0734549,1508750261.1619167,771
query,1508750261.1619203,1508750261.385826,1815
query,1508750261.3858297,1508750261.750823,3221
query,1508750261.750827,1508750261.8462744,885
query,1508750261.8462782,1508750262.1739228,2552
query,1508750262.1739264,1508750262.249754,95
query,1508750262.249758,1508750262.4699147,4965
query,1508750262.4699185,1508750262.9067974,3399
query,1508750262.9068015,1508750263.0759387,1407
query,1508750263.0759428,1508750263.155552,2
query,1508750263.1555674,1508750263.3207612,1514
query,1508750263.3232589,1508750263.5156395,3622
query,1508750263.5156438,1508750263.8440385,4131
query,1508750263.8440423,1508750263.8940399,42
query,1508750263.8940432,1508750264.070381,3994
query,1508750264.070385,1508750264.1436388,0
query,1508750264.143643,1508750264.2384958,2594
query,1508750264.2384999,1508750264.4819639,8399
query,1508750264.4819677,1508750264.5962174,1887
query,1508750264.5962212,1508750264.636766,0
query,1508750264.6367698,1508750264.7106397,15
query,1508750264.7106438,1508750264.8298368,1239
query,1508750264.8298411,1508750264.9471679,1375
query,1508750264.947172,1508750265.0595164,0
query,1508750265.059521,1508750265.2903466,8545
query,1508750265.2903502,1508750265.3855436,795
query,1508750265.3855474,1508750265.4342513,1222
query,1508750265.4342551,1508750265.5297935,1859
query,1508750265.5297978,1508750265.7215645,3577
query,1508750265.7215683,1508750265.8421106,2494
query,1508750265.842128,1508750265.941827,1286
query,1508750265.944241,1508750266.1297219,5164
query,1508750266.1297255,1508750266.3216581,4393
query,1508750266.3216617,1508750266.4699883,4205
query,1508750266.4699922,1508750266.6135645,6
query,1508750266.6135685,1508750266.806645,7560
query,1508750266.8066485,1508750266.9706736,6670
query,1508750266.9706774,1508750267.1137772,1614
query,1508750267.1137812,1508750267.204489,1999
query,1508750267.204493,1508750267.3017128,2059
query,1508750267.3017168,1508750267.8300307,7088
query,1508750267.8300347,1508750267.9589975,1226
query,1508750267.9590013,1508750268.053544,1071
query,1508750268.053548,1508750268.1996405,3067
query,1508750268.1996448,1508750268.6463733,6548
query,1508750268.6463773,1508750268.9189808,4800
query,1508750268.9189844,1508750269.0461242,1970
query,1508750269.0461278,1508750269.2739637,3252
query,1508750269.2739677,1508750269.3673675,829
query,1508750269.367371,1508750269.6076767,6254
query,1508750269.6076946,1508750269.809569,128
query,1508750269.8119218,1508750270.0431938,143
query,1508750270.0431976,1508750270.2346644,2361
query,1508750270.2346683,1508750270.5583239,7782
query,1508750270.5583277,1508750270.7152855,1360
query,1508750270.7152896,1508750270.8338976,916
query,1508750270.8339014,1508750271.0462542,4671
query,1508750271.046258,1508750271.1959925,2164
query,1508750271.1959963,1508750271.6220047,5135
query,1508750271.6220095,1508750271.7894847,926
query,1508750271.7894897,1508750271.8568685,275
query,1508750271.8568726,1508750271.9634724,16
query,1508750271.963476,1508750272.0458055,397
query,1508750272.0458088,1508750272.1620915,1858
query,1508750272.1620948,1508750272.3734374,1133
query,1508750272.37344,1508750272.5182695,4936
query,1508750272.518274,1508750272.8455992,4111
query,1508750272.8456035,1508750273.0295312,4553
query,1508750273.029535,1508750273.1052961,97
query,1508750273.1052997,1508750273.2616222,3310
query,1508750273.2616377,1508750273.4657638,8754
query,1508750273.4682312,1508750273.5473228,0
query,1508750273.5473268,1508750273.873951,5501
query,1508750273.8739545,1508750274.0215156,590
query,1508750274.02152,1508750274.3496456,8576
query,1508750274.3496501,1508750274.429421,4
query,1508750274.4294248,1508750274.5177107,1182
query,1508750274.5177145,1508750274.594101,7
query,1508750274.5941045,1508750274.8736913,3619
query,1508750274.873695,1508750274.9852831,3
query,1508750274.985287,1508750275.1069126,171
query,1508750275.1069162,1508750275.1934433,539
query,1508750275.1934469,1508750275.3308265,1702
query,1508750275.3308306,1508750275.4774652,1502
query,1508750275.4774687,1508750275.5262725,698
query,1508750275.526276,1508750275.7014053,934
query,1508750275.7014089,1508750275.8496616,4177
query,1508750275.8496652,1508750275.9940968,17
query,1508750275.9941006,1508750276.12993,39
query,1508750276.1299336,1508750276.1829967,302
query,1508750276.1830122,1508750276.445552,7301
query,1508750276.4479363,1508750276.513388,610
query,1508750276.5133917,1508750276.6333892,1430
query,1508750276.6333933,1508750276.771936,3887
query,1508750276.7719395,1508750276.8679318,27
query,1508750276.8679354,1508750277.0615227,1298
query,1508750277.061527,1508750277.3562362,6802
query,1508750277.3562398,1508750277.4532843,4
query,1508750277.4532878,1508750277.6198885,51
query,1508750277.6198926,1508750278.053495,6656
query,1508750278.0534992,1508750278.1650867,2
query,1508750278.1650906,1508750278.328186,2209
query,1508750278.3281898,1508750278.3893702,210
query,1508750278.3893738,1508750278.615085,0
query,1508750278.6150892,1508750278.6851225,0
query,1508750278.685126,1508750278.8454363,1226
query,1508750278.8454404,1508750279.3795514,9698
query,1508750279.379556,1508750279.6166527,1958
query,1508750279.6166568,1508750279.9294891,7264
query,1508750279.929493,1508750280.0101104,1696
query,1508750280.0101256,1508750280.0863059,482
query,1508750280.0893674,1508750280.5658712,8986
query,1508750280.5658748,1508750281.037978,7434
query,1508750281.0379822,1508750281.1614022,1
query,1508750281.1614063,1508750281.3145957,2234
query,1508750281.3145993,1508750281.4692776,1983
query,1508750281.469282,1508750281.6515555,2368
query,1508750281.6515605,1508750281.7590666,0
query,1508750281.7590702,1508750281.8899972,336
query,1508750281.8900013,1508750281.9702697,153
query,1508750281.9702735,1508750282.0541306,1566
query,1508750282.0541346,1508750282.1621442,2023
query,1508750282.1621478,1508750282.2821858,434
query,1508750282.2821898,1508750282.5632696,148
query,1508750282.563274,1508750282.6893477,1350
query,1508750282.6893513,1508750282.9854321,6787
query,1508750282.9854362,1508750283.2362294,1073
query,1508750283.2362337,1508750283.3610835,561
query,1508750283.3610876,1508750283.530079,3943
query,1508750283.5300832,1508750283.6173747,48
query,1508750283.6173916,1508750283.68892,57
query,1508750283.6914132,1508750283.7666805,79
query,1508750283.766684,1508750283.8411787,2
query,1508750283.841182,1508750283.9176545,989
query,1508750283.917658,1508750284.2789485,10598
query,1508750284.2789526,1508750284.4211655,109
query,1508750284.4211693,1508750284.5047808,545
query,1508750284.5047848,1508750284.5765193,1809
query,1508750284.576524,1508750284.8242953,4597
query,1508750284.8242996,1508750284.973725,2424
query,1508750284.973729,1508750285.1516602,5389
query,1508750285.151664,1508750285.299708,3
query,1508750285.2997122,1508750285.447436,1905
query,1508750285.4474401,1508750285.5948787,878
query,1508750285.594883,1508750285.6604004,0
query,1508750285.6604044,1508750285.843279,4035
query,1508750285.8432825,1508750286.085105,8029
query,1508750286.0851092,1508750286.3106446,2387
query,1508750286.3106484,1508750286.5224416,0
query,1508750286.522446,1508750286.7132568,7905
query,1508750286.713274,1508750286.8934758,941
query,1508750286.8965244,1508750286.9314804,0
query,1508750286.9314847,1508750287.009518,2032
query,1508750287.0095217,1508750287.126462,55
query,1508750287.1264658,1508750287.6133814,6644
query,1508750287.6133857,1508750287.7717175,13
query,1508750287.7717214,1508750287.9533215,5594
query,1508750287.9533257,1508750287.9999504,1108
query,1508750287.9999545,1508750288.0610878,2155
query,1508750288.061092,1508750288.1451647,65
query,1508750288.1451688,1508750288.1950984,107
query,1508750288.1951022,1508750288.2596803,43
query,1508750288.2596843,1508750288.331451,178
query,1508750288.3314552,1508750288.40244,846
query,1508750288.402444,1508750288.4887626,33
query,1508750288.4887667,1508750288.6268687,0
query,1508750288.6268728,1508750288.7553961,518
query,1508750288.7553995,1508750288.837355,4
query,1508750288.8373587,1508750288.9210947,6
query,1508750288.9210985,1508750289.2296937,7404
query,1508750289.2297096,1508750289.4019508,1461
query,1508750289.4043367,1508750289.4847,1762
query,1508750289.4847047,1508750289.8655915,7618
query,1508750289.8655958,1508750290.0347402,2292
query,1508750290.034744,1508750290.2058473,171
query,1508750290.205851,1508750290.4425745,2657
query,1508750290.4425783,1508750290.6993306,8317
query,1508750290.6993349,1508750290.8623183,1792
query,1508750290.8623223,1508750291.2215037,9226
query,1508750291.221509,1508750291.309156,405
query,1508750291.30916,1508750292.0573905,5759
query,1508750292.0573945,1508750292.1385505,1605
query,1508750292.1385543,1508750292.62593,8726
query,1508750292.6259346,1508750292.712261,1169
query,1508750292.7122648,1508750292.8211756,803
query,1508750292.8211792,1508750293.1851943,4935
query,1508750293.1852438,1508750293.2973266,791
query,1508750293.2973309,1508750293.425165,1720
query,1508750293.4251692,1508750293.5938013,5651
query,1508750293.5938056,1508750293.6744828,790
query,1508750293.674499,1508750293.7812538,809
query,1508750293.78369,1508750293.8820982,4302
query,1508750293.8821032,1508750294.0733845,1877
query,1508750294.0733893,1508750294.1810813,953
query,1508750294.181086,1508750294.257348,1113
query,1508750294.257352,1508750294.373582,11
query,1508750294.3735857,1508750294.4932957,1701
query,1508750294.4933,1508750294.6039283,1572
query,1508750294.6039324,1508750294.6946976,642
query,1508750294.694702,1508750295.1039064,5691
query,1508750295.1039104,1508750295.2994888,4659
query,1508750295.2994926,1508750295.5494957,6684
query,1508750295.549499,1508750295.6158092,40
query,1508750295.6158128,1508750295.7358694,681
query,1508750295.7358737,1508750295.8220186,1
query,1508750295.8220224,1508750295.8862329,188
query,1508750295.8862367,1508750295.9504554,1155
query,1508750295.950459,1508750296.1840594,8359
query,1508750296.184063,1508750296.2929227,95
query,1508750296.2929265,1508750296.432855,2
query,1508750296.4328713,1508750296.5566885,23
query,1508750296.5591788,1508750296.7875764,6954
query,1508750296.78758,1508750297.0612872,4955
query,1508750297.0612907,1508750297.1339865,2
query,1508750297.13399,1508750297.2555687,1
query,1508750297.2555723,1508750297.3381677,610
query,1508750297.3381715,1508750297.433994,1585
query,1508750297.4339986,1508750297.597033,2129
query,1508750297.597037,1508750298.0995953,9238
query,1508750298.099599,1508750298.2891273,2561
query,1508750298.2891319,1508750298.4373345,2465
query,1508750298.4373386,1508750298.8730838,9120
query,1508750298.8730884,1508750298.928056,14
query,1508750298.928059,1508750299.241138,8671
query,1508750299.241142,1508750299.6370714,7589
query,1508750299.6370752,1508750299.8915162,19
query,1508750299.8915203,1508750300.1453102,5003
query,1508750300.1453142,1508750300.2836769,457
query,1508750300.2836807,1508750300.4449883,5819
query,1508750300.4449925,1508750300.537192,941
query,1508750300.5372565,1508750300.8251128,2533
query,1508750300.8276446,1508750300.900948,272
query,1508750300.900952,1508750301.0130901,48
query,1508750301.0130942,1508750301.3054616,5035
query,1508750301.3054664,1508750301.738412,8582
query,1508750301.7384155,1508750301.9502776,2840
query,1508750301.9502814,1508750302.0688705,2
query,1508750302.0688746,1508750302.2331004,4666
query,1508750302.2331047,1508750302.338691,0
query,1508750302.3386953,1508750302.3773072,6
query,1508750302.377311,1508750302.475075,117
query,1508750302.4750788,1508750302.5482583,512
query,1508750302.548262,1508750302.6309896,1405
query,1508750302.6309934,1508750302.7852526,3262
query,1508750302.7852578,1508750302.8308437,0
query,1508750302.8308475,1508750303.221816,3814
query,1508750303.22182,1508750303.3611388,891
query,1508750303.361143,1508750303.718332,8690
query,1508750303.7183356,1508750303.7580214,665
query,1508750303.758025,1508750303.8947728,129
query,1508750303.8947878,1508750303.964703,502
query,1508750303.9672353,1508750304.2395735,6055
query,1508750304.2395773,1508750304.3866005,76
query,1508750304.3866048,1508750304.4890766,928
query,1508750304.4890811,1508750304.5757313,2181
query,1508750304.5757353,1508750304.7931635,3697
query,1508750304.7931676,1508750304.9141002,9
query,1508750304.914105,1508750305.0293329,2551
query,1508750305.0293372,1508750305.1142166,2342
query,1508750305.1142201,1508750305.2920403,3921
query,1508750305.2920442,1508750305.6413012,6943
query,1508750305.641305,1508750305.756836,33
query,1508750305.7568414,1508750305.9771416,3705
query,1508750305.9771457,1508750306.0606887,2
query,1508750306.0606923,1508750306.5650606,7368
query,1508750306.5650647,1508750306.7209628,2038
query,1508750306.7209666,1508750306.8360727,1697
query,1508750306.8360765,1508750307.555772,6443
query,1508750307.5557756,1508750307.6330557,1779
query,1508750307.6330602,1508750308.2441428,6097
query,1508750308.2441585,1508750308.465107,1365
query,1508750308.4674783,1508750308.5448768,297
query,1508750308.5448806,1508750308.6569061,26
query,1508750308.6569102,1508750308.7666795,0
query,1508750308.7666838,1508750308.9451585,3943
query,1508750308.9451628,1508750309.2574062,2534
query,1508750309.25741,1508750309.4636452,1230
query,1508750309.4636495,1508750309.5830781,78
query,1508750309.583082,1508750309.705989,114
query,1508750309.7059934,1508750309.8046064,1404
query,1508750309.8046103,1508750309.8806887,934
query,1508750309.8806925,1508750310.0290415,4607
query,1508750310.0290456,1508750310.104939,525
query,1508750310.1049433,1508750310.5863183,4800
query,1508750310.5863223,1508750310.665435,151
query,1508750310.6654394,1508750310.8008704,792
query,1508750310.8008742,1508750310.8825548,0
query,1508750310.8825588,1508750310.9647074,244
query,1508750310.9647112,1508750311.1214542,1256
query,1508750311.1214583,1508750311.2396095,430
query,1508750311.2396264,1508750311.3850596,2181
query,1508750311.3874316,1508750311.4850743,1628
query,1508750311.485078,1508750311.8530817,4758
query,1508750311.8530853,1508750312.0367818,1998
query,1508750312.0367854,1508750312.18501,185
query,1508750312.1850142,1508750312.296944,2914
query,1508750312.296948,1508750312.4005737,253
query,1508750312.4005775,1508750312.4939547,249
query,1508750312.4939585,1508750312.6007879,15
query,1508750312.6008291,1508750312.6749005,1
query,1508750312.6749039,1508750312.7767494,3
query,1508750312.7767527,1508750312.8606064,1196
query,1508750312.86061,1508750312.9368286,1516
query,1508750312.9368327,1508750313.1933634,4655
query,1508750313.1933675,1508750313.2890897,2081
query,1508750313.2890937,1508750313.430411,1641
query,1508750313.4304147,1508750313.5648794,1036
query,1508750313.5648837,1508750313.664773,1630
query,1508750313.6647766,1508750313.771859,1129
query,1508750313.771863,1508750313.8653896,1564
query,1508750313.8654082,1508750314.0088484,2415
query,1508750314.0114098,1508750314.224752,3262
query,1508750314.2247555,1508750314.3281422,142
query,1508750314.328146,1508750314.3883312,5
query,1508750314.3883345,1508750314.5469847,5800
query,1508750314.546989,1508750315.1212354,9271
query,1508750315.1212401,1508750315.2574728,1510
query,1508750315.2574763,1508750315.353502,248
query,1508750315.3535056,1508750315.478092,8
query,1508750315.4780955,1508750315.6008966,1907
query,1508750315.6009,1508750315.7214134,779
query,1508750315.721417,1508750315.802688,0
query,1508750315.802692,1508750315.8587248,3
query,1508750315.858729,1508750316.0344844,2286
query,1508750316.0344884,1508750316.1463847,753
query,1508750316.146388,1508750316.3356209,2941
query,1508750316.335625,1508750316.4864192,81
query,1508750316.4864233,1508750316.5731492,1360
query,1508750316.573153,1508750316.8630357,6236
query,1508750316.8630397,1508750316.9829233,52
query,1508750316.9829397,1508750317.1254463,669
query,1508750317.1277986,1508750317.1730196,0
query,1508750317.1730244,1508750317.250857,1071
query,1508750317.250861,1508750317.3634262,2566
query,1508750317.36343,1508750317.4854429,1165
query,1508750317.485447,1508750317.6756094,2624
query,1508750317.6756134,1508750317.7624478,15
query,1508750317.7624516,1508750317.8646433,938
query,1508750317.8646474,1508750317.9779732,1820
query,1508750317.9779773,1508750318.0882483,230
query,1508750318.0882523,1508750318.4494338,9178
query,1508750318.4494379,1508750318.5263171,1
query,1508750318.5263207,1508750318.6987796,7106
query,1508750318.698783,1508750318.7898097,327
query,1508750318.7898138,1508750318.920926,1445
query,1508750318.92093,1508750319.3344185,8674
query,1508750319.3344228,1508750319.5730727,8608
query,1508750319.5730772,1508750319.6948483,271
query,1508750319.6948524,1508750319.7805715,19
query,1508750319.7805753,1508750320.0026917,3049
query,1508750320.0027077,1508750320.104547,5
query,1508750320.1070685,1508750320.1865284,0
query,1508750320.1865325,1508750320.267772,0
query,1508750320.2677763,1508750320.7691298,8085
query,1508750320.769134,1508750320.8587017,6
query,1508750320.8587058,1508750320.9564676,434
query,1508750320.9564712,1508750321.4307683,8641
query,1508750321.4307723,1508750321.5405624,3642
query,1508750321.540566,1508750321.6216671,4088
query,1508750321.621671,1508750321.8504193,6316
query,1508750321.8504236,1508750322.168578,8792
query,1508750322.1685817,1508750322.2515476,48
query,1508750322.2515516,1508750322.4448419,5696
query,1508750322.444846,1508750322.7410128,8232
query,1508750322.7410166,1508750322.860665,2134
query,1508750322.860669,1508750323.0309954,4642
query,1508750323.0309992,1508750323.1149254,0
query,1508750323.1149294,1508750323.292615,1936
query,1508750323.2926188,1508750323.3725784,748
query,1508750323.372582,1508750323.45058,1188
query,1508750323.4505959,1508750323.5457594,50
query,1508750323.5481346,1508750323.5981405,462
query,1508750323.5981445,1508750323.6966758,295
query,1508750323.6966796,1508750323.7969792,1
query,1508750323.796983,1508750324.0807204,2467
query,1508750324.080725,1508750324.200664,13
query,1508750324.2006676,1508750324.3487294,2616
query,1508750324.3487332,1508750324.4386477,1
query,1508750324.4386516,1508750324.5367305,1075
query,1508750324.5367343,1508750324.7212877,2539
query,1508750324.7212918,1508750324.8691213,575
query,1508750324.8691251,1508750324.9806032,44
query,1508750324.980607,1508750325.0564666,1210
query,1508750325.0564704,1508750325.5053306,8613
query,1508750325.5053349,1508750325.7891166,6630
query,1508750325.7891204,1508750325.8930006,562
query,1508750325.8930047,1508750326.330597,8201
query,1508750326.3306007,1508750326.4318128,2012
query,1508750326.4318166,1508750326.8342757,5459
query,1508750326.8342793,1508750326.948594,2033
query,1508750326.9486105,1508750327.0243495,11
query,1508750327.0269089,1508750327.176694,3927
query,1508750327.1766984,1508750327.284192,2146
query,1508750327.2841957,1508750327.360391,626
query,1508750327.360394,1508750327.4838033,3139
query,1508750327.4838068,1508750327.6375413,250
query,1508750327.6375456,1508750327.7446606,416
query,1508750327.7446642,1508750328.072698,6633
query,1508750328.072702,1508750328.1402872,473
query,1508750328.1402907,1508750328.3331842,3283
query,1508750328.333188,1508750328.4525096,2256
query,1508750328.452514,1508750328.5365725,1
query,1508750328.5365765,1508750328.6458077,6
query,1508750328.645812,1508750328.7545662,1593
query,1508750328.7545698,1508750328.8781884,2870
query,1508750328.878192,1508750329.396679,8707
query,1508750329.3966832,1508750329.4745264,3
query,1508750329.4745307,1508750329.7369816,6664
query,1508750329.7369854,1508750329.8526084,617
query,1508750329.8526123,1508750329.9343696,0
query,1508750329.9343855,1508750330.1169465,4476
query,1508750330.119349,1508750330.645522,12116
query,1508750330.6455257,1508750330.813127,57
query,1508750330.8131316,1508750330.9536312,2118
query,1508750330.953635,1508750331.131196,8592
query,1508750331.1311998,1508750331.2580183,1250
query,1508750331.258022,1508750331.3644366,16
query,1508750331.36444,1508750331.484625,374
query,1508750331.484629,1508750331.6363447,64
query,1508750331.6363485,1508750332.1486444,5573
query,1508750332.1486483,1508750332.2613459,3
query,1508750332.2613497,1508750332.5236936,4656
query,1508750332.5236971,1508750332.6536374,718
query,1508750332.6536417,1508750332.7404947,1019
query,1508750332.7404983,1508750333.0726397,8295
query,1508750333.0726438,1508750333.1566198,0
query,1508750333.1566236,1508750333.260397,98
query,1508750333.2604008,1508750333.3741179,1190
query,1508750333.3741214,1508750333.5286856,2010
query,1508750333.528689,1508750333.6034317,29
query,1508750333.6034474,1508750333.7122762,101
query,1508750333.7148557,1508750333.7784295,1137
query,1508750333.7784328,1508750333.8582451,6
query,1508750333.8582485,1508750333.9320142,242
query,1508750333.9320176,1508750334.2205184,2386
query,1508750334.220522,1508750334.3363268,110
query,1508750334.3363304,1508750334.4484518,378
query,1508750334.4484558,1508750334.548373,759
query,1508750334.5483768,1508750334.6089094,155
query,1508750334.6089132,1508750334.761913,164
query,1508750334.7619166,1508750334.8245459,888
query,1508750334.8245504,1508750335.02067,2457
query,1508750335.020674,1508750335.096093,312
query,1508750335.096097,1508750335.2522335,600
query,1508750335.2522373,1508750335.4082158,209
query,1508750335.4082196,1508750335.4503927,546
query,1508750335.4503965,1508750335.5242321,204
query,1508750335.5242355,1508750335.602615,1783
query,1508750335.6026187,1508750336.1524017,9549
query,1508750336.1524057,1508750336.5277896,9618
query,1508750336.5278058,1508750336.7734885,4531
query,1508750336.776333,1508750336.8881772,1577
query,1508750336.888181,1508750337.072353,2000
query,1508750337.0723565,1508750337.1846035,617
query,1508750337.1846075,1508750337.6604772,8627
query,1508750337.6604815,1508750338.1066077,6148
query,1508750338.1066115,1508750338.2237477,1637
query,1508750338.223752,1508750338.3024905,279
query,1508750338.3024943,1508750338.4301944,0
query,1508750338.4301987,1508750338.9343317,6732
query,1508750338.9343367,1508750339.008842,1497
query,1508750339.0088458,1508750339.088775,363
query,1508750339.0887787,1508750339.4445748,8961
query,1508750339.4445784,1508750339.4921772,0
query,1508750339.4921813,1508750339.6980736,3673
query,1508750339.6980777,1508750340.0325136,8331
query,1508750340.0325181,1508750340.0819032,457
query,1508750340.081907,1508750340.2725499,4060
query,1508750340.2725537,1508750340.6006753,1571
query,1508750340.6006792,1508750340.932067,7896
query,1508750340.9320824,1508750341.2844188,5441
query,1508750341.286861,1508750341.3724697,26
query,1508750341.372473,1508750341.5031567,2363
query,1508750341.503161,1508750341.561961,0
query,1508750341.5619645,1508750341.6441114,1338
query,1508750341.644115,1508750341.752122,2522
query,1508750341.752126,1508750341.8048859,2
query,1508750341.8048894,1508750341.8681402,84
query,1508750341.8681438,1508750341.9622326,446
query,1508750341.9622364,1508750342.025385,2
query,1508750342.0253885,1508750342.212315,6441
query,1508750342.212319,1508750342.2593005,1
query,1508750342.2593048,1508750342.430713,2455
query,1508750342.4307165,1508750342.4817939,827
query,1508750342.4817982,1508750342.6336784,2008
query,1508750342.6336823,1508750342.8188164,1224
query,1508750342.8188205,1508750343.1149225,2693
query,1508750343.1149263,1508750343.2157712,414
query,1508750343.2157755,1508750343.3357053,205
query,1508750343.3357089,1508750343.5227108,565
query,1508750343.5227284,1508750343.5817044,1042
query,1508750343.5841057,1508750343.6469245,2023
query,1508750343.646928,1508750343.7320976,105
query,1508750343.7321012,1508750344.3723428,2873
query,1508750344.372347,1508750344.4860425,2386
query,1508750344.486047,1508750344.9276195,10802
query,1508750344.9276235,1508750345.0381622,46
query,1508750345.0381658,1508750345.2048848,380
query,1508750345.2048895,1508750345.3478076,247
query,1508750345.3478124,1508750345.4981155,404
query,1508750345.4981196,1508750345.661982,65
query,1508750345.661986,1508750345.7308662,1
query,1508750345.73087,1508750345.8322096,341
query,1508750345.8322136,1508750345.9122884,668
query,1508750345.9122922,1508750345.980189,1
query,1508750345.9801931,1508750346.1103506,28
query,1508750346.1103542,1508750346.5758593,7141
query,1508750346.5758636,1508750346.775477,2167
query,1508750346.775481,1508750346.8674135,1596
query,1508750346.8674173,1508750347.0754147,2964
query,1508750347.0754302,1508750347.1914778,1414
query,1508750347.1940024,1508750347.7383718,5863
query,1508750347.7383757,1508750347.822631,2027
query,1508750347.8226347,1508750348.7043023,2881
query,1508750348.704306,1508750348.7791677,18
query,1508750348.7791715,1508750348.9266176,527
query,1508750348.9266212,1508750349.1005723,1760
query,1508750349.1005762,1508750349.3725955,6421
query,1508750349.3726,1508750349.7363846,4181
query,1508750349.7363884,1508750350.006682,3984
query,1508750350.0066867,1508750350.3763437,3961
query,1508750350.376348,1508750350.7803822,4494
query,1508750350.7803872,1508750350.9461372,2562
query,1508750350.9461412,1508750351.0170836,16
query,1508750351.0170875,1508750351.2136412,7132
query,1508750351.213645,1508750351.4330564,3872
query,1508750351.43306,1508750351.481255,436
query,1508750351.481259,1508750351.592705,53
query,1508750351.5927086,1508750351.6547499,949
query,1508750351.654754,1508750351.7206604,741
query,1508750351.7206764,1508750351.994243,6070
query,1508750351.9966366,1508750352.180563,2662
query,1508750352.180567,1508750352.316101,2037
query,1508750352.3161047,1508750352.6740677,6074
query,1508750352.6740713,1508750352.784115,644
query,1508750352.7841187,1508750352.931947,40
query,1508750352.9319508,1508750353.0078645,2
query,1508750353.0078683,1508750353.1120167,564
query,1508750353.1120212,1508750353.214153,726
query,1508750353.214157,1508750353.5949986,11261
query,1508750353.5950031,1508750353.9906168,9114
query,1508750353.9906204,1508750354.0982533,181
query,1508750354.0982573,1508750354.2457247,58
query,1508750354.2457287,1508750354.9003365,15864
query,1508750354.9003403,1508750354.9839435,8
query,1508750354.9839473,1508750355.0647054,1119
query,1508750355.0647092,1508750355.1607726,202
query,1508750355.1607766,1508750355.4965355,1531
query,1508750355.496539,1508750355.5555375,0
query,1508750355.555541,1508750355.7641537,5330
query,1508750355.7641692,1508750355.9061399,439
query,1508750355.908508,1508750356.1663332,506
query,1508750356.1663375,1508750356.2465367,315
query,1508750356.2465408,1508750356.3380601,1113
query,1508750356.3380642,1508750356.474082,4258
query,1508750356.4740863,1508750356.5979056,372
query,1508750356.5979095,1508750356.698504,1850
query,1508750356.6985078,1508750356.7721412,1000
query,1508750356.7721448,1508750356.8480716,601
query,1508750356.848075,1508750356.9239984,472
query,1508750356.924002,1508750357.0540211,216
query,1508750357.0540247,1508750357.1659915,241
query,1508750357.1659951,1508750357.4028947,2351
query,1508750357.4028983,1508750357.4807158,807
query,1508750357.4807193,1508750358.0244653,9046
query,1508750358.0244691,1508750358.285833,8823
query,1508750358.2858365,1508750358.32996,0
query,1508750358.3299642,1508750358.3992004,8
query,1508750358.3992038,1508750358.4880562,177
query,1508750358.48806,1508750358.601053,2088
query,1508750358.6010695,1508750358.7561646,4624
query,1508750358.758681,1508750358.8320112,813
query,1508750358.832015,1508750358.872253,228
query,1508750358.8722565,1508750358.9127517,2009
query,1508750358.9127553,1508750359.056033,89
query,1508750359.0560367,1508750359.1089623,377
query,1508750359.108966,1508750359.1556718,1408
query,1508750359.155675,1508750359.2511024,1088
query,1508750359.251106,1508750359.4778516,3623
query,1508750359.4778557,1508750359.698506,6311
query,1508750359.698511,1508750359.768763,1012
query,1508750359.7687669,1508750360.1762676,6582
query,1508750360.1762712,1508750360.2516139,20
query,1508750360.2516172,1508750360.3418322,585
query,1508750360.3418353,1508750360.491393,588
query,1508750360.4913974,1508750360.5494387,769
query,1508750360.549442,1508750360.631718,1560
query,1508750360.6317217,1508750360.704002,6
query,1508750360.7040052,1508750360.8040287,122
query,1508750360.8040326,1508750361.3602214,4696
query,1508750361.360238,1508750361.7704833,6328
query,1508750361.7729614,1508750361.8126614,232
query,1508750361.812665,1508750362.2453165,11638
query,1508750362.2453208,1508750362.8643064,8986
query,1508750362.8643105,1508750362.9359043,1473
query,1508750362.935908,1508750363.0175314,1
query,1508750363.0175347,1508750363.3042867,4221
query,1508750363.3042912,1508750363.4962406,5668
query,1508750363.4962444,1508750363.6077702,1801
query,1508750363.6077743,1508750363.7322378,197
query,1508750363.7322416,1508750363.851943,1691
query,1508750363.8519468,1508750364.3640568,8198
query,1508750364.3640609,1508750364.5966568,8057
query,1508750364.5966606,1508750364.6557937,307
query,1508750364.6557972,1508750364.7242694,1709
query,1508750364.7242732,1508750364.9742498,5918
query,1508750364.9742544,1508750365.081778,0
query,1508750365.0817819,1508750365.3702145,6917
query,1508750365.3702183,1508750365.506164,186
query,1508750365.506168,1508750365.679789,392
query,1508750365.6798053,1508750365.7861156,828
query,1508750365.788539,1508750366.0039897,3045
query,1508750366.0039935,1508750366.0876987,341
query,1508750366.0877028,1508750366.141068,2
query,1508750366.1410713,1508750366.2379186,100
query,1508750366.2379222,1508750366.3241336,1463
query,1508750366.324137,1508750366.4079375,46
query,1508750366.4079416,1508750366.5681047,2791
query,1508750366.568108,1508750366.6641583,1968
query,1508750366.6641622,1508750366.8266943,2965
query,1508750366.826698,1508750366.9238825,164
query,1508750366.923886,1508750367.0138807,681
query,1508750367.0138838,1508750367.1173131,3592
query,1508750367.1173167,1508750367.270927,2944
query,1508750367.2709305,1508750367.4398808,1150
query,1508750367.4398844,1508750367.615877,415
query,1508750367.6158807,1508750367.7278395,806
query,1508750367.727844,1508750367.8757093,143
query,1508750367.875713,1508750367.9250247,86
query,1508750367.9250283,1508750368.0239918,542
query,1508750368.0240078,1508750368.1499221,1206
query,1508750368.1530766,1508750368.270457,2223
query,1508750368.270461,1508750368.4343455,1772
query,1508750368.4343495,1508750368.592545,3029
query,1508750368.5925488,1508750368.8821175,8558
query,1508750368.8821223,1508750368.9999244,2632
query,1508750368.9999282,1508750369.545345,7871
query,1508750369.545349,1508750369.6400082,2120
query,1508750369.6400123,1508750369.9221702,1912
query,1508750369.9221742,1508750369.9905694,0
query,1508750369.9905732,1508750370.492205,11446
query,1508750370.4922087,1508750370.575787,1212
query,1508750370.5757916,1508750370.8061886,2838
query,1508750370.8061924,1508750370.915852,3
query,1508750370.9158564,1508750370.9957337,121
query,1508750370.995738,1508750371.250701,8536
query,1508750371.2507048,1508750371.3239644,1211
query,1508750371.323973,1508750371.435912,784
query,1508750371.435916,1508750371.5277722,1497
query,1508750371.5277758,1508750371.6719086,1922
query,1508750371.6719248,1508750371.8759105,3376
query,1508750371.8784988,1508750372.1499474,7693
query,1508750372.149951,1508750372.2419198,1404
query,1508750372.2419236,1508750372.3224654,1823
query,1508750372.3224697,1508750372.588959,8315
query,1508750372.588964,1508750372.6923518,2099
query,1508750372.6923556,1508750372.8864357,7
query,1508750372.8864396,1508750372.9527366,1708
query,1508750372.952741,1508750373.3379326,7664
query,1508750373.3379366,1508750373.4901662,1727
query,1508750373.4901705,1508750373.5449305,2022
query,1508750373.5449352,1508750373.620308,4
query,1508750373.6203117,1508750373.8743107,6191
query,1508750373.8743143,1508750373.9579682,4
query,1508750373.9579723,1508750374.4279892,5578
query,1508750374.427993,1508750374.516324,412
query,1508750374.5163279,1508750374.780884,2112
query,1508750374.7808878,1508750375.1456208,5774
query,1508750375.145625,1508750375.2281957,0
query,1508750375.2282,1508750375.27728,1
query,1508750375.2772946,1508750375.348702,1085
query,1508750375.3512163,1508750375.4881637,2360
query,1508750375.488167,1508750375.5672898,0
query,1508750375.5672944,1508750375.69584,1522
query,1508750375.6958435,1508750376.0879261,8895
query,1508750376.0879307,1508750376.2078867,1295
query,1508750376.207891,1508750376.2539077,0
query,1508750376.253912,1508750376.2932534,2
query,1508750376.2932575,1508750376.4402785,1069
query,1508750376.4402826,1508750376.9797723,15798
query,1508750376.9797752,1508750377.05397,0
query,1508750377.0539732,1508750377.1998549,5030
query,1508750377.1998587,1508750377.263502,33
query,1508750377.2635057,1508750377.5902524,5551
query,1508750377.590256,1508750377.7115169,1945
query,1508750377.711521,1508750377.8422165,1619
query,1508750377.8422203,1508750378.0284052,2638
query,1508750378.0284095,1508750378.076158,7
query,1508750378.0761616,1508750378.1554685,92
query,1508750378.1554723,1508750378.2397113,27
query,1508750378.239729,1508750378.3363256,364
query,1508750378.3395045,1508750378.4479089,43
query,1508750378.4479134,1508750378.4840095,0
query,1508750378.4840136,1508750378.594086,119
query,1508750378.5940895,1508750378.6946812,950
query,1508750378.6946845,1508750378.8444164,134
query,1508750378.8444202,1508750378.9398296,2068
query,1508750378.9398334,1508750379.024042,2246
query,1508750379.0240455,1508750379.1355443,1445
query,1508750379.135548,1508750379.2461257,790
query,1508750379.2461305,1508750379.3620353,813
query,1508750379.362039,1508750379.416935,1683
query,1508750379.416939,1508750379.4896634,0
query,1508750379.4896672,1508750379.6082358,1618
query,1508750379.6082404,1508750379.7201269,789
query,1508750379.7201307,1508750380.2022216,10461
query,1508750380.2022262,1508750380.2764566,1891
query,1508750380.2764604,1508750380.359513,231
query,1508750380.3595166,1508750380.8839798,10992
query,1508750380.8839836,1508750380.9425135,1155
query,1508750380.9425292,1508750381.1067727,2916
query,1508750381.1092844,1508750381.1506073,305
query,1508750381.1506112,1508750381.2434,290
query,1508750381.2434037,1508750381.327396,1948
query,1508750381.3273995,1508750381.3638463,26
query,1508750381.3638504,1508750381.4397092,1671
query,1508750381.439713,1508750381.5168514,1840
query,1508750381.5168552,1508750381.6276689,1776
query,1508750381.627673,1508750381.737897,1469
query,1508750381.7379014,1508750381.847692,1447
query,1508750381.8476958,1508750381.9958699,2686
query,1508750381.995874,1508750382.3878338,8812
query,1508750382.3878376,1508750382.4839208,751
query,1508750382.4839256,1508750382.5758562,169
query,1508750382.5758598,1508750382.6435518,150
query,1508750382.6435552,1508750382.764518,583
query,1508750382.7645218,1508750382.9740922,151
query,1508750382.9740963,1508750383.1358638,602
query,1508750383.135868,1508750383.3065355,3188
query,1508750383.306539,1508750383.3818102,1330
query,1508750383.3818257,1508750383.4798238,2759
query,1508750383.4823127,1508750383.5599892,678
query,1508750383.5599928,1508750383.9938571,5417
query,1508750383.993861,1508750384.0744004,104
query,1508750384.074404,1508750384.2717235,1580
query,1508750384.2717276,1508750384.3695376,0
query,1508750384.369542,1508750384.4457333,0
query,1508750384.4457371,1508750384.5437849,1122
query,1508750384.543789,1508750384.8438876,9220
query,1508750384.8438919,1508750384.8818216,0
query,1508750384.8818254,1508750385.0061803,387
query,1508750385.006184,1508750385.081068,0
query,1508750385.081072,1508750385.1928856,1418
query,1508750385.1928895,1508750385.4743729,4236
query,1508750385.4743764,1508750385.7356937,9209
query,1508750385.7356975,1508750385.942568,2876
query,1508750385.9425716,1508750386.0594716,1817
query,1508750386.0594747,1508750386.159466,5
query,1508750386.1594698,1508750386.4162674,8552
query,1508750386.4162714,1508750386.621633,2686
query,1508750386.6216495,1508750386.7902198,3138
query,1508750386.7925558,1508750386.861551,63
query,1508750386.8615549,1508750386.9558618,1149
query,1508750386.9558654,1508750387.1021948,561
query,1508750387.102199,1508750387.310481,3717
query,1508750387.310485,1508750387.455571,1568
query,1508750387.455575,1508750387.5314424,332
query,1508750387.531446,1508750387.9401894,7822
query,1508750387.9401934,1508750387.997777,0
query,1508750387.9977806,1508750388.0833917,1
query,1508750388.083395,1508750388.16689,10
query,1508750388.166895,1508750388.3515348,4161
query,1508750388.3515384,1508750388.3915524,4
query,1508750388.3915567,1508750388.572128,6122
query,1508750388.5721319,1508750388.8289042,4770
query,1508750388.8289084,1508750389.027868,197
query,1508750389.027872,1508750389.1040058,1354
query,1508750389.1040096,1508750389.3034735,4364
query,1508750389.3034768,1508750389.4069803,1867
query,1508750389.406984,1508750389.5050397,1095
query,1508750389.5050566,1508750389.6054492,0
query,1508750389.6067107,1508750389.7276378,1206
query,1508750389.7276416,1508750390.0997818,5277
query,1508750390.0997858,1508750390.2317033,2250
query,1508750390.2317073,1508750390.286722,0
query,1508750390.2867255,1508750390.351464,1
query,1508750390.3514676,1508750390.471694,2938
query,1508750390.471698,1508750390.6200848,4863
query,1508750390.6200883,1508750390.7019012,786
query,1508750390.701905,1508750390.7790647,0
query,1508750390.7790685,1508750391.244128,6322
query,1508750391.2441318,1508750391.3634288,1477
query,1508750391.3634324,1508750391.495509,2746
query,1508750391.4955127,1508750392.0009634,11482
query,1508750392.0009673,1508750392.2277236,5786
query,1508750392.2277281,1508750392.3154356,1820
query,1508750392.3154392,1508750392.3834822,112
query,1508750392.3834865,1508750392.6996846,4724
query,1508750392.699689,1508750392.7672753,550
query,1508750392.7672794,1508750392.8453948,0
query,1508750392.8454115,1508750392.9291015,1886
query,1508750392.9324992,1508750393.0416799,0
query,1508750393.0416842,1508750393.089779,0
query,1508750393.0897832,1508750393.1401985,1581
query,1508750393.1402018,1508750393.2488358,1561
query,1508750393.2488396,1508750393.6169455,8472
query,1508750393.6169498,1508750393.783658,1616
query,1508750393.7836618,1508750393.8654509,0
query,1508750393.8654547,1508750393.9224977,835
query,1508750393.9225013,1508750393.995795,41
query,1508750393.9957986,1508750394.0794091,765
query,1508750394.0794127,1508750394.1536663,0
query,1508750394.1536703,1508750394.227543,8
query,1508750394.2275467,1508750394.9236119,10339
query,1508750394.9236152,1508750395.329514,4399
query,1508750395.3295186,1508750395.6148233,5988
query,1508750395.6148272,1508750395.6928842,564
query,1508750395.6928883,1508750395.7301986,0
query,1508750395.7302027,1508750395.8500307,2246
query,1508750395.8500342,1508750395.9093928,0
query,1508750395.9094098,1508750396.019536,1432
query,1508750396.0220103,1508750396.0703242,0
query,1508750396.0703285,1508750396.1346116,2405
query,1508750396.1346152,1508750396.2074044,66
query,1508750396.207408,1508750396.2820714,240
query,1508750396.2820752,1508750396.312878,2
query,1508750396.3128815,1508750396.4194098,58
query,1508750396.4194138,1508750396.54255,1315
query,1508750396.542554,1508750396.7882402,7277
query,1508750396.7882438,1508750396.8353767,1
query,1508750396.8353798,1508750397.0917292,7750
query,1508750397.091733,1508750397.134262,0
query,1508750397.1342657,1508750397.2266324,397
query,1508750397.226636,1508750397.4804707,8369
query,1508750397.4804747,1508750397.9675448,7134
query,1508750397.9675493,1508750398.0498822,1286
query,1508750398.0498857,1508750398.2115707,2013
query,1508750398.2115748,1508750398.3095047,0
query,1508750398.3095093,1508750398.3935914,0
query,1508750398.3935952,1508750398.450716,485
query,1508750398.4507318,1508750398.5512483,292
query,1508750398.5537128,1508750398.6312256,2
query,1508750398.6312294,1508750398.7395074,1718
query,1508750398.7395108,1508750398.788747,81
query,1508750398.7887506,1508750399.400109,2810
query,1508750399.4001129,1508750399.553957,2304
query,1508750399.5539608,1508750399.6197665,670
query,1508750399.6197705,1508750399.7047598,1423
query,1508750399.7047634,1508750399.779273,100
query,1508750399.7792768,1508750399.8586152,1851
query,1508750399.8586192,1508750399.947971,47
query,1508750399.947975,1508750400.0596447,1715
query,1508750400.0596483,1508750400.2037694,1372
query,1508750400.2037735,1508750400.310254,860
query,1508750400.3102577,1508750400.475434,12
query,1508750400.4754376,1508750400.5595222,298
query,1508750400.5595257,1508750400.6809947,125
query,1508750400.6809983,1508750400.753265,314
query,1508750400.7532685,1508750401.1235259,9041
query,1508750401.1235294,1508750401.2514126,17
query,1508750401.2514317,1508750401.407316,1212
query,1508750401.4098656,1508750401.6188483,3013
query,1508750401.6188521,1508750401.6986735,403
query,1508750401.6986773,1508750401.7592812,280
query,1508750401.759285,1508750401.8476868,1255
query,1508750401.8476903,1508750402.2170892,3768
query,1508750402.2170928,1508750402.3434613,768
query,1508750402.343465,1508750402.4912677,128
query,1508750402.491272,1508750402.5751572,35
query,1508750402.5751607,1508750402.65913,155
query,1508750402.6591332,1508750402.7292747,0
query,1508750402.7292786,1508750402.8080063,420
query,1508750402.8080096,1508750402.8850305,1
query,1508750402.885034,1508750402.9634857,18
query,1508750402.9634893,1508750403.0620532,2036
query,1508750403.062057,1508750403.1047494,15
query,1508750403.1047523,1508750403.183374,938
query,1508750403.1833773,1508750403.2688444,1809
query,1508750403.2688477,1508750403.3432174,51
query,1508750403.3432217,1508750403.5276005,3434
query,1508750403.5276177,1508750403.8991919,6388
query,1508750403.9016361,1508750403.9933295,0
query,1508750403.9933333,1508750404.0755155,1750
query,1508750404.0755198,1508750404.2115202,2025
query,1508750404.211524,1508750404.3060546,2
query,1508750404.3060582,1508750404.373445,93
query,1508750404.3734484,1508750404.4542284,129
query,1508750404.4542367,1508750404.5864506,22
query,1508750404.5864556,1508750404.7045233,0
query,1508750404.7045274,1508750404.7383354,530
query,1508750404.7383392,1508750404.8119934,1204
query,1508750404.8119972,1508750404.9354076,3120
query,1508750404.935411,1508750405.0435646,1561
query,1508750405.0435681,1508750405.2318192,5962
query,1508750405.231823,1508750405.315444,1317
query,1508750405.3154473,1508750405.630258,2821
query,1508750405.6302621,1508750405.6874285,1668
query,1508750405.687432,1508750405.8079422,37
query,1508750405.807946,1508750405.9845586,3278
query,1508750405.9845626,1508750406.204153,8561
query,1508750406.2041695,1508750406.2713706,421
query,1508750406.2737765,1508750406.3155873,0
query,1508750406.315591,1508750406.443319,2711
query,1508750406.4433227,1508750406.5274637,1486
query,1508750406.5274675,1508750406.6715415,5374
query,1508750406.6715453,1508750406.7512057,1476
query,1508750406.7512097,1508750406.817663,8
query,1508750406.8176668,1508750407.119735,5859
query,1508750407.119739,1508750407.2360346,2190
query,1508750407.2360382,1508750407.331241,26
query,1508750407.331245,1508750407.3995023,31
query,1508750407.3995056,1508750407.5673647,2987
query,1508750407.5673683,1508750407.6791162,2641
query,1508750407.6791198,1508750407.7578838,121
query,1508750407.757887,1508750407.835322,48
query,1508750407.835325,1508750407.9119263,1089
query,1508750407.9119306,1508750408.0948637,3208
query,1508750408.0948672,1508750408.182953,1
query,1508750408.1829562,1508750408.2552636,23
query,1508750408.2552674,1508750408.311668,18
query,1508750408.311683,1508750408.377704,7
query,1508750408.3800344,1508750408.6397736,3334
query,1508750408.6397777,1508750408.698826,233
query,1508750408.6988297,1508750408.752972,0
query,1508750408.7529764,1508750408.899221,3116
query,1508750408.8992248,1508750409.0112288,721
query,1508750409.0112321,1508750409.215491,3841
query,1508750409.2154956,1508750409.2914572,423
query,1508750409.291462,1508750409.3372872,19
query,1508750409.3372912,1508750409.4192946,30
query,1508750409.4192984,1508750409.6913815,5276
query,1508750409.691385,1508750409.7738075,0
query,1508750409.7738116,1508750410.0435643,4012
query,1508750410.0435684,1508750410.1242323,0
query,1508750410.1242368,1508750410.263301,2338
query,1508750410.263305,1508750410.411593,3801
query,1508750410.4115968,1508750410.6994445,6690
query,1508750410.6994488,1508750410.8905973,3791
query,1508750410.8906012,1508750411.1193514,4037
query,1508750411.1193552,1508750411.2032423,5
query,1508750411.2032578,1508750411.2486138,3
query,1508750411.251124,1508750411.3432803,461
query,1508750411.3432841,1508750411.6758637,6992
query,1508750411.6758676,1508750411.7592206,856
query,1508750411.7592244,1508750411.8553088,481
query,1508750411.8553123,1508750412.115565,1838
query,1508750412.1155686,1508750412.3260584,2278
query,1508750412.3260624,1508750412.4043844,932
query,1508750412.404389,1508750412.5146258,937
query,1508750412.514631,1508750412.5995083,248
query,1508750412.5995128,1508750412.6769707,876
query,1508750412.6769745,1508750412.7618737,4
query,1508750412.7618773,1508750412.9026108,620
query,1508750412.9026146,1508750413.0053513,323
query,1508750413.0053551,1508750413.0654929,0
query,1508750413.0654962,1508750413.3042645,3357
query,1508750413.3042686,1508750413.3821518,82
query,1508750413.3821561,1508750413.8530595,4609
query,1508750413.8530636,1508750413.9202745,33
query,1508750413.9202783,1508750414.187363,8171
query,1508750414.187379,1508750414.2433686,827
query,1508750414.245875,1508750414.516857,4127
query,1508750414.516861,1508750414.5577946,4
query,1508750414.5577984,1508750415.0437937,6874
query,1508750415.0438366,1508750415.2033994,2837
query,1508750415.203403,1508750415.2623558,524
query,1508750415.2623599,1508750415.3444712,0
query,1508750415.3444753,1508750415.8480465,8544
query,1508750415.8480506,1508750415.8878572,2
query,1508750415.8878608,1508750415.9572806,0
query,1508750415.9572847,1508750416.1494975,6722
query,1508750416.1495018,1508750416.3292975,2310
query,1508750416.329301,1508750416.5267165,2692
query,1508750416.5267203,1508750416.6168244,1143
query,1508750416.6168282,1508750416.8152442,3467
query,1508750416.815248,1508750416.9079118,1032
query,1508750416.9079158,1508750417.0196428,1163
query,1508750417.0196466,1508750417.1138337,0
query,1508750417.1138382,1508750417.2713482,2302
query,1508750417.2713518,1508750417.4395251,6836
query,1508750417.4395409,1508750417.5432436,7
query,1508750417.5463908,1508750417.6552193,3174
query,1508750417.6552231,1508750418.0873299,12194
query,1508750418.0873334,1508750418.2791724,5393
query,1508750418.2791762,1508750419.2075799,9459
query,1508750419.2075832,1508750419.3153324,679
query,1508750419.315336,1508750419.7314787,8063
query,1508750419.7314827,1508750419.919472,483
query,1508750419.919476,1508750420.139326,3104
query,1508750420.1393309,1508750420.3233666,5454
query,1508750420.3233702,1508750420.4460456,1257
query,1508750420.4460497,1508750420.6390972,961
query,1508750420.6391015,1508750420.744631,118
query,1508750420.7446349,1508750420.8431618,1185
query,1508750420.8431654,1508750421.2353992,5500
query,1508750421.2354035,1508750421.4992485,2068
query,1508750421.499252,1508750421.583104,895
query,1508750421.5831077,1508750421.6613967,0
query,1508750421.6614003,1508750421.7276173,840
query,1508750421.7276208,1508750421.903123,3081
query,1508750421.90314,1508750421.9591496,476
query,1508750421.9616196,1508750422.3278425,6358
query,1508750422.3278463,1508750422.8670464,15210
query,1508750422.8670502,1508750423.3031924,5609
query,1508750423.3031962,1508750423.3931625,0
query,1508750423.393167,1508750423.5270667,529
query,1508750423.5270712,1508750423.6107953,1
query,1508750423.610799,1508750423.7192562,1815
query,1508750423.71926,1508750423.7950633,164
query,1508750423.7950678,1508750423.9071558,3916
query,1508750423.9071598,1508750423.972043,37
query,1508750423.9720461,1508750424.090845,490
query,1508750424.090849,1508750424.1727564,12
query,1508750424.1727602,1508750424.5742314,7095
query,1508750424.5742357,1508750424.6144571,339
query,1508750424.6144605,1508750424.8671563,4617
query,1508750424.86716,1508750424.9909399,512
query,1508750424.9909437,1508750425.0593834,154
query,1508750425.059387,1508750425.1599002,0
query,1508750425.1599042,1508750425.296391,0
query,1508750425.2964075,1508750425.4862132,906
query,1508750425.4887106,1508750425.5705585,76
query,1508750425.5705624,1508750425.763257,1886
query,1508750425.7632613,1508750426.0246582,971
query,1508750426.024662,1508750426.3105264,7847
query,1508750426.3105304,1508750426.5107386,4101
query,1508750426.5107424,1508750426.6501129,22
query,1508750426.6501167,1508750426.8116212,5123
query,1508750426.8116252,1508750426.9366004,2341
query,1508750426.9366043,1508750427.0594857,1401
query,1508750427.0594893,1508750427.5392377,8590
query,1508750427.5392416,1508750427.610366,55
query,1508750427.6103694,1508750427.6961815,1504
query,1508750427.6961858,1508750427.8550239,4406
query,1508750427.8550282,1508750428.1234713,7821
query,1508750428.123475,1508750428.271403,1719
query,1508750428.2714071,1508750428.3471208,13
query,1508750428.3471246,1508750428.4108653,213
query,1508750428.4108691,1508750428.4890788,28
query,1508750428.489083,1508750428.5385602,175
query,1508750428.5385761,1508750428.6027572,2
query,1508750428.6069808,1508750428.6710086,1704
query,1508750428.6710129,1508750429.095255,11213
query,1508750429.0952587,1508750429.2141936,4060
query,1508750429.2141974,1508750429.443565,1886
query,1508750429.4435687,1508750429.562963,2888
query,1508750429.5629668,1508750429.7715547,3895
query,1508750429.7715588,1508750430.0333316,6590
query,1508750430.0333354,1508750430.094773,10
query,1508750430.0947776,1508750430.500541,9092
query,1508750430.5005448,1508750430.5755615,741
query,1508750430.5755656,1508750430.971193,9070
query,1508750430.9711978,1508750431.0427394,23
query,1508750431.042743,1508750431.3070567,8513
query,1508750431.3070607,1508750431.4751322,4490
query,1508750431.475137,1508750431.5450213,81
query,1508750431.5450246,1508750431.7311316,7713
query,1508750431.7311351,1508750431.922461,1886
query,1508750431.9224653,1508750432.0147367,1864
query,1508750432.0147402,1508750432.0869334,1399
query,1508750432.086949,1508750432.1320317,2
query,1508750432.134543,1508750432.262985,1861
query,1508750432.2629893,1508750432.344826,0
query,1508750432.3448303,1508750432.4414122,26
query,1508750432.4414163,1508750432.5280569,20
query,1508750432.5280612,1508750432.83202,5781
query,1508750432.8320239,1508750433.3231518,8673
query,1508750433.3231556,1508750433.707155,10630
query,1508750433.7071593,1508750434.1151278,6473
query,1508750434.1151316,1508750434.2422667,1279
query,1508750434.2422705,1508750434.6781185,6594
query,1508750434.678125,1508750434.807603,1892
query,1508750434.8076074,1508750434.9477763,1692
query,1508750434.94778,1508750435.0568829,0
query,1508750435.0568867,1508750435.1328394,0
query,1508750435.1328437,1508750435.2533076,984
query,1508750435.2533112,1508750435.4990723,8321
query,1508750435.4990764,1508750435.7630682,4796
query,1508750435.763072,1508750435.9275928,3189
query,1508750435.9275966,1508750435.9921918,156
query,1508750435.992208,1508750436.0926628,0
query,1508750436.0940864,1508750436.1374676,0
query,1508750436.1374717,1508750436.3939562,6558
query,1508750436.39396,1508750436.5822861,3
query,1508750436.58229,1508750436.6594143,621
query,1508750436.6594183,1508750436.7349443,1140
query,1508750436.7349484,1508750436.8353236,77
query,1508750436.8353274,1508750436.9204357,47
query,1508750436.9204397,1508750437.0390732,3601
query,1508750437.0390773,1508750437.4588966,2287
query,1508750437.4589005,1508750437.5117166,1294
query,1508750437.5117197,1508750437.5948284,2
query,1508750437.5948317,1508750437.7630472,3531
query,1508750437.763051,1508750437.8468876,1440
query,1508750437.8468912,1508750437.9297893,30
query,1508750437.9297931,1508750438.0109909,1329
query,1508750438.010994,1508750438.1620138,1825
query,1508750438.1620176,1508750438.378978,2670
query,1508750438.3789816,1508750438.5428843,2685
query,1508750438.5428884,1508750438.7098289,828
query,1508750438.7098439,1508750438.784424,1594
query,1508750438.7870448,1508750438.9789276,2863
query,1508750438.9789321,1508750439.054857,2
query,1508750439.054861,1508750439.238979,5147
query,1508750439.2389832,1508750439.3084476,44
query,1508750439.3084512,1508750439.3807728,0
query,1508750439.3807766,1508750439.4548833,231
query,1508750439.4548876,1508750439.6990018,5329
query,1508750439.6990054,1508750439.7844155,1625
query,1508750439.7844195,1508750439.8569722,1
query,1508750439.8569758,1508750440.1147058,8784
query,1508750440.1147106,1508750440.1909032,395
query,1508750440.1909072,1508750440.2293947,0
query,1508750440.229398,1508750440.2741218,0
query,1508750440.2741258,1508750441.1032314,2850
query,1508750441.1032364,1508750441.2229738,1639
query,1508750441.2229779,1508750441.418612,3279
query,1508750441.4186158,1508750441.487228,464
query,1508750441.4872315,1508750441.646959,6928
query,1508750441.6469626,1508750441.7976635,564
query,1508750441.797679,1508750441.8940642,2742
query,1508750441.896394,1508750442.0326433,2771
query,1508750442.0326467,1508750442.198251,690
query,1508750442.1982548,1508750442.3188946,137
query,1508750442.3188982,1508750442.4669392,589
query,1508750442.4669507,1508750442.5417976,85
query,1508750442.5418024,1508750442.7005966,3409
query,1508750442.7006006,1508750442.8384597,456
query,1508750442.8384638,1508750443.1805775,6726
query,1508750443.1805818,1508750443.2990406,3154
query,1508750443.2990444,1508750443.4143925,1834
query,1508750443.4143965,1508750443.8944924,15188
query,1508750443.8944964,1508750444.0158012,5
query,1508750444.015805,1508750444.176888,3366
query,1508750444.176893,1508750444.356553,14
query,1508750444.3565576,1508750444.4338725,53
query,1508750444.4338763,1508750444.606015,505
query,1508750444.6060188,1508750444.7910426,2808
query,1508750444.7910464,1508750444.8562613,60
query,1508750444.8562658,1508750445.0066452,3325
query,1508750445.0066624,1508750445.3302019,4142
query,1508750445.3332655,1508750445.4067452,1077
query,1508750445.4067492,1508750445.4686415,0
query,1508750445.4686453,1508750445.5908046,170
query,1508750445.5908082,1508750445.6666842,52
query,1508750445.666688,1508750446.4188392,6173
query,1508750446.4188433,1508750446.540516,1740
query,1508750446.5405195,1508750446.8672106,9587
query,1508750446.8672147,1508750447.0549216,1887
query,1508750447.0549252,1508750447.3108172,4283
query,1508750447.3108213,1508750447.5268915,8160
query,1508750447.5268955,1508750447.5867448,1263
query,1508750447.5867486,1508750447.6218731,745
query,1508750447.6218774,1508750447.7548335,2190
query,1508750447.754838,1508750447.8387845,398
query,1508750447.8387885,1508750447.8788831,811
query,1508750447.8788874,1508750447.9525764,0
query,1508750447.9525807,1508750448.0262103,192
query,1508750448.0262141,1508750448.1709466,2778
query,1508750448.1709504,1508750448.210969,185
query,1508750448.2109852,1508750448.4676514,4547
query,1508750448.4701374,1508750448.543134,1910
query,1508750448.5431373,1508750448.6166894,313
query,1508750448.616693,1508750448.7292385,156
query,1508750448.7292428,1508750449.0267544,7620
query,1508750449.0267584,1508750449.1747034,2238
query,1508750449.1747072,1508750449.2495286,8
query,1508750449.2495322,1508750449.292444,1
query,1508750449.292447,1508750449.5402963,3180
query,1508750449.5403,1508750449.6404874,0
query,1508750449.6404912,1508750449.7868617,2657
query,1508750449.786866,1508750450.1540508,5497
query,1508750450.1540544,1508750450.5423698,6210
query,1508750450.5423734,1508750450.6285167,115
query,1508750450.6285207,1508750450.7535377,799
query,1508750450.7535417,1508750450.886727,64
query,1508750450.8867307,1508750450.9840999,167
query,1508750450.9841034,1508750451.4385736,8183
query,1508750451.4385774,1508750451.512773,413
query,1508750451.512777,1508750451.5865128,15
query,1508750451.5865295,1508750451.8675017,4623
query,1508750451.8699565,1508750452.0872324,6730
query,1508750452.0872364,1508750452.4429557,11014
query,1508750452.4429598,1508750452.557048,2779
query,1508750452.5570524,1508750452.638082,1703
query,1508750452.6380856,1508750452.7707977,1981
query,1508750452.7708015,1508750452.842197,2079
query,1508750452.8422005,1508750452.9026103,290
query,1508750452.9026139,1508750453.0290759,585
query,1508750453.02908,1508750453.2545013,7590
query,1508750453.2545059,1508750453.3629818,2470
query,1508750453.3629858,1508750453.446772,369
query,1508750453.446776,1508750453.6310084,1872
query,1508750453.6310122,1508750453.7425678,6
query,1508750453.7425718,1508750454.1467874,7313
query,1508750454.1467912,1508750454.228741,2
query,1508750454.2287445,1508750454.7264073,5446
query,1508750454.7264109,1508750454.8555338,1379
query,1508750454.855538,1508750454.9761717,2141
query,1508750454.976175,1508750455.098838,8
query,1508750455.098854,1508750455.2030706,900
query,1508750455.2063186,1508750455.6183217,15653
query,1508750455.618326,1508750455.758048,1834
query,1508750455.7580519,1508750455.8500438,822
query,1508750455.8500476,1508750455.9627414,1943
query,1508750455.9627452,1508750456.0838563,2260
query,1508750456.0838602,1508750456.6230888,6594
query,1508750456.6230931,1508750456.842225,6041
query,1508750456.8422296,1508750457.2942595,4870
query,1508750457.294264,1508750457.4461005,288
query,1508750457.446104,1508750457.5113492,894
query,1508750457.5113528,1508750457.70696,4057
query,1508750457.706964,1508750457.7844415,0
query,1508750457.784446,1508750457.8548133,73
query,1508750457.8548174,1508750458.0469525,4901
query,1508750458.046956,1508750458.130603,4
query,1508750458.130607,1508750458.2230864,3
query,1508750458.2230906,1508750458.8507805,8052
query,1508750458.8507843,1508750459.2553082,7377
query,1508750459.255312,1508750459.3133347,221
query,1508750459.3133502,1508750459.6709602,8372
query,1508750459.6741924,1508750459.7876744,2788
query,1508750459.7876775,1508750459.906388,544
query,1508750459.9063916,1508750460.1587596,2490
query,1508750460.1587634,1508750460.3157191,655
query,1508750460.315723,1508750460.3827586,878
query,1508750460.3827624,1508750460.466671,88
query,1508750460.4666748,1508750460.5427077,1553
query,1508750460.5427117,1508750460.8027444,5200
query,1508750460.8027484,1508750461.4187467,7467
query,1508750461.4187503,1508750461.4870431,143
query,1508750461.4870474,1508750461.6067712,3030
query,1508750461.6067748,1508750461.743277,0
query,1508750461.7432814,1508750461.9240053,1932
query,1508750461.924009,1508750462.088102,1804
query,1508750462.0881057,1508750462.2347007,261
query,1508750462.2347052,1508750462.2904518,40
query,1508750462.2904558,1508750462.4741147,3652
query,1508750462.4741187,1508750462.5890913,49
query,1508750462.589095,1508750462.6591043,96
query,1508750462.6591198,1508750462.8955622,1433
query,1508750462.8980408,1508750462.9704425,1116
query,1508750462.970446,1508750463.3022048,6360
query,1508750463.302209,1508750463.4786987,5367
query,1508750463.4787028,1508750463.5244913,954
query,1508750463.5244956,1508750463.6068437,275
query,1508750463.606848,1508750463.7984345,671
query,1508750463.7984385,1508750463.8706357,17
query,1508750463.8706458,1508750464.0905118,5050
query,1508750464.090516,1508750464.5597088,9119
query,1508750464.5597126,1508750464.763421,7446
query,1508750464.763425,1508750464.8329556,0
query,1508750464.8329597,1508750464.9525235,0
query,1508750464.9525278,1508750465.0283196,0
query,1508750465.028324,1508750465.1987402,3831
query,1508750465.1987445,1508750465.2769537,851
query,1508750465.2769575,1508750465.357702,0
query,1508750465.3577058,1508750465.507813,3576
query,1508750465.5078168,1508750465.571132,3
query,1508750465.5711365,1508750465.7706513,5684
query,1508750465.7706673,1508750465.8785727,1194
query,1508750465.8812685,1508750465.9917047,558
query,1508750465.9917083,1508750466.0635602,375
query,1508750466.0635645,1508750466.290493,2121
query,1508750466.2904966,1508750466.3623767,1599
query,1508750466.3623803,1508750466.4417224,1360
query,1508750466.441726,1508750466.6409717,488
query,1508750466.6409755,1508750466.7257438,591
query,1508750466.7257476,1508750466.815045,14
query,1508750466.8150487,1508750466.8983128,633
query,1508750466.8983161,1508750466.9731073,307
query,1508750466.9731112,1508750467.1605732,4130
query,1508750467.1605768,1508750467.2161355,363
query,1508750467.2161393,1508750467.3024719,25
query,1508750467.3024757,1508750467.3507757,678
query,1508750467.3507802,1508750467.4194925,392
query,1508750467.419496,1508750467.538564,2307
query,1508750467.538568,1508750467.8474126,8591
query,1508750467.8474166,1508750468.2025402,7404
query,1508750468.2025445,1508750468.3210363,3102
query,1508750468.3210516,1508750468.4065504,1234
query,1508750468.4097624,1508750468.4786541,77
query,1508750468.4786572,1508750468.5674424,16
query,1508750468.5674467,1508750468.6540637,35
query,1508750468.6540675,1508750468.7587914,339
query,1508750468.7587948,1508750468.9882371,10
query,1508750468.9882407,1508750469.090825,206
query,1508750469.090829,1508750469.1471097,53
query,1508750469.147113,1508750469.2237756,1391
query,1508750469.2237797,1508750469.3225257,163
query,1508750469.3225296,1508750469.4029844,1343
query,1508750469.4029887,1508750469.486922,460
query,1508750469.4869268,1508750469.8224225,5217
query,1508750469.8224268,1508750469.9261208,65
query,1508750469.9261243,1508750469.990248,33
query,1508750469.9902515,1508750470.05067,298
query,1508750470.0506735,1508750470.0988119,468
query,1508750470.0988154,1508750470.1722507,0
query,1508750470.1722553,1508750470.2227578,23
query,1508750470.2227614,1508750470.3219488,71
query,1508750470.3219643,1508750470.4070275,1809
query,1508750470.4095688,1508750470.6146495,3655
query,1508750470.614653,1508750470.7704902,2784
query,1508750470.7704937,1508750470.8443754,0
query,1508750470.84438,1508750470.9184597,5
query,1508750470.918464,1508750470.9944646,1887
query,1508750470.994469,1508750471.0704656,938
query,1508750471.0704699,1508750471.3239436,7334
query,1508750471.3239474,1508750471.418391,1392
query,1508750471.4183948,1508750471.5305727,915
query,1508750471.530577,1508750472.1108189,7683
query,1508750472.1108227,1508750472.2527819,2700
query,1508750472.2527854,1508750472.3236194,1200
query,1508750472.3236232,1508750472.3953815,276
query,1508750472.395385,1508750472.5075784,1023
query,1508750472.507582,1508750472.7461746,3922
query,1508750472.7461786,1508750472.8231437,677
query,1508750472.8231478,1508750472.9122238,0
query,1508750472.912228,1508750473.2943451,8345
query,1508750473.2943492,1508750473.7012353,4679
query,1508750473.7012527,1508750474.0652943,6997
query,1508750474.0676568,1508750474.3067791,3647
query,1508750474.306783,1508750474.4265,1778
query,1508750474.4265037,1508750474.5391402,11
query,1508750474.539144,1508750474.8386836,4953
query,1508750474.8386874,1508750475.1503208,5880
query,1508750475.150325,1508750475.2863388,1894
query,1508750475.2863429,1508750475.3583634,1242
query,1508750475.358367,1508750475.4388459,27
query,1508750475.4388502,1508750475.5203624,0
query,1508750475.5203662,1508750475.642636,1632
query,1508750475.6426399,1508750475.71851,687
query,1508750475.7185135,1508750475.8948288,6088
query,1508750475.894833,1508750476.1466086,2702
query,1508750476.1466131,1508750476.3303275,4687
query,1508750476.3303316,1508750476.4062681,23
query,1508750476.406272,1508750476.5864503,2198
query,1508750476.586454,1508750476.6623783,633
query,1508750476.6623821,1508750476.774365,1058
query,1508750476.7743692,1508750476.87553,474
query,1508750476.8755457,1508750476.9378953,617
query,1508750476.9403353,1508750477.0503259,4
query,1508750477.0503302,1508750477.100515,1681
query,1508750477.1005182,1508750477.1539075,0
query,1508750477.1539116,1508750477.6546876,4913
query,1508750477.654691,1508750477.8341594,3741
query,1508750477.834163,1508750477.907197,1681
query,1508750477.9072006,1508750477.9666276,412
query,1508750477.9666314,1508750478.0742013,346
query,1508750478.0742054,1508750478.1518517,708
query,1508750478.1518552,1508750478.3060987,2819
query,1508750478.3061025,1508750478.6629372,7780
query,1508750478.662941,1508750478.7498085,348
query,1508750478.7498121,1508750479.0076313,5996
query,1508750479.007635,1508750479.0982423,1850
query,1508750479.0982463,1508750479.1742342,1204
query,1508750479.174238,1508750479.443397,8909
query,1508750479.4434013,1508750479.5105305,46
query,1508750479.5105345,1508750479.6190288,151
query,1508750479.6190324,1508750479.7432163,149
query,1508750479.743233,1508750479.8107798,147
query,1508750479.8132555,1508750479.971808,3803
query,1508750479.9718118,1508750480.1592367,4450
query,1508750480.1592405,1508750480.2544222,186
query,1508750480.2544258,1508750480.441236,3876
query,1508750480.4412396,1508750480.7223997,4706
query,1508750480.7224035,1508750480.8027077,1917
query,1508750480.802712,1508750480.9059796,0
query,1508750480.9059846,1508750481.1061535,5131
query,1508750481.1061573,1508750481.200581,39
query,1508750481.2005847,1508750481.520076,4512
query,1508750481.5200794,1508750482.1953719,2752
query,1508750482.1953764,1508750482.2529159,1
query,1508750482.25292,1508750482.3435607,2
query,1508750482.3435643,1508750482.4875805,993
query,1508750482.4875844,1508750482.6034865,2874
query,1508750482.6034904,1508750482.7057204,1869
query,1508750482.7057245,1508750482.8583837,1886
query,1508750482.8583875,1508750482.9303012,163
query,1508750482.930305,1508750483.0664086,345
