tables,1509088190.9638298,1509091311.1108959
query,1509091311.1115065,1509091311.3403885,3559
query,1509091311.3552601,1509091311.6707854,4926
query,1509091311.6707897,1509091311.7326393,1299
query,1509091311.732643,1509091311.779536,674
query,1509091311.7795396,1509091311.9072213,3020
query,1509091311.9072254,1509091311.9406977,407
query,1509091311.9407017,1509091311.9665966,51
query,1509091311.9666,1509091312.4378092,2026
query,1509091312.4378126,1509091312.4768276,272
query,1509091312.4768312,1509091312.5421839,1560
query,1509091312.5421877,1509091312.5509567,0
query,1509091312.5509596,1509091312.5774543,23
query,1509091312.5774581,1509091312.6120162,2471
query,1509091312.6120198,1509091312.8945034,2025
query,1509091312.8945072,1509091312.924937,1357
query,1509091312.9249406,1509091312.9645438,1205
query,1509091312.9645479,1509091313.0112553,1464
query,1509091313.0112586,1509091313.1336532,3520
query,1509091313.133658,1509091313.4334028,2027
query,1509091313.4334066,1509091313.4794967,390
query,1509091313.479539,1509091313.6040323,1673
query,1509091313.616158,1509091314.0190156,2027
query,1509091314.01902,1509091314.0514245,105
query,1509091314.0514288,1509091314.2790442,5146
query,1509091314.2790484,1509091314.5635936,2027
query,1509091314.5635974,1509091314.6051795,16
query,1509091314.6051836,1509091314.7607677,3764
query,1509091314.760772,1509091314.788207,37
query,1509091314.788211,1509091314.8157892,17
query,1509091314.8157938,1509091314.934705,3513
query,1509091314.9347093,1509091314.9705126,2092
query,1509091314.9705164,1509091315.0015543,1221
query,1509091315.001558,1509091315.0575716,2314
query,1509091315.057576,1509091315.091361,1830
query,1509091315.0913653,1509091315.1236563,1726
query,1509091315.12366,1509091315.434509,2026
query,1509091315.4345133,1509091315.461456,421
query,1509091315.4614604,1509091315.583031,3454
query,1509091315.5830348,1509091315.7746947,2009
query,1509091315.774699,1509091315.826511,1738
query,1509091315.8265522,1509091315.8866367,1759
query,1509091315.9029148,1509091316.0554018,6817
query,1509091316.055412,1509091316.1109138,453
query,1509091316.1109178,1509091316.163709,1507
query,1509091316.1637125,1509091316.4531457,2027
query,1509091316.4531496,1509091316.7418256,2028
query,1509091316.7418299,1509091316.7780075,622
query,1509091316.7780118,1509091316.8261647,1732
query,1509091316.8261685,1509091316.8616462,909
query,1509091316.86165,1509091317.1988957,2021
query,1509091317.1988997,1509091317.2481058,2033
query,1509091317.2481098,1509091317.2631965,1
query,1509091317.2632005,1509091317.3599174,2303
query,1509091317.3599217,1509091317.4037497,837
query,1509091317.4037538,1509091317.4165616,2
query,1509091317.4165657,1509091317.461856,1662
query,1509091317.4618607,1509091317.502922,2047
query,1509091317.5029266,1509091317.5316758,33
query,1509091317.53168,1509091317.5431147,1
query,1509091317.5431187,1509091317.5702982,1262
query,1509091317.5703373,1509091317.746782,2015
query,1509091317.7615385,1509091317.80097,1891
query,1509091317.800974,1509091317.8537545,2594
query,1509091317.8537583,1509091317.900898,2303
query,1509091317.9009023,1509091318.0011036,3274
query,1509091318.0011082,1509091318.059341,1168
query,1509091318.0593452,1509091318.3257601,4855
query,1509091318.3257642,1509091318.358303,1501
query,1509091318.358307,1509091318.3941648,1562
query,1509091318.3941689,1509091318.4522283,2700
query,1509091318.4522326,1509091318.811106,2026
query,1509091318.8111105,1509091318.8501177,436
query,1509091318.850122,1509091318.8796306,1087
query,1509091318.8796349,1509091318.9870453,4460
query,1509091318.9870493,1509091319.0982428,3944
query,1509091319.0982473,1509091319.1279643,1625
query,1509091319.127968,1509091319.3957996,8120
query,1509091319.395804,1509091319.5669365,4732
query,1509091319.566941,1509091319.5790002,1
query,1509091319.579004,1509091319.622289,532
query,1509091319.622333,1509091319.6918995,26
query,1509091319.7055042,1509091319.7515428,156
query,1509091319.751549,1509091319.8013568,1280
query,1509091319.8013616,1509091319.9319892,4770
query,1509091319.9319935,1509091320.1142404,4274
query,1509091320.1142445,1509091320.3071258,5752
query,1509091320.3071296,1509091320.3487043,1353
query,1509091320.3487084,1509091320.3566937,1
query,1509091320.356698,1509091320.3976855,2311
query,1509091320.3976896,1509091320.4269662,253
query,1509091320.4269695,1509091320.4675188,1426
query,1509091320.4675229,1509091320.630467,3007
query,1509091320.630471,1509091320.6759558,26
query,1509091320.67596,1509091320.6856942,0
query,1509091320.6856978,1509091320.7414231,2189
query,1509091320.7414281,1509091320.9331565,5876
query,1509091320.9331603,1509091320.984539,1475
query,1509091320.9845433,1509091321.03577,460
query,1509091321.035774,1509091321.0564945,1
query,1509091321.056498,1509091321.0869873,1453
query,1509091321.0870583,1509091321.154756,1345
query,1509091321.1684103,1509091321.211607,17
query,1509091321.2116108,1509091321.4134994,5318
query,1509091321.4135032,1509091321.4593613,712
query,1509091321.4593658,1509091321.70635,11328
query,1509091321.706354,1509091321.7461793,2527
query,1509091321.7461832,1509091322.0415473,7827
query,1509091322.041551,1509091322.0785897,1277
query,1509091322.0785935,1509091322.0923924,1
query,1509091322.0923965,1509091322.3415797,7360
query,1509091322.3415837,1509091322.3696733,269
query,1509091322.3696775,1509091322.387385,4
query,1509091322.3873892,1509091322.6009693,6355
query,1509091322.6009734,1509091322.643907,163
query,1509091322.6439114,1509091322.7811804,4128
query,1509091322.7811852,1509091322.8231559,1694
query,1509091322.8231597,1509091322.8626802,42
query,1509091322.8626833,1509091322.87141,0
query,1509091322.8714132,1509091322.9115252,1192
query,1509091322.911528,1509091322.953989,405
query,1509091322.9540315,1509091323.040262,2632
query,1509091323.0499017,1509091323.3066247,8884
query,1509091323.3066285,1509091323.3566897,2108
query,1509091323.3566935,1509091323.520021,3891
query,1509091323.5200248,1509091323.7225559,3816
query,1509091323.7225623,1509091323.989449,5930
query,1509091323.9894533,1509091324.159164,5435
query,1509091324.159168,1509091324.1941388,5
query,1509091324.1941428,1509091324.2303333,707
query,1509091324.2303371,1509091324.4905896,6246
query,1509091324.4905937,1509091324.5302842,3013
query,1509091324.5302885,1509091324.5836833,3667
query,1509091324.5836868,1509091324.6163564,95
query,1509091324.6163619,1509091324.6649382,3023
query,1509091324.664942,1509091324.6945198,1430
query,1509091324.694524,1509091324.7255905,885
query,1509091324.7255943,1509091324.7638748,690
query,1509091324.7638788,1509091324.7932649,112
query,1509091324.7932694,1509091324.8351147,2487
query,1509091324.8351183,1509091324.8690639,121
query,1509091324.8691044,1509091324.9195025,32
query,1509091324.9319966,1509091325.0574598,3947
query,1509091325.057464,1509091325.0886576,81
query,1509091325.0886614,1509091325.1003256,1
query,1509091325.100329,1509091325.3646166,5654
query,1509091325.3646212,1509091325.4171357,695
query,1509091325.41714,1509091325.4284825,0
query,1509091325.4284866,1509091325.537114,2457
query,1509091325.5371175,1509091325.5699236,136
query,1509091325.5699272,1509091325.6110127,2304
query,1509091325.6110165,1509091325.8552089,5748
query,1509091325.8552134,1509091325.8925014,122
query,1509091325.8925054,1509091326.0233192,3366
query,1509091326.0233233,1509091326.1854517,5060
query,1509091326.1854558,1509091326.2180912,831
query,1509091326.2180955,1509091326.4608667,7944
query,1509091326.460871,1509091326.4896946,1027
query,1509091326.489699,1509091326.5148401,60
query,1509091326.5148442,1509091326.5515265,2973
query,1509091326.5515304,1509091326.6640518,3295
query,1509091326.664094,1509091326.9425883,7076
query,1509091326.9553306,1509091327.2741022,13610
query,1509091327.274107,1509091327.303901,827
query,1509091327.303905,1509091327.3732688,2270
query,1509091327.373273,1509091327.514232,3385
query,1509091327.5142362,1509091327.5493174,356
query,1509091327.549322,1509091327.5816987,154
query,1509091327.581703,1509091327.7020798,3831
query,1509091327.7020836,1509091327.8544292,3225
query,1509091327.8544335,1509091327.889826,1753
query,1509091327.8898299,1509091327.9256966,927
query,1509091327.9257004,1509091327.9352207,0
query,1509091327.9352245,1509091327.9433763,0
query,1509091327.9433799,1509091327.9728465,803
query,1509091327.97285,1509091328.0785868,4833
query,1509091328.0785909,1509091328.18123,3011
query,1509091328.1812341,1509091328.203334,6
query,1509091328.2033384,1509091328.2479963,187
query,1509091328.2480001,1509091328.2986374,682
query,1509091328.298642,1509091328.5553253,5308
query,1509091328.5553691,1509091328.5954638,0
query,1509091328.5970485,1509091328.9004498,7164
query,1509091328.9004538,1509091328.9113016,0
query,1509091328.9113054,1509091329.0544257,5060
query,1509091329.05443,1509091329.1377025,2160
query,1509091329.1377065,1509091329.1726086,1160
query,1509091329.1726134,1509091329.2011275,133
query,1509091329.201132,1509091329.2360106,1261
query,1509091329.2360144,1509091329.381123,3814
query,1509091329.3811266,1509091329.4291646,1050
query,1509091329.4291685,1509091329.6305788,5987
query,1509091329.6305835,1509091329.6422017,1
query,1509091329.6422052,1509091329.6707654,173
query,1509091329.6707697,1509091329.7039964,270
query,1509091329.7040007,1509091330.21709,12534
query,1509091330.217094,1509091330.4677584,6767
query,1509091330.4677625,1509091330.5160728,1034
query,1509091330.516077,1509091330.564348,378
query,1509091330.5643513,1509091330.8298016,7360
query,1509091330.8298051,1509091331.1354156,6845
query,1509091331.135456,1509091331.169913,17
query,1509091331.182787,1509091331.2189305,945
query,1509091331.2189345,1509091331.3501658,4698
query,1509091331.35017,1509091331.3935556,2403
query,1509091331.393561,1509091331.5948887,7554
query,1509091331.5948927,1509091331.8712573,7835
query,1509091331.871262,1509091331.9144335,123
query,1509091331.914438,1509091331.9443512,204
query,1509091331.9443548,1509091332.0414078,2696
query,1509091332.0414124,1509091332.269838,5994
query,1509091332.269843,1509091332.3128307,17
query,1509091332.3128347,1509091332.3219454,0
query,1509091332.3219492,1509091332.3559027,6
query,1509091332.3559067,1509091332.5906868,4936
query,1509091332.5906909,1509091332.8588855,7579
query,1509091332.8588898,1509091332.9061832,17
query,1509091332.9061878,1509091333.7626362,3783
query,1509091333.7626412,1509091333.796641,702
query,1509091333.7966454,1509091333.8395228,13
query,1509091333.8395264,1509091334.076487,7591
query,1509091334.0765297,1509091334.2479327,4778
query,1509091334.2637522,1509091334.4125788,5689
query,1509091334.4125826,1509091334.5220525,2391
query,1509091334.5220566,1509091335.0094497,10212
query,1509091335.0094538,1509091335.3520746,3467
query,1509091335.3520784,1509091335.4177933,5626
query,1509091335.417797,1509091335.515725,4152
query,1509091335.5157287,1509091335.60639,2200
query,1509091335.606394,1509091335.6160495,0
query,1509091335.616053,1509091335.7397625,4010
query,1509091335.7397664,1509091336.0837576,8568
query,1509091336.0837617,1509091336.1194217,357
query,1509091336.119427,1509091336.400876,7197
query,1509091336.4008803,1509091336.8005204,13554
query,1509091336.800525,1509091337.0267396,6428
query,1509091337.0267437,1509091337.0554829,754
query,1509091337.0554872,1509091337.1123989,2913
query,1509091337.1124036,1509091337.1399913,300
query,1509091337.139996,1509091337.1670623,643
query,1509091337.1670668,1509091337.20631,29
query,1509091337.206355,1509091337.427617,6394
query,1509091337.4401073,1509091337.7280827,10765
query,1509091337.7280862,1509091337.9315243,4911
query,1509091337.9315283,1509091338.2214007,9464
query,1509091338.2214055,1509091338.4466941,5578
query,1509091338.4466991,1509091338.4892414,218
query,1509091338.4892452,1509091338.5331237,44
query,1509091338.5331275,1509091338.7399426,5532
query,1509091338.7399476,1509091339.0118496,7703
query,1509091339.0118542,1509091339.1369665,3106
query,1509091339.1369705,1509091339.1555414,1
query,1509091339.1555455,1509091339.422822,8876
query,1509091339.4228256,1509091339.6019204,5628
query,1509091339.601925,1509091339.638852,2805
query,1509091339.6388574,1509091339.6483824,0
query,1509091339.6483862,1509091339.6664217,1
query,1509091339.6664255,1509091340.1328576,14134
query,1509091340.1328616,1509091340.140605,0
query,1509091340.1406083,1509091340.1672127,8
query,1509091340.167217,1509091340.319676,5597
query,1509091340.3197176,1509091340.469671,4915
query,1509091340.4819326,1509091340.6759088,5453
query,1509091340.6759136,1509091340.7042584,307
query,1509091340.7042632,1509091340.7112868,0
query,1509091340.71129,1509091340.722155,1
query,1509091340.722159,1509091340.929856,5916
query,1509091340.9298596,1509091341.046531,2674
query,1509091341.0465353,1509091341.089597,182
query,1509091341.089601,1509091341.107598,1
query,1509091341.107602,1509091341.2126822,2950
query,1509091341.2126865,1509091341.5843012,8566
query,1509091341.5843055,1509091341.7743468,3349
query,1509091341.774351,1509091341.7832286,1
query,1509091341.783232,1509091341.8410184,2856
query,1509091341.8410223,1509091341.8504055,0
query,1509091341.8504097,1509091342.2052982,11187
query,1509091342.2053032,1509091342.4598734,5726
query,1509091342.4598775,1509091342.5027666,21
query,1509091342.5027707,1509091342.5461245,214
query,1509091342.5461285,1509091342.8395805,6873
query,1509091342.8396225,1509091343.0010219,4112
query,1509091343.013522,1509091343.0638747,497
query,1509091343.0638788,1509091343.2138524,3737
query,1509091343.2138567,1509091343.246964,11
query,1509091343.2469676,1509091343.2923257,92
query,1509091343.2923295,1509091343.3389885,722
query,1509091343.3389928,1509091343.3782268,914
query,1509091343.378233,1509091343.3922968,3
query,1509091343.3923008,1509091343.4078863,0
query,1509091343.40789,1509091343.4777827,1902
query,1509091343.4777868,1509091343.5094812,986
query,1509091343.5094867,1509091343.5410507,314
query,1509091343.541055,1509091344.277994,12976
query,1509091344.2779982,1509091344.6024165,7741
query,1509091344.6024208,1509091344.615424,1
query,1509091344.615428,1509091344.6519523,318
query,1509091344.6519563,1509091344.9229763,7687
query,1509091344.9229808,1509091344.9523816,103
query,1509091344.9523857,1509091345.051505,3679
query,1509091345.0515091,1509091345.1507218,3331
query,1509091345.150851,1509091345.8902051,15822
query,1509091345.903467,1509091345.9444726,18
query,1509091345.9444766,1509091345.97344,691
query,1509091345.9734437,1509091346.0064597,1272
query,1509091346.006464,1509091346.0340085,14
query,1509091346.0340128,1509091346.0620337,617
query,1509091346.0620375,1509091346.3685846,8538
query,1509091346.3685892,1509091346.397512,644
query,1509091346.3975163,1509091346.606038,6335
query,1509091346.6060424,1509091346.648413,140
query,1509091346.648417,1509091346.690555,242
query,1509091346.6905594,1509091347.0321968,7599
query,1509091347.032201,1509091347.070046,707
query,1509091347.07005,1509091347.0807853,1
query,1509091347.080828,1509091347.4815013,8016
query,1509091347.4815059,1509091347.4902253,0
query,1509091347.490229,1509091347.7402384,7347
query,1509091347.7402432,1509091347.7686446,5
query,1509091347.768649,1509091347.8103323,329
query,1509091347.8103366,1509091347.8480418,125
query,1509091347.8480883,1509091348.001417,3945
query,1509091348.0182135,1509091348.3290122,7841
query,1509091348.3290167,1509091348.3615744,8
query,1509091348.3615785,1509091348.5525582,5588
query,1509091348.5525632,1509091348.5826833,875
query,1509091348.5826874,1509091348.6081858,13
query,1509091348.6081893,1509091348.640362,1864
query,1509091348.6403656,1509091348.6519666,2
query,1509091348.65197,1509091348.6870313,1060
query,1509091348.6870363,1509091348.8810992,5211
query,1509091348.8811035,1509091348.911256,120
query,1509091348.9112606,1509091348.9977257,3908
query,1509091348.9977303,1509091349.041616,3143
query,1509091349.0416207,1509091349.2905407,8461
query,1509091349.2905447,1509091349.378705,2526
query,1509091349.378709,1509091349.4051323,177
query,1509091349.4051363,1509091349.5171325,4077
query,1509091349.5171378,1509091349.5302796,0
query,1509091349.5302832,1509091349.838735,9241
query,1509091349.8387394,1509091349.8736207,1008
query,1509091349.8736606,1509091349.8977468,3
query,1509091349.9138534,1509091350.077941,3696
query,1509091350.077946,1509091350.1062977,149
query,1509091350.1063018,1509091350.1138923,0
query,1509091350.113896,1509091350.1388407,18
query,1509091350.1388445,1509091350.1666126,1092
query,1509091350.1666167,1509091350.339914,5301
query,1509091350.3399184,1509091350.3723378,872
query,1509091350.3723414,1509091350.3809154,0
query,1509091350.3809197,1509091350.4077134,206
query,1509091350.4077172,1509091350.7113569,7651
query,1509091350.7113614,1509091350.9224641,7921
query,1509091350.9224687,1509091351.0318425,4329
query,1509091351.031847,1509091351.210937,5427
query,1509091351.2109413,1509091351.330114,4031
query,1509091351.3301182,1509091351.348085,2
query,1509091351.348089,1509091351.3736062,203
query,1509091351.3736098,1509091351.6052556,6247
query,1509091351.6052597,1509091351.6187758,1
query,1509091351.6187794,1509091351.706279,3911
query,1509091351.70632,1509091352.0393527,8769
query,1509091352.052734,1509091352.0619533,0
query,1509091352.0619576,1509091352.0894802,659
query,1509091352.089484,1509091352.6760292,14080
query,1509091352.676034,1509091352.6876972,0
query,1509091352.6877015,1509091352.7018182,1
query,1509091352.701822,1509091352.7366705,227
query,1509091352.7366753,1509091352.767094,38
query,1509091352.767098,1509091353.1044767,5938
query,1509091353.1044817,1509091353.147265,1867
query,1509091353.1472697,1509091353.1999884,1149
query,1509091353.1999927,1509091353.2318125,404
query,1509091353.2318184,1509091353.2770786,779
query,1509091353.277084,1509091353.3214698,127
query,1509091353.3214738,1509091353.34746,5
query,1509091353.347464,1509091353.3831751,1442
query,1509091353.3831806,1509091353.5243924,3175
query,1509091353.5243974,1509091354.102627,12782
query,1509091354.102632,1509091354.2276726,4814
query,1509091354.2276766,1509091354.4588492,6354
query,1509091354.4588907,1509091354.542159,1694
query,1509091354.5572567,1509091354.6057508,472
query,1509091354.6057553,1509091354.6534348,503
query,1509091354.6534388,1509091354.716275,727
query,1509091354.71628,1509091355.0618548,8880
query,1509091355.0618598,1509091355.1327066,2311
query,1509091355.1327114,1509091355.2575607,3437
query,1509091355.2575655,1509091355.642387,7099
query,1509091355.6423914,1509091355.6591892,5
query,1509091355.659194,1509091355.849525,5098
query,1509091355.84953,1509091355.8916323,188
query,1509091355.8916368,1509091356.1650763,157
query,1509091356.165081,1509091356.3664844,7226
query,1509091356.3664896,1509091356.5096967,2885
query,1509091356.5097015,1509091356.553007,331
query,1509091356.553011,1509091356.6461976,3375
query,1509091356.6462018,1509091356.6600733,5
query,1509091356.6600776,1509091356.6993675,180
query,1509091356.6993716,1509091356.747896,1574
query,1509091356.7479,1509091356.895912,3776
query,1509091356.8959692,1509091356.9705245,55
query,1509091356.9879029,1509091357.1281621,4392
query,1509091357.1281667,1509091357.166848,2075
query,1509091357.1668525,1509091357.3345165,5122
query,1509091357.334575,1509091357.5843973,9046
query,1509091357.5844023,1509091357.629168,2623
query,1509091357.6291718,1509091357.728731,2346
query,1509091357.7287352,1509091357.8605285,3693
query,1509091357.8605332,1509091357.9082613,18
query,1509091357.9082658,1509091357.9638999,1429
query,1509091357.9639046,1509091357.999419,10
query,1509091357.9994228,1509091358.2854762,6635
query,1509091358.285481,1509091358.3385086,2231
query,1509091358.3385131,1509091358.3847368,1375
query,1509091358.3847413,1509091358.734522,6342
query,1509091358.7345266,1509091359.269978,9872
query,1509091359.2699828,1509091359.5083501,7259
query,1509091359.5083547,1509091359.536363,1385
query,1509091359.5363681,1509091359.5641074,114
query,1509091359.5641115,1509091359.6578238,3084
query,1509091359.6578684,1509091359.709667,2431
query,1509091359.7222672,1509091359.735838,4
query,1509091359.7358415,1509091360.048153,12107
query,1509091360.0481572,1509091360.1423352,3423
query,1509091360.14234,1509091360.215957,1977
query,1509091360.2159615,1509091360.313235,2224
query,1509091360.313239,1509091360.5233521,6424
query,1509091360.5233564,1509091360.5561206,427
query,1509091360.556125,1509091360.5658805,0
query,1509091360.565884,1509091360.6116025,549
query,1509091360.6116064,1509091360.963117,6766
query,1509091360.963121,1509091361.1870146,6973
query,1509091361.18702,1509091361.2344365,773
query,1509091361.2344408,1509091361.2445812,0
query,1509091361.244585,1509091361.368064,2979
query,1509091361.368069,1509091361.5252008,5371
query,1509091361.5252051,1509091361.6222286,2719
query,1509091361.6222324,1509091361.6584342,131
query,1509091361.6584382,1509091361.6965714,108
query,1509091361.6965759,1509091361.8518696,5160
query,1509091361.8519118,1509091361.940404,2995
query,1509091361.9536335,1509091362.2319927,10165
query,1509091362.2319977,1509091362.3944361,5291
query,1509091362.3944402,1509091362.5043092,4722
query,1509091362.5043132,1509091362.5147684,1
query,1509091362.514772,1509091362.61924,2767
query,1509091362.6192446,1509091362.632342,1
query,1509091362.6323457,1509091362.6864007,1055
query,1509091362.6864064,1509091362.733993,1226
query,1509091362.7339978,1509091362.780544,603
query,1509091362.7805493,1509091362.9540756,6072
query,1509091362.95408,1509091363.0720444,3465
query,1509091363.0720487,1509091363.1024077,916
query,1509091363.102412,1509091363.128315,535
query,1509091363.128319,1509091363.154985,76
query,1509091363.1549892,1509091363.184728,934
query,1509091363.1847324,1509091363.2221808,2210
query,1509091363.2221851,1509091363.2492113,191
query,1509091363.2492151,1509091363.2734346,5
query,1509091363.2734387,1509091363.305604,864
query,1509091363.305646,1509091363.424732,4476
query,1509091363.4370887,1509091363.4796262,237
query,1509091363.4796312,1509091363.5262394,698
query,1509091363.5262437,1509091363.7142422,5342
query,1509091363.7142465,1509091363.9247105,6168
query,1509091363.9247143,1509091363.9565604,1735
query,1509091363.9565644,1509091364.1081066,2134
query,1509091364.1081107,1509091364.1572647,240
query,1509091364.1572692,1509091364.2069528,778
query,1509091364.2069576,1509091364.2559197,362
query,1509091364.2559242,1509091364.5142932,7550
query,1509091364.514298,1509091364.7576232,7484
query,1509091364.7576282,1509091364.7861786,131
query,1509091364.7861845,1509091364.8139033,11
query,1509091364.8139064,1509091364.9900312,7257
query,1509091364.9900358,1509091365.0354009,607
query,1509091365.035405,1509091365.043684,0
query,1509091365.0436878,1509091365.0703115,26
query,1509091365.0703163,1509091365.1091967,1438
query,1509091365.1092005,1509091365.334582,6109
query,1509091365.3346474,1509091365.478362,4565
query,1509091365.4906201,1509091365.6704478,5639
query,1509091365.6704516,1509091365.6969352,13
query,1509091365.6969395,1509091365.8192365,3343
query,1509091365.8192408,1509091365.865203,728
query,1509091365.865207,1509091365.9267852,2180
query,1509091365.926789,1509091366.2787178,7227
query,1509091366.2787218,1509091366.4489236,4512
query,1509091366.4489276,1509091366.4594927,0
query,1509091366.459497,1509091366.5059772,1408
query,1509091366.5059812,1509091366.5521386,109
query,1509091366.5521429,1509091366.6867375,4226
query,1509091366.6867414,1509091366.7271464,338
query,1509091366.7271512,1509091366.7832885,1695
query,1509091366.7832928,1509091366.8199136,477
query,1509091366.8199174,1509091366.9454772,4178
query,1509091366.9454808,1509091366.9834988,1132
query,1509091366.9835024,1509091367.255247,3331
query,1509091367.2552514,1509091367.2921095,227
query,1509091367.2921133,1509091367.338219,16
query,1509091367.338279,1509091368.2279289,3783
query,1509091368.2401536,1509091368.3070488,2191
query,1509091368.3070526,1509091368.3415544,1763
query,1509091368.3415587,1509091368.3705733,534
query,1509091368.370577,1509091368.4043243,10
query,1509091368.4043288,1509091368.446639,9
query,1509091368.4466429,1509091368.4811258,1653
query,1509091368.4811292,1509091368.5073142,307
query,1509091368.507318,1509091368.5347295,485
query,1509091368.5347338,1509091368.5451574,1
query,1509091368.5451617,1509091368.679642,5433
query,1509091368.6796463,1509091368.7147605,958
query,1509091368.7147646,1509091369.0848606,7961
query,1509091369.0848649,1509091369.0984864,1
query,1509091369.09849,1509091369.2314658,3248
query,1509091369.2314706,1509091369.4053714,4355
query,1509091369.4053764,1509091369.4875343,2702
query,1509091369.487538,1509091369.6611311,3657
query,1509091369.6611352,1509091369.8222663,4541
query,1509091369.82227,1509091369.959138,3691
query,1509091369.959171,1509091370.1630518,6755
query,1509091370.1756425,1509091370.2203135,2467
query,1509091370.2203176,1509091370.7141862,9491
query,1509091370.714191,1509091370.7591858,75
query,1509091370.7591898,1509091370.9641976,6073
query,1509091370.964202,1509091371.1474743,4349
query,1509091371.1474783,1509091371.182637,654
query,1509091371.182642,1509091371.1915169,0
query,1509091371.1915205,1509091371.2200267,21
query,1509091371.2200308,1509091371.336233,2219
query,1509091371.336238,1509091371.7072277,10256
query,1509091371.707232,1509091371.7508683,504
query,1509091371.7508743,1509091371.9559731,5936
query,1509091371.9559772,1509091372.032348,1922
query,1509091372.0323527,1509091372.1275098,4121
query,1509091372.1275141,1509091372.1667233,392
query,1509091372.1667268,1509091372.5668325,8638
query,1509091372.5668364,1509091372.7599041,6862
query,1509091372.7599082,1509091372.7915094,1967
query,1509091372.7915137,1509091373.012068,6902
query,1509091373.0121114,1509091373.0525846,1431
query,1509091373.0655534,1509091373.095305,1065
query,1509091373.095309,1509091373.1267564,77
query,1509091373.1267607,1509091373.1623769,24
query,1509091373.1623814,1509091373.333922,5939
query,1509091373.333927,1509091373.369008,43
query,1509091373.3690124,1509091373.785156,12201
query,1509091373.7851605,1509091373.888082,2785
query,1509091373.888086,1509091373.9372463,1501
query,1509091373.9372506,1509091374.030018,2350
query,1509091374.030022,1509091374.085663,1530
query,1509091374.085667,1509091374.4110942,9799
query,1509091374.4110982,1509091374.5044513,2623
query,1509091374.5044558,1509091374.6456633,4409
query,1509091374.6456735,1509091374.6913216,1977
query,1509091374.6913264,1509091375.0129359,8006
query,1509091375.0129402,1509091375.15904,3908
query,1509091375.159044,1509091375.2908714,5824
query,1509091375.2908757,1509091375.4411666,4935
query,1509091375.4411716,1509091375.4688175,525
query,1509091375.4688573,1509091375.5977194,4707
query,1509091375.6107595,1509091375.6521943,2375
query,1509091375.6521988,1509091375.6797829,24
query,1509091375.6797872,1509091375.842916,4568
query,1509091375.84292,1509091375.973611,6163
query,1509091375.9736154,1509091376.5905726,14215
query,1509091376.5905764,1509091376.6851163,3194
query,1509091376.6851203,1509091376.7315395,324
query,1509091376.731543,1509091376.7408624,0
query,1509091376.7408657,1509091376.9642837,6495
query,1509091376.9642901,1509091376.9749615,0
query,1509091376.9749656,1509091377.1454308,4521
query,1509091377.1454349,1509091377.1936219,880
query,1509091377.193626,1509091377.24437,277
query,1509091377.2443755,1509091377.4298162,4460
query,1509091377.4298203,1509091377.4748225,414
query,1509091377.4748266,1509091377.6507452,4706
query,1509091377.6507492,1509091377.6970081,228
query,1509091377.697012,1509091377.7466285,1397
query,1509091377.7466323,1509091377.790858,882
query,1509091377.7908976,1509091377.986386,4114
query,1509091378.00424,1509091378.0974083,3758
query,1509091378.0974126,1509091378.106471,0
query,1509091378.1064746,1509091378.131891,245
query,1509091378.131895,1509091378.1568716,730
query,1509091378.1568754,1509091378.1904593,1501
query,1509091378.190463,1509091378.2032971,2
query,1509091378.203301,1509091378.2310014,20
query,1509091378.2310052,1509091378.2437177,1
query,1509091378.243722,1509091378.8233972,3762
query,1509091378.8234012,1509091378.873264,801
query,1509091378.8732686,1509091379.125658,6352
query,1509091379.1256633,1509091379.1717987,206
query,1509091379.1718028,1509091379.1817079,0
query,1509091379.1817114,1509091379.2306027,2401
query,1509091379.2306066,1509091379.2798715,264
query,1509091379.2798758,1509091379.661497,8901
query,1509091379.6615012,1509091379.8155143,3483
query,1509091379.8155205,1509091379.9228594,3145
query,1509091379.9228632,1509091379.976602,1013
query,1509091379.9766421,1509091380.0530834,52
query,1509091380.0677125,1509091380.1157115,11
query,1509091380.1157157,1509091380.2313325,2516
query,1509091380.2313368,1509091380.5473473,11518
query,1509091380.5473518,1509091380.7244265,4029
query,1509091380.7244303,1509091380.9544017,5643
query,1509091380.954406,1509091381.2532787,6204
query,1509091381.2532835,1509091381.3063216,185
query,1509091381.3063264,1509091381.4905584,4944
query,1509091381.4905627,1509091382.0757258,3595
query,1509091382.0757298,1509091382.0920908,0
query,1509091382.0920942,1509091382.1494765,138
query,1509091382.1494813,1509091382.3096962,3704
query,1509091382.3096998,1509091382.9051251,11942
query,1509091382.9051297,1509091383.054308,3432
query,1509091383.0543125,1509091383.1360023,675
query,1509091383.1360068,1509091383.5894935,8404
query,1509091383.589498,1509091383.6480093,1239
query,1509091383.6480138,1509091383.946827,6169
query,1509091383.9468312,1509091383.995396,216
query,1509091383.9954395,1509091384.178673,3073
query,1509091384.1913955,1509091384.5818534,2495
query,1509091384.5818577,1509091384.621487,1015
query,1509091384.621491,1509091384.6309073,0
query,1509091384.630911,1509091384.8917809,4625
query,1509091384.8917851,1509091384.9378703,2196
query,1509091384.937874,1509091384.9735096,131
query,1509091384.9735131,1509091385.0149903,34
query,1509091385.0149941,1509091385.475359,9469
query,1509091385.4753637,1509091385.5253835,190
query,1509091385.525387,1509091385.9438655,4551
query,1509091385.9438696,1509091386.0060089,1862
query,1509091386.0060117,1509091386.0497043,155
query,1509091386.0497086,1509091386.173937,3353
query,1509091386.1739414,1509091386.2275062,990
query,1509091386.2275105,1509091386.2858186,1872
query,1509091386.2858229,1509091386.458347,2848
query,1509091386.458351,1509091386.494988,31
query,1509091386.494994,1509091386.5239227,287
query,1509091386.5239267,1509091386.5675423,30
query,1509091386.5675929,1509091386.5924788,0
query,1509091386.593647,1509091386.8421767,5726
query,1509091386.8421807,1509091386.893349,16
query,1509091386.8933523,1509091387.3282492,7464
query,1509091387.3282533,1509091387.3723028,16
query,1509091387.3723068,1509091387.4256423,1125
query,1509091387.4256463,1509091387.4834685,1858
query,1509091387.4834728,1509091387.637204,2986
query,1509091387.6372082,1509091387.9008284,5462
query,1509091387.900833,1509091388.1621804,4919
query,1509091388.162183,1509091388.9458776,14439
query,1509091388.9458814,1509091389.371694,7482
query,1509091389.371698,1509091389.713336,6551
query,1509091389.7133403,1509091389.7502956,17
query,1509091389.7503,1509091389.7604916,0
query,1509091389.7604952,1509091390.0611656,6910
query,1509091390.0611699,1509091390.1072764,998
query,1509091390.107281,1509091390.149044,588
query,1509091390.1490479,1509091390.2895372,2612
query,1509091390.2895415,1509091390.3305635,781
query,1509091390.330607,1509091390.6993837,7831
query,1509091390.7114365,1509091390.8885338,5236
query,1509091390.888538,1509091390.8983912,0
query,1509091390.8983939,1509091390.9404821,12
query,1509091390.9404864,1509091390.9814978,174
query,1509091390.9815018,1509091390.9904494,0
query,1509091390.9904528,1509091390.9994223,0
query,1509091390.9994252,1509091391.045591,1100
query,1509091391.045595,1509091391.055185,1
query,1509091391.0551884,1509091391.0963273,889
query,1509091391.0963314,1509091391.130529,88
query,1509091391.130533,1509091391.1586547,181
query,1509091391.158659,1509091391.2892733,3492
query,1509091391.2892778,1509091391.4090993,2879
query,1509091391.409104,1509091391.4567556,1689
query,1509091391.4567597,1509091391.498748,2528
query,1509091391.4987524,1509091391.547259,1097
query,1509091391.5472643,1509091391.6015868,1093
query,1509091391.601591,1509091391.613055,0
query,1509091391.613058,1509091391.6246572,0
query,1509091391.6246998,1509091391.8100307,5868
query,1509091391.8230674,1509091391.9964359,6011
query,1509091391.99644,1509091392.044208,562
query,1509091392.0442119,1509091392.2084353,5238
query,1509091392.2084396,1509091392.583935,7580
query,1509091392.5839398,1509091392.8222904,6616
query,1509091392.8222947,1509091393.144781,3620
query,1509091393.1447852,1509091393.1810102,1552
query,1509091393.181014,1509091393.39073,6172
query,1509091393.3907335,1509091393.8461711,5390
query,1509091393.8461754,1509091394.2910123,7282
query,1509091394.291016,1509091394.4934871,4725
query,1509091394.4934916,1509091394.777455,6760
query,1509091394.7774582,1509091394.786247,1
query,1509091394.786251,1509091394.8105795,436
query,1509091394.810583,1509091394.9669707,3413
query,1509091394.9669752,1509091395.1121428,4221
query,1509091395.112147,1509091395.142133,1072
query,1509091395.1421366,1509091395.4034474,8553
query,1509091395.4034522,1509091395.4319627,253
query,1509091395.4320066,1509091395.5815797,3725
query,1509091395.5945523,1509091395.6299276,429
query,1509091395.6299317,1509091395.6731114,1377
query,1509091395.673116,1509091395.7084184,200
query,1509091395.708424,1509091395.7415278,35
query,1509091395.7415323,1509091395.9903367,6460
query,1509091395.990341,1509091396.3373368,12636
query,1509091396.3373408,1509091396.3629055,13
query,1509091396.362909,1509091396.5133018,4430
query,1509091396.5133057,1509091396.5451903,1520
query,1509091396.5451941,1509091396.5687199,9
query,1509091396.5687232,1509091396.6059532,1547
query,1509091396.6059566,1509091396.8065798,6330
query,1509091396.8065848,1509091396.8495524,158
query,1509091396.849557,1509091397.343491,12166
query,1509091397.3434951,1509091397.352922,1
query,1509091397.3529253,1509091397.3820508,676
query,1509091397.3820543,1509091397.8240623,14080
query,1509091397.8240662,1509091397.9919064,5859
query,1509091397.991911,1509091398.0031204,1
query,1509091398.0031557,1509091398.1784806,5952
query,1509091398.1909542,1509091398.4338608,233
query,1509091398.433865,1509091398.479579,2499
query,1509091398.479584,1509091398.566373,2653
query,1509091398.5663774,1509091398.7068682,3402
query,1509091398.706872,1509091398.9053953,5798
query,1509091398.9053996,1509091399.0752041,5639
query,1509091399.075208,1509091399.2686212,4448
query,1509091399.2686257,1509091399.2837632,2
query,1509091399.2837672,1509091399.334218,2473
query,1509091399.3342226,1509091399.3747497,206
query,1509091399.3747609,1509091399.6155944,6967
query,1509091399.6155987,1509091399.6283786,3
query,1509091399.6283827,1509091399.6723602,1153
query,1509091399.6723645,1509091399.6820436,0
query,1509091399.6820478,1509091399.7274277,173
query,1509091399.7274332,1509091399.7491515,3
query,1509091399.7491555,1509091399.7939045,521
query,1509091399.793909,1509091399.8339179,128
query,1509091399.8339224,1509091400.0900571,7713
query,1509091400.090098,1509091400.1341445,2
query,1509091400.1410208,1509091400.3179526,3463
query,1509091400.3179567,1509091400.4532323,4714
query,1509091400.4532368,1509091400.487416,802
query,1509091400.48742,1509091400.502723,1
query,1509091400.502727,1509091400.5525227,32
query,1509091400.552527,1509091400.6721034,3857
query,1509091400.6721077,1509091400.701123,9
query,1509091400.7011268,1509091400.730135,419
query,1509091400.73014,1509091401.1523612,9973
query,1509091401.152366,1509091401.1882498,757
query,1509091401.188254,1509091401.4353344,6367
query,1509091401.435339,1509091401.4804685,1342
query,1509091401.480473,1509091401.5325828,826
query,1509091401.5325873,1509091401.5798237,30
query,1509091401.5798283,1509091401.9681983,10287
query,1509091401.9682028,1509091402.225857,8013
query,1509091402.2258613,1509091402.278419,1819
query,1509091402.2784238,1509091402.4364657,5380
query,1509091402.4364693,1509091402.4842572,1397
query,1509091402.484301,1509091402.5310855,763
query,1509091402.5443916,1509091402.6711552,5091
query,1509091402.67116,1509091402.9718285,11735
query,1509091402.9718335,1509091403.0199015,1205
query,1509091403.0199068,1509091403.064661,305
query,1509091403.0646653,1509091403.442863,7928
query,1509091403.4428668,1509091403.7479048,7374
query,1509091403.7479093,1509091403.9176326,5066
query,1509091403.917639,1509091404.4849157,11709
query,1509091404.48492,1509091404.6575289,5488
query,1509091404.6575344,1509091404.6685617,0
query,1509091404.668566,1509091404.6808586,0
query,1509091404.6808627,1509091404.7447448,2413
query,1509091404.744749,1509091404.9542942,5912
query,1509091404.9542987,1509091405.0069768,1610
query,1509091405.006981,1509091405.0545108,46
query,1509091405.0545166,1509091405.4490602,8711
query,1509091405.4490647,1509091405.626785,5605
query,1509091405.626789,1509091405.713983,3942
query,1509091405.7139869,1509091405.7559357,229
query,1509091405.7559838,1509091406.0030956,6820
query,1509091406.0160758,1509091406.1760216,4555
query,1509091406.1760254,1509091406.208771,396
query,1509091406.2087743,1509091406.4575462,699
query,1509091406.4575505,1509091406.5081766,1185
query,1509091406.5081806,1509091406.7302814,5852
query,1509091406.730285,1509091406.8980057,4367
query,1509091406.8980103,1509091406.939729,1195
query,1509091406.939733,1509091406.991434,2276
query,1509091406.9914384,1509091407.2118235,6774
query,1509091407.2118282,1509091407.2589693,818
query,1509091407.2589731,1509091407.3092482,731
query,1509091407.3092542,1509091407.4496753,3438
query,1509091407.4496796,1509091407.8436964,5930
query,1509091407.843701,1509091408.0316856,6690
query,1509091408.03169,1509091408.4884708,9384
query,1509091408.4884744,1509091408.5326834,356
query,1509091408.5326877,1509091408.5779567,357
query,1509091408.5779605,1509091408.6261344,965
query,1509091408.6261384,1509091408.667967,476
query,1509091408.6680045,1509091408.8626935,4879
query,1509091408.8758085,1509091408.9170387,818
query,1509091408.9170432,1509091408.9265895,1
query,1509091408.9265924,1509091409.117667,5968
query,1509091409.117671,1509091409.2290213,3580
query,1509091409.229026,1509091409.2647774,138
query,1509091409.2647822,1509091409.5253408,8433
query,1509091409.5253446,1509091409.7505052,5404
query,1509091409.7505102,1509091409.7697387,4
query,1509091409.7697437,1509091409.9513474,5922
query,1509091409.9513514,1509091409.9824083,1294
query,1509091409.982412,1509091410.0606449,2698
query,1509091410.0606494,1509091410.169453,4532
query,1509091410.1694572,1509091410.2247097,2759
query,1509091410.2247136,1509091410.4090762,5661
query,1509091410.4090805,1509091410.7562883,8755
query,1509091410.7562919,1509091411.0877457,9157
query,1509091411.08775,1509091411.1913636,3255
query,1509091411.1913674,1509091411.233441,367
query,1509091411.2334447,1509091411.6588864,8783
query,1509091411.6589415,1509091411.8861382,5531
query,1509091411.8985815,1509091411.9357438,997
query,1509091411.9357483,1509091411.9736016,430
query,1509091411.9736059,1509091412.0067956,339
query,1509091412.0068,1509091412.0370939,12
query,1509091412.0370986,1509091412.1661189,3497
query,1509091412.166123,1509091412.2365124,1736
query,1509091412.2365167,1509091412.2741592,1212
query,1509091412.274164,1509091412.3753316,3597
query,1509091412.3753364,1509091412.4105287,1381
query,1509091412.4105334,1509091412.7362773,7047
query,1509091412.7362816,1509091412.928505,4863
query,1509091412.928509,1509091412.9384358,0
query,1509091412.9384396,1509091413.2092092,7042
query,1509091413.2092147,1509091413.2338393,36
query,1509091413.2338433,1509091413.2778785,778
query,1509091413.277883,1509091413.3336632,2198
query,1509091413.3336673,1509091413.6194923,7665
query,1509091413.619496,1509091413.659421,9
query,1509091413.659425,1509091413.7041695,733
query,1509091413.7042086,1509091413.7858849,2625
query,1509091413.800144,1509091413.8418593,4
query,1509091413.841863,1509091413.886391,271
query,1509091413.8863947,1509091414.1982045,6870
query,1509091414.1982093,1509091414.240892,983
query,1509091414.2408962,1509091414.2910707,1085
query,1509091414.291075,1509091414.3002913,0
query,1509091414.3002946,1509091414.669924,13647
query,1509091414.669928,1509091414.720339,2057
query,1509091414.7203434,1509091414.9615247,8896
query,1509091414.9615293,1509091415.3296018,9695
query,1509091415.3296063,1509091415.3390675,0
query,1509091415.3390708,1509091415.3655548,484
query,1509091415.3655589,1509091415.419998,2616
query,1509091415.420002,1509091415.5771396,4573
query,1509091415.5771441,1509091415.6801,2864
query,1509091415.6801043,1509091416.0326471,6431
query,1509091416.0326514,1509091416.0662782,7
query,1509091416.0662827,1509091416.1077607,806
query,1509091416.107765,1509091416.1544058,1246
query,1509091416.1544456,1509091416.4411168,6257
query,1509091416.4535215,1509091416.5017827,706
query,1509091416.501787,1509091416.5519586,1850
query,1509091416.551963,1509091416.955944,12486
query,1509091416.9559484,1509091417.0646272,3699
query,1509091417.0646317,1509091417.1052675,151
query,1509091417.105272,1509091417.136579,1050
query,1509091417.136583,1509091417.254553,3304
query,1509091417.2545578,1509091417.355706,2658
query,1509091417.3557098,1509091417.388131,16
query,1509091417.388135,1509091417.7605762,11236
query,1509091417.7605805,1509091417.9741037,7858
query,1509091417.9741077,1509091418.0193026,455
query,1509091418.0193067,1509091418.115131,2887
query,1509091418.1151352,1509091418.2374814,2492
query,1509091418.2374854,1509091418.2807045,38
query,1509091418.2807083,1509091418.318168,7
query,1509091418.3181715,1509091418.770484,8922
query,1509091418.7704885,1509091418.9501758,6645
query,1509091418.9501803,1509091418.9761271,794
query,1509091418.9761739,1509091419.0883756,4639
query,1509091419.1011665,1509091419.1836696,1972
query,1509091419.1836746,1509091419.3716264,6081
query,1509091419.3716304,1509091419.5398784,3434
query,1509091419.5398834,1509091419.6601648,3711
query,1509091419.6601698,1509091419.6884117,62
query,1509091419.6884162,1509091419.9000907,6450
query,1509091419.9000947,1509091419.930618,82
query,1509091419.930622,1509091419.963204,314
query,1509091419.9632082,1509091420.1676407,6540
query,1509091420.1676443,1509091420.1997461,341
query,1509091420.1997495,1509091420.3007689,3641
query,1509091420.3007724,1509091420.3427727,18
query,1509091420.3427765,1509091420.556544,5890
query,1509091420.5565474,1509091420.6434453,2075
query,1509091420.6434495,1509091420.8358703,6614
query,1509091420.8358748,1509091420.8726845,1214
query,1509091420.8726888,1509091421.002604,4006
query,1509091421.0026083,1509091421.0305686,116
query,1509091421.0305724,1509091421.071492,337
query,1509091421.0715287,1509091421.1589558,2694
query,1509091421.1714761,1509091421.2214959,1336
query,1509091421.2215006,1509091421.4445345,6086
query,1509091421.4445388,1509091422.2051535,3774
query,1509091422.205158,1509091422.2451847,2138
query,1509091422.2451892,1509091422.594753,5739
query,1509091422.594757,1509091422.6265957,19
query,1509091422.6266005,1509091423.138559,9674
query,1509091423.1385636,1509091423.1519215,2
query,1509091423.1519275,1509091423.172244,4
query,1509091423.1722484,1509091423.2713761,2401
query,1509091423.2713802,1509091423.7144222,10368
query,1509091423.7144268,1509091423.8449547,3428
query,1509091423.8449585,1509091423.861518,3
query,1509091423.861522,1509091423.8876786,356
query,1509091423.8876824,1509091423.916718,388
query,1509091423.9167218,1509091424.1622982,6057
query,1509091424.1623023,1509091424.1885693,134
query,1509091424.1885734,1509091424.1980457,0
query,1509091424.1980495,1509091424.2265298,9
query,1509091424.2265718,1509091424.339657,2847
query,1509091424.3521388,1509091424.4044473,2187
query,1509091424.4044523,1509091424.4153073,0
query,1509091424.4153113,1509091424.7011466,6359
query,1509091424.7011511,1509091424.7343473,958
query,1509091424.7343507,1509091424.7865293,1751
query,1509091424.7865334,1509091424.8322263,444
query,1509091424.83223,1509091424.881097,42
query,1509091424.8811016,1509091424.9281533,109
query,1509091424.9281576,1509091424.9735937,66
query,1509091424.9735982,1509091425.098756,4327
query,1509091425.09876,1509091425.1300828,457
query,1509091425.130087,1509091425.1416504,2
query,1509091425.1416547,1509091425.4410112,6969
query,1509091425.441015,1509091425.6011083,6254
query,1509091425.6011128,1509091425.629764,689
query,1509091425.6297686,1509091425.6553323,127
query,1509091425.6553388,1509091425.6857502,443
query,1509091425.6857543,1509091425.972306,8399
query,1509091425.97231,1509091425.9910905,3
query,1509091425.9911284,1509091426.0401928,323
query,1509091426.0533772,1509091426.103064,2120
query,1509091426.1030672,1509091426.4120138,10463
query,1509091426.4120176,1509091426.4519706,2763
query,1509091426.4519753,1509091426.792754,9438
query,1509091426.7927575,1509091426.8250914,805
query,1509091426.8250945,1509091426.9335833,2278
query,1509091426.9335878,1509091426.9685607,650
query,1509091426.9685647,1509091427.1278992,2931
query,1509091427.127903,1509091427.2601993,3506
query,1509091427.2602031,1509091427.2863092,957
query,1509091427.2863138,1509091427.5537727,7062
query,1509091427.5537775,1509091427.5910797,1009
query,1509091427.5910833,1509091427.6405606,2739
query,1509091427.640565,1509091427.687782,1563
query,1509091427.687786,1509091427.6970594,0
query,1509091427.697064,1509091427.7348962,193
query,1509091427.7349,1509091427.7717986,44
query,1509091427.7718027,1509091427.8123934,457
query,1509091427.812397,1509091428.1314416,6487
query,1509091428.131484,1509091428.1763592,1967
query,1509091428.1886563,1509091428.224787,1630
query,1509091428.224813,1509091428.628758,8220
query,1509091428.628762,1509091428.6577773,59
query,1509091428.6577845,1509091429.0053694,12055
query,1509091429.0053742,1509091429.3201456,7137
query,1509091429.3201501,1509091429.3347008,3
query,1509091429.3347056,1509091429.376874,111
query,1509091429.3768785,1509091429.417923,10
query,1509091429.4179275,1509091429.4655285,702
query,1509091429.465533,1509091429.4997823,2248
query,1509091429.4997864,1509091429.5332804,1191
query,1509091429.5332847,1509091429.6792188,4719
query,1509091429.6792228,1509091429.7689166,3115
query,1509091429.7689204,1509091429.7889402,5
query,1509091429.7889435,1509091429.9526463,4734
query,1509091429.9526503,1509091429.9781027,224
query,1509091429.9781067,1509091429.9862235,0
query,1509091429.9862268,1509091430.0190616,1687
query,1509091430.0190651,1509091430.052003,84
query,1509091430.0520432,1509091430.3712108,7243
query,1509091430.3836355,1509091430.4112217,41
query,1509091430.411226,1509091430.441635,358
query,1509091430.4416387,1509091430.467887,16
query,1509091430.4678907,1509091430.4798334,0
query,1509091430.4798365,1509091430.6172373,4851
query,1509091430.6172416,1509091430.6525598,12
query,1509091430.6525633,1509091430.9361196,6999
query,1509091430.9361238,1509091430.988912,1785
query,1509091430.9889162,1509091431.030184,675
query,1509091431.0301878,1509091431.300238,5924
query,1509091431.300243,1509091431.308384,1
query,1509091431.3083878,1509091431.3152037,0
query,1509091431.315207,1509091431.489275,3344
query,1509091431.4892795,1509091431.520637,6
query,1509091431.520641,1509091431.658736,3463
query,1509091431.65874,1509091431.6753936,4
query,1509091431.6753983,1509091431.7589316,2586
query,1509091431.7589357,1509091432.496264,3783
query,1509091432.496268,1509091432.5064547,1
query,1509091432.5064893,1509091432.556296,1459
query,1509091432.5711026,1509091432.607823,1532
query,1509091432.6078267,1509091432.6164374,0
query,1509091432.6164408,1509091432.6241145,0
query,1509091432.6241176,1509091432.8200166,5444
query,1509091432.8200219,1509091432.933701,3894
query,1509091432.9337068,1509091433.1134458,7822
query,1509091433.1134498,1509091433.3586485,5778
query,1509091433.358653,1509091433.5886447,6396
query,1509091433.5886488,1509091433.6035986,1
query,1509091433.6036022,1509091433.6150672,3
query,1509091433.6150706,1509091433.7357912,3559
query,1509091433.7357962,1509091433.7621486,28
query,1509091433.7621531,1509091433.8844812,3576
query,1509091433.8844852,1509091433.9151807,23
query,1509091433.9151852,1509091434.0624998,4207
query,1509091434.0625038,1509091434.0933363,138
query,1509091434.0933406,1509091434.1262825,315
query,1509091434.1262872,1509091434.432725,5892
query,1509091434.4327295,1509091434.6972342,7554
query,1509091434.697281,1509091434.91938,5636
query,1509091434.931933,1509091434.9706001,776
query,1509091434.9706044,1509091435.122427,5475
query,1509091435.122432,1509091435.2429516,2803
query,1509091435.2429554,1509091435.4280841,5315
query,1509091435.4280887,1509091435.4545894,99
query,1509091435.454593,1509091435.5634506,2708
query,1509091435.5634553,1509091435.5869298,9
query,1509091435.5869339,1509091435.8224778,6108
query,1509091435.8224819,1509091435.8314402,1
query,1509091435.8314438,1509091435.9908054,4528
query,1509091435.9908097,1509091436.119878,5357
query,1509091436.1198826,1509091436.151852,1216
query,1509091436.1518557,1509091436.2587717,3316
query,1509091436.258775,1509091436.3876595,4997
query,1509091436.387664,1509091436.649147,7443
query,1509091436.6491508,1509091436.838975,4292
query,1509091436.83898,1509091436.9398408,3654
query,1509091436.9398468,1509091437.0868292,4727
query,1509091437.0868335,1509091437.205166,2423
query,1509091437.205202,1509091437.2277632,3
query,1509091437.2328289,1509091437.3654623,3863
query,1509091437.3654675,1509091437.391829,104
query,1509091437.391833,1509091437.4834907,3677
query,1509091437.483495,1509091437.594879,3180
query,1509091437.594883,1509091437.8426266,8532
query,1509091437.8426306,1509091437.851613,0
query,1509091437.8516164,1509091437.8599205,0
query,1509091437.8599243,1509091437.890051,33
query,1509091437.8900547,1509091437.8982475,0
query,1509091437.898251,1509091437.9227526,652
query,1509091437.9227564,1509091438.2030857,8351
query,1509091438.2030919,1509091438.2459557,359
query,1509091438.2459605,1509091438.474628,4563
query,1509091438.474632,1509091438.718366,5773
query,1509091438.7183697,1509091438.8745081,5835
query,1509091438.874512,1509091439.0371888,3110
query,1509091439.0371933,1509091439.2745464,9345
query,1509091439.274551,1509091439.3967571,3840
query,1509091439.3967612,1509091439.42404,40
query,1509091439.424079,1509091439.4701002,102
query,1509091439.4828515,1509091439.5293121,64
query,1509091439.5293164,1509091439.6732297,2349
query,1509091439.6732342,1509091439.8639665,6106
query,1509091439.8639705,1509091440.195723,8393
query,1509091440.195727,1509091440.2434745,1033
query,1509091440.2434886,1509091440.4043882,4790
query,1509091440.404393,1509091440.7722712,7300
query,1509091440.7722764,1509091440.8083324,815
query,1509091440.8083365,1509091440.9143846,4010
query,1509091440.9143884,1509091441.008347,4206
query,1509091441.0083508,1509091441.0249925,4
query,1509091441.0249972,1509091441.066169,1839
query,1509091441.066174,1509091441.106697,901
query,1509091441.106701,1509091441.1431925,23
query,1509091441.1431966,1509091441.1879342,1713
query,1509091441.187938,1509091441.206818,2
query,1509091441.206822,1509091441.2157748,0
query,1509091441.2157779,1509091441.4271019,6263
query,1509091441.4271061,1509091441.450663,4
query,1509091441.4507008,1509091441.4986715,1697
query,1509091441.512116,1509091441.8773894,10393
query,1509091441.8773963,1509091441.9094455,805
query,1509091441.9094508,1509091442.000665,2455
query,1509091442.0006695,1509091442.091692,2037
query,1509091442.0916965,1509091442.1341565,241
query,1509091442.1341605,1509091442.2562757,4082
query,1509091442.2562802,1509091442.3007185,1305
query,1509091442.3007224,1509091442.3503306,1420
query,1509091442.3503351,1509091442.5991826,5585
query,1509091442.599187,1509091442.815043,5951
query,1509091442.8150473,1509091443.1447783,7956
query,1509091443.144783,1509091443.1923158,579
query,1509091443.1923203,1509091443.482477,7531
query,1509091443.4824815,1509091443.593179,3682
query,1509091443.5931833,1509091443.7467172,6607
query,1509091443.7467227,1509091443.897645,6230
query,1509091443.89765,1509091444.074726,4332
query,1509091444.0747304,1509091444.1184375,508
query,1509091444.1184425,1509091444.1604795,587
query,1509091444.1605222,1509091444.2837887,4325
query,1509091444.2961857,1509091444.3351007,44
query,1509091444.3351052,1509091444.4537783,3947
query,1509091444.4537823,1509091444.598801,2677
query,1509091444.5988054,1509091444.9099984,6943
query,1509091444.9100027,1509091444.9383674,466
query,1509091444.9383717,1509091445.094733,6247
query,1509091445.0947373,1509091445.1316147,1054
query,1509091445.1316195,1509091445.1694162,8
query,1509091445.1694202,1509091445.1946185,155
query,1509091445.1946223,1509091445.3057005,2644
query,1509091445.305705,1509091445.4189465,3074
query,1509091445.4189506,1509091445.450149,657
query,1509091445.450153,1509091445.5727696,2619
query,1509091445.5727744,1509091445.716047,3720
query,1509091445.7160513,1509091445.8583467,5003
query,1509091445.85835,1509091446.007333,5436
query,1509091446.0073373,1509091446.01704,0
query,1509091446.0170434,1509091446.3348305,7527
query,1509091446.3348346,1509091446.4805465,3553
query,1509091446.4805892,1509091446.5876608,2804
query,1509091446.600166,1509091446.637018,534
query,1509091446.6370223,1509091446.6775262,616
query,1509091446.6775308,1509091446.7213469,1687
query,1509091446.7213511,1509091446.7661033,309
query,1509091446.7661068,1509091446.7756627,0
query,1509091446.7756672,1509091446.8413434,3018
query,1509091446.8413482,1509091446.8498554,0
query,1509091446.849859,1509091446.868671,3
query,1509091446.8687098,1509091447.106159,7647
query,1509091447.1061628,1509091447.2066948,2678
query,1509091447.2066991,1509091447.2538018,766
query,1509091447.2538056,1509091447.3025331,2023
query,1509091447.302537,1509091447.4467897,5448
query,1509091447.4467936,1509091447.4952736,383
query,1509091447.4952776,1509091447.7366207,6739
query,1509091447.736625,1509091447.7836144,3535
query,1509091447.7836185,1509091447.8183851,1524
query,1509091447.8183892,1509091447.8602307,85
query,1509091447.8602345,1509091447.905439,14
query,1509091447.9054816,1509091448.0176277,2915
query,1509091448.031464,1509091448.2351453,6955
query,1509091448.23515,1509091448.2788203,64
query,1509091448.2788248,1509091448.3264127,883
query,1509091448.326417,1509091448.3954034,2430
query,1509091448.395408,1509091448.4350393,1239
query,1509091448.4350436,1509091448.5490463,3320
query,1509091448.5490506,1509091448.6773999,4542
query,1509091448.6774044,1509091448.922569,11125
query,1509091448.9225736,1509091449.2089343,5992
query,1509091449.2089381,1509091449.4130523,4809
query,1509091449.4130566,1509091449.4543505,6
query,1509091449.4543545,1509091449.5113432,2193
query,1509091449.5113473,1509091449.8126929,10760
query,1509091449.8126972,1509091449.9178085,2748
query,1509091449.9178126,1509091450.1162002,5588
query,1509091450.1162043,1509091450.240481,4425
query,1509091450.2404852,1509091450.5677738,7093
query,1509091450.5677786,1509091450.8327763,7863
query,1509091450.8327808,1509091450.8768187,2500
query,1509091450.8768563,1509091451.162621,9700
query,1509091451.1751883,1509091451.2056491,771
query,1509091451.2056537,1509091451.257228,2360
query,1509091451.2572317,1509091451.2873547,264
query,1509091451.2873585,1509091451.4879756,7150
query,1509091451.4879992,1509091451.5174546,144
query,1509091451.5174587,1509091451.5532641,1214
query,1509091451.5532684,1509091451.5625746,0
query,1509091451.5625792,1509091451.7897906,7027
query,1509091451.789795,1509091451.8174176,40
query,1509091451.8174226,1509091451.8500543,578
query,1509091451.850058,1509091451.8831677,1738
query,1509091451.8831713,1509091451.9162595,1714
query,1509091451.9162636,1509091452.0714357,5144
query,1509091452.0714395,1509091452.122739,1602
query,1509091452.1227436,1509091452.245575,3474
query,1509091452.245579,1509091452.28831,16
query,1509091452.2883146,1509091452.304207,2
query,1509091452.304211,1509091452.3992198,2358
query,1509091452.3992238,1509091452.6423736,7479
query,1509091452.6424208,1509091452.7973025,2591
query,1509091452.809728,1509091452.857253,1035
query,1509091452.8572574,1509091453.0079763,3720
query,1509091453.0079803,1509091453.2972631,5264
query,1509091453.2972674,1509091453.3280313,287
query,1509091453.3280368,1509091453.353306,6
query,1509091453.3533099,1509091453.5913918,11718
query,1509091453.5913968,1509091453.895202,7865
query,1509091453.8952065,1509091453.9084806,2
query,1509091453.9084847,1509091454.0872805,5406
query,1509091454.087284,1509091454.2752955,6272
query,1509091454.2752995,1509091454.3186312,127
query,1509091454.318635,1509091454.5164921,5597
query,1509091454.5164962,1509091454.6250973,2112
query,1509091454.625101,1509091454.7198093,3415
query,1509091454.7198126,1509091454.7532487,107
query,1509091454.7532523,1509091454.7708395,3
query,1509091454.7708437,1509091454.8493521,3567
query,1509091454.8493567,1509091455.1676502,8593
query,1509091455.1676555,1509091455.2013824,1164
query,1509091455.2014337,1509091455.3055458,2763
query,1509091455.3180437,1509091455.3265495,0
query,1509091455.3265529,1509091455.544632,6410
query,1509091455.5446355,1509091455.5537064,0
query,1509091455.5537107,1509091455.584774,532
query,1509091455.584778,1509091455.6167316,105
query,1509091455.616736,1509091455.6453176,459
query,1509091455.6453223,1509091456.1225162,14118
query,1509091456.1225204,1509091456.4335225,11758
query,1509091456.4335272,1509091456.621895,8180
query,1509091456.6218991,1509091456.64998,52
query,1509091456.6499841,1509091456.7623255,3257
query,1509091456.7623296,1509091456.8640394,2861
query,1509091456.8640437,1509091456.8923168,4
query,1509091456.892321,1509091456.9408278,1850
query,1509091456.9408326,1509091457.2953765,9341
query,1509091457.2953813,1509091457.7266579,8021
query,1509091457.7266624,1509091457.7691014,217
query,1509091457.7691054,1509091458.2667572,14206
query,1509091458.266762,1509091458.39916,3263
query,1509091458.3991942,1509091458.6539989,6651
query,1509091458.6697493,1509091458.6988628,211
query,1509091458.6988673,1509091458.8385916,4869
query,1509091458.838596,1509091459.2449737,12779
query,1509091459.2449796,1509091459.3343632,3098
query,1509091459.334368,1509091459.3675888,813
query,1509091459.3675933,1509091459.3964226,103
query,1509091459.3964272,1509091459.4045725,0
query,1509091459.404576,1509091459.4124463,1
query,1509091459.41245,1509091459.4522717,174
query,1509091459.4522774,1509091460.5118303,3782
query,1509091460.511835,1509091461.0415554,12356
query,1509091461.0415604,1509091461.0776577,1667
query,1509091461.0776627,1509091461.193608,4136
query,1509091461.1936128,1509091461.2206872,614
query,1509091461.2206912,1509091461.7048512,9889
query,1509091461.7048557,1509091461.747562,967
query,1509091461.747568,1509091461.7568555,0
query,1509091461.7568598,1509091461.7942464,2175
query,1509091461.794251,1509091461.8497775,2514
query,1509091461.8498242,1509091462.109048,6834
query,1509091462.1248689,1509091462.3132017,5543
query,1509091462.313207,1509091462.699833,7896
query,1509091462.6998374,1509091462.8058066,3987
query,1509091462.8058114,1509091462.94464,5211
query,1509091462.944645,1509091463.0408463,2765
query,1509091463.0408509,1509091463.2418551,7349
query,1509091463.2418602,1509091463.2701988,126
query,1509091463.2702029,1509091463.4235804,4655
query,1509091463.4235845,1509091463.6617806,8257
query,1509091463.6617846,1509091463.7055469,1564
query,1509091463.7055514,1509091463.7488897,2077
query,1509091463.7488937,1509091463.790455,10
query,1509091463.7904592,1509091463.839843,1619
query,1509091463.8398473,1509091464.1113012,7761
query,1509091464.1113055,1509091464.434516,7304
query,1509091464.4345205,1509091464.4786155,86
query,1509091464.4786196,1509091464.5765114,2468
query,1509091464.5765154,1509091464.8787012,8584
query,1509091464.8787055,1509091465.1349564,11329
query,1509091465.1350021,1509091465.1756957,9
query,1509091465.1880732,1509091465.2760096,3379
query,1509091465.2760134,1509091465.306964,369
query,1509091465.3069682,1509091465.6798131,7974
query,1509091465.679818,1509091466.0344093,8224
query,1509091466.034413,1509091466.115075,2422
query,1509091466.1150796,1509091466.4038005,8307
query,1509091466.4038043,1509091466.5696478,10303
query,1509091466.569652,1509091466.8690846,7174
query,1509091466.8690886,1509091466.9217312,3006
query,1509091466.921735,1509091467.0339642,3195
query,1509091467.033968,1509091467.043694,0
query,1509091467.0436978,1509091467.1733913,2792
query,1509091467.1733952,1509091467.5984287,3776
query,1509091467.5984325,1509091468.2228496,3781
query,1509091468.222854,1509091468.3495507,5323
query,1509091468.3495553,1509091468.448322,2899
query,1509091468.448326,1509091468.5519938,2375
query,1509091468.5519981,1509091468.5680017,4
query,1509091468.5680056,1509091468.6217313,2302
query,1509091468.6217804,1509091468.8593907,6446
query,1509091468.8718812,1509091468.9044132,673
query,1509091468.9044168,1509091469.0494163,5888
query,1509091469.0494206,1509091469.0756042,179
query,1509091469.0756078,1509091469.6239276,14377
query,1509091469.623932,1509091469.6510158,77
query,1509091469.651019,1509091469.6983585,609
query,1509091469.6983624,1509091469.9208887,5839
query,1509091469.9208927,1509091470.043403,6027
query,1509091470.043407,1509091470.0871785,1004
query,1509091470.087184,1509091470.128514,23
query,1509091470.1285179,1509091470.3000777,4603
query,1509091470.3000817,1509091470.9401696,14279
query,1509091470.9401743,1509091470.9671307,333
query,1509091470.9671347,1509091471.1492796,6510
query,1509091471.1492836,1509091471.1783357,6
query,1509091471.1783395,1509091471.4379983,7260
query,1509091471.438002,1509091471.4498622,0
query,1509091471.4498658,1509091471.482388,2012
query,1509091471.4823916,1509091471.5218747,96
query,1509091471.521913,1509091471.6827543,5535
query,1509091471.6955194,1509091471.9111829,6569
query,1509091471.911187,1509091471.9226086,1
query,1509091471.9226122,1509091472.1625872,10967
query,1509091472.1625922,1509091472.306752,5280
query,1509091472.3067563,1509091472.5907285,9315
query,1509091472.5907323,1509091472.6319962,82
query,1509091472.6320007,1509091472.7476063,4975
query,1509091472.7476106,1509091473.007892,6963
query,1509091473.0078957,1509091473.0587418,1820
query,1509091473.0587459,1509091473.4705415,10362
query,1509091473.4705458,1509091473.482071,1
query,1509091473.482075,1509091473.5284631,34
query,1509091473.5284672,1509091473.5713394,78
query,1509091473.571344,1509091473.611923,1428
query,1509091473.6119275,1509091473.9081764,7640
query,1509091473.9081807,1509091473.945808,1182
query,1509091473.9458122,1509091473.9961543,1144
query,1509091473.9961588,1509091474.040545,99
query,1509091474.04055,1509091474.207625,4553
query,1509091474.2076662,1509091474.28212,10
query,1509091474.2947843,1509091474.5456936,7810
query,1509091474.5456984,1509091474.6750827,3436
query,1509091474.6750865,1509091474.8905883,6800
query,1509091474.8905926,1509091474.9155524,45
query,1509091474.9155562,1509091474.9311152,3
query,1509091474.9311192,1509091474.9653847,1143
query,1509091474.965389,1509091474.996099,1423
query,1509091474.9961028,1509091475.0216532,4
query,1509091475.0216572,1509091475.0555162,1559
query,1509091475.0555215,1509091475.0886729,119
query,1509091475.0886767,1509091475.1160672,41
query,1509091475.116071,1509091475.1466143,48
query,1509091475.1466181,1509091475.3752193,7453
query,1509091475.3752239,1509091475.605174,6161
query,1509091475.605178,1509091475.6472666,1469
query,1509091475.6472712,1509091475.8020532,3234
query,1509091475.8020575,1509091475.9055455,4781
query,1509091475.90555,1509091476.318882,8075
query,1509091476.3188865,1509091476.3465683,15
query,1509091476.3466063,1509091476.5420194,7570
query,1509091476.5548775,1509091476.5645704,0
query,1509091476.5645742,1509091476.5944014,242
query,1509091476.5944052,1509091476.6200016,36
query,1509091476.6200058,1509091476.8083856,6965
query,1509091476.8083901,1509091477.1934803,8454
query,1509091477.1934845,1509091477.205185,2
query,1509091477.205189,1509091477.249969,488
query,1509091477.2499728,1509091477.2989395,1654
query,1509091477.2989435,1509091477.3092608,0
query,1509091477.3092644,1509091477.3188848,0
query,1509091477.3188887,1509091477.434187,3574
query,1509091477.434191,1509091477.4798684,57
query,1509091477.4798725,1509091477.5355668,1129
query,1509091477.535571,1509091477.9310372,7757
query,1509091477.9310412,1509091478.0868247,5369
query,1509091478.0868287,1509091478.129333,307
query,1509091478.1293368,1509091478.2039247,2187
query,1509091478.2039287,1509091478.24751,1283
query,1509091478.2475145,1509091478.2773015,817
query,1509091478.277344,1509091478.4483202,6726
query,1509091478.4609053,1509091478.805194,9647
query,1509091478.8051977,1509091478.816681,0
query,1509091478.8166845,1509091479.1541278,6927
query,1509091479.154132,1509091479.1671154,3
query,1509091479.1671195,1509091479.174897,0
query,1509091479.1749005,1509091479.2094252,2245
query,1509091479.2094295,1509091479.3939862,4692
query,1509091479.3939903,1509091479.4390354,944
query,1509091479.4390395,1509091479.4686494,21
query,1509091479.4686527,1509091479.498728,96
query,1509091479.4987319,1509091479.523695,20
query,1509091479.5236993,1509091479.6133628,2496
query,1509091479.6133666,1509091479.722702,3059
query,1509091479.722706,1509091479.890116,5556
query,1509091479.8901205,1509091480.3362606,8367
query,1509091480.3362644,1509091480.4473708,3034
query,1509091480.4473743,1509091480.8999279,8787
query,1509091480.8999326,1509091480.909137,0
query,1509091480.9091403,1509091481.0512178,2946
query,1509091481.05126,1509091481.0933065,3
query,1509091481.1060913,1509091481.292604,5259
query,1509091481.2926075,1509091481.3617797,2347
query,1509091481.3617837,1509091481.4881203,2835
query,1509091481.488125,1509091481.520996,151
query,1509091481.5210004,1509091481.568857,1611
query,1509091481.5688612,1509091481.7020109,5472
query,1509091481.7020152,1509091481.74378,64
query,1509091481.7437837,1509091481.7829742,91
query,1509091481.7829785,1509091481.9717493,6295
query,1509091481.971754,1509091482.0084488,53
query,1509091482.0084534,1509091482.199038,6077
query,1509091482.1990423,1509091482.284083,2826
query,1509091482.2840877,1509091482.3336308,22
query,1509091482.3336358,1509091482.5826006,6116
query,1509091482.5826046,1509091482.6228302,2118
query,1509091482.6228342,1509091482.715569,2619
query,1509091482.7155738,1509091482.8193176,4838
query,1509091482.8193219,1509091482.863947,29
query,1509091482.8639507,1509091482.9036713,11
query,1509091482.9037116,1509091482.9494636,2
query,1509091482.9584365,1509091482.997829,176
query,1509091482.9978333,1509091483.2117863,4497
query,1509091483.2117906,1509091483.2496297,831
query,1509091483.2496338,1509091483.3760839,4000
query,1509091483.376089,1509091483.5377529,5331
query,1509091483.5377574,1509091483.720424,7245
query,1509091483.7204282,1509091483.7296185,0
query,1509091483.7296224,1509091483.9926984,10750
query,1509091483.9927027,1509091484.0292675,1769
query,1509091484.0292716,1509091484.0603669,44
query,1509091484.0603704,1509091484.1504302,2318
query,1509091484.1504347,1509091484.1847675,2450
query,1509091484.1847718,1509091484.3381956,4623
query,1509091484.3382006,1509091484.4376178,2373
query,1509091484.4376283,1509091484.4508834,0
query,1509091484.4508865,1509091484.4634886,2
query,1509091484.4634922,1509091484.4931898,370
query,1509091484.4931943,1509091484.7161407,5662
query,1509091484.7161448,1509091484.7446654,162
query,1509091484.7447064,1509091484.782857,335
query,1509091484.7957323,1509091484.827455,782
query,1509091484.82746,1509091484.8632305,888
query,1509091484.8632343,1509091484.939915,2084
query,1509091484.9399195,1509091485.0872226,4154
query,1509091485.0872264,1509091485.123814,1713
query,1509091485.123818,1509091485.2226536,4139
query,1509091485.2226574,1509091485.248836,11
query,1509091485.24884,1509091485.2765162,151
query,1509091485.2765198,1509091485.4139364,2363
query,1509091485.4139404,1509091486.075931,14511
query,1509091486.0759351,1509091486.0853324,0
query,1509091486.0853403,1509091486.4336388,10015
query,1509091486.4336436,1509091486.5462852,4442
query,1509091486.5462897,1509091486.629905,3601
query,1509091486.6299093,1509091486.657467,917
query,1509091486.6574707,1509091486.6938038,1322
query,1509091486.6938074,1509091486.8951035,5703
query,1509091486.8951077,1509091487.2504675,8688
query,1509091487.2504716,1509091487.3419592,2672
query,1509091487.3420012,1509091487.3870633,530
query,1509091487.3993473,1509091487.4107978,0
query,1509091487.4108014,1509091487.529264,3646
query,1509091487.5293014,1509091487.7815278,6709
query,1509091487.7815313,1509091487.8123465,68
query,1509091487.81235,1509091488.096108,7024
query,1509091488.0961123,1509091488.2467964,4855
query,1509091488.2468007,1509091488.3033204,2080
query,1509091488.3033247,1509091488.4227228,3423
query,1509091488.4227278,1509091488.6693454,5962
query,1509091488.6693497,1509091488.7176182,2398
query,1509091488.7176223,1509091488.870729,2916
query,1509091488.870734,1509091488.9003096,341
query,1509091488.9003134,1509091489.002065,3160
query,1509091489.002069,1509091489.0875063,2682
query,1509091489.0875115,1509091489.2408867,5081
query,1509091489.2408912,1509091489.2520297,0
query,1509091489.252033,1509091489.3691783,3141
query,1509091489.369182,1509091489.6233644,5936
query,1509091489.6233687,1509091489.8079193,5940
query,1509091489.8079586,1509091489.8539114,730
query,1509091489.8670466,1509091489.899195,1520
query,1509091489.8991992,1509091490.0339327,4118
query,1509091490.033937,1509091490.333417,6277
query,1509091490.3334212,1509091490.3790307,97
query,1509091490.379034,1509091490.4275613,671
query,1509091490.4275653,1509091490.58032,6339
query,1509091490.5803237,1509091490.6801748,2812
query,1509091490.6801789,1509091490.718129,2033
query,1509091490.718133,1509091490.908154,7531
query,1509091490.9081578,1509091491.051537,4619
query,1509091491.051541,1509091491.1620815,3511
query,1509091491.1620853,1509091491.3644617,5718
query,1509091491.3644657,1509091491.4196935,2110
query,1509091491.4196975,1509091491.4753132,1101
query,1509091491.475317,1509091491.5211906,249
query,1509091491.5211952,1509091491.5671468,480
query,1509091491.5671513,1509091491.6191418,1540
query,1509091491.6191459,1509091491.8849642,6498
query,1509091491.8849683,1509091491.916743,570
query,1509091491.916787,1509091491.9676013,1320
query,1509091491.9843917,1509091492.0925345,5055
query,1509091492.0925393,1509091492.2325878,3605
query,1509091492.232592,1509091492.3430395,5166
query,1509091492.3430438,1509091492.4339106,1980
query,1509091492.4339151,1509091492.4825795,1058
query,1509091492.4825828,1509091492.6209126,3909
query,1509091492.6209168,1509091492.7677908,3591
query,1509091492.767795,1509091493.075487,8260
query,1509091493.0754914,1509091493.0963845,2
query,1509091493.0963898,1509091493.130933,148
query,1509091493.1309369,1509091493.163285,1467
query,1509091493.1632888,1509091493.2135189,1495
query,1509091493.2135227,1509091493.2589524,522
query,1509091493.2589567,1509091493.4722157,5993
query,1509091493.4722197,1509091493.606013,4531
query,1509091493.6060183,1509091493.7433162,2768
query,1509091493.7433205,1509091493.753209,0
query,1509091493.7532127,1509091493.7857118,412
query,1509091493.7857153,1509091493.822863,149
query,1509091493.8229015,1509091493.847177,0
query,1509091493.8485773,1509091493.878566,770
query,1509091493.8785698,1509091493.903948,73
query,1509091493.9039516,1509091494.0262938,5057
query,1509091494.0262978,1509091494.2713451,6096
query,1509091494.2713504,1509091494.3006992,21
query,1509091494.3007026,1509091494.4232326,3532
query,1509091494.4232373,1509091494.4547687,11
query,1509091494.454773,1509091494.4870896,162
query,1509091494.487094,1509091494.5507107,1077
query,1509091494.5507145,1509091494.9516325,7918
query,1509091494.9516368,1509091494.9610054,0
query,1509091494.9610095,1509091495.0065281,2747
query,1509091495.0065324,1509091495.0808592,17
query,1509091495.0808637,1509091495.1620772,2697
query,1509091495.1620812,1509091495.2959216,3034
query,1509091495.2959256,1509091495.327115,792
query,1509091495.327119,1509091495.4641113,4217
query,1509091495.4641154,1509091495.5200367,1362
query,1509091495.5200405,1509091495.939499,8359
query,1509091495.9395416,1509091495.9524674,4
query,1509091495.9630036,1509091496.0949183,5440
query,1509091496.0949228,1509091496.1261203,1765
query,1509091496.1261246,1509091496.151983,129
query,1509091496.1519868,1509091496.3364322,5653
query,1509091496.3364358,1509091496.420417,2626
query,1509091496.420421,1509091496.4578402,826
query,1509091496.4578438,1509091496.680299,5119
query,1509091496.6803048,1509091497.4389884,14519
query,1509091497.4389925,1509091497.4832084,1995
query,1509091497.4832125,1509091497.5057385,6
query,1509091497.505742,1509091497.6437392,2713
query,1509091497.6437433,1509091497.6898663,262
query,1509091497.6898706,1509091497.699523,0
query,1509091497.6995273,1509091497.7542546,1653
query,1509091497.75426,1509091497.800462,169
query,1509091497.8004668,1509091497.934668,2200
query,1509091497.9346738,1509091497.9662635,522
query,1509091497.9662678,1509091497.9764352,3
query,1509091497.976439,1509091498.00641,235
query,1509091498.0064545,1509091499.105408,3783
query,1509091499.118076,1509091499.147014,417
query,1509091499.1470177,1509091499.1746838,858
query,1509091499.174688,1509091499.1893964,4
query,1509091499.1894007,1509091499.2246912,2
query,1509091499.2246957,1509091499.2715886,333
query,1509091499.2715929,1509091499.3216624,14
query,1509091499.3216662,1509091499.3499827,378
query,1509091499.3499863,1509091499.3794622,649
query,1509091499.3794663,1509091499.4097962,630
query,1509091499.4098005,1509091499.6856585,7789
query,1509091499.6856627,1509091499.71212,40
query,1509091499.712124,1509091499.8001182,1918
query,1509091499.8001227,1509091499.8458173,2026
query,1509091499.8458207,1509091499.8956602,134
query,1509091499.8956647,1509091499.9374151,13
query,1509091499.9374194,1509091499.948262,0
query,1509091499.9482656,1509091499.9863472,128
query,1509091499.9863508,1509091500.1809692,4751
query,1509091500.1809733,1509091500.3461893,4657
query,1509091500.3462348,1509091500.5105157,7416
query,1509091500.5234652,1509091500.7751565,7141
query,1509091500.7751613,1509091500.90451,4344
query,1509091500.9045143,1509091500.9987528,2313
query,1509091500.9987574,1509091501.4134402,12724
query,1509091501.413445,1509091501.4216778,0
query,1509091501.4216814,1509091501.5595076,3903
query,1509091501.5595129,1509091501.7004879,3753
query,1509091501.7004921,1509091501.738399,269
query,1509091501.7384033,1509091501.776429,385
query,1509091501.7764332,1509091501.8171914,2341
query,1509091501.817196,1509091501.8443587,10
query,1509091501.8443632,1509091501.915189,2257
query,1509091501.9151938,1509091501.9356687,3
query,1509091501.9356735,1509091501.9666276,890
query,1509091501.9666338,1509091502.0683405,3092
query,1509091502.0683463,1509091502.4316897,9637
query,1509091502.4316945,1509091502.5316932,3708
query,1509091502.5316985,1509091502.64781,3553
query,1509091502.6478148,1509091502.8641536,7904
query,1509091502.864192,1509091502.9048543,85
query,1509091502.9221797,1509091503.0348477,3231
query,1509091503.0348518,1509091503.0969222,1988
query,1509091503.0969262,1509091503.1259353,314
query,1509091503.1259391,1509091503.1584878,1625
query,1509091503.1584916,1509091503.3441856,5678
query,1509091503.3441896,1509091503.3769948,375
query,1509091503.376999,1509091503.70112,7103
query,1509091503.7011244,1509091503.8451877,5550
query,1509091503.8451917,1509091503.8835247,1185
query,1509091503.8835294,1509091503.9127471,80
query,1509091503.9127512,1509091504.0543983,3733
query,1509091504.0544026,1509091504.1744652,2600
query,1509091504.1744704,1509091504.3586605,6283
query,1509091504.3586645,1509091504.3869271,113
query,1509091504.3869312,1509091504.4164872,1938
query,1509091504.416492,1509091504.5272229,5502
query,1509091504.527227,1509091504.5541923,1389
query,1509091504.5541961,1509091504.5617695,0
query,1509091504.5617728,1509091504.5905023,1716
query,1509091504.590549,1509091504.7254705,4920
query,1509091504.7398803,1509091504.7690263,30
query,1509091504.7690306,1509091504.9619038,5291
query,1509091504.9619076,1509091504.9719737,2
query,1509091504.971977,1509091505.0399654,2163
query,1509091505.039969,1509091505.070977,213
query,1509091505.070981,1509091505.542829,10672
query,1509091505.5428343,1509091505.9224083,8878
query,1509091505.9224129,1509091506.0656164,4498
query,1509091506.0656211,1509091506.152408,3946
query,1509091506.1524124,1509091506.18246,89
query,1509091506.1824636,1509091506.2143955,1024
query,1509091506.214399,1509091506.2479072,1685
query,1509091506.2479112,1509091506.3436623,2310
query,1509091506.3436658,1509091506.376963,1865
query,1509091506.3769665,1509091506.3862422,0
query,1509091506.3862457,1509091506.5142775,3764
query,1509091506.5142817,1509091506.5479972,1802
query,1509091506.5480013,1509091506.7763314,5488
query,1509091506.7763352,1509091506.903927,4260
query,1509091506.9039707,1509091506.9256213,0
query,1509091506.9272873,1509091506.9611566,2257
query,1509091506.9611611,1509091506.9939625,1014
query,1509091506.9939663,1509091507.0043435,0
query,1509091507.0043473,1509091507.206688,6547
query,1509091507.2066917,1509091507.3089247,3430
query,1509091507.308929,1509091507.434517,3896
query,1509091507.4345212,1509091507.4733765,1500
query,1509091507.4733806,1509091507.5028846,26
query,1509091507.5028882,1509091507.5276446,6
query,1509091507.5276492,1509091507.6967046,6021
query,1509091507.6967094,1509091507.728691,1850
query,1509091507.7286952,1509091507.8846796,6162
query,1509091507.8846834,1509091508.101221,6576
query,1509091508.1012256,1509091508.1300716,16
query,1509091508.1300752,1509091508.369499,10942
query,1509091508.3695042,1509091508.461708,2781
query,1509091508.4617138,1509091508.4910724,277
query,1509091508.4910765,1509091508.5197084,800
query,1509091508.5197124,1509091508.5472245,8
query,1509091508.5472646,1509091508.5872161,539
query,1509091508.5998924,1509091508.8180447,6468
query,1509091508.8180485,1509091508.863095,654
query,1509091508.8630989,1509091509.0787957,7252
query,1509091509.0787995,1509091509.391429,7163
query,1509091509.3914332,1509091509.5374424,4783
query,1509091509.5374463,1509091509.6404421,3573
query,1509091509.6404464,1509091509.7385576,2135
query,1509091509.738562,1509091509.7730002,1441
query,1509091509.7730048,1509091509.8488827,2666
query,1509091509.848887,1509091509.8752542,11
query,1509091509.8752596,1509091509.949641,2096
query,1509091509.9496453,1509091510.09148,4945
query,1509091510.0914843,1509091510.1005094,0
query,1509091510.1005132,1509091510.3755045,7822
query,1509091510.3755088,1509091510.4683833,2590
query,1509091510.4683871,1509091510.4929512,371
query,1509091510.4929547,1509091510.625029,4473
query,1509091510.6250331,1509091510.7845252,5242
query,1509091510.784529,1509091510.8083687,69
query,1509091510.8084042,1509091510.8266902,0
query,1509091510.828172,1509091510.8427823,3
query,1509091510.842786,1509091510.9405394,3322
query,1509091510.9405434,1509091510.9895775,966
query,1509091510.989581,1509091511.1067777,3583
query,1509091511.1067817,1509091511.3329947,7895
query,1509091511.3329995,1509091511.583251,4280
query,1509091511.5832553,1509091511.8478994,6888
query,1509091511.8479035,1509091512.0499966,6920
query,1509091512.0500004,1509091512.203073,4647
query,1509091512.2030776,1509091512.2122142,0
query,1509091512.2122173,1509091512.2436082,1600
query,1509091512.2436132,1509091512.2539515,1
query,1509091512.253955,1509091512.3947577,2899
query,1509091512.3947616,1509091512.7118373,6587
query,1509091512.7118413,1509091513.0519464,12378
query,1509091513.051951,1509091513.3506618,9136
query,1509091513.3506665,1509091513.3587537,0
query,1509091513.3587577,1509091513.3662674,1
query,1509091513.3662727,1509091514.007333,14366
query,1509091514.007446,1509091514.0278058,1
query,1509091514.0326173,1509091514.045478,1
query,1509091514.0454814,1509091514.159042,5948
query,1509091514.1590457,1509091514.5440414,9305
query,1509091514.5440457,1509091514.7808301,6456
query,1509091514.7808342,1509091514.8946896,3585
query,1509091514.8946939,1509091514.9126003,3
query,1509091514.9126039,1509091515.029868,4312
query,1509091515.0298717,1509091515.2107363,5288
query,1509091515.2107403,1509091515.2424283,123
query,1509091515.2424324,1509091515.284434,298
query,1509091515.2844384,1509091515.3821595,2251
query,1509091515.382164,1509091515.4832904,4368
query,1509091515.4832945,1509091515.6116486,3138
query,1509091515.6116543,1509091515.6394923,30
query,1509091515.6394975,1509091515.7816963,5679
query,1509091515.7817006,1509091515.808782,57
query,1509091515.8087869,1509091515.8421154,1491
query,1509091515.8421195,1509091516.033935,6067
query,1509091516.0339394,1509091516.189336,5035
query,1509091516.1893733,1509091516.2325895,430
query,1509091516.245769,1509091516.548991,8198
query,1509091516.5489955,1509091516.694196,4476
query,1509091516.6942003,1509091516.706318,1
query,1509091516.7063212,1509091516.7402375,682
query,1509091516.7402415,1509091516.7696035,639
query,1509091516.7696075,1509091516.7990236,800
query,1509091516.799027,1509091516.9091907,3723
query,1509091516.909195,1509091516.9464157,1098
query,1509091516.9464202,1509091517.0474117,2584
query,1509091517.047416,1509091517.1429255,2354
query,1509091517.14293,1509091517.1857343,1650
query,1509091517.1857386,1509091517.2602682,2599
query,1509091517.2602723,1509091517.3338695,3268
query,1509091517.3338735,1509091517.3640192,904
query,1509091517.364023,1509091517.3786786,1
query,1509091517.3786824,1509091517.4124863,10
query,1509091517.4124904,1509091517.4374824,22
query,1509091517.437486,1509091517.524827,2196
query,1509091517.5248313,1509091517.557716,254
query,1509091517.5577567,1509091517.602713,287
query,1509091517.616049,1509091517.6455517,81
query,1509091517.645556,1509091517.8483028,5590
query,1509091517.8483074,1509091517.9373348,2344
query,1509091517.9373393,1509091518.186836,5915
query,1509091518.18684,1509091518.2897441,4414
query,1509091518.2897482,1509091518.5927103,7570
query,1509091518.5927145,1509091518.623588,1691
query,1509091518.623594,1509091518.741992,3385
query,1509091518.7419965,1509091518.948562,6504
query,1509091518.948566,1509091519.1584463,6463
query,1509091519.1584504,1509091519.2588613,4178
query,1509091519.258865,1509091519.3485773,2383
query,1509091519.348582,1509091519.4950767,5229
query,1509091519.495081,1509091519.552007,2172
query,1509091519.5520108,1509091519.5838933,956
query,1509091519.5838978,1509091519.9832025,8990
query,1509091519.9832082,1509091520.0106425,1242
query,1509091520.010647,1509091520.268974,7429
query,1509091520.2689795,1509091520.3806367,5114
query,1509091520.380673,1509091520.3996024,0
query,1509091520.400985,1509091520.4266837,443
query,1509091520.4266875,1509091520.4357116,1
query,1509091520.4357147,1509091520.4637384,1200
query,1509091520.4637432,1509091520.5675704,3305
query,1509091520.5675752,1509091520.6652718,2666
query,1509091520.665276,1509091520.701391,537
query,1509091520.7013955,1509091520.8707032,6239
query,1509091520.8707073,1509091521.1008563,3654
query,1509091521.1008608,1509091521.13184,933
query,1509091521.1318445,1509091521.1410637,0
query,1509091521.141068,1509091521.1691034,558
query,1509091521.1691077,1509091521.1778827,1
query,1509091521.1778877,1509091521.187195,1
query,1509091521.1872,1509091521.5745344,9799
query,1509091521.574539,1509091521.6021588,191
query,1509091521.6021633,1509091521.629899,302
query,1509091521.6299033,1509091521.8316393,6153
query,1509091521.8316433,1509091521.859859,26
query,1509091521.8598635,1509091521.887538,952
query,1509091521.887581,1509091522.2865674,13235
query,1509091522.300163,1509091522.4350967,2908
query,1509091522.4351013,1509091522.4743,1911
query,1509091522.4743042,1509091522.484766,0
query,1509091522.4847698,1509091522.5814452,3047
query,1509091522.5814512,1509091522.744384,5089
query,1509091522.7443886,1509091522.7767663,23
query,1509091522.7767708,1509091522.8066325,974
query,1509091522.8066375,1509091522.8427796,350
query,1509091522.8427837,1509091522.872844,514
query,1509091522.8728483,1509091522.8813744,0
query,1509091522.8813784,1509091522.9634879,2908
query,1509091522.9634917,1509091522.9729562,0
query,1509091522.9729593,1509091523.009059,1310
query,1509091523.0090625,1509091523.047915,310
query,1509091523.047919,1509091523.0879972,205
query,1509091523.088001,1509091523.1915278,2934
query,1509091523.191532,1509091523.2817614,3462
query,1509091523.2817652,1509091523.3084114,245
query,1509091523.308415,1509091523.522526,7382
query,1509091523.5225668,1509091523.5680058,190
query,1509091523.5825236,1509091523.5906816,0
query,1509091523.5906854,1509091523.621159,601
query,1509091523.6211627,1509091523.8651626,7842
query,1509091523.8651664,1509091523.8861523,6
query,1509091523.886156,1509091523.9271386,3531
query,1509091523.9271424,1509091523.9557855,644
query,1509091523.9557896,1509091523.987651,1573
query,1509091523.9876559,1509091524.022399,475
query,1509091524.0224032,1509091524.208861,5853
query,1509091524.2088652,1509091524.2939765,3012
query,1509091524.2939806,1509091524.4218848,4484
query,1509091524.4218898,1509091524.4521315,412
query,1509091524.452135,1509091524.495091,1554
query,1509091524.4950948,1509091524.5044837,0
query,1509091524.5044873,1509091524.6084578,3445
query,1509091524.6084619,1509091524.6449862,594
query,1509091524.64499,1509091524.6903324,2139
query,1509091524.690336,1509091524.724222,74
query,1509091524.724226,1509091524.943415,6345
query,1509091524.943457,1509091525.1134255,4789
query,1509091525.1259248,1509091525.2372024,4169
query,1509091525.2372065,1509091525.2725658,1170
query,1509091525.2725701,1509091525.3095305,2840
query,1509091525.3095343,1509091525.340137,1462
query,1509091525.3401408,1509091525.3692927,168
query,1509091525.3692966,1509091525.378618,0
query,1509091525.3786223,1509091525.4956105,4216
query,1509091525.4956148,1509091525.8754444,8393
query,1509091525.8754487,1509091525.981884,3008
query,1509091525.981888,1509091526.3825984,12567
query,1509091526.3826025,1509091526.4262507,947
query,1509091526.4262543,1509091526.707452,6653
query,1509091526.707456,1509091526.7444496,24
query,1509091526.7444534,1509091526.8651242,3980
query,1509091526.8651283,1509091527.136622,6964
query,1509091527.1366258,1509091527.4038026,4258
query,1509091527.4038064,1509091527.537105,2919
query,1509091527.5371096,1509091528.0632398,7971
query,1509091528.0632448,1509091528.110495,697
query,1509091528.1105332,1509091528.1867127,2559
query,1509091528.199366,1509091528.6138678,8316
query,1509091528.613873,1509091528.7948678,5501
query,1509091528.7948716,1509091529.145862,8680
query,1509091529.1458662,1509091529.1598117,1
query,1509091529.1598158,1509091529.2620125,4464
query,1509091529.262016,1509091529.3117065,840
query,1509091529.3117104,1509091529.3222187,1
query,1509091529.322222,1509091529.3897653,4020
query,1509091529.3897693,1509091529.6581688,9647
query,1509091529.6581724,1509091529.7005942,645
query,1509091529.7005985,1509091529.755269,2009
query,1509091529.7552729,1509091529.7979438,528
query,1509091529.797948,1509091529.9467635,3769
query,1509091529.9467678,1509091530.19069,6969
query,1509091530.1906953,1509091530.204269,2
query,1509091530.2042723,1509091530.2512681,1740
query,1509091530.2512727,1509091530.2881255,16
query,1509091530.2881298,1509091530.4922311,6170
query,1509091530.4922352,1509091530.6179686,3525
query,1509091530.618013,1509091530.9594426,7675
query,1509091530.9723108,1509091531.0639262,2687
query,1509091531.0639307,1509091531.2160878,4395
query,1509091531.216092,1509091531.2486768,253
query,1509091531.2486806,1509091531.2806218,107
query,1509091531.2806253,1509091531.3181367,603
query,1509091531.3181412,1509091531.6870391,8113
query,1509091531.687044,1509091531.7206714,1509
query,1509091531.7206755,1509091531.8587546,4996
query,1509091531.8587596,1509091531.8936527,146
query,1509091531.8936572,1509091531.987014,3693
query,1509091531.9870179,1509091532.2873902,6603
query,1509091532.2873938,1509091532.3977594,2129
query,1509091532.3977635,1509091532.439972,501
query,1509091532.4399755,1509091532.8822272,7948
query,1509091532.8822312,1509091532.938482,2974
query,1509091532.9384854,1509091533.0852222,3269
query,1509091533.0852263,1509091533.2996504,7892
query,1509091533.2996542,1509091533.3406456,40
query,1509091533.3406496,1509091533.3858378,1063
query,1509091533.3858762,1509091533.580741,4811
query,1509091533.5941045,1509091533.7056155,5580
query,1509091533.7056196,1509091533.7445107,666
query,1509091533.7445147,1509091533.7765808,227
query,1509091533.776585,1509091533.8167381,31
query,1509091533.8167439,1509091533.85898,118
query,1509091533.8589842,1509091533.8926477,507
query,1509091533.8926518,1509091534.1828394,5540
query,1509091534.182844,1509091534.284638,2986
query,1509091534.2846425,1509091534.3384643,1790
query,1509091534.338469,1509091534.6026602,6792
query,1509091534.6026647,1509091534.7161343,4458
query,1509091534.7161386,1509091534.747385,196
query,1509091534.7473886,1509091534.778082,1992
query,1509091534.7780857,1509091534.7866807,0
query,1509091534.7866843,1509091534.928499,4712
query,1509091534.9285028,1509091534.9427624,2
query,1509091534.9427657,1509091535.0707843,7200
query,1509091535.070788,1509091535.3237147,6346
query,1509091535.3237188,1509091535.3563182,37
query,1509091535.3563588,1509091535.4045577,1135
query,1509091535.4175594,1509091535.4504528,616
query,1509091535.4504578,1509091535.667524,6240
query,1509091535.667528,1509091535.9531815,10300
query,1509091535.9531856,1509091535.9851966,190
query,1509091535.9852004,1509091535.9979365,3
query,1509091535.99794,1509091536.0097005,1
query,1509091536.0097048,1509091536.0306137,6
query,1509091536.0306172,1509091536.0623324,1993
query,1509091536.0623367,1509091536.2045002,5072
query,1509091536.2045045,1509091536.266437,2447
query,1509091536.2664416,1509091536.609485,7372
query,1509091536.6094892,1509091536.9508438,7441
query,1509091536.9508476,1509091536.969722,3
query,1509091536.9697254,1509091537.000168,1285
query,1509091537.0001712,1509091537.0298667,550
query,1509091537.029871,1509091537.253985,6836
query,1509091537.2539902,1509091537.6594555,9678
query,1509091537.6594598,1509091537.6682928,0
query,1509091537.668296,1509091537.8896997,7590
query,1509091537.8897452,1509091537.9116228,1
query,1509091537.9162061,1509091538.0742984,6535
query,1509091538.074303,1509091538.2258253,5840
query,1509091538.2258296,1509091538.2936454,1892
query,1509091538.2936497,1509091538.3017247,0
query,1509091538.3017282,1509091538.4121907,2813
query,1509091538.4121947,1509091538.6401253,7507
query,1509091538.6401293,1509091538.8066108,5656
query,1509091538.806615,1509091538.8316708,152
query,1509091538.8316753,1509091538.864238,1510
query,1509091538.8642426,1509091538.8904362,480
query,1509091538.8904407,1509091538.9162161,34
query,1509091538.9162219,1509091538.9246075,0
query,1509091538.9246113,1509091539.1154616,4190
query,1509091539.1154664,1509091539.1494148,1268
query,1509091539.1494186,1509091539.4669807,5924
query,1509091539.4669852,1509091539.476442,1
query,1509091539.476446,1509091539.5260887,1432
query,1509091539.526093,1509091539.8950968,7440
query,1509091539.8951008,1509091539.9919205,2079
query,1509091539.991963,1509091540.1975172,4677
query,1509091540.2104917,1509091540.4058115,5958
query,1509091540.4058163,1509091540.4142187,0
query,1509091540.4142222,1509091540.452871,1891
query,1509091540.4528754,1509091540.4910026,1846
query,1509091540.4910066,1509091540.5213015,63
query,1509091540.5213053,1509091540.6638007,4012
query,1509091540.6638062,1509091540.7096457,335
query,1509091540.7096503,1509091540.7290885,1
query,1509091540.7290924,1509091540.7724128,295
query,1509091540.7724164,1509091540.933118,4163
query,1509091540.9331224,1509091540.9775107,73
query,1509091540.9775147,1509091541.021507,61
query,1509091541.021511,1509091541.1443882,5137
query,1509091541.1443927,1509091541.174434,443
query,1509091541.174438,1509091541.2948756,2757
query,1509091541.2948792,1509091541.3971841,4105
query,1509091541.3971882,1509091541.429313,32
query,1509091541.4293163,1509091541.483548,211
query,1509091541.4835515,1509091541.5092537,3
query,1509091541.5092936,1509091541.9782436,13620
query,1509091541.9921653,1509091542.0197213,165
query,1509091542.0197258,1509091542.0494764,734
query,1509091542.0494807,1509091542.1759782,5774
query,1509091542.1759822,1509091542.2074816,924
query,1509091542.2074854,1509091542.4338052,8651
query,1509091542.4338093,1509091542.5691676,4807
query,1509091542.5691724,1509091542.6041937,837
query,1509091542.604198,1509091542.715948,3068
query,1509091542.7159522,1509091542.7606497,3819
query,1509091542.760654,1509091542.7960129,1808
query,1509091542.7960172,1509091542.8245344,127
query,1509091542.824538,1509091542.9581013,5531
query,1509091542.9581056,1509091543.1344678,5419
query,1509091543.1344721,1509091543.144901,0
query,1509091543.1449046,1509091543.1738982,1204
query,1509091543.173902,1509091543.7345598,14092
query,1509091543.7345648,1509091543.7880328,4250
query,1509091543.7880368,1509091543.96967,5556
query,1509091543.969678,1509091544.1956885,5211
query,1509091544.1957307,1509091544.3989978,6197
query,1509091544.4124205,1509091544.4292908,5
query,1509091544.4292943,1509091544.4641135,1887
query,1509091544.4641168,1509091544.4944549,406
query,1509091544.4944592,1509091544.524778,717
query,1509091544.5247817,1509091544.8567028,10144
query,1509091544.8567066,1509091545.1608524,7585
query,1509091545.1608565,1509091545.2046306,877
query,1509091545.2046347,1509091545.467511,5248
query,1509091545.4675152,1509091545.4955406,166
query,1509091545.495545,1509091545.6318827,3617
query,1509091545.631887,1509091545.750141,2842
query,1509091545.7501452,1509091545.8006117,1215
query,1509091545.8006155,1509091545.9529202,4662
query,1509091545.9529247,1509091546.2073646,7907
query,1509091546.2074137,1509091546.216858,0
query,1509091546.216861,1509091546.263298,1805
query,1509091546.2633023,1509091546.3116767,1522
query,1509091546.311681,1509091546.32517,1
query,1509091546.325173,1509091546.333751,0
query,1509091546.3337867,1509091546.375415,20
query,1509091546.3881083,1509091546.436415,1013
query,1509091546.4364183,1509091546.547105,3517
query,1509091546.5471094,1509091546.6860812,2512
query,1509091546.6860852,1509091546.771248,2334
query,1509091546.7712522,1509091547.0791988,7158
query,1509091547.079203,1509091547.1190848,6
query,1509091547.1190894,1509091547.1288517,2
query,1509091547.1288557,1509091547.1763396,1011
query,1509091547.1763432,1509091547.2218685,1203
query,1509091547.2218719,1509091547.350734,3442
query,1509091547.350738,1509091547.6077147,7551
query,1509091547.6077185,1509091547.742033,2990
query,1509091547.742037,1509091548.117348,11994
query,1509091548.1173522,1509091548.7660546,14452
query,1509091548.766059,1509091548.8036168,1220
query,1509091548.8036206,1509091548.8418152,88
query,1509091548.841819,1509091548.9557762,3060
query,1509091548.9557803,1509091549.0536637,3918
query,1509091549.0536678,1509091549.1859472,4274
