tables,1509133777.4585469,1509139859.3966372
query,1509139859.3973496,1509139859.5044076,3210
query,1509139859.5188859,1509139859.6843662,10228
query,1509139859.6843705,1509139859.989903,17209
query,1509139859.9899068,1509139860.0232122,2888
query,1509139860.023216,1509139860.048252,473
query,1509139860.0482562,1509139860.1769001,10636
query,1509139860.176904,1509139860.1923127,38
query,1509139860.1923163,1509139860.2083771,346
query,1509139860.2083805,1509139860.2344553,1791
query,1509139860.2344594,1509139860.2517014,508
query,1509139860.2517045,1509139860.3421373,3237
query,1509139860.342141,1509139860.4341815,8469
query,1509139860.4341853,1509139860.4764419,3237
query,1509139860.4764457,1509139860.7658312,16815
query,1509139860.765835,1509139860.7865112,1445
query,1509139860.7865145,1509139861.0969374,16868
query,1509139861.0969415,1509139861.1116364,455
query,1509139861.1116402,1509139861.138681,3199
query,1509139861.138685,1509139861.1527503,183
query,1509139861.1527538,1509139861.1879714,3238
query,1509139861.1880198,1509139861.2164783,3416
query,1509139861.2290175,1509139861.3354752,13689
query,1509139861.3354797,1509139861.3617306,3119
query,1509139861.3617342,1509139861.6895146,18086
query,1509139861.689519,1509139861.71641,1305
query,1509139861.7164137,1509139861.750988,3237
query,1509139861.7509923,1509139861.7852302,3237
query,1509139861.7852342,1509139861.8280509,3237
query,1509139861.828055,1509139861.8623881,3237
query,1509139861.8623927,1509139861.8962758,3237
query,1509139861.8962803,1509139861.9097252,33
query,1509139861.9097292,1509139861.9241748,239
query,1509139861.9241784,1509139862.356181,25170
query,1509139862.3561857,1509139862.381574,1901
query,1509139862.381578,1509139862.8963375,28068
query,1509139862.8963428,1509139863.1124442,14307
query,1509139863.1124487,1509139863.1225195,3
query,1509139863.1225224,1509139863.2337263,8529
query,1509139863.23373,1509139863.3217807,8629
query,1509139863.3217847,1509139863.4070885,12337
query,1509139863.4071424,1509139864.2025158,38217
query,1509139864.2180543,1509139864.664973,27178
query,1509139864.6649773,1509139865.442642,35565
query,1509139865.4426477,1509139866.5068471,39033
query,1509139866.5068514,1509139866.605838,5173
query,1509139866.6058424,1509139867.4440084,38069
query,1509139867.4440126,1509139867.857885,16999
query,1509139867.8578887,1509139869.390025,48106
query,1509139869.3900292,1509139869.410404,9
query,1509139869.4104078,1509139869.431169,10
query,1509139869.4311728,1509139869.7192926,11119
query,1509139869.7192965,1509139869.7246766,0
query,1509139869.7246802,1509139871.384846,39439
query,1509139871.3848495,1509139871.8124547,25859
query,1509139871.8124588,1509139871.9675467,7722
query,1509139871.9675508,1509139872.1317701,11433
query,1509139872.131774,1509139872.2493594,11160
query,1509139872.2493641,1509139872.9329545,34116
query,1509139872.932959,1509139873.1351202,11596
query,1509139873.1351247,1509139873.1578927,413
query,1509139873.1579382,1509139873.1876318,11
query,1509139873.202031,1509139873.4238482,16164
query,1509139873.423852,1509139874.9288902,34970
query,1509139874.9288936,1509139875.5443964,25902
query,1509139875.5444,1509139875.560047,1754
query,1509139875.5600514,1509139875.6692579,7557
query,1509139875.6692617,1509139875.6889749,2044
query,1509139875.6889784,1509139876.8940685,35214
query,1509139876.8940728,1509139877.202366,16326
query,1509139877.2023704,1509139877.2713425,5173
query,1509139877.271346,1509139877.6753232,23209
query,1509139877.6753278,1509139878.4897711,39314
query,1509139878.4897752,1509139878.4994054,1
query,1509139878.4994087,1509139878.5266695,2407
query,1509139878.526673,1509139878.7094567,10826
query,1509139878.7094612,1509139879.09187,10860
query,1509139879.0918736,1509139879.1085048,7
query,1509139879.108508,1509139879.1237707,364
query,1509139879.123774,1509139879.1509533,3489
query,1509139879.1509569,1509139879.191038,2335
query,1509139879.191078,1509139879.5514622,19359
query,1509139879.5640752,1509139879.5803418,1900
query,1509139879.5803452,1509139879.697802,6248
query,1509139879.6978054,1509139879.7173576,203
query,1509139879.7173612,1509139879.9511886,17902
query,1509139879.9511924,1509139879.975659,393
query,1509139879.9756622,1509139879.9820192,0
query,1509139879.982022,1509139880.1628807,14248
query,1509139880.1628854,1509139880.1828759,2685
query,1509139880.1828792,1509139880.4356341,16275
query,1509139880.435638,1509139880.5663671,11783
query,1509139880.566371,1509139880.5880885,687
query,1509139880.588092,1509139880.607465,276
query,1509139880.6074684,1509139880.6590867,3553
query,1509139880.65909,1509139880.6776855,38
query,1509139880.6776888,1509139880.8071418,7266
query,1509139880.807145,1509139880.8956084,5174
query,1509139880.895612,1509139881.1214616,15994
query,1509139881.1214666,1509139881.491757,35549
query,1509139881.491761,1509139882.1425428,27246
query,1509139882.14259,1509139882.1612601,15
query,1509139882.1738393,1509139882.3164487,10305
query,1509139882.3164525,1509139882.4976044,15470
query,1509139882.4976077,1509139882.516622,2254
query,1509139882.5166254,1509139882.5370784,3867
query,1509139882.5370817,1509139882.850382,17842
query,1509139882.8503857,1509139883.9917185,35524
query,1509139883.9917226,1509139884.0683439,6846
query,1509139884.0683472,1509139884.0860274,63
query,1509139884.0860312,1509139884.715729,26080
query,1509139884.7157333,1509139884.7912333,5056
query,1509139884.7912376,1509139884.8781722,5263
query,1509139884.8781762,1509139884.9657502,6148
query,1509139884.9657543,1509139884.9948974,3723
query,1509139884.9949014,1509139885.08913,5468
query,1509139885.089134,1509139885.1100373,580
query,1509139885.1100407,1509139885.4221401,28962
query,1509139885.422144,1509139886.5139172,39123
query,1509139886.5139205,1509139886.580619,5846
query,1509139886.5806227,1509139886.6002955,446
query,1509139886.6003363,1509139886.6311536,397
query,1509139886.6434073,1509139886.7464452,6793
query,1509139886.7464488,1509139887.062908,21294
query,1509139887.0629115,1509139887.0751789,413
query,1509139887.0751824,1509139887.1942933,6481
query,1509139887.1942976,1509139887.4086084,13454
query,1509139887.408612,1509139887.4310343,1518
query,1509139887.4310384,1509139889.0307198,38453
query,1509139889.0307236,1509139889.0456908,652
query,1509139889.045694,1509139889.953499,38548
query,1509139889.9535034,1509139890.0844173,10367
query,1509139890.0844214,1509139890.7656872,14677
query,1509139890.7656913,1509139890.7931552,2239
query,1509139890.7931585,1509139890.878587,10401
query,1509139890.8785913,1509139891.682987,30134
query,1509139891.6829915,1509139891.7033236,45
query,1509139891.7033272,1509139891.7299147,2558
query,1509139891.729919,1509139891.9326723,11066
query,1509139891.9326773,1509139891.9582667,313
query,1509139891.9582708,1509139892.2065532,11763
query,1509139892.2065973,1509139892.3432462,7615
query,1509139892.3554907,1509139892.7719433,31542
query,1509139892.7719471,1509139892.8075116,4748
query,1509139892.8075159,1509139893.2612312,7543
query,1509139893.2612348,1509139894.3702848,50129
query,1509139894.3702886,1509139896.7140787,53783
query,1509139896.7140822,1509139896.9179256,10962
query,1509139896.9179296,1509139896.938841,31
query,1509139896.9388447,1509139897.8333762,24795
query,1509139897.8333802,1509139897.9018292,5951
query,1509139897.901834,1509139898.0306938,14576
query,1509139898.0306973,1509139898.0352545,0
query,1509139898.0352576,1509139898.1926181,16498
query,1509139898.1926222,1509139898.2062237,623
query,1509139898.206227,1509139898.2175562,15
query,1509139898.2175598,1509139898.2334807,1573
query,1509139898.2334838,1509139898.410876,10860
query,1509139898.4108794,1509139898.7946863,16488
query,1509139898.7946901,1509139900.3372216,46921
query,1509139900.3372254,1509139900.6135178,18175
query,1509139900.613565,1509139900.6480935,4664
query,1509139900.660653,1509139900.8859599,14065
query,1509139900.8859642,1509139901.1026769,12196
query,1509139901.1026816,1509139901.2383387,7742
query,1509139901.2383428,1509139901.2575924,52
query,1509139901.2575963,1509139901.2778406,677
query,1509139901.277844,1509139901.3813546,8222
query,1509139901.3813586,1509139902.922236,51010
query,1509139902.92224,1509139902.9499025,5837
query,1509139902.9499063,1509139902.9636352,561
query,1509139902.9636383,1509139903.2150059,18541
query,1509139903.21501,1509139903.3235595,6932
query,1509139903.323563,1509139903.3362153,743
query,1509139903.3362188,1509139903.566056,15328
query,1509139903.5660596,1509139904.2258406,48500
query,1509139904.2258441,1509139905.2794182,40455
query,1509139905.279422,1509139905.2976763,549
query,1509139905.2976794,1509139905.313758,28
query,1509139905.3137612,1509139905.5692837,10727
query,1509139905.5692875,1509139905.8295352,17085
query,1509139905.8295805,1509139905.9362416,11292
query,1509139905.9482768,1509139906.0950766,10568
query,1509139906.0950806,1509139906.2370775,17793
query,1509139906.2370815,1509139906.6508133,26169
query,1509139906.6508179,1509139907.0536282,17481
query,1509139907.0536325,1509139907.2664106,9238
query,1509139907.2664149,1509139907.3910785,10480
query,1509139907.3910818,1509139907.4084308,54
query,1509139907.4084346,1509139907.4277728,298
query,1509139907.4277763,1509139908.2203531,49645
query,1509139908.2203572,1509139908.3674986,16519
query,1509139908.367502,1509139908.4588504,18808
query,1509139908.4588537,1509139908.4650214,2
query,1509139908.465025,1509139908.5486057,5189
query,1509139908.5486097,1509139908.5531526,0
query,1509139908.553156,1509139909.010936,24832
query,1509139909.0109398,1509139909.2287428,10568
query,1509139909.2287462,1509139909.2589157,4575
query,1509139909.2589192,1509139909.82545,21831
query,1509139909.8254535,1509139911.7219067,51756
query,1509139911.7219515,1509139911.7532964,3324
query,1509139911.7654908,1509139911.778089,252
query,1509139911.778092,1509139911.984914,12006
query,1509139911.9849184,1509139912.1100864,10047
query,1509139912.1100907,1509139912.560187,32852
query,1509139912.5601914,1509139912.8711078,13898
query,1509139912.8711112,1509139913.7993674,40395
query,1509139913.7993712,1509139913.811743,197
query,1509139913.8117464,1509139913.816263,0
query,1509139913.8162663,1509139913.9949386,8784
query,1509139913.994943,1509139914.0094361,173
query,1509139914.00944,1509139914.1046503,7287
query,1509139914.1046546,1509139915.9412153,41575
query,1509139915.941219,1509139916.0632627,9478
query,1509139916.063266,1509139916.0946012,2722
query,1509139916.0946047,1509139916.3162804,11999
query,1509139916.3162844,1509139916.3542151,4434
query,1509139916.354219,1509139916.3748443,814
query,1509139916.3748477,1509139916.630922,14422
query,1509139916.630926,1509139916.6550539,1029
query,1509139916.6550956,1509139916.6974363,2826
query,1509139916.7098455,1509139916.730409,202
query,1509139916.7304122,1509139916.8120258,7597
query,1509139916.8120294,1509139916.909836,9510
query,1509139916.9098396,1509139917.2343833,18649
query,1509139917.2343867,1509139918.0790672,42159
query,1509139918.0790718,1509139918.8527632,36659
query,1509139918.8527675,1509139919.7764137,36366
query,1509139919.7764175,1509139919.7937593,1813
query,1509139919.7937627,1509139919.799138,0
query,1509139919.799142,1509139919.913461,6985
query,1509139919.9134645,1509139920.242525,33817
query,1509139920.2425296,1509139920.264246,3503
query,1509139920.264249,1509139920.6977897,19351
query,1509139920.6977932,1509139920.9709961,13271
query,1509139920.9710002,1509139920.9766068,0
query,1509139920.9766097,1509139922.574411,42991
query,1509139922.5744143,1509139923.7794938,41916
query,1509139923.779498,1509139923.7993727,739
query,1509139923.799376,1509139923.8317797,4020
query,1509139923.831821,1509139924.400036,14918
query,1509139924.4123998,1509139925.6824138,40416
query,1509139925.6824172,1509139925.7002037,1060
query,1509139925.7002075,1509139926.0807471,16129
query,1509139926.080751,1509139927.350364,38028
query,1509139927.3503685,1509139927.9024644,37218
query,1509139927.902469,1509139928.027368,9427
query,1509139928.0273721,1509139928.0325675,0
query,1509139928.0325727,1509139928.0466244,202
query,1509139928.0466282,1509139928.5635867,33157
query,1509139928.5635905,1509139928.5824537,3017
query,1509139928.5824578,1509139928.5952663,19
query,1509139928.5952702,1509139929.4038992,25228
query,1509139929.403903,1509139929.4165003,180
query,1509139929.4165041,1509139930.475681,47399
query,1509139930.4756851,1509139930.8431845,34255
query,1509139930.843189,1509139931.5589273,35356
query,1509139931.558931,1509139931.5665498,1
query,1509139931.5665543,1509139931.572181,0
query,1509139931.5721846,1509139931.7227895,5633
query,1509139931.722832,1509139932.4207203,39583
query,1509139932.4371042,1509139932.457358,3732
query,1509139932.4573617,1509139932.4609802,0
query,1509139932.4609838,1509139932.625869,13083
query,1509139932.6258733,1509139932.7146385,10026
query,1509139932.7146423,1509139932.7275305,728
query,1509139932.7275348,1509139932.7304828,0
query,1509139932.730486,1509139932.743361,1084
query,1509139932.7433643,1509139933.5984335,36468
query,1509139933.598437,1509139933.610847,208
query,1509139933.6108506,1509139933.6212692,7
query,1509139933.6212728,1509139933.6467822,2185
query,1509139933.6467862,1509139933.650805,0
query,1509139933.650808,1509139933.6746979,3842
query,1509139933.6747017,1509139933.7954993,11598
query,1509139933.7955036,1509139934.3247337,35741
query,1509139934.3247387,1509139934.387263,6404
query,1509139934.3872669,1509139934.8046517,33660
query,1509139934.8046563,1509139934.82307,172
query,1509139934.8230736,1509139935.2445662,35669
query,1509139935.244612,1509139935.2629416,77
query,1509139935.2754245,1509139936.242834,42854
query,1509139936.2428381,1509139936.3212602,8471
query,1509139936.321264,1509139936.3346457,803
query,1509139936.3346496,1509139936.4762294,13033
query,1509139936.4762332,1509139936.4937162,1305
query,1509139936.4937198,1509139936.5927668,9503
query,1509139936.5927715,1509139936.8143969,16351
query,1509139936.8144011,1509139936.8386803,5089
query,1509139936.8386843,1509139936.8509288,511
query,1509139936.8509328,1509139936.9317663,7049
query,1509139936.93177,1509139937.1213744,16476
query,1509139937.1213787,1509139937.9675758,29590
query,1509139937.9675798,1509139937.9921424,1381
query,1509139937.9921467,1509139937.996844,0
query,1509139937.9968476,1509139938.0235124,2548
query,1509139938.0235164,1509139938.043336,6
query,1509139938.0433404,1509139938.3692589,20045
query,1509139938.3692622,1509139939.0071206,40846
query,1509139939.0071244,1509139939.4389482,22417
query,1509139939.4389932,1509139939.457473,1476
query,1509139939.4731889,1509139939.4920673,3047
query,1509139939.4920714,1509139939.5741673,6662
query,1509139939.5741713,1509139939.8878047,20854
query,1509139939.8878093,1509139940.3529456,30957
query,1509139940.3529496,1509139940.3853393,1252
query,1509139940.3853428,1509139940.5082533,10525
query,1509139940.5082576,1509139940.5515392,5847
query,1509139940.5515516,1509139940.6430306,6677
query,1509139940.6430347,1509139941.3096988,34880
query,1509139941.3097026,1509139941.317633,2
query,1509139941.3176365,1509139941.3456075,4134
query,1509139941.3456113,1509139941.3497488,0
query,1509139941.349752,1509139941.3618073,25
query,1509139941.3618104,1509139941.9921463,34290
query,1509139941.99215,1509139942.013348,230
query,1509139942.013352,1509139942.4953997,17704
query,1509139942.495404,1509139942.6313293,11722
query,1509139942.631334,1509139942.6357868,0
query,1509139942.6357899,1509139942.691266,4507
query,1509139942.6913056,1509139943.2814994,32230
query,1509139943.297343,1509139943.311545,621
query,1509139943.311549,1509139945.2752821,53913
query,1509139945.275285,1509139946.8575125,53175
query,1509139946.8575156,1509139946.9341102,5431
query,1509139946.934114,1509139947.2567582,21399
query,1509139947.256763,1509139948.3684583,48057
query,1509139948.368463,1509139948.3897254,940
query,1509139948.389729,1509139948.553753,9122
query,1509139948.5537574,1509139948.9991722,23069
query,1509139948.9991758,1509139950.5535154,42994
query,1509139950.5535192,1509139952.2119954,52686
query,1509139952.2120006,1509139952.2181923,1
query,1509139952.218196,1509139952.235306,2228
query,1509139952.2353096,1509139952.39209,15344
query,1509139952.3920944,1509139952.4170556,2655
query,1509139952.4170597,1509139952.433909,674
query,1509139952.4339125,1509139952.8131592,26411
query,1509139952.8131635,1509139952.8294811,2427
query,1509139952.829485,1509139953.5728798,37092
query,1509139953.5729296,1509139953.6125906,7336
query,1509139953.6282437,1509139954.7019298,42289
query,1509139954.7019348,1509139954.7316337,3699
query,1509139954.7316375,1509139954.7439222,109
query,1509139954.743926,1509139955.7959197,37149
query,1509139955.7959237,1509139955.9278965,13347
query,1509139955.9279008,1509139955.9531853,5272
query,1509139955.9531891,1509139956.1458993,21751
query,1509139956.1459029,1509139956.1633823,1969
query,1509139956.163386,1509139956.9061034,42239
query,1509139956.9061072,1509139957.6855133,38787
query,1509139957.6855168,1509139957.7035465,2913
query,1509139957.70355,1509139957.7312381,6204
query,1509139957.7312422,1509139957.742981,98
query,1509139957.742984,1509139958.1406066,20386
query,1509139958.1406105,1509139958.273001,10685
query,1509139958.2730055,1509139958.363897,6686
query,1509139958.3639011,1509139958.3804557,2295
query,1509139958.380459,1509139958.3859537,2
query,1509139958.385957,1509139958.3965523,29
query,1509139958.3965917,1509139958.9830744,35478
query,1509139958.994206,1509139959.7476795,29702
query,1509139959.7476835,1509139959.7665498,29
query,1509139959.7665532,1509139959.7760224,2
query,1509139959.7760258,1509139959.9360113,16063
query,1509139959.9360151,1509139960.0962849,14672
query,1509139960.0962887,1509139960.2900856,22807
query,1509139960.29009,1509139960.378064,9222
query,1509139960.3780677,1509139960.4560122,7519
query,1509139960.456016,1509139961.0141413,28040
query,1509139961.0141451,1509139961.130063,7488
query,1509139961.1300676,1509139961.2602682,11766
query,1509139961.2602725,1509139961.277626,1327
query,1509139961.2776294,1509139961.633759,25356
query,1509139961.633763,1509139961.6511242,99
query,1509139961.6511278,1509139961.7327852,5038
query,1509139961.7328098,1509139961.8204558,8955
query,1509139961.8204603,1509139962.7400715,32222
query,1509139962.740075,1509139962.745994,2
query,1509139962.7459977,1509139962.847268,9586
query,1509139962.8473084,1509139962.8630545,3
query,1509139962.873949,1509139962.8915749,3051
query,1509139962.8915792,1509139962.90633,1815
query,1509139962.9063332,1509139962.936821,6650
query,1509139962.9368253,1509139963.891543,43913
query,1509139963.8915462,1509139963.917829,3797
query,1509139963.9178326,1509139963.9338148,243
query,1509139963.9338183,1509139964.0455678,7248
query,1509139964.0455716,1509139964.0605426,1624
query,1509139964.0605462,1509139964.0637698,0
query,1509139964.063773,1509139964.3339608,17280
query,1509139964.3339646,1509139964.3539145,3853
query,1509139964.3539178,1509139964.5726612,15964
query,1509139964.5726652,1509139964.7103603,11465
query,1509139964.7103639,1509139964.8496432,9969
query,1509139964.849647,1509139965.0754719,15539
query,1509139965.0754757,1509139965.350327,18862
query,1509139965.350331,1509139965.3617256,96
query,1509139965.3617291,1509139965.366795,1
query,1509139965.3667989,1509139965.9826238,41447
query,1509139965.982664,1509139966.1588023,12367
query,1509139966.1728644,1509139966.1918316,2345
query,1509139966.191835,1509139966.3174446,11526
query,1509139966.3174486,1509139967.003608,47461
query,1509139967.0036113,1509139967.015326,361
query,1509139967.0153298,1509139968.0210223,40377
query,1509139968.0210264,1509139968.0391388,2732
query,1509139968.0391424,1509139968.0496345,18
query,1509139968.049638,1509139968.2727523,16891
query,1509139968.2727566,1509139969.2771473,43979
query,1509139969.2771509,1509139969.5240078,16239
query,1509139969.5240119,1509139969.8304873,17970
query,1509139969.8304908,1509139969.854599,2799
query,1509139969.8546033,1509139969.8728483,323
query,1509139969.8728526,1509139969.8878725,50
query,1509139969.887876,1509139970.528877,30928
query,1509139970.528881,1509139971.1572149,38988
query,1509139971.157219,1509139971.1716413,43
query,1509139971.171645,1509139971.3500865,10932
query,1509139971.3500903,1509139971.360846,7
query,1509139971.360888,1509139971.803732,30499
query,1509139971.816274,1509139971.8302686,1212
query,1509139971.830272,1509139972.1416378,14488
query,1509139972.141642,1509139972.4446251,30876
query,1509139972.444629,1509139972.458856,663
query,1509139972.4588594,1509139973.694788,42832
query,1509139973.694793,1509139974.1302886,28980
query,1509139974.1302927,1509139974.1516368,4061
query,1509139974.1516414,1509139974.3469598,18042
query,1509139974.3469641,1509139974.3576527,49
query,1509139974.3576562,1509139974.3706472,739
query,1509139974.370651,1509139974.3836634,893
query,1509139974.3836677,1509139974.4729888,5520
query,1509139974.4729924,1509139974.60387,12080
query,1509139974.603874,1509139974.8346956,17283
query,1509139974.8346994,1509139974.847786,35
query,1509139974.8477895,1509139974.8607643,41
query,1509139974.8607683,1509139976.5638897,51023
query,1509139976.563894,1509139976.5756521,38
query,1509139976.5756562,1509139976.5877695,250
query,1509139976.5878093,1509139977.0623207,21368
query,1509139977.0752008,1509139977.0876126,381
query,1509139977.087616,1509139977.0998805,160
query,1509139977.0998847,1509139977.1998582,8826
query,1509139977.1998618,1509139977.2209632,3271
query,1509139977.220967,1509139977.3566403,9838
query,1509139977.356644,1509139977.376537,1875
query,1509139977.3765404,1509139977.5012863,14369
query,1509139977.5012906,1509139977.5609677,5575
query,1509139977.5609715,1509139978.0430512,39354
query,1509139978.043055,1509139978.3021846,13545
query,1509139978.3021882,1509139978.3128874,74
query,1509139978.312891,1509139979.1321533,36499
query,1509139979.1321573,1509139979.14301,10
query,1509139979.1430137,1509139979.8406203,37071
query,1509139979.840624,1509139980.857611,39219
query,1509139980.8576148,1509139981.6956918,30857
query,1509139981.695696,1509139982.3221471,31057
query,1509139982.322152,1509139982.331993,3
query,1509139982.3319972,1509139982.4868152,9016
query,1509139982.4868586,1509139983.1026695,34055
query,1509139983.118528,1509139983.2935474,9998
query,1509139983.2935524,1509139983.3219175,2501
query,1509139983.3219213,1509139983.348864,2648
query,1509139983.3488674,1509139983.413468,6523
query,1509139983.4134717,1509139983.657859,15738
query,1509139983.657863,1509139985.0772967,42076
query,1509139985.0773013,1509139985.1062813,6516
query,1509139985.106286,1509139985.215776,6091
query,1509139985.2157805,1509139985.2530205,4626
query,1509139985.2530246,1509139985.4078197,6535
query,1509139985.4078245,1509139985.4339912,4846
query,1509139985.4339952,1509139985.4516819,1980
query,1509139985.4516861,1509139986.518381,37987
query,1509139986.5183852,1509139986.5409932,4061
query,1509139986.540997,1509139986.645311,8059
query,1509139986.6453147,1509139986.8719459,21792
query,1509139986.8719494,1509139986.9268086,6866
query,1509139986.9268124,1509139987.1960545,15531
query,1509139987.1960583,1509139987.4139397,16127
query,1509139987.4139838,1509139987.5831203,12369
query,1509139987.5959918,1509139987.8163311,13082
query,1509139987.8163357,1509139987.932349,9423
query,1509139987.9323533,1509139988.0183728,5523
query,1509139988.0183766,1509139988.0998685,9232
query,1509139988.099872,1509139988.1282399,3951
query,1509139988.1282444,1509139988.1441767,5
query,1509139988.1441796,1509139988.1708097,3804
query,1509139988.170813,1509139988.7462025,32850
query,1509139988.7462068,1509139988.8085153,4469
query,1509139988.8085196,1509139989.4494245,26245
query,1509139989.449429,1509139989.551007,8197
query,1509139989.5510108,1509139991.2754347,53363
query,1509139991.275439,1509139991.2886152,102
query,1509139991.2886193,1509139991.3449566,4054
query,1509139991.344961,1509139991.8883576,37329
query,1509139991.8883612,1509139991.906097,3073
query,1509139991.9061005,1509139992.2077968,13197
query,1509139992.207801,1509139992.468678,20637
query,1509139992.468683,1509139992.920425,19656
query,1509139992.9204671,1509139992.932178,3
query,1509139992.9397967,1509139993.2145514,23650
query,1509139993.2145548,1509139993.2368274,4091
query,1509139993.236832,1509139993.2510238,1363
query,1509139993.251027,1509139993.480007,15829
query,1509139993.4800105,1509139993.7391827,33149
query,1509139993.7391868,1509139994.4624155,38314
query,1509139994.4624193,1509139994.4842098,4272
query,1509139994.484213,1509139994.9421191,23935
query,1509139994.9421227,1509139995.0199666,8673
query,1509139995.0199704,1509139996.3640075,54658
query,1509139996.3640113,1509139997.1729715,36181
query,1509139997.1729753,1509139997.1864395,732
query,1509139997.1864436,1509139997.2041156,2645
query,1509139997.2041194,1509139997.2184696,1483
query,1509139997.218473,1509139998.9463334,53918
query,1509139998.9463363,1509139999.86624,42173
query,1509139999.8662434,1509140000.594781,43271
query,1509140000.594785,1509140000.612919,2411
query,1509140000.6129227,1509140000.8231125,14835
query,1509140000.8231535,1509140000.8389816,13
query,1509140000.8515596,1509140001.9384227,41189
query,1509140001.9384267,1509140002.0283186,7406
query,1509140002.0283222,1509140002.048151,687
query,1509140002.0481553,1509140002.5098724,26080
query,1509140002.509877,1509140002.5217636,236
query,1509140002.5217674,1509140002.6468365,11138
query,1509140002.6468406,1509140002.66505,2867
query,1509140002.6650531,1509140003.4402912,50009
query,1509140003.440295,1509140004.4550982,34323
query,1509140004.4551017,1509140004.759274,18569
query,1509140004.759278,1509140005.2439957,34474
query,1509140005.2440004,1509140005.255778,345
query,1509140005.2557824,1509140006.063405,32992
query,1509140006.0634089,1509140006.0813549,2608
query,1509140006.0813587,1509140006.2079668,15179
query,1509140006.2079706,1509140006.3589287,9715
query,1509140006.3589323,1509140006.3712163,452
query,1509140006.3712204,1509140006.3819525,8
query,1509140006.3819563,1509140006.6518106,32687
query,1509140006.6518474,1509140006.8975947,29843
query,1509140006.9140944,1509140006.941364,3834
query,1509140006.941368,1509140007.1556633,15252
query,1509140007.155667,1509140007.2720509,8823
query,1509140007.2720544,1509140007.286766,1756
query,1509140007.2867706,1509140007.2898517,0
query,1509140007.289855,1509140007.5346944,14467
query,1509140007.5346982,1509140007.6694894,13806
query,1509140007.6694932,1509140008.6803112,37450
query,1509140008.6803145,1509140008.6970942,2388
query,1509140008.6970978,1509140008.7145557,2790
query,1509140008.7145593,1509140008.733722,2458
query,1509140008.7337265,1509140009.209035,31913
query,1509140009.2090397,1509140010.1977127,55036
query,1509140010.197716,1509140010.217807,2739
query,1509140010.217811,1509140010.2975185,9458
query,1509140010.2975223,1509140010.4141777,7729
query,1509140010.414181,1509140011.0156674,36485
query,1509140011.015671,1509140011.0438917,5997
query,1509140011.0438952,1509140011.0633273,2949
query,1509140011.063372,1509140011.0793417,244
query,1509140011.0921347,1509140011.2191317,10769
query,1509140011.2191353,1509140011.3601437,11577
query,1509140011.3601475,1509140012.1158721,41427
query,1509140012.115876,1509140012.1965253,5718
query,1509140012.1965299,1509140012.7370572,26371
query,1509140012.7370615,1509140012.7557955,3251
query,1509140012.7558,1509140013.7823918,29959
query,1509140013.7823956,1509140013.865612,5772
query,1509140013.8656163,1509140014.0359273,12094
query,1509140014.0359313,1509140014.1277933,7084
query,1509140014.1277974,1509140014.2919967,11184
query,1509140014.2920003,1509140014.6295629,21307
query,1509140014.629567,1509140015.0206833,36041
query,1509140015.020688,1509140015.1331897,10841
query,1509140015.133193,1509140015.5564942,23429
query,1509140015.5564978,1509140015.6554542,8685
query,1509140015.6554587,1509140016.070953,22159
query,1509140016.0709567,1509140016.3244019,11803
query,1509140016.324406,1509140016.3373024,28
query,1509140016.337339,1509140016.3544798,463
query,1509140016.3671248,1509140016.375193,1
query,1509140016.3751967,1509140016.4590323,12785
query,1509140016.4590359,1509140016.4913194,5071
query,1509140016.491323,1509140016.6170511,14923
query,1509140016.6170545,1509140016.6460679,4085
query,1509140016.6460714,1509140016.6686454,2076
query,1509140016.668649,1509140017.116088,36406
query,1509140017.1160915,1509140017.1357656,3512
query,1509140017.1357691,1509140017.1468894,45
query,1509140017.1468933,1509140017.5354006,33938
query,1509140017.5354044,1509140017.6046555,5982
query,1509140017.60466,1509140017.6153686,3
query,1509140017.6153722,1509140018.046906,30749
query,1509140018.0469098,1509140018.1111603,7993
query,1509140018.111164,1509140018.1240525,257
query,1509140018.1240563,1509140018.3864481,32556
query,1509140018.3864536,1509140018.4077175,3549
query,1509140018.4077215,1509140018.7235427,24513
query,1509140018.723546,1509140018.84793,11361
query,1509140018.8479714,1509140019.0809946,21172
query,1509140019.0933988,1509140019.1074197,223
query,1509140019.1074235,1509140019.492903,33043
query,1509140019.492907,1509140019.5098968,2232
query,1509140019.5099008,1509140019.5666294,5134
query,1509140019.566633,1509140019.5782256,62
query,1509140019.5782292,1509140019.5952952,2392
query,1509140019.5952995,1509140019.6096764,1473
query,1509140019.6096797,1509140019.6204488,11
query,1509140019.6204524,1509140019.6343071,900
query,1509140019.634311,1509140019.8755858,16247
query,1509140019.8755898,1509140019.888671,934
query,1509140019.8886747,1509140020.543562,38879
query,1509140020.5435655,1509140020.6414068,7475
query,1509140020.64141,1509140020.7035787,4553
query,1509140020.7035823,1509140020.7127523,4
query,1509140020.7127557,1509140020.9942644,17574
query,1509140020.9942684,1509140021.270351,17117
query,1509140021.2703543,1509140021.4777577,14777
query,1509140021.4777613,1509140022.216303,7620
query,1509140022.2163458,1509140022.3108659,8725
query,1509140022.3241343,1509140022.3422027,2667
query,1509140022.3422062,1509140022.5924747,17901
query,1509140022.5924788,1509140022.8042965,16060
query,1509140022.8043015,1509140022.807572,0
query,1509140022.807576,1509140023.9765284,39277
query,1509140023.9765317,1509140024.1312094,20393
query,1509140024.131213,1509140024.143634,542
query,1509140024.1436377,1509140024.156421,448
query,1509140024.1564243,1509140024.213314,5140
query,1509140024.2133176,1509140024.2765744,7652
query,1509140024.276579,1509140025.4368706,51657
query,1509140025.4368746,1509140026.5186625,44852
query,1509140026.5186667,1509140026.5236564,1
query,1509140026.5236595,1509140026.534417,9
query,1509140026.5344203,1509140027.0362606,35772
query,1509140027.0362642,1509140027.2378585,14250
query,1509140027.2378626,1509140027.585204,25701
query,1509140027.5852075,1509140027.5964842,167
query,1509140027.596489,1509140027.6187556,4462
query,1509140027.6187966,1509140028.0465994,36197
query,1509140028.0589492,1509140029.334597,50619
query,1509140029.3346012,1509140029.3929377,5150
query,1509140029.3929422,1509140030.4929435,42388
query,1509140030.4929478,1509140030.5981722,8358
query,1509140030.5981765,1509140030.8926766,17938
query,1509140030.8926811,1509140031.049862,16090
query,1509140031.0498655,1509140031.0642319,1210
query,1509140031.064236,1509140031.318649,18893
query,1509140031.3186533,1509140031.9229329,31236
query,1509140031.9229376,1509140033.3912718,35699
query,1509140033.3912764,1509140033.4132836,2256
query,1509140033.413287,1509140034.3921747,37604
query,1509140034.3921785,1509140035.3881025,51441
query,1509140035.3881068,1509140035.808741,22609
query,1509140035.8087447,1509140036.7397456,37379
query,1509140036.73975,1509140037.0010805,32163
query,1509140037.0010848,1509140037.1362476,9415
query,1509140037.1362517,1509140037.1559684,15
query,1509140037.1559725,1509140038.1403253,39368
query,1509140038.1403625,1509140038.159949,1561
query,1509140038.1726313,1509140038.3879023,17754
query,1509140038.3879066,1509140038.4024048,772
query,1509140038.4024086,1509140038.61319,8138
query,1509140038.6131942,1509140038.8195152,15050
query,1509140038.8195193,1509140039.0583658,17054
query,1509140039.0583696,1509140039.8152657,33191
query,1509140039.8152702,1509140040.0727615,12688
query,1509140040.0727668,1509140040.4709327,19920
query,1509140040.4709373,1509140040.8614209,22253
query,1509140040.8614247,1509140041.577043,7623
query,1509140041.5770469,1509140041.5895135,468
query,1509140041.5895169,1509140041.6084998,1469
query,1509140041.6085036,1509140042.527614,46173
query,1509140042.5276184,1509140042.536087,4
query,1509140042.5360904,1509140043.9561312,52139
query,1509140043.9561348,1509140044.2664015,14836
query,1509140044.2664063,1509140045.206964,46409
query,1509140045.2069676,1509140046.6787715,46266
query,1509140046.678776,1509140047.4011173,41088
query,1509140047.4011633,1509140048.5442042,41036
query,1509140048.5594172,1509140048.5725286,70
query,1509140048.5725322,1509140048.585526,407
query,1509140048.5855293,1509140048.892077,18634
query,1509140048.892081,1509140049.2093523,19999
query,1509140049.209356,1509140049.615046,20005
query,1509140049.6150572,1509140050.1471252,34367
query,1509140050.1471293,1509140050.1734085,2137
query,1509140050.1734123,1509140050.204313,3202
query,1509140050.2043169,1509140050.2266169,13
query,1509140050.226621,1509140050.7989345,22372
query,1509140050.7989385,1509140050.8102624,8
query,1509140050.810266,1509140050.880667,10056
query,1509140050.8806715,1509140051.3304574,32280
query,1509140051.3304613,1509140051.573202,16766
query,1509140051.5732062,1509140052.8125052,42356
query,1509140052.8125086,1509140052.8435342,5319
query,1509140052.843538,1509140053.8306358,45742
query,1509140053.8306394,1509140054.233933,16285
query,1509140054.233937,1509140054.4865565,16488
query,1509140054.4866025,1509140055.1042237,36265
query,1509140055.1167872,1509140055.1350875,2491
query,1509140055.135091,1509140055.76645,41472
query,1509140055.766454,1509140055.8451624,9769
query,1509140055.845166,1509140056.040963,10744
query,1509140056.040968,1509140056.4869716,34206
query,1509140056.486976,1509140056.5929997,8511
query,1509140056.5930035,1509140056.6094022,693
query,1509140056.6094062,1509140057.7082546,46887
query,1509140057.7082586,1509140057.8005166,8932
query,1509140057.8005204,1509140057.8203897,1206
query,1509140057.820394,1509140058.1426504,18753
query,1509140058.1426554,1509140058.347944,18571
query,1509140058.3479488,1509140058.6645749,24778
query,1509140058.6645784,1509140058.6761317,8
query,1509140058.6761353,1509140058.6927083,2021
query,1509140058.6927116,1509140058.7150707,4717
query,1509140058.7150738,1509140058.7814028,9144
query,1509140058.7814074,1509140059.1143029,29721
query,1509140059.1143072,1509140059.966629,40926
query,1509140059.9669297,1509140060.4754188,36580
query,1509140060.488269,1509140061.025759,32111
query,1509140061.0257623,1509140061.2947066,20167
query,1509140061.294774,1509140061.7121537,21645
query,1509140061.7121572,1509140061.8270214,11242
query,1509140061.8270257,1509140061.8399718,879
query,1509140061.839975,1509140061.852886,1046
query,1509140061.8528895,1509140062.1705527,22798
query,1509140062.1705565,1509140063.0720348,37541
query,1509140063.0720394,1509140064.1514509,37140
query,1509140064.1514544,1509140065.8817072,51391
query,1509140065.8817115,1509140066.4411876,31738
query,1509140066.4411917,1509140067.4991577,29996
query,1509140067.4991612,1509140067.5116694,27
query,1509140067.511673,1509140067.5932653,6040
query,1509140067.593269,1509140067.7096016,4831
query,1509140067.709605,1509140069.5124552,50245
query,1509140069.5124595,1509140069.7718687,14606
query,1509140069.7718723,1509140069.844164,4326
query,1509140069.844168,1509140070.10382,16640
query,1509140070.1038632,1509140070.125157,930
query,1509140070.1392822,1509140070.5138958,23109
query,1509140070.5139,1509140070.8663976,21278
query,1509140070.8664017,1509140071.1155467,14794
query,1509140071.1155508,1509140071.1362193,213
query,1509140071.136223,1509140071.277992,7108
query,1509140071.2779963,1509140072.198161,32232
query,1509140072.1981647,1509140072.3490343,13786
query,1509140072.3490381,1509140072.9687483,39636
query,1509140072.9687521,1509140072.9804554,14
query,1509140072.9804595,1509140073.2594745,24681
query,1509140073.2594783,1509140073.5152347,16977
query,1509140073.5152383,1509140073.5268571,237
query,1509140073.5268605,1509140074.262146,35150
query,1509140074.2621498,1509140074.2724674,6
query,1509140074.272471,1509140074.282974,143
query,1509140074.2829773,1509140075.0831594,35667
query,1509140075.083164,1509140075.0956028,687
query,1509140075.0956059,1509140075.7988014,39828
query,1509140075.798805,1509140076.649527,33870
query,1509140076.649569,1509140077.0958962,22561
query,1509140077.1081486,1509140077.1492722,5493
query,1509140077.1492755,1509140077.1939213,9073
query,1509140077.193925,1509140077.2090518,1566
query,1509140077.2090552,1509140077.2198496,221
query,1509140077.219853,1509140077.2303028,162
query,1509140077.2303069,1509140077.3203378,10744
query,1509140077.320341,1509140077.7732766,22978
query,1509140077.7732813,1509140077.7775958,1
query,1509140077.777599,1509140077.790293,644
query,1509140077.7902968,1509140077.8019435,212
query,1509140077.8019476,1509140078.5972154,44129
query,1509140078.59722,1509140079.649939,40850
query,1509140079.649943,1509140080.2551193,34395
query,1509140080.2551239,1509140080.2682357,274
query,1509140080.26824,1509140081.4196975,39508
query,1509140081.419702,1509140081.672133,18426
query,1509140081.6721368,1509140081.7858708,10693
query,1509140081.7858744,1509140082.005737,9295
query,1509140082.0057416,1509140082.4217165,32461
query,1509140082.4217613,1509140082.6455543,9453
query,1509140082.6592555,1509140082.9442577,17289
query,1509140082.9442618,1509140083.9053175,49781
query,1509140083.9053214,1509140083.9098473,0
query,1509140083.9098504,1509140084.9526281,37517
query,1509140084.952632,1509140084.9672592,1321
query,1509140084.9672632,1509140085.4164171,33844
query,1509140085.4164217,1509140085.5918293,14921
query,1509140085.5918334,1509140086.0468533,22156
query,1509140086.0468574,1509140086.1662858,10918
query,1509140086.1662893,1509140086.1779063,89
query,1509140086.1779094,1509140086.19654,3284
query,1509140086.1965435,1509140086.427112,15664
query,1509140086.4271157,1509140086.4389706,12
query,1509140086.4389737,1509140086.829876,21510
query,1509140086.8298795,1509140087.0750725,16549
query,1509140087.0750766,1509140087.09045,1696
query,1509140087.0904539,1509140087.1035378,215
query,1509140087.1035414,1509140087.467455,26779
query,1509140087.467459,1509140087.4707901,0
query,1509140087.4708245,1509140087.8910153,19184
query,1509140087.9033802,1509140088.3813293,21754
query,1509140088.3813334,1509140088.5163789,28928
query,1509140088.5163834,1509140088.848255,25112
query,1509140088.8482587,1509140088.8674095,56
query,1509140088.8674128,1509140089.4303265,31800
query,1509140089.4303308,1509140089.5438228,12342
query,1509140089.5438263,1509140089.5734289,2920
query,1509140089.5734324,1509140089.6695974,6744
query,1509140089.6696005,1509140089.8628712,19030
query,1509140089.862875,1509140090.7829447,7620
query,1509140090.7829492,1509140091.4205694,36379
query,1509140091.4205737,1509140091.4391363,2459
query,1509140091.4391403,1509140091.7394917,20511
query,1509140091.7394955,1509140092.2084138,34847
query,1509140092.2084177,1509140092.6845584,37638
query,1509140092.684562,1509140093.205026,33908
query,1509140093.20503,1509140093.2206604,1010
query,1509140093.2206635,1509140093.3179452,6370
query,1509140093.3179486,1509140093.3343146,2252
query,1509140093.3343527,1509140093.3421266,0
query,1509140093.343577,1509140093.3546185,182
query,1509140093.354622,1509140094.134077,7618
query,1509140094.1340806,1509140094.247687,7135
query,1509140094.2476907,1509140095.2374642,38039
query,1509140095.237468,1509140095.5824904,22610
query,1509140095.5824943,1509140095.820758,21801
query,1509140095.8207617,1509140095.9600527,14360
query,1509140095.960057,1509140095.9758224,729
query,1509140095.9758265,1509140095.9880705,212
query,1509140095.9880738,1509140097.1303625,53756
query,1509140097.130366,1509140097.144611,1131
query,1509140097.1446137,1509140097.8061864,31837
query,1509140097.806191,1509140098.4924088,48471
query,1509140098.4924128,1509140098.864199,13446
query,1509140098.8642032,1509140099.0031888,10720
query,1509140099.0031924,1509140099.656589,39418
query,1509140099.656593,1509140099.7735887,14018
query,1509140099.7735922,1509140099.7939389,3722
query,1509140099.7939425,1509140100.5991433,40360
query,1509140100.5991848,1509140101.7605133,51666
query,1509140101.7744224,1509140102.2137208,34513
query,1509140102.2137244,1509140102.4515233,32688
query,1509140102.4515276,1509140102.573699,7108
query,1509140102.5737033,1509140102.721405,15906
query,1509140102.7214086,1509140104.288556,55058
query,1509140104.2885597,1509140104.3041353,2114
query,1509140104.3041387,1509140104.3154356,33
query,1509140104.3154392,1509140104.7401996,35267
query,1509140104.7402039,1509140105.132223,28277
query,1509140105.132227,1509140105.2323864,6299
query,1509140105.2323897,1509140105.236778,0
query,1509140105.2367811,1509140105.2550163,12
query,1509140105.25502,1509140105.4764638,18856
query,1509140105.4764676,1509140105.6373525,15142
query,1509140105.6373565,1509140105.7495058,10561
query,1509140105.7495093,1509140105.758052,2
query,1509140105.7580557,1509140106.9629953,52943
query,1509140106.962999,1509140106.9836397,3569
query,1509140106.983643,1509140107.591622,7616
query,1509140107.5916672,1509140107.8252769,18746
query,1509140107.8374267,1509140108.0663314,19540
query,1509140108.066335,1509140108.088499,100
query,1509140108.0885024,1509140108.0998478,420
query,1509140108.099851,1509140108.1255307,3573
query,1509140108.1255338,1509140108.1479084,1097
query,1509140108.1479118,1509140108.5991526,21455
query,1509140108.5991564,1509140108.797618,17227
query,1509140108.7976222,1509140109.0283625,32900
query,1509140109.0283663,1509140109.0443742,1902
query,1509140109.0443776,1509140109.062583,3613
query,1509140109.0625865,1509140109.072658,5
query,1509140109.0726612,1509140109.3537765,29607
query,1509140109.3537803,1509140109.3661509,193
query,1509140109.366154,1509140109.3766832,175
query,1509140109.3766866,1509140109.3883188,629
query,1509140109.3883224,1509140109.4112222,4856
query,1509140109.4112256,1509140109.4723568,6079
query,1509140109.4723601,1509140109.566506,9317
query,1509140109.5665097,1509140109.9548564,24176
query,1509140109.9548974,1509140110.471534,36571
query,1509140110.4869316,1509140110.710862,17006
query,1509140110.7108655,1509140110.7230215,189
query,1509140110.7230248,1509140110.7395327,2570
query,1509140110.739537,1509140110.7514734,124
query,1509140110.7514765,1509140110.848975,6785
query,1509140110.848979,1509140110.8599498,129
query,1509140110.8599532,1509140110.8712907,28
query,1509140110.8712945,1509140110.8816752,21
query,1509140110.8816786,1509140110.8982856,2356
query,1509140110.8982892,1509140111.4269814,38813
query,1509140111.4269857,1509140111.441949,1518
query,1509140111.4419522,1509140111.453258,330
query,1509140111.4532614,1509140111.4658537,749
query,1509140111.4658568,1509140111.4835734,2723
query,1509140111.4835765,1509140111.5013328,2670
query,1509140111.5013363,1509140111.6438482,15128
query,1509140111.643852,1509140112.2661202,40846
query,1509140112.2661235,1509140112.8798728,36299
query,1509140112.8798769,1509140113.3089921,25039
query,1509140113.3090372,1509140113.7866414,26105
query,1509140113.7989528,1509140114.3602521,27492
query,1509140114.3602564,1509140114.4429505,7413
query,1509140114.442955,1509140114.456443,1319
query,1509140114.4564466,1509140114.4687562,684
query,1509140114.4687595,1509140114.4887433,3955
query,1509140114.4887474,1509140115.144566,40153
query,1509140115.1445696,1509140115.5698373,28073
query,1509140115.5698414,1509140115.5978885,2939
query,1509140115.5978923,1509140115.616489,75
query,1509140115.6164927,1509140115.7332978,7319
query,1509140115.7333016,1509140115.7511125,10
query,1509140115.7511165,1509140116.2499845,38800
query,1509140116.2499886,1509140116.2918608,7849
query,1509140116.2918646,1509140116.312324,3838
query,1509140116.3123274,1509140116.4391181,13349
query,1509140116.4391224,1509140116.5934944,8381
query,1509140116.5934982,1509140116.6327226,8657
query,1509140116.6327264,1509140116.9152377,17254
query,1509140116.9152412,1509140116.934348,3148
query,1509140116.934389,1509140117.3900847,25363
query,1509140117.4023283,1509140117.4171255,1482
query,1509140117.417129,1509140117.507021,5813
query,1509140117.5070248,1509140117.9034998,33223
query,1509140117.9035044,1509140117.9201398,2303
query,1509140117.9201436,1509140118.6273987,36782
query,1509140118.627403,1509140119.3697386,26918
query,1509140119.3697424,1509140119.5551825,17251
query,1509140119.5551863,1509140119.5648634,6
query,1509140119.564867,1509140120.2564578,37465
query,1509140120.2564628,1509140120.2617087,0
query,1509140120.2617118,1509140120.2679021,1
query,1509140120.2679055,1509140120.2742848,2
query,1509140120.2742882,1509140120.2780821,0
query,1509140120.278085,1509140120.4985132,21541
query,1509140120.4985163,1509140120.5037282,0
query,1509140120.5037305,1509140121.101134,36444
query,1509140121.1011379,1509140121.1114852,4
query,1509140121.1114886,1509140121.7969587,40031
query,1509140121.7969623,1509140121.9365668,13154
query,1509140121.9366088,1509140121.957445,80
query,1509140121.9695013,1509140122.7384496,39258
query,1509140122.7384534,1509140122.7586,571
query,1509140122.7586036,1509140122.7788608,630
query,1509140122.7788644,1509140122.9017131,9533
query,1509140122.9017174,1509140123.0335677,12484
query,1509140123.0335717,1509140123.1762736,12912
query,1509140123.1762776,1509140123.429774,32410
query,1509140123.4297779,1509140123.5463278,7701
query,1509140123.5463316,1509140123.576172,6401
query,1509140123.5761755,1509140123.8032377,14730
query,1509140123.8032413,1509140123.9381547,6879
query,1509140123.9381583,1509140124.1083288,15560
query,1509140124.1083329,1509140124.2740624,7997
query,1509140124.2740664,1509140124.307799,4540
query,1509140124.3078032,1509140124.4411464,12021
query,1509140124.4411504,1509140124.797812,17477
query,1509140124.7978158,1509140124.8493545,4176
query,1509140124.8493578,1509140125.292843,22756
query,1509140125.292847,1509140125.304136,22
query,1509140125.3041842,1509140125.3203573,526
query,1509140125.3328352,1509140125.345374,18
query,1509140125.345378,1509140125.9439554,46501
query,1509140125.9439595,1509140125.9612715,2369
query,1509140125.9612756,1509140125.9761803,2106
query,1509140125.9761834,1509140126.065053,6094
query,1509140126.0650568,1509140126.321916,25246
query,1509140126.3219197,1509140126.937298,26659
query,1509140126.9373016,1509140126.9563727,3072
query,1509140126.956376,1509140127.2495565,20818
query,1509140127.2495606,1509140127.3167517,6051
query,1509140127.3167555,1509140127.5497186,14458
query,1509140127.5497231,1509140127.651913,8076
query,1509140127.6519165,1509140127.7473269,10802
query,1509140127.7473304,1509140128.006233,34297
query,1509140128.0062373,1509140128.1593897,14389
query,1509140128.1593938,1509140128.228048,9697
query,1509140128.228052,1509140128.2457952,2743
query,1509140128.2457986,1509140128.2635303,2941
query,1509140128.2635334,1509140128.2754252,271
query,1509140128.2754626,1509140128.2927792,989
query,1509140128.3061683,1509140129.0042255,36690
query,1509140129.0042298,1509140129.073331,6495
query,1509140129.0733354,1509140129.3574386,22893
query,1509140129.3574424,1509140130.7908585,41431
query,1509140130.7908623,1509140132.4364626,56361
query,1509140132.436467,1509140132.629896,14620
query,1509140132.6299,1509140132.6343665,0
query,1509140132.6343703,1509140132.7586143,13117
query,1509140132.758618,1509140132.7722657,2
query,1509140132.7722702,1509140133.5808513,25935
query,1509140133.5808558,1509140133.6874363,9550
query,1509140133.6874404,1509140133.7453685,7034
query,1509140133.745373,1509140135.424421,52682
query,1509140135.424425,1509140135.4277267,0
query,1509140135.42773,1509140135.8248935,29533
query,1509140135.8248975,1509140136.8960907,42175
query,1509140136.896095,1509140137.699964,50054
query,1509140137.699968,1509140138.1099997,23755
query,1509140138.1100037,1509140138.219395,9589
query,1509140138.2194352,1509140138.3358564,6193
query,1509140138.34804,1509140138.359512,6
query,1509140138.3595154,1509140138.3689764,4
query,1509140138.3689792,1509140138.3752656,2
query,1509140138.3752692,1509140138.3879914,652
query,1509140138.3879952,1509140138.512618,11985
query,1509140138.512622,1509140138.7845445,25043
query,1509140138.7845488,1509140138.9575982,13876
query,1509140138.9576018,1509140139.1415403,14399
query,1509140139.1415443,1509140139.6282,25532
query,1509140139.6282039,1509140139.63957,10
query,1509140139.6395733,1509140139.7526407,5877
query,1509140139.7526445,1509140139.830982,7605
query,1509140139.8309863,1509140139.9760237,9765
query,1509140139.976028,1509140140.2077572,12115
query,1509140140.207761,1509140140.3458946,12816
query,1509140140.3458984,1509140141.0325902,28380
query,1509140141.0325947,1509140141.1556196,11309
query,1509140141.1556232,1509140141.171949,2074
query,1509140141.1719525,1509140141.365996,16031
query,1509140141.3660355,1509140141.7015607,29442
query,1509140141.7142313,1509140141.7340195,2399
query,1509140141.7340236,1509140141.990632,27022
query,1509140141.9906359,1509140142.3081067,20303
query,1509140142.308111,1509140143.7243307,50647
query,1509140143.7243354,1509140143.9684887,14782
query,1509140143.9684927,1509140144.4706976,28604
query,1509140144.4707017,1509140144.4766793,1
query,1509140144.4766824,1509140144.5654352,8172
query,1509140144.5654387,1509140144.5881464,5049
query,1509140144.5881503,1509140144.6391058,5270
query,1509140144.6391103,1509140144.65666,7
query,1509140144.6566637,1509140145.315275,42574
query,1509140145.3152783,1509140145.3361096,3006
query,1509140145.3361132,1509140146.5262547,51584
query,1509140146.526259,1509140147.4520257,32630
query,1509140147.4520297,1509140148.3521843,37713
query,1509140148.352188,1509140148.3681812,2369
query,1509140148.3681846,1509140148.484404,8758
query,1509140148.4844081,1509140148.8781893,15710
query,1509140148.8782308,1509140148.8956428,1220
query,1509140148.9070582,1509140148.9300501,4356
query,1509140148.9300535,1509140149.3482316,21914
query,1509140149.3482356,1509140149.362399,1330
query,1509140149.3624027,1509140149.3697546,4
query,1509140149.369758,1509140149.9391844,26891
query,1509140149.9391887,1509140150.7629044,41853
query,1509140150.762908,1509140150.7760148,949
query,1509140150.7760186,1509140150.8817937,9382
query,1509140150.8817976,1509140150.907214,4258
query,1509140150.9072173,1509140151.007328,7556
query,1509140151.0073316,1509140151.4088948,21881
query,1509140151.4088988,1509140151.6241791,17338
query,1509140151.6241832,1509140151.6508393,5814
query,1509140151.6508431,1509140151.7136266,6506
query,1509140151.7136302,1509140151.7320411,3132
query,1509140151.7320452,1509140153.0526922,53583
query,1509140153.052696,1509140153.266146,15890
query,1509140153.26615,1509140153.2768865,9
query,1509140153.2768896,1509140153.2897196,1173
query,1509140153.2897577,1509140153.4083188,12216
query,1509140153.4205909,1509140153.966265,23861
query,1509140153.9662688,1509140154.1562529,14871
query,1509140154.156257,1509140154.1673675,13
query,1509140154.1673706,1509140154.7580435,35349
query,1509140154.7580473,1509140155.2920868,22575
query,1509140155.2920914,1509140155.6966586,20872
query,1509140155.696663,1509140155.8010223,14817
query,1509140155.801026,1509140155.9776556,11609
query,1509140155.9776595,1509140156.0734193,8538
query,1509140156.0734239,1509140156.089623,2016
query,1509140156.0896268,1509140156.0929089,0
query,1509140156.0929122,1509140156.9640892,38016
query,1509140156.9640944,1509140157.137216,11051
query,1509140157.1372206,1509140158.0251,40713
query,1509140158.0251045,1509140158.1021562,5121
query,1509140158.102161,1509140158.1191518,2350
query,1509140158.1191564,1509140158.8080363,37287
query,1509140158.8080404,1509140159.4887793,39347
query,1509140159.4887836,1509140159.8515365,23180
query,1509140159.8515797,1509140160.3208225,14512
query,1509140160.3338337,1509140160.6308482,16878
query,1509140160.630852,1509140160.887606,15237
query,1509140160.8876102,1509140160.957049,4607
query,1509140160.9570527,1509140160.9710588,1169
query,1509140160.9710624,1509140160.9844708,915
query,1509140160.9844747,1509140160.9976418,746
query,1509140160.9976459,1509140161.0112023,458
query,1509140161.0112062,1509140161.581089,36010
query,1509140161.581093,1509140161.664755,6923
query,1509140161.6647582,1509140161.6693053,0
query,1509140161.6693082,1509140162.0045366,19511
query,1509140162.004541,1509140162.027306,610
query,1509140162.0273101,1509140162.0606694,2886
query,1509140162.0606735,1509140162.4557755,24707
query,1509140162.4557793,1509140162.5788867,10030
query,1509140162.578891,1509140163.7864473,39765
query,1509140163.7864516,1509140165.2379062,36556
query,1509140165.2379103,1509140165.8078125,24911
query,1509140165.8078158,1509140165.8240054,323
query,1509140165.8240452,1509140165.920637,8244
query,1509140165.9331183,1509140166.05048,9282
query,1509140166.0504842,1509140166.062437,245
query,1509140166.0624413,1509140166.979104,30103
query,1509140166.9791083,1509140167.0065427,6482
query,1509140167.0065465,1509140167.1197424,14712
query,1509140167.1197467,1509140167.1269417,2
query,1509140167.1269448,1509140167.4400446,22730
query,1509140167.4400492,1509140167.4630833,4156
query,1509140167.4630876,1509140167.7264793,15890
query,1509140167.7264838,1509140167.8176734,8790
query,1509140167.8176777,1509140168.597516,31327
query,1509140168.5975196,1509140168.9575143,25975
query,1509140168.957518,1509140168.9697204,3
query,1509140168.9697237,1509140169.4772546,33989
query,1509140169.4772592,1509140169.6700883,21274
query,1509140169.6700923,1509140169.6886778,681
query,1509140169.6886811,1509140171.459966,37868
query,1509140171.4599698,1509140171.9709203,27364
query,1509140171.9709249,1509140172.8134663,32215
query,1509140172.813509,1509140172.8771574,4104
query,1509140172.8897595,1509140172.9059048,2358
query,1509140172.9059083,1509140172.9673316,6888
query,1509140172.967335,1509140173.7464488,34749
query,1509140173.7464528,1509140173.7602184,923
query,1509140173.760222,1509140174.020855,30951
query,1509140174.020859,1509140174.5228677,29123
query,1509140174.5228713,1509140174.5261812,0
query,1509140174.5261846,1509140174.7940927,20530
query,1509140174.794097,1509140175.6798975,38599
query,1509140175.6799018,1509140175.952477,18123
query,1509140175.952481,1509140175.9713597,2913
query,1509140175.9713633,1509140176.3519707,35942
query,1509140176.3519742,1509140176.3853893,6867
query,1509140176.385393,1509140176.3996232,1298
query,1509140176.399627,1509140176.4079323,3
query,1509140176.4079356,1509140176.4106896,0
query,1509140176.4106922,1509140176.422865,862
query,1509140176.4228683,1509140176.7956727,21743
query,1509140176.7956765,1509140177.1934965,18914
query,1509140177.1935403,1509140177.2077482,88
query,1509140177.2209995,1509140178.3176808,50135
query,1509140178.3176844,1509140178.8946857,24676
query,1509140178.89469,1509140179.7525303,41037
query,1509140179.7525349,1509140179.7656548,832
query,1509140179.7656581,1509140179.7885153,3958
query,1509140179.7885194,1509140180.0505824,16983
query,1509140180.050587,1509140180.0630615,398
query,1509140180.0630648,1509140180.6746013,36982
query,1509140180.6746047,1509140181.0914567,19586
query,1509140181.0914605,1509140181.3222122,18885
query,1509140181.322216,1509140181.3400993,689
query,1509140181.3401031,1509140181.3512318,69
query,1509140181.351235,1509140181.807889,26285
query,1509140181.8078926,1509140181.8183851,5
query,1509140181.818389,1509140181.8375294,1037
query,1509140181.837533,1509140181.853372,137
query,1509140181.8533754,1509140182.7511973,31423
query,1509140182.751202,1509140182.7716439,2795
query,1509140182.7716472,1509140182.791335,2699
query,1509140182.7913733,1509140182.8142025,3331
query,1509140182.8284705,1509140182.843753,1510
query,1509140182.8437572,1509140183.8164752,32348
query,1509140183.8164787,1509140183.821502,1
query,1509140183.8215055,1509140183.832924,7
query,1509140183.8329272,1509140183.8443928,12
query,1509140183.8443964,1509140185.0545092,41474
query,1509140185.0545127,1509140185.0658762,111
query,1509140185.0658805,1509140186.256316,40778
query,1509140186.25632,1509140186.2724347,1094
query,1509140186.2724385,1509140186.283607,7
query,1509140186.2836103,1509140186.6367188,28598
query,1509140186.6367223,1509140187.2222621,7616
query,1509140187.2222657,1509140187.9223218,46995
query,1509140187.9223268,1509140188.07895,16883
query,1509140188.078954,1509140188.2609627,16558
query,1509140188.2609668,1509140188.715471,21593
query,1509140188.7154748,1509140189.662209,39974
query,1509140189.6622128,1509140189.6772,1493
query,1509140189.6772037,1509140189.921661,17301
query,1509140189.9217005,1509140190.2504296,28571
query,1509140190.262623,1509140191.237704,49953
query,1509140191.237708,1509140191.3708084,17200
query,1509140191.3708124,1509140191.3849924,621
query,1509140191.3849957,1509140191.3974974,104
query,1509140191.397501,1509140191.6499994,22709
query,1509140191.6500032,1509140191.6600897,5
query,1509140191.6600928,1509140191.671835,108
query,1509140191.6718385,1509140191.9457748,27555
query,1509140191.9457788,1509140192.0831192,13110
query,1509140192.083123,1509140192.3097732,22862
query,1509140192.3097768,1509140192.3397505,3612
query,1509140192.3397543,1509140193.678159,52593
query,1509140193.6781628,1509140194.9902308,46563
query,1509140194.990235,1509140195.088774,8010
query,1509140195.0887775,1509140195.104267,1168
query,1509140195.104271,1509140195.125336,3936
query,1509140195.1253405,1509140195.1445925,2748
query,1509140195.1445963,1509140195.1495612,1
query,1509140195.1495645,1509140195.1628375,570
query,1509140195.1628764,1509140195.3414884,11260
query,1509140195.3525646,1509140195.3647258,237
query,1509140195.3647301,1509140195.379767,687
query,1509140195.3797703,1509140195.3957605,1557
query,1509140195.3957644,1509140195.547255,9327
query,1509140195.5472586,1509140195.5670242,44
query,1509140195.567028,1509140195.6287043,4476
query,1509140195.6287086,1509140195.6323597,0
query,1509140195.632363,1509140195.8345597,17166
query,1509140195.8345637,1509140196.5696802,40905
query,1509140196.5696838,1509140196.5825188,946
query,1509140196.5825224,1509140196.5983832,143
query,1509140196.598387,1509140196.717599,10937
query,1509140196.7176027,1509140196.8919606,11143
query,1509140196.8919673,1509140196.9063044,200
query,1509140196.9063084,1509140197.1029956,18584
query,1509140197.1029992,1509140197.175852,10463
query,1509140197.1758556,1509140197.1803892,1
query,1509140197.1803918,1509140197.552352,29411
query,1509140197.552356,1509140197.569256,2297
query,1509140197.5692947,1509140197.5991702,5593
query,1509140197.6117575,1509140197.6336763,3295
query,1509140197.6336799,1509140198.3116062,36336
query,1509140198.3116102,1509140198.8174677,24503
query,1509140198.817473,1509140198.837531,3503
query,1509140198.837535,1509140199.055073,19984
query,1509140199.0550766,1509140199.1011424,5541
query,1509140199.1011465,1509140200.0360336,52485
query,1509140200.0360377,1509140200.146252,10508
query,1509140200.1462553,1509140200.6750653,42476
query,1509140200.6750693,1509140201.3311496,34438
query,1509140201.3311543,1509140201.4588358,12077
query,1509140201.4588397,1509140201.6231937,13857
query,1509140201.6231964,1509140202.497474,38146
query,1509140202.4974785,1509140202.8393009,35173
query,1509140202.839304,1509140203.0915496,19175
query,1509140203.0915532,1509140204.1286695,37317
query,1509140204.1286733,1509140204.3698182,16533
query,1509140204.369822,1509140204.3853314,1828
query,1509140204.3853347,1509140204.3959806,281
query,1509140204.3960185,1509140204.4129503,247
query,1509140204.4253857,1509140204.6620052,18270
query,1509140204.662009,1509140204.678612,478
query,1509140204.6786156,1509140204.7769918,11277
query,1509140204.7769961,1509140205.0633252,29417
query,1509140205.0633297,1509140205.1095014,4671
query,1509140205.1095052,1509140205.1978588,9573
query,1509140205.1978629,1509140205.222081,3862
query,1509140205.222085,1509140205.6698096,36220
query,1509140205.6698139,1509140205.9321225,17897
query,1509140205.9321258,1509140205.9438026,473
query,1509140205.943806,1509140206.4786282,36208
query,1509140206.4786327,1509140206.4985402,3178
query,1509140206.498544,1509140206.5135853,140
query,1509140206.5135891,1509140207.1980834,38427
query,1509140207.1980872,1509140207.7227645,40017
query,1509140207.7227685,1509140208.1676927,36213
query,1509140208.1676972,1509140208.443642,25229
query,1509140208.443646,1509140208.5601387,12714
query,1509140208.5601428,1509140208.5724537,752
query,1509140208.572488,1509140208.5855224,1
query,1509140208.5881133,1509140208.5938444,0
query,1509140208.5938485,1509140208.616167,4455
query,1509140208.6161706,1509140208.6193802,0
query,1509140208.619384,1509140208.640576,4032
query,1509140208.6405797,1509140208.6440227,0
query,1509140208.644026,1509140208.716474,6819
query,1509140208.7164776,1509140208.7274559,25
query,1509140208.72746,1509140209.5972514,38416
query,1509140209.5972552,1509140210.0505466,29117
query,1509140210.0505507,1509140210.1941926,9247
query,1509140210.194197,1509140210.3814127,11886
query,1509140210.3814163,1509140210.4915497,9059
query,1509140210.4915535,1509140210.5112767,2993
query,1509140210.5112813,1509140210.926904,20093
query,1509140210.9269083,1509140210.9952638,7275
query,1509140210.9952676,1509140212.1861386,55570
query,1509140212.1861422,1509140212.1904542,1
query,1509140212.1904569,1509140212.2810025,6328
query,1509140212.281006,1509140212.324729,6312
query,1509140212.3247716,1509140212.3420355,971
query,1509140212.3559752,1509140212.3852942,7308
query,1509140212.3852975,1509140212.6222448,15691
query,1509140212.6222486,1509140212.6282601,0
query,1509140212.6282637,1509140213.0362,20287
query,1509140213.0362039,1509140213.2285206,13132
query,1509140213.228524,1509140213.4474454,17716
query,1509140213.447449,1509140213.4625504,1952
query,1509140213.462554,1509140214.1977289,7618
query,1509140214.1977324,1509140215.4902222,47926
query,1509140215.4902265,1509140215.5135539,4147
query,1509140215.513557,1509140215.7456164,18664
query,1509140215.7456203,1509140215.8683817,10256
query,1509140215.8683856,1509140216.4962125,31704
query,1509140216.4962163,1509140216.5149963,2785
query,1509140216.5149996,1509140216.6696913,15394
query,1509140216.6696947,1509140216.7388642,6120
query,1509140216.7388682,1509140216.756979,2790
query,1509140216.7569826,1509140216.9938293,20095
query,1509140216.9938328,1509140217.0057225,387
query,1509140217.005763,1509140217.6016777,32286
query,1509140217.6146598,1509140218.326412,36520
query,1509140218.3264155,1509140218.3426876,2657
query,1509140218.3426914,1509140218.5735204,10118
query,1509140218.573524,1509140218.784512,14587
query,1509140218.7845156,1509140218.79263,2
query,1509140218.7926328,1509140218.8100495,2774
query,1509140218.8100529,1509140218.8188024,5
query,1509140218.818806,1509140218.8243594,2
query,1509140218.8243625,1509140218.8292363,2
query,1509140218.8292394,1509140219.630664,40311
query,1509140219.6306682,1509140219.6459277,658
query,1509140219.6459317,1509140219.6598277,33
query,1509140219.659831,1509140219.8200092,9604
query,1509140219.8200128,1509140220.5227795,35188
query,1509140220.5227835,1509140220.622677,6139
query,1509140220.6226804,1509140220.6416237,3225
query,1509140220.6416276,1509140220.6543536,744
query,1509140220.6543565,1509140221.0266862,24052
query,1509140221.0266905,1509140221.3611367,22881
query,1509140221.3611796,1509140221.6749892,23394
query,1509140221.6873064,1509140222.1037061,25657
query,1509140222.1037111,1509140222.3773148,32794
query,1509140222.3773193,1509140223.2078576,45701
query,1509140223.207862,1509140223.2834332,7844
query,1509140223.2834375,1509140223.288333,0
query,1509140223.2883358,1509140223.4813063,10760
query,1509140223.4813106,1509140223.4962685,1043
query,1509140223.496297,1509140223.5164027,4187
query,1509140223.5164065,1509140223.587265,8061
query,1509140223.5872693,1509140224.0230334,34439
query,1509140224.0230374,1509140224.163071,10125
query,1509140224.1630754,1509140224.181017,2827
query,1509140224.1810207,1509140224.265609,7449
query,1509140224.2656126,1509140224.2837615,2552
query,1509140224.2837646,1509140224.3394513,5291
query,1509140224.339455,1509140224.3446572,2
query,1509140224.3446608,1509140224.6105537,20114
query,1509140224.610558,1509140225.1885676,24038
query,1509140225.1885717,1509140226.4470582,38718
query,1509140226.4471052,1509140226.5635176,27208
query,1509140226.5763438,1509140226.6518235,7648
query,1509140226.6518276,1509140226.6764832,4963
query,1509140226.676487,1509140226.8510041,16647
query,1509140226.8510091,1509140227.0819356,21372
query,1509140227.0819397,1509140227.2051024,10980
query,1509140227.2051065,1509140227.300488,8815
query,1509140227.3004916,1509140227.9901567,34513
query,1509140227.9901605,1509140228.0996926,9453
query,1509140228.0996966,1509140228.2273932,12690
query,1509140228.2273967,1509140228.5694563,26488
query,1509140228.5694602,1509140228.6792152,7555
query,1509140228.6792188,1509140228.9118967,32158
query,1509140228.9119012,1509140228.92355,13
query,1509140228.9235535,1509140229.8513064,40332
query,1509140229.8513105,1509140229.863531,377
query,1509140229.8635352,1509140231.0635407,37397
query,1509140231.0635445,1509140231.0825298,2657
query,1509140231.0825331,1509140231.0940657,217
query,1509140231.09407,1509140231.0973413,0
query,1509140231.0973773,1509140231.548354,22616
query,1509140231.56111,1509140231.6773925,13615
query,1509140231.6773963,1509140231.6966925,4132
query,1509140231.6966958,1509140231.6997354,0
query,1509140231.6997383,1509140231.7105796,310
query,1509140231.7105827,1509140231.8305247,10746
query,1509140231.8305283,1509140231.842762,127
query,1509140231.8427665,1509140231.9509807,10569
query,1509140231.9509854,1509140232.8897557,33642
query,1509140232.8897598,1509140232.9063344,15
query,1509140232.9063377,1509140232.92716,3365
query,1509140232.9271646,1509140233.138272,16238
query,1509140233.1382763,1509140233.2816186,11022
query,1509140233.2816224,1509140233.3012533,3048
query,1509140233.301257,1509140233.3130982,97
query,1509140233.3131022,1509140233.596995,15690
query,1509140233.5969992,1509140233.6136305,1904
query,1509140233.6136343,1509140233.7144127,9719
query,1509140233.7144165,1509140233.725871,6
query,1509140233.7258744,1509140233.814365,6704
query,1509140233.8144054,1509140234.0576088,17025
query,1509140234.0701034,1509140234.8818395,49639
query,1509140234.8818433,1509140235.2636435,21751
query,1509140235.263648,1509140235.370381,8524
query,1509140235.3703847,1509140235.4372745,4909
query,1509140235.4372778,1509140235.4512935,815
query,1509140235.451297,1509140235.4716773,3426
query,1509140235.4716816,1509140235.4747205,0
query,1509140235.4747663,1509140235.6808853,16451
query,1509140235.680889,1509140235.7005281,4007
query,1509140235.7005312,1509140235.7128553,8
query,1509140235.7128592,1509140235.729529,1777
query,1509140235.729532,1509140235.9140947,10312
query,1509140235.9140983,1509140235.9263587,44
query,1509140235.9263623,1509140237.5543349,62129
query,1509140237.554339,1509140237.573135,1554
query,1509140237.5731385,1509140237.8961742,22831
query,1509140237.8961792,1509140238.03781,8244
query,1509140238.0378146,1509140238.1013064,5910
query,1509140238.10131,1509140238.1484587,9511
query,1509140238.148498,1509140238.9075727,22396
query,1509140238.9201531,1509140239.5392985,33767
query,1509140239.5393023,1509140239.6943338,11030
query,1509140239.6943378,1509140239.7089,1132
query,1509140239.7089033,1509140239.7274969,130
query,1509140239.7275,1509140239.7468853,90
query,1509140239.7468886,1509140239.7708828,972
query,1509140239.770887,1509140239.7911687,1056
query,1509140239.7911727,1509140240.0857189,21191
query,1509140240.0857224,1509140241.5824845,49815
query,1509140241.5824885,1509140241.61019,3150
query,1509140241.6101935,1509140241.6175563,1
query,1509140241.6175601,1509140241.6391482,3754
query,1509140241.6391535,1509140242.874604,42837
query,1509140242.8746085,1509140242.9609377,11486
query,1509140242.9609418,1509140243.1111004,15354
query,1509140243.1111042,1509140243.1296115,3538
query,1509140243.1296148,1509140243.2055147,8416
query,1509140243.2055185,1509140243.2170236,305
query,1509140243.217027,1509140243.3115273,12498
query,1509140243.3115675,1509140244.1470256,44685
query,1509140244.1610444,1509140244.2895656,11516
query,1509140244.2895696,1509140244.4379878,10745
query,1509140244.4379916,1509140244.4586341,276
query,1509140244.458638,1509140244.8833594,19695
query,1509140244.8833632,1509140245.6831906,39680
query,1509140245.683195,1509140245.9130046,14363
query,1509140245.9130087,1509140246.145761,18428
query,1509140246.1457658,1509140246.6100698,23977
query,1509140246.6100733,1509140248.633706,19563
query,1509140248.6337101,1509140248.692074,5721
query,1509140248.6920784,1509140248.8405259,10146
query,1509140248.8405294,1509140248.8438132,0
query,1509140248.8438168,1509140249.794348,34790
query,1509140249.794352,1509140250.8646345,37844
query,1509140250.8646383,1509140250.8679795,0
query,1509140250.867983,1509140251.0285604,10415
query,1509140251.0285645,1509140252.3075337,52351
query,1509140252.3075373,1509140252.5058992,11828
query,1509140252.5059028,1509140252.665484,11695
query,1509140252.665528,1509140253.383917,36367
query,1509140253.3963103,1509140254.1772242,37229
query,1509140254.177228,1509140254.2745473,8910
query,1509140254.2745514,1509140254.3823154,7374
query,1509140254.3823202,1509140255.4713318,48014
query,1509140255.471336,1509140255.4862788,1568
query,1509140255.4862823,1509140256.457196,49135
query,1509140256.4572003,1509140256.4708383,1100
query,1509140256.4708428,1509140256.4899044,3906
query,1509140256.4899075,1509140257.0802977,46007
query,1509140257.0803015,1509140257.20656,6273
query,1509140257.2065644,1509140257.2966585,5652
query,1509140257.296662,1509140257.5882888,19634
query,1509140257.588293,1509140258.4797204,51073
query,1509140258.4797244,1509140258.5154133,8304
query,1509140258.5154169,1509140258.5262797,42
query,1509140258.5262825,1509140258.5323184,1
query,1509140258.5323222,1509140258.5435452,307
query,1509140258.5435486,1509140258.6539094,7113
query,1509140258.6539133,1509140258.670171,1428
query,1509140258.6702151,1509140258.7352333,6726
query,1509140258.747286,1509140258.8179293,7516
query,1509140258.8179333,1509140258.832599,1087
query,1509140258.8326023,1509140259.0155816,11557
query,1509140259.015586,1509140259.3006768,20977
query,1509140259.3006806,1509140259.3043952,0
query,1509140259.3043985,1509140259.3184295,1080
query,1509140259.3184328,1509140259.3397746,4214
query,1509140259.339778,1509140259.3513277,100
query,1509140259.3513308,1509140259.3697522,3534
query,1509140259.3697553,1509140259.9406831,33022
query,1509140259.9406874,1509140259.9530838,195
query,1509140259.9530876,1509140260.2640283,18821
query,1509140260.2640326,1509140260.3506236,5938
query,1509140260.3506274,1509140260.4094918,4679
query,1509140260.4094954,1509140260.4156282,3
query,1509140260.4156315,1509140260.4305913,6
query,1509140260.4305947,1509140260.5492325,9598
query,1509140260.5492363,1509140261.1996253,41072
query,1509140261.1996298,1509140261.2181032,2053
query,1509140261.2181528,1509140261.4461453,16694
query,1509140261.4580529,1509140261.4613008,0
query,1509140261.4613044,1509140261.9174008,36187
query,1509140261.9174056,1509140261.9305015,1068
query,1509140261.930505,1509140262.117784,14833
query,1509140262.1177876,1509140262.662525,23529
query,1509140262.662529,1509140262.7246315,5860
query,1509140262.7246351,1509140263.0509434,24411
query,1509140263.0509484,1509140263.2642827,17025
query,1509140263.264286,1509140263.9241476,38242
query,1509140263.9241514,1509140264.4787903,35269
query,1509140264.478794,1509140265.2905333,43163
query,1509140265.2905374,1509140265.6926374,22501
query,1509140265.6926415,1509140266.1262774,35828
query,1509140266.1262815,1509140266.5152097,21889
query,1509140266.5152137,1509140267.0306587,34541
query,1509140267.0306628,1509140267.0446582,1031
query,1509140267.044662,1509140267.8448262,41128
query,1509140267.844831,1509140267.979422,10490
query,1509140267.979426,1509140267.9898489,6
query,1509140267.9898882,1509140268.2439878,26157
query,1509140268.2571547,1509140268.3962176,16555
query,1509140268.3962214,1509140268.6087608,9069
query,1509140268.6087646,1509140268.8413346,16858
query,1509140268.8413382,1509140269.1071572,12926
query,1509140269.1071608,1509140269.2225869,10426
query,1509140269.222591,1509140269.6751075,34101
query,1509140269.6751125,1509140269.9222803,20929
query,1509140269.9222844,1509140269.9414363,2798
query,1509140269.9414396,1509140269.9539738,200
query,1509140269.953977,1509140270.5024993,37081
query,1509140270.5025032,1509140271.348433,45202
query,1509140271.348437,1509140271.3516989,0
query,1509140271.3517027,1509140272.5429285,42760
query,1509140272.5429327,1509140272.651711,9262
query,1509140272.6517148,1509140272.6629374,112
query,1509140272.662942,1509140272.7322283,8849
query,1509140272.7322326,1509140272.868518,13018
query,1509140272.8685224,1509140273.000384,7492
query,1509140273.000388,1509140273.0036097,0
query,1509140273.0036447,1509140273.3222902,34630
query,1509140273.3348255,1509140273.3391175,0
query,1509140273.3391206,1509140273.6163483,17944
query,1509140273.616352,1509140273.6311831,1125
query,1509140273.631187,1509140273.9252377,19702
query,1509140273.9252417,1509140274.5496724,39293
query,1509140274.5496762,1509140274.8857021,25589
query,1509140274.8857057,1509140274.9143193,5296
query,1509140274.914324,1509140274.9350634,3154
query,1509140274.9350672,1509140274.9574726,3817
query,1509140274.9574766,1509140276.2567434,51350
query,1509140276.2567472,1509140276.268832,255
query,1509140276.2688355,1509140276.3506532,6052
query,1509140276.3506567,1509140276.353905,0
query,1509140276.353908,1509140277.821975,52481
query,1509140277.821979,1509140279.033668,52106
query,1509140279.0336726,1509140279.2481737,19541
query,1509140279.2481775,1509140280.0068452,39688
query,1509140280.0068488,1509140280.6543446,47900
query,1509140280.6543481,1509140280.6709812,9
query,1509140280.6710198,1509140280.695352,32
query,1509140280.7085114,1509140281.6475492,45471
query,1509140281.6475537,1509140281.955953,17667
query,1509140281.9559574,1509140282.9720256,45755
query,1509140282.9720292,1509140283.1815639,17946
query,1509140283.1815681,1509140283.3573952,16515
query,1509140283.3573995,1509140283.369357,392
query,1509140283.3693604,1509140283.3823986,911
query,1509140283.3824382,1509140283.402295,2960
query,1509140283.4022982,1509140283.4223313,516
query,1509140283.4223344,1509140283.8106244,34056
query,1509140283.8106284,1509140284.1094384,21601
query,1509140284.109442,1509140285.0169775,41453
query,1509140285.0169816,1509140285.4413273,36317
query,1509140285.4413316,1509140285.4522085,102
query,1509140285.4522119,1509140285.815583,19344
query,1509140285.815587,1509140285.9250345,13472
query,1509140285.9250386,1509140286.0177884,9337
query,1509140286.0177927,1509140286.1259859,11693
query,1509140286.1259902,1509140286.852002,35685
query,1509140286.8520434,1509140286.9617164,11808
query,1509140286.974219,1509140287.1556518,16803
query,1509140287.1556559,1509140287.273151,7310
query,1509140287.2731552,1509140287.2951453,1415
query,1509140287.2951498,1509140288.0417979,35129
query,1509140288.0418017,1509140288.1417437,24111
query,1509140288.1417475,1509140288.845239,27436
query,1509140288.845243,1509140288.8501801,0
query,1509140288.8501832,1509140289.16297,33262
query,1509140289.162974,1509140289.3243227,14190
query,1509140289.3243265,1509140289.3365698,144
query,1509140289.3365734,1509140289.8275924,15837
query,1509140289.8275967,1509140289.9089823,9788
query,1509140289.9089868,1509140290.039146,13910
query,1509140290.0391493,1509140290.2985382,25532
query,1509140290.2985425,1509140290.37568,4988
query,1509140290.375684,1509140290.5963526,11211
query,1509140290.5963566,1509140290.6616275,9512
query,1509140290.6616316,1509140290.6762042,1184
query,1509140290.6762075,1509140291.4672413,43413
query,1509140291.467286,1509140291.5643125,6271
query,1509140291.5773795,1509140291.8037891,9176
query,1509140291.8037932,1509140292.1337776,9674
query,1509140292.1337812,1509140292.599702,13950
query,1509140292.5997055,1509140293.508501,36155
query,1509140293.5085049,1509140294.0419116,26208
query,1509140294.0419152,1509140294.1539056,14413
query,1509140294.1539102,1509140295.2600017,38397
query,1509140295.2600067,1509140295.4089532,11641
query,1509140295.4089572,1509140295.422868,703
query,1509140295.4228714,1509140296.80754,40617
query,1509140296.8075445,1509140296.8296547,3800
query,1509140296.8296587,1509140297.8211336,40659
query,1509140297.8211377,1509140298.582576,23998
query,1509140298.5825794,1509140298.5945003,89
query,1509140298.594504,1509140299.939905,48372
query,1509140299.9399095,1509140300.0204313,9458
query,1509140300.0204349,1509140301.7000852,54093
query,1509140301.7000887,1509140301.8498046,13194
query,1509140301.8498082,1509140303.3037453,38217
query,1509140303.3037865,1509140303.5471952,18334
query,1509140303.5599113,1509140303.5789595,416
query,1509140303.5789638,1509140303.5975447,10
query,1509140303.5975492,1509140303.6018028,0
query,1509140303.6018062,1509140303.8230999,10922
query,1509140303.8231037,1509140305.8555129,52365
query,1509140305.8555167,1509140305.8668015,291
query,1509140305.8668046,1509140305.937464,6836
query,1509140305.9374676,1509140307.5188742,53029
query,1509140307.518878,1509140307.5357783,2832
query,1509140307.5357814,1509140307.9955773,22581
query,1509140307.995581,1509140308.1092775,7163
query,1509140308.1092813,1509140308.1801922,6534
query,1509140308.180196,1509140308.2037802,4142
query,1509140308.203784,1509140308.2182965,1535
query,1509140308.2182999,1509140308.2288427,65
query,1509140308.2288465,1509140308.6394296,27044
query,1509140308.6394334,1509140308.670225,4301
query,1509140308.6702292,1509140308.7532022,6749
query,1509140308.7532063,1509140308.7679842,269
query,1509140308.768022,1509140308.871842,7472
query,1509140308.8841662,1509140308.8968375,86
query,1509140308.896841,1509140309.5002472,35796
query,1509140309.5002513,1509140310.4818113,47157
query,1509140310.4818149,1509140311.1930752,37085
query,1509140311.193079,1509140311.397851,22962
query,1509140311.3978546,1509140311.4122097,21
query,1509140311.412213,1509140311.4236016,23
query,1509140311.423605,1509140311.489321,7739
query,1509140311.489325,1509140311.7804034,26924
query,1509140311.7804074,1509140311.895923,11316
query,1509140311.8959262,1509140313.3931644,50861
query,1509140313.393169,1509140313.4073994,724
query,1509140313.4074028,1509140313.5046744,10988
query,1509140313.5046778,1509140313.7516809,17839
query,1509140313.7516847,1509140313.765693,398
query,1509140313.765696,1509140313.7695615,0
query,1509140313.7695644,1509140313.7813773,572
query,1509140313.7813807,1509140313.7927852,137
query,1509140313.7928054,1509140313.8656552,6452
query,1509140313.865693,1509140313.8971465,6001
query,1509140313.909177,1509140315.5420182,54916
query,1509140315.5420218,1509140315.5538886,78
query,1509140315.5538929,1509140315.57258,2971
query,1509140315.5725849,1509140315.5879183,1733
query,1509140315.5879214,1509140315.6007514,731
query,1509140315.6007555,1509140315.614929,467
query,1509140315.6149328,1509140315.6302316,1454
query,1509140315.6302352,1509140315.6333694,0
query,1509140315.6333725,1509140315.7161732,8320
query,1509140315.7161767,1509140315.7354262,306
query,1509140315.7354298,1509140316.509422,38726
query,1509140316.509426,1509140316.6559472,11187
query,1509140316.6559508,1509140316.8775818,16974
query,1509140316.8775854,1509140316.897419,3763
query,1509140316.8974223,1509140317.3223257,27663
query,1509140317.32233,1509140318.5509653,50283
query,1509140318.5509691,1509140319.307058,41577
query,1509140319.3070617,1509140320.1056514,47846
query,1509140320.1056554,1509140320.3599164,16897
query,1509140320.3599584,1509140321.011644,36367
query,1509140321.0243375,1509140322.1892724,49277
query,1509140322.1892762,1509140323.639029,50466
query,1509140323.6390324,1509140323.7370996,8819
query,1509140323.7371035,1509140324.2627215,33168
query,1509140324.262725,1509140324.3637345,12278
query,1509140324.3637378,1509140324.6336894,16736
query,1509140324.6336937,1509140325.5203416,41005
query,1509140325.520346,1509140325.5782528,4999
query,1509140325.5782566,1509140325.657265,11669
query,1509140325.6572695,1509140326.6213253,37001
query,1509140326.6213298,1509140326.6458492,4115
query,1509140326.645854,1509140326.6951725,6106
query,1509140326.6951764,1509140326.6984017,0
query,1509140326.6984053,1509140326.71003,195
query,1509140326.7100341,1509140326.8648322,12093
query,1509140326.8648362,1509140326.8833418,1716
query,1509140326.8833451,1509140327.2513168,31187
query,1509140327.2513204,1509140327.5706902,29603
query,1509140327.5706937,1509140327.66648,10983
query,1509140327.6665184,1509140327.6815212,406
query,1509140327.6939256,1509140327.960881,17552
query,1509140327.9608848,1509140328.3644588,30230
query,1509140328.364463,1509140328.3914905,2149
query,1509140328.391494,1509140328.4295173,4525
query,1509140328.4295208,1509140329.131796,37961
query,1509140329.1317997,1509140329.5325923,34565
query,1509140329.5325968,1509140329.543466,101
query,1509140329.5434697,1509140329.5561602,1015
query,1509140329.5561633,1509140329.8193655,21327
query,1509140329.8193693,1509140329.8302677,24
query,1509140329.8302717,1509140329.8437684,1113
query,1509140329.843772,1509140329.8466802,0
query,1509140329.8466833,1509140329.9999397,16250
query,1509140329.9999433,1509140330.6694622,36645
query,1509140330.6694663,1509140330.7844248,17827
query,1509140330.7844286,1509140332.1130483,50083
query,1509140332.1130536,1509140332.1846733,9824
query,1509140332.1846771,1509140332.2994778,8747
query,1509140332.2994816,1509140332.3126009,1048
query,1509140332.3126407,1509140332.3287747,51
query,1509140332.3412945,1509140332.345721,0
query,1509140332.3457248,1509140332.3547907,3
query,1509140332.3547938,1509140333.0279584,34112
query,1509140333.0279624,1509140333.047628,3808
query,1509140333.0476317,1509140333.5079522,36192
query,1509140333.5079563,1509140333.5599828,11146
query,1509140333.5599873,1509140333.5656917,0
query,1509140333.5656953,1509140333.5831044,2019
query,1509140333.5831082,1509140333.6781054,6057
query,1509140333.678109,1509140333.781515,11447
query,1509140333.7815185,1509140334.0237372,20075
query,1509140334.0237415,1509140334.1056476,7372
query,1509140334.1056519,1509140334.3455367,20432
query,1509140334.3455408,1509140334.3773978,4451
query,1509140334.3774018,1509140334.3852153,3
query,1509140334.3852186,1509140334.4512296,6250
query,1509140334.451234,1509140334.4690225,3073
query,1509140334.4690254,1509140334.9589417,38153
query,1509140334.9589458,1509140334.9709175,122
query,1509140334.971004,1509140335.2618272,15094
query,1509140335.2741826,1509140335.2873828,364
query,1509140335.2873864,1509140335.3061273,2947
query,1509140335.3061306,1509140335.616053,22467
query,1509140335.616058,1509140335.627564,110
query,1509140335.6275678,1509140335.9286547,28672
query,1509140335.928659,1509140336.0441918,8900
query,1509140336.0441957,1509140336.213476,14898
query,1509140336.2134802,1509140336.4121723,16719
query,1509140336.4121764,1509140336.4286263,2143
query,1509140336.4286313,1509140336.4599512,5218
query,1509140336.459955,1509140336.4882224,5927
query,1509140336.4882264,1509140337.4394138,52494
query,1509140337.4394176,1509140337.8164432,33338
query,1509140337.816447,1509140338.2602282,21471
query,1509140338.2602322,1509140338.2715979,208
query,1509140338.2716014,1509140338.2862716,1477
query,1509140338.2862751,1509140338.3040257,3004
query,1509140338.3040292,1509140338.3220897,2971
query,1509140338.3220932,1509140338.8051758,39286
query,1509140338.805216,1509140338.8718274,5909
query,1509140338.8845816,1509140338.9932015,12645
query,1509140338.9932053,1509140339.0120065,1601
query,1509140339.0120099,1509140339.1759388,7046
query,1509140339.175943,1509140339.3564818,12616
query,1509140339.3564866,1509140339.3836958,3699
query,1509140339.3837,1509140339.3949146,55
query,1509140339.3949187,1509140339.3980818,0
query,1509140339.3980854,1509140339.4120085,1196
query,1509140339.412012,1509140339.429268,3063
query,1509140339.4292715,1509140339.441326,33
query,1509140339.4413297,1509140339.7297025,19590
query,1509140339.7297068,1509140339.741464,162
query,1509140339.7414687,1509140340.7577796,35761
query,1509140340.7577832,1509140341.3899841,39982
query,1509140341.3899882,1509140341.523408,11204
query,1509140341.5234125,1509140341.575288,4256
query,1509140341.5752926,1509140341.7306776,9698
query,1509140341.7306821,1509140342.3749545,36840
query,1509140342.3749583,1509140342.39514,153
query,1509140342.3951795,1509140343.3516953,42372
query,1509140343.3657262,1509140343.3778467,521
query,1509140343.3778508,1509140343.4053657,4263
query,1509140343.4053688,1509140343.8538728,21730
query,1509140343.8538768,1509140344.213594,20473
query,1509140344.2135975,1509140344.216745,0
query,1509140344.2167478,1509140344.2193496,0
query,1509140344.2193527,1509140344.2295575,13
query,1509140344.2295604,1509140344.3088593,9051
query,1509140344.3088627,1509140344.3199234,93
query,1509140344.3199265,1509140344.3716724,4745
query,1509140344.3716757,1509140345.071261,35081
query,1509140345.0712662,1509140346.0642827,40977
query,1509140346.064287,1509140346.5901496,38893
query,1509140346.5901535,1509140347.1202197,37054
query,1509140347.1202235,1509140347.2449226,18097
query,1509140347.2449272,1509140347.3544312,16594
query,1509140347.354436,1509140347.367348,901
query,1509140347.3673513,1509140348.3996387,49807
query,1509140348.3996422,1509140348.734078,33765
query,1509140348.7341268,1509140348.9288847,14784
query,1509140348.9418452,1509140349.262416,34288
query,1509140349.2624197,1509140349.8806684,28532
query,1509140349.8806725,1509140350.0814989,13280
query,1509140350.081503,1509140350.254424,9763
query,1509140350.2544281,1509140350.2746046,246
query,1509140350.2746081,1509140350.297676,1251
query,1509140350.2976804,1509140350.4554105,7918
query,1509140350.4554145,1509140350.6613772,20509
query,1509140350.661381,1509140350.713624,5447
query,1509140350.7136273,1509140351.3130631,29243
query,1509140351.3130684,1509140351.3268821,989
query,1509140351.3268862,1509140352.4364402,38014
query,1509140352.4364445,1509140352.7654986,29158
query,1509140352.765503,1509140352.7852163,3564
query,1509140352.7852201,1509140353.009767,16474
query,1509140353.009771,1509140353.1624472,12131
query,1509140353.1624508,1509140353.5388544,19960
query,1509140353.5388584,1509140354.312962,40245
query,1509140354.3129659,1509140354.4765134,11249
query,1509140354.4765544,1509140354.4838877,0
query,1509140354.4854965,1509140354.6239796,11260
query,1509140354.6239831,1509140355.272227,38363
query,1509140355.2722306,1509140355.284453,524
query,1509140355.284456,1509140355.4818745,8794
query,1509140355.4818788,1509140355.5961297,11898
query,1509140355.5961337,1509140356.1342115,29183
query,1509140356.134216,1509140356.2430937,11176
query,1509140356.2430978,1509140356.8435242,41710
query,1509140356.8435285,1509140356.8563,704
query,1509140356.8563042,1509140356.8744352,2754
query,1509140356.8744397,1509140356.983722,7991
query,1509140356.9837255,1509140357.353437,26783
query,1509140357.3534408,1509140357.3652036,129
query,1509140357.365207,1509140357.836787,22106
query,1509140357.8368356,1509140357.8503697,24
query,1509140357.8503728,1509140357.8679693,2633
query,1509140357.8679724,1509140358.2257516,24210
query,1509140358.2257564,1509140359.1250353,37106
query,1509140359.1250398,1509140359.7936487,7619
query,1509140359.7936902,1509140359.9207344,22020
query,1509140359.93384,1509140360.0800195,12423
query,1509140360.0800235,1509140360.9219284,41016
query,1509140360.9219322,1509140361.0426323,7794
query,1509140361.0426362,1509140361.2713757,18485
query,1509140361.27138,1509140361.284326,37
query,1509140361.2843304,1509140361.297999,293
query,1509140361.2980022,1509140361.3851082,8867
query,1509140361.3851125,1509140361.4712577,5891
query,1509140361.471262,1509140361.5815313,8222
query,1509140361.581535,1509140361.595327,997
query,1509140361.59533,1509140362.9857762,50467
query,1509140362.9857805,1509140363.2183037,25348
query,1509140363.2183082,1509140363.953054,36821
query,1509140363.9530575,1509140364.0365102,6282
query,1509140364.036515,1509140364.2823544,25252
query,1509140364.2823584,1509140364.302917,60
query,1509140364.302921,1509140364.321246,49
query,1509140364.3212497,1509140364.6783638,22244
query,1509140364.6783676,1509140366.399662,52998
query,1509140366.399707,1509140366.7311833,21782
query,1509140366.7436316,1509140366.833348,4762
query,1509140366.8333528,1509140366.8575246,16
query,1509140366.8575292,1509140367.2652402,26520
query,1509140367.2652445,1509140367.2696767,0
query,1509140367.26968,1509140367.2904692,1657
query,1509140367.2904723,1509140367.3202345,3742
query,1509140367.3202384,1509140367.4959543,18741
query,1509140367.4959583,1509140367.606441,12863
query,1509140367.6064453,1509140367.6270714,2140
query,1509140367.6270752,1509140367.7455194,10821
query,1509140367.7455237,1509140367.9031665,9950
query,1509140367.9031692,1509140367.9876983,7457
query,1509140367.987702,1509140368.763745,33598
query,1509140368.7637558,1509140368.9560673,14251
query,1509140368.956071,1509140369.3809135,25388
query,1509140369.380917,1509140369.5590436,14327
query,1509140369.5590482,1509140369.7543082,13632
query,1509140369.7543125,1509140370.388428,40307
query,1509140370.388432,1509140370.4078856,3537
query,1509140370.4079227,1509140370.5270267,10767
query,1509140370.5406456,1509140370.567189,5885
query,1509140370.5671923,1509140370.5852895,2030
query,1509140370.5852928,1509140370.7187116,7587
query,1509140370.7187154,1509140370.9216328,16262
query,1509140370.9216366,1509140370.926081,0
query,1509140370.9260836,1509140371.0050962,8388
query,1509140371.0051003,1509140371.1200323,10860
query,1509140371.1200366,1509140371.339022,15939
query,1509140371.339026,1509140371.350863,256
query,1509140371.350867,1509140371.3709772,3709
query,1509140371.3709807,1509140371.3917696,3956
query,1509140371.3917737,1509140371.6045356,15891
query,1509140371.6045392,1509140372.6125033,33423
query,1509140372.6125076,1509140372.7823136,14532
query,1509140372.7823172,1509140372.9538188,10894
query,1509140372.9538224,1509140373.0957332,18040
query,1509140373.0957372,1509140374.2568913,41184
query,1509140374.2568953,1509140374.3479302,7994
query,1509140374.347934,1509140374.5975003,17210
query,1509140374.5975406,1509140374.6895285,11067
query,1509140374.702332,1509140375.064786,28290
query,1509140375.0648112,1509140375.195545,11004
query,1509140375.1955492,1509140375.287121,6295
query,1509140375.287125,1509140376.1170917,30942
query,1509140376.1170952,1509140376.1271229,3
query,1509140376.1271262,1509140377.638365,52962
query,1509140377.6383698,1509140377.918829,18725
query,1509140377.9188354,1509140377.9230208,0
query,1509140377.9230251,1509140378.5012598,38937
query,1509140378.5012643,1509140378.724379,32075
query,1509140378.7243834,1509140379.2581236,36629
query,1509140379.2581277,1509140379.3151364,5146
query,1509140379.3151402,1509140379.6688647,31159
query,1509140379.6688685,1509140379.677428,4
query,1509140379.6774316,1509140379.773443,7604
query,1509140379.773447,1509140380.326724,37101
query,1509140380.3267283,1509140380.4941676,9390
query,1509140380.4941716,1509140380.9395413,19843
query,1509140380.939545,1509140381.7382772,39821
query,1509140381.7383213,1509140382.252979,36604
query,1509140382.2655022,1509140382.8459451,27086
query,1509140382.845949,1509140382.961298,7646
query,1509140382.9613016,1509140384.1002219,38456
query,1509140384.1002257,1509140384.3639042,25588
query,1509140384.3639092,1509140384.367134,0
query,1509140384.3671367,1509140384.3807335,792
query,1509140384.3807366,1509140384.461114,7088
query,1509140384.461118,1509140384.9296207,34020
query,1509140384.9296243,1509140386.0126956,35255
query,1509140386.012699,1509140386.1066065,9579
query,1509140386.1066103,1509140387.0874007,37187
query,1509140387.0874043,1509140387.091453,0
query,1509140387.0914562,1509140387.2384171,9109
query,1509140387.2384214,1509140387.3342528,6786
query,1509140387.3342574,1509140387.4489007,15821
query,1509140387.4489043,1509140387.6364877,15582
query,1509140387.6364915,1509140387.7131834,5579
query,1509140387.7131872,1509140387.735579,1570
query,1509140387.7355826,1509140387.8273387,9704
query,1509140387.8273811,1509140389.5876045,53469
query,1509140389.5998454,1509140389.6217816,531
query,1509140389.6217852,1509140389.6264067,0
query,1509140389.6264098,1509140389.774427,12557
query,1509140389.7744312,1509140389.836285,4678
query,1509140389.8362892,1509140390.0892015,13708
query,1509140390.0892055,1509140390.6629176,24583
query,1509140390.6629212,1509140390.7417011,5393
query,1509140390.7417052,1509140390.7646942,1651
query,1509140390.764698,1509140391.0046384,16559
query,1509140391.0046427,1509140391.2380068,12857
query,1509140391.2380111,1509140391.360051,7597
query,1509140391.360055,1509140391.7859755,27837
query,1509140391.7859793,1509140391.798597,902
query,1509140391.7986016,1509140392.1534271,37350
query,1509140392.1534321,1509140392.1583157,0
query,1509140392.1583192,1509140392.4657416,17631
query,1509140392.4657454,1509140392.6601427,15159
query,1509140392.660147,1509140392.680584,1389
query,1509140392.6805875,1509140392.7114465,3432
query,1509140392.711487,1509140392.742226,372
query,1509140392.7551668,1509140392.7771604,390
query,1509140392.7771635,1509140393.8699977,40533
query,1509140393.8700016,1509140394.5053563,29172
query,1509140394.5053604,1509140395.0688381,35651
query,1509140395.0688424,1509140395.1026018,8878
query,1509140395.1026056,1509140395.3766763,20478
query,1509140395.37668,1509140395.4943657,10294
query,1509140395.4943695,1509140395.498725,0
query,1509140395.498728,1509140396.190549,43127
query,1509140396.1905537,1509140396.2525277,4439
query,1509140396.2525315,1509140397.230354,36784
query,1509140397.2303581,1509140397.245555,1603
query,1509140397.2455592,1509140397.7220523,22527
query,1509140397.7220566,1509140398.326651,33310
query,1509140398.3266551,1509140398.378668,4151
query,1509140398.3786716,1509140398.3926532,1203
query,1509140398.3926566,1509140398.398589,0
query,1509140398.398592,1509140398.4142716,2004
query,1509140398.4142752,1509140398.5469608,17088
query,1509140398.5470002,1509140398.6651244,11294
query,1509140398.677362,1509140398.6951878,918
query,1509140398.6951916,1509140398.71209,469
query,1509140398.7120934,1509140398.7899315,5118
query,1509140398.7899354,1509140399.394789,36865
query,1509140399.394794,1509140399.4063783,9
query,1509140399.4063818,1509140399.5901465,14605
query,1509140399.5901515,1509140399.8476408,19157
query,1509140399.8476443,1509140399.8590539,214
query,1509140399.8590577,1509140400.138308,19631
query,1509140400.138312,1509140400.4064257,34071
query,1509140400.4064305,1509140400.4233694,2785
query,1509140400.4233735,1509140400.9415574,35979
query,1509140400.941569,1509140400.9596841,2665
query,1509140400.9596875,1509140402.4131095,50642
query,1509140402.4131138,1509140402.4410977,5242
query,1509140402.4411018,1509140402.45521,1402
query,1509140402.4552138,1509140402.5477684,10375
query,1509140402.5477722,1509140402.5607502,576
query,1509140402.5607538,1509140402.5733185,661
query,1509140402.5733645,1509140403.1180282,28262
query,1509140403.131121,1509140403.1910443,6885
query,1509140403.1910489,1509140403.3396862,18599
query,1509140403.33969,1509140403.3481648,6
query,1509140403.3481681,1509140403.3752558,2360
query,1509140403.3752594,1509140403.4732997,7165
query,1509140403.4733033,1509140403.775841,36190
query,1509140403.7758455,1509140403.880446,11839
query,1509140403.88045,1509140403.9584112,7201
query,1509140403.9584148,1509140404.098173,10142
query,1509140404.0981772,1509140404.273307,16265
query,1509140404.2733111,1509140404.2892768,1759
query,1509140404.2892804,1509140404.387455,11717
query,1509140404.3874657,1509140404.645471,22657
query,1509140404.645475,1509140405.331369,7618
query,1509140405.331373,1509140405.3877828,6824
query,1509140405.3877864,1509140405.3997712,393
query,1509140405.3997748,1509140406.150473,39216
query,1509140406.1504776,1509140406.2742956,10222
query,1509140406.2742994,1509140406.8419619,36993
