tables,1508889507.8910108,1508891158.1533031
query,1508891158.1536994,1508891158.373256,212
query,1508891158.386459,1508891158.7249384,2215
query,1508891158.7249427,1508891158.911342,1821
query,1508891158.911346,1508891158.9992747,2630
query,1508891158.9992783,1508891159.081903,114
query,1508891159.0819068,1508891159.2910352,2969
query,1508891159.2910385,1508891159.3594081,2
query,1508891159.3594115,1508891159.45467,132
query,1508891159.4546738,1508891159.5352619,743
query,1508891159.5352652,1508891159.6009204,160
query,1508891159.600924,1508891159.7286768,2827
query,1508891159.7286804,1508891159.8736725,2927
query,1508891159.8736763,1508891159.9646118,2827
query,1508891159.9646156,1508891160.110723,2915
query,1508891160.1107264,1508891160.1860206,700
query,1508891160.1860244,1508891160.2996066,2261
query,1508891160.2996104,1508891160.363615,63
query,1508891160.3636189,1508891160.4653168,2763
query,1508891160.4653203,1508891160.541931,13
query,1508891160.5419343,1508891160.6128368,2801
query,1508891160.6128752,1508891160.7068315,389
query,1508891160.7192314,1508891160.8258183,1133
query,1508891160.8258219,1508891160.9003613,2748
query,1508891160.900365,1508891161.0656898,3609
query,1508891161.0656936,1508891161.143026,353
query,1508891161.1430292,1508891161.2296255,2827
query,1508891161.2296293,1508891161.3315008,2827
query,1508891161.3315043,1508891161.410403,2827
query,1508891161.4104066,1508891161.5018263,2827
query,1508891161.5018296,1508891161.5949316,2827
query,1508891161.5949352,1508891161.6555643,1
query,1508891161.6555676,1508891161.7363496,374
query,1508891161.7363534,1508891161.8575897,2560
query,1508891161.8575935,1508891161.9385655,61
query,1508891161.9385695,1508891162.1140952,3364
query,1508891162.1141,1508891162.2276518,1199
query,1508891162.227656,1508891162.2756257,0
query,1508891162.2756298,1508891162.3505416,940
query,1508891162.3505454,1508891162.4887357,3435
query,1508891162.4887395,1508891162.5480833,406
query,1508891162.54813,1508891162.9343956,13524
query,1508891162.9465375,1508891163.0782046,4267
query,1508891163.0782084,1508891163.231715,4285
query,1508891163.2317193,1508891163.5059729,11474
query,1508891163.5059772,1508891163.578477,1118
query,1508891163.5784807,1508891163.7579966,3689
query,1508891163.758,1508891163.9189825,5798
query,1508891163.9189858,1508891164.1860657,14550
query,1508891164.186069,1508891164.225671,1
query,1508891164.2256744,1508891164.2974503,2
query,1508891164.297454,1508891164.4548826,2627
query,1508891164.454887,1508891164.4915974,0
query,1508891164.4916012,1508891164.72204,7704
query,1508891164.7220435,1508891164.8191411,1148
query,1508891164.8191445,1508891164.9040296,255
query,1508891164.9040337,1508891164.9788382,832
query,1508891164.9788415,1508891165.058486,195
query,1508891165.05849,1508891165.1435888,2610
query,1508891165.143593,1508891165.258297,1547
query,1508891165.2583013,1508891165.3344448,12
query,1508891165.3344884,1508891165.4037147,0
query,1508891165.4057362,1508891165.5338225,3566
query,1508891165.5338259,1508891165.7386365,9359
query,1508891165.73864,1508891165.8657646,2390
query,1508891165.8657682,1508891165.942545,9
query,1508891165.9425483,1508891166.011775,746
query,1508891166.011778,1508891166.0861607,387
query,1508891166.0861638,1508891166.2797923,6208
query,1508891166.279796,1508891166.363925,1182
query,1508891166.3639286,1508891166.4273436,616
query,1508891166.4273474,1508891166.570399,958
query,1508891166.5704029,1508891166.8041182,6035
query,1508891166.8041215,1508891166.863564,0
query,1508891166.8635683,1508891166.9387016,137
query,1508891166.9387057,1508891167.0852075,2536
query,1508891167.085211,1508891167.1941125,1699
query,1508891167.194116,1508891167.249832,0
query,1508891167.2498357,1508891167.3217385,753
query,1508891167.321742,1508891167.4059756,230
query,1508891167.4059792,1508891167.4905179,34
query,1508891167.4905646,1508891167.6683278,4434
query,1508891167.6806564,1508891167.7738752,501
query,1508891167.7738795,1508891167.9582782,6201
query,1508891167.9582825,1508891168.01405,8
query,1508891168.0140533,1508891168.1142032,1787
query,1508891168.1142073,1508891168.2017782,13
query,1508891168.2017817,1508891168.2595842,0
query,1508891168.259588,1508891168.3999114,6761
query,1508891168.3999152,1508891168.513805,285
query,1508891168.5138085,1508891168.5905507,896
query,1508891168.5905545,1508891168.6714077,1161
query,1508891168.6714115,1508891168.7541573,64
query,1508891168.7541614,1508891168.8341427,44
query,1508891168.8341465,1508891168.9102628,24
query,1508891168.9102666,1508891168.9509416,2
query,1508891168.950945,1508891169.1221673,6065
query,1508891169.1221707,1508891169.2259202,639
query,1508891169.225924,1508891169.3638892,3908
query,1508891169.3638933,1508891169.4592774,3066
query,1508891169.459281,1508891169.6576684,6765
query,1508891169.6577091,1508891169.7661865,6
query,1508891169.7782812,1508891169.8789284,2194
query,1508891169.8789322,1508891169.981088,2502
query,1508891169.9810917,1508891170.067002,111
query,1508891170.0670059,1508891170.162492,114
query,1508891170.1624954,1508891170.2684052,4562
query,1508891170.268409,1508891170.4142253,6208
query,1508891170.4142294,1508891170.4905005,284
query,1508891170.4905043,1508891170.5526922,19
query,1508891170.5526958,1508891170.7149525,6496
query,1508891170.7149565,1508891170.8073926,1777
query,1508891170.8073964,1508891170.9700642,4438
query,1508891170.970068,1508891171.0253146,552
query,1508891171.0253181,1508891171.1220188,871
query,1508891171.1220224,1508891171.2062106,290
query,1508891171.2062144,1508891171.2901125,32
query,1508891171.290116,1508891171.366287,1332
query,1508891171.3662908,1508891171.514018,4304
query,1508891171.5140219,1508891171.5902252,133
query,1508891171.590229,1508891171.6663082,9
query,1508891171.6663547,1508891171.7925487,28
query,1508891171.8047056,1508891171.9143388,2854
query,1508891171.9143424,1508891172.0689096,6636
query,1508891172.0689132,1508891172.170242,4
query,1508891172.1702456,1508891172.254698,914
query,1508891172.2547026,1508891172.3660629,2555
query,1508891172.3660662,1508891172.441907,30
query,1508891172.4419103,1508891172.6582992,11523
query,1508891172.6583025,1508891172.7339067,41
query,1508891172.73391,1508891172.8542423,3258
query,1508891172.8542464,1508891172.9272473,1171
query,1508891172.927251,1508891173.0392287,4402
query,1508891173.0392323,1508891173.133939,589
query,1508891173.1339436,1508891173.2111936,101
query,1508891173.2111974,1508891173.3897738,6719
query,1508891173.3897777,1508891173.4774227,11
query,1508891173.4774265,1508891173.5546198,226
query,1508891173.5546236,1508891173.6364756,2402
query,1508891173.63648,1508891173.721886,7
query,1508891173.7218895,1508891173.814828,1515
query,1508891173.8148692,1508891173.985906,640
query,1508891173.9982412,1508891174.1302388,4857
query,1508891174.130243,1508891174.210951,448
query,1508891174.2109544,1508891174.342439,3144
query,1508891174.3424425,1508891174.5411634,13066
query,1508891174.5411677,1508891174.726242,6429
query,1508891174.7262459,1508891174.8414412,825
query,1508891174.8414447,1508891174.9227724,37
query,1508891174.9227757,1508891175.0602772,3715
query,1508891175.0602806,1508891175.1469655,509
query,1508891175.1469693,1508891175.2226853,1121
query,1508891175.2226887,1508891175.2597947,0
query,1508891175.2597985,1508891175.365922,1835
query,1508891175.3659246,1508891175.4417186,12
query,1508891175.4417214,1508891175.4793472,0
query,1508891175.479351,1508891175.5302007,8
query,1508891175.5302067,1508891175.630885,1085
query,1508891175.6308885,1508891175.743126,2361
query,1508891175.7431293,1508891175.9779193,10992
query,1508891175.9779227,1508891176.0947242,3250
query,1508891176.0947783,1508891176.2026207,346
query,1508891176.2152011,1508891176.319594,3753
query,1508891176.3195975,1508891176.454518,2386
query,1508891176.4545214,1508891176.5427833,1500
query,1508891176.5427868,1508891176.6581154,264
query,1508891176.6581187,1508891176.742233,40
query,1508891176.7422369,1508891176.846492,2375
query,1508891176.8464956,1508891177.141983,16494
query,1508891177.1419866,1508891177.2191823,438
query,1508891177.2191858,1508891177.2904508,29
query,1508891177.2904541,1508891177.4520447,7443
query,1508891177.4520485,1508891177.5646372,2852
query,1508891177.5646412,1508891177.6384225,19
query,1508891177.638426,1508891177.7551465,2306
query,1508891177.75515,1508891177.8939826,3063
query,1508891177.8939865,1508891178.1235042,13555
query,1508891178.123508,1508891178.1943414,211
query,1508891178.194345,1508891178.2701447,22
query,1508891178.2701485,1508891178.3517826,1747
query,1508891178.351786,1508891178.4477682,3424
query,1508891178.4478047,1508891178.5858915,749
query,1508891178.5978467,1508891178.694272,1491
query,1508891178.6942756,1508891178.8023307,3307
query,1508891178.802334,1508891178.9062166,3171
query,1508891178.9062202,1508891179.0182736,3941
query,1508891179.0182774,1508891179.1424181,2123
query,1508891179.1424224,1508891179.2347655,1097
query,1508891179.234769,1508891179.2779734,2
query,1508891179.2779765,1508891179.3622286,9
query,1508891179.362232,1508891179.5736978,4720
query,1508891179.573702,1508891179.677903,243
query,1508891179.6779065,1508891179.7626402,101
query,1508891179.7626443,1508891179.8017511,1
query,1508891179.8017547,1508891179.9143105,2058
query,1508891179.9143147,1508891179.9476006,0
query,1508891179.9476042,1508891180.1031375,6138
query,1508891180.103141,1508891180.2380822,3708
query,1508891180.2380867,1508891180.3501153,97
query,1508891180.350119,1508891180.4760697,3306
query,1508891180.4760733,1508891180.781995,13792
query,1508891180.7820415,1508891180.8955262,1046
query,1508891180.9110966,1508891180.9517877,0
query,1508891180.951791,1508891181.0359201,865
query,1508891181.035924,1508891181.1351829,1027
query,1508891181.1351867,1508891181.2399442,4218
query,1508891181.239949,1508891181.3620396,2273
query,1508891181.3620431,1508891181.539233,13143
query,1508891181.5392363,1508891181.6343484,46
query,1508891181.634352,1508891181.6798642,0
query,1508891181.6798675,1508891181.747763,1535
query,1508891181.7477665,1508891181.838717,16
query,1508891181.838721,1508891181.931789,1709
query,1508891181.9317925,1508891182.0725768,5732
query,1508891182.0725803,1508891182.158411,98
query,1508891182.158414,1508891182.2388277,1292
query,1508891182.2388315,1508891182.3626344,2738
query,1508891182.3626382,1508891182.490092,70
query,1508891182.490096,1508891182.567547,463
query,1508891182.5675511,1508891182.6437979,616
query,1508891182.6438015,1508891182.7508736,215
query,1508891182.7509134,1508891182.8555498,258
query,1508891182.8723013,1508891182.9822197,11
query,1508891182.982224,1508891183.0565314,655
query,1508891183.0565352,1508891183.1348834,139
query,1508891183.1348872,1508891183.2842634,7271
query,1508891183.2842672,1508891183.5363748,6103
query,1508891183.5363789,1508891183.701723,4468
query,1508891183.7017267,1508891183.863992,7074
query,1508891183.8639953,1508891183.9624047,328
query,1508891183.9624083,1508891184.0080118,0
query,1508891184.0080152,1508891184.1067283,1199
query,1508891184.106732,1508891184.2503343,3123
query,1508891184.2503383,1508891184.3315148,88
query,1508891184.3315203,1508891184.4720767,3205
query,1508891184.4720805,1508891184.6069024,3259
query,1508891184.6069078,1508891184.6444018,0
query,1508891184.6444063,1508891184.80877,7436
query,1508891184.808774,1508891184.962021,5718
query,1508891184.9620252,1508891185.010193,2
query,1508891185.0101967,1508891185.0946093,122
query,1508891185.0946524,1508891185.2660406,3615
query,1508891185.2786975,1508891185.5266466,13644
query,1508891185.52665,1508891185.6074748,270
query,1508891185.607479,1508891185.7452734,4148
query,1508891185.7452772,1508891185.9672525,11145
query,1508891185.967256,1508891186.0750608,2747
query,1508891186.0750647,1508891186.1599195,2298
query,1508891186.1599236,1508891186.2118096,0
query,1508891186.2118132,1508891186.31005,27
query,1508891186.310054,1508891186.466532,7425
query,1508891186.4665358,1508891186.5440083,665
query,1508891186.5440128,1508891186.6102922,1
query,1508891186.6102958,1508891186.7658432,5553
query,1508891186.7658465,1508891186.8309476,1
query,1508891186.830952,1508891187.0546346,13287
query,1508891187.0546384,1508891187.1584342,996
query,1508891187.1584382,1508891187.3355746,6845
query,1508891187.3355782,1508891187.418667,32
query,1508891187.4186711,1508891187.4560876,0
query,1508891187.4560914,1508891187.5507798,1347
query,1508891187.55082,1508891187.8827202,14597
query,1508891187.8996103,1508891187.965081,93
query,1508891187.9650853,1508891188.0197637,0
query,1508891188.019769,1508891188.1226978,1720
query,1508891188.1227021,1508891188.2453403,2702
query,1508891188.2453444,1508891188.3259597,483
query,1508891188.325963,1508891188.3715556,0
query,1508891188.3715587,1508891188.4541955,31
query,1508891188.4541993,1508891188.6130033,6078
query,1508891188.613008,1508891188.6978776,12
query,1508891188.6978815,1508891188.7436135,0
query,1508891188.743617,1508891188.822483,51
query,1508891188.8224869,1508891188.8794389,0
query,1508891188.8794427,1508891188.9780405,1207
query,1508891188.9780443,1508891189.0998979,3346
query,1508891189.099902,1508891189.2545216,5301
query,1508891189.2545269,1508891189.36687,98
query,1508891189.3668747,1508891189.4974973,4521
query,1508891189.497501,1508891189.5909045,11
query,1508891189.590908,1508891189.699743,2739
query,1508891189.6997812,1508891189.8614898,7
query,1508891189.87373,1508891190.122541,13805
query,1508891190.1225445,1508891190.2036424,1039
query,1508891190.2036474,1508891190.287854,255
query,1508891190.287858,1508891190.3656101,1336
query,1508891190.3656137,1508891190.4524825,296
query,1508891190.4524868,1508891190.5391529,667
query,1508891190.5391567,1508891190.729152,9731
query,1508891190.729156,1508891190.8123715,1455
query,1508891190.8123755,1508891190.9068613,11
query,1508891190.9068651,1508891191.0088327,1513
query,1508891191.0088367,1508891191.139567,2971
query,1508891191.1395707,1508891191.3282568,7909
query,1508891191.3282607,1508891191.4030452,133
query,1508891191.403049,1508891191.4336586,0
query,1508891191.4336624,1508891191.5189612,620
query,1508891191.518965,1508891191.5670838,0
query,1508891191.5670881,1508891191.7227821,5453
query,1508891191.7227864,1508891191.854438,6684
query,1508891191.854442,1508891191.9353876,1382
query,1508891191.9354246,1508891192.0398135,254
query,1508891192.0522351,1508891192.1565003,1469
query,1508891192.1565044,1508891192.266713,803
query,1508891192.2667167,1508891192.4108486,4862
query,1508891192.4108524,1508891192.5586376,4649
query,1508891192.5586414,1508891192.6441317,141
query,1508891192.6441352,1508891192.8318555,3643
query,1508891192.8318596,1508891192.930252,3136
query,1508891192.9302564,1508891193.014862,1261
query,1508891193.0148659,1508891193.1588123,5276
query,1508891193.158816,1508891193.2157578,0
query,1508891193.2157617,1508891193.2954817,493
query,1508891193.2954853,1508891193.3318954,0
query,1508891193.3318992,1508891193.3860064,7
query,1508891193.3860111,1508891193.567864,6391
query,1508891193.5678685,1508891193.6508093,107
query,1508891193.6508136,1508891193.7561383,5306
query,1508891193.7561424,1508891193.8786287,2342
query,1508891193.8786328,1508891193.9245439,0
query,1508891193.9245481,1508891193.999489,67
query,1508891193.9995334,1508891194.21037,9214
query,1508891194.2229304,1508891194.2792013,29
query,1508891194.2792048,1508891194.4705937,8921
query,1508891194.4705973,1508891194.6300917,7223
query,1508891194.6300957,1508891194.6955945,1135
query,1508891194.6955981,1508891194.8545759,7968
query,1508891194.85458,1508891195.0699987,9927
query,1508891195.0700028,1508891195.1464915,407
query,1508891195.1464953,1508891195.2112684,918
query,1508891195.2112725,1508891195.3900695,8510
query,1508891195.3900733,1508891195.628724,5972
query,1508891195.628728,1508891195.866102,13272
query,1508891195.8661058,1508891195.9057066,0
query,1508891195.905711,1508891195.9901943,208
query,1508891195.990198,1508891196.0551052,1690
query,1508891196.0551093,1508891196.1346476,710
query,1508891196.1346517,1508891196.210942,21
query,1508891196.2109458,1508891196.286974,1237
query,1508891196.2869778,1508891196.3817956,132
query,1508891196.3818,1508891196.526273,6102
query,1508891196.5263145,1508891196.6352706,1873
query,1508891196.6509004,1508891196.7993908,6951
query,1508891196.7993953,1508891196.882564,353
query,1508891196.882568,1508891196.9290411,7
query,1508891196.929045,1508891197.0671225,5322
query,1508891197.0671265,1508891197.1628432,791
query,1508891197.1628468,1508891197.2400563,516
query,1508891197.2400599,1508891197.3112,503
query,1508891197.3112037,1508891197.3823938,92
query,1508891197.3823977,1508891197.6342063,14124
query,1508891197.63421,1508891197.800409,5766
query,1508891197.8004131,1508891197.8998406,3033
query,1508891197.8998446,1508891197.9831383,1304
query,1508891197.9831424,1508891198.0601988,4
query,1508891198.0602026,1508891198.1908283,3434
query,1508891198.1908324,1508891198.3004866,1787
query,1508891198.3004904,1508891198.4147625,2866
query,1508891198.4147658,1508891198.49816,361
query,1508891198.4981635,1508891198.54651,0
query,1508891198.5465145,1508891198.5925004,2
query,1508891198.5925403,1508891198.7622683,5428
query,1508891198.774326,1508891199.021026,14665
query,1508891199.0210292,1508891199.0720203,0
query,1508891199.072024,1508891199.1080797,0
query,1508891199.1080832,1508891199.186765,725
query,1508891199.186769,1508891199.3344114,3469
query,1508891199.3344147,1508891199.4140785,2106
query,1508891199.4140825,1508891199.4906068,284
query,1508891199.4906104,1508891199.5973606,703
query,1508891199.5973642,1508891199.7264209,3764
query,1508891199.7264247,1508891199.8228626,734
query,1508891199.8228667,1508891199.926816,2881
query,1508891199.92682,1508891200.0108173,292
query,1508891200.010821,1508891200.1589801,2296
query,1508891200.1589842,1508891200.234702,5
query,1508891200.234706,1508891200.3149893,154
query,1508891200.3149934,1508891200.3911953,311
query,1508891200.391199,1508891200.5379388,4880
query,1508891200.537943,1508891200.571669,1
query,1508891200.5716727,1508891200.6502476,145
query,1508891200.650348,1508891200.7390504,2
query,1508891200.742992,1508891200.8065283,59
query,1508891200.8065329,1508891200.8954206,31
query,1508891200.8954246,1508891201.008393,1465
query,1508891201.008397,1508891201.2307842,9162
query,1508891201.2307882,1508891201.3165984,1358
query,1508891201.3166022,1508891201.4103568,30
query,1508891201.4103613,1508891201.4931808,1117
query,1508891201.4931855,1508891201.5787742,969
query,1508891201.578778,1508891201.6555514,0
query,1508891201.6555555,1508891201.8408463,9222
query,1508891201.8408499,1508891201.9459462,155
query,1508891201.9459503,1508891202.0658948,2103
query,1508891202.065899,1508891202.1865375,4018
query,1508891202.1865408,1508891202.3070562,3228
query,1508891202.3070607,1508891202.477057,4482
query,1508891202.477068,1508891202.5901809,2944
query,1508891202.5901854,1508891202.6667347,4
query,1508891202.6667385,1508891202.7431905,23
query,1508891202.7431948,1508891202.8721945,4066
query,1508891202.8722396,1508891203.0060086,1282
query,1508891203.0225818,1508891203.1009204,296
query,1508891203.1009243,1508891203.1985612,393
query,1508891203.198565,1508891203.2785547,2013
query,1508891203.2785583,1508891203.348963,5
query,1508891203.348967,1508891203.4899902,7010
query,1508891203.4899938,1508891203.5664744,496
query,1508891203.5664785,1508891203.61386,2
query,1508891203.6138637,1508891203.69876,1729
query,1508891203.698764,1508891203.8850586,13705
query,1508891203.885063,1508891203.9745843,1689
query,1508891203.9745884,1508891204.174195,7021
query,1508891204.1741993,1508891204.2504163,26
query,1508891204.2504203,1508891204.3307104,183
query,1508891204.3307137,1508891204.3714654,2
query,1508891204.3714693,1508891204.5498424,8652
query,1508891204.549846,1508891204.6982348,4741
query,1508891204.6982384,1508891204.7424943,3
query,1508891204.7424982,1508891204.8119977,688
query,1508891204.8120017,1508891204.8628595,2
query,1508891204.862906,1508891204.9732988,2330
query,1508891204.9854498,1508891205.0745635,35
query,1508891205.0745676,1508891205.2379115,5658
query,1508891205.2379158,1508891205.3148408,1122
query,1508891205.3148448,1508891205.4089038,325
query,1508891205.4089077,1508891205.5944219,8340
query,1508891205.5944254,1508891205.741626,4511
query,1508891205.7416298,1508891205.8636038,3627
query,1508891205.8636076,1508891205.9659653,1903
query,1508891205.9659693,1508891206.034442,1
query,1508891206.0344458,1508891206.118508,285
query,1508891206.1185122,1508891206.194769,189
query,1508891206.1947727,1508891206.2609322,773
query,1508891206.2609363,1508891206.425976,9500
query,1508891206.4259796,1508891206.7016945,13059
query,1508891206.7016985,1508891206.7543,6
query,1508891206.7543044,1508891206.8382983,8
query,1508891206.8383024,1508891206.981883,5098
query,1508891206.9818869,1508891207.0350919,1
query,1508891207.0350957,1508891207.142216,43
query,1508891207.1422539,1508891207.2702549,2557
query,1508891207.282705,1508891207.3583572,60
query,1508891207.3583608,1508891207.4305809,51
query,1508891207.4305844,1508891207.5035603,258
query,1508891207.503564,1508891207.6183121,1064
query,1508891207.618317,1508891207.7967699,9158
query,1508891207.796774,1508891207.882447,22
query,1508891207.8824513,1508891207.9665153,2109
query,1508891207.9665198,1508891208.050358,36
query,1508891208.0503619,1508891208.1579635,960
query,1508891208.1579673,1508891208.2707164,4014
query,1508891208.27072,1508891208.3444579,11
query,1508891208.3444617,1508891208.502062,5353
query,1508891208.5020661,1508891208.5626822,0
query,1508891208.5626862,1508891208.7340808,8857
query,1508891208.7340846,1508891208.8904443,6701
query,1508891208.8904479,1508891209.082378,7767
query,1508891209.0823822,1508891209.2500858,7791
query,1508891209.2500894,1508891209.323388,0
query,1508891209.3233922,1508891209.4219215,952
query,1508891209.4219666,1508891209.5649517,3722
query,1508891209.5787299,1508891209.6432323,444
query,1508891209.6432364,1508891209.75089,228
query,1508891209.7508938,1508891209.8211937,315
query,1508891209.8211982,1508891209.9065673,247
query,1508891209.906571,1508891210.090264,7590
query,1508891210.090268,1508891210.227041,6674
query,1508891210.2270455,1508891210.3068273,627
query,1508891210.3068306,1508891210.3867745,725
query,1508891210.3867788,1508891210.5032976,1956
query,1508891210.5033011,1508891210.5843558,812
query,1508891210.5843596,1508891210.6653395,831
query,1508891210.6653442,1508891210.7318847,850
query,1508891210.7318888,1508891210.8981104,7337
query,1508891210.8981144,1508891210.9864867,493
query,1508891210.9864905,1508891211.1009965,3144
query,1508891211.1010003,1508891211.179386,1042
query,1508891211.1793897,1508891211.254247,68
query,1508891211.2542512,1508891211.3230224,2332
query,1508891211.3230262,1508891211.4854121,4779
query,1508891211.4854538,1508891211.6056314,1586
query,1508891211.6185832,1508891211.7226348,4022
query,1508891211.7226388,1508891211.8125808,1806
query,1508891211.8125846,1508891211.8946729,231
query,1508891211.8946767,1508891211.9649003,1354
query,1508891211.964906,1508891212.042651,134
query,1508891212.042655,1508891212.1015277,1
query,1508891212.1015325,1508891212.1866932,113
query,1508891212.1866975,1508891212.305831,3660
query,1508891212.3058357,1508891212.374869,287
query,1508891212.3748732,1508891212.5621197,10193
query,1508891212.5621233,1508891212.6517808,1429
query,1508891212.6517847,1508891212.8063285,6761
query,1508891212.8063328,1508891212.8399038,0
query,1508891212.8399081,1508891212.914421,139
query,1508891212.9144247,1508891213.0266047,4707
query,1508891213.0266085,1508891213.102437,533
query,1508891213.102441,1508891213.2263947,3979
query,1508891213.226399,1508891213.365911,6402
query,1508891213.3659146,1508891213.4787145,4843
query,1508891213.478753,1508891213.5480993,0
query,1508891213.5496361,1508891213.6639977,4139
query,1508891213.664001,1508891213.7828004,297
query,1508891213.782804,1508891213.8545442,100
query,1508891213.8545477,1508891213.970042,1059
query,1508891213.9700458,1508891214.0477319,404
query,1508891214.047736,1508891214.1982589,5770
query,1508891214.1982627,1508891214.2765698,1005
query,1508891214.2765737,1508891214.4304004,5204
query,1508891214.4304042,1508891214.5103047,1129
query,1508891214.5103083,1508891214.6566975,6531
query,1508891214.6567008,1508891214.7923138,3908
query,1508891214.7923172,1508891214.89539,17
query,1508891214.8953938,1508891214.97241,938
query,1508891214.9724135,1508891215.046391,56
query,1508891215.0463943,1508891215.1902685,8038
query,1508891215.190272,1508891215.442582,13918
query,1508891215.442586,1508891215.5946114,3115
query,1508891215.5946152,1508891215.6736372,114
query,1508891215.6736412,1508891215.7918487,2317
query,1508891215.7918916,1508891215.8863263,2
query,1508891215.894172,1508891216.0915039,7822
query,1508891216.0915072,1508891216.2207036,2329
query,1508891216.220707,1508891216.3227987,37
query,1508891216.3228023,1508891216.4394603,7371
query,1508891216.4394639,1508891216.507031,39
query,1508891216.5070348,1508891216.6224217,2788
query,1508891216.6224258,1508891216.7059495,108
query,1508891216.705954,1508891216.9294462,11264
query,1508891216.92945,1508891217.1450064,8706
query,1508891217.1450102,1508891217.2598412,4578
query,1508891217.2598453,1508891217.395542,4666
query,1508891217.3955462,1508891217.4678237,11
query,1508891217.4678278,1508891217.578083,3924
query,1508891217.578088,1508891217.675257,33
query,1508891217.6752605,1508891217.7534928,1146
query,1508891217.7534971,1508891217.85055,1492
query,1508891217.8505533,1508891217.9355097,16
query,1508891217.9355133,1508891218.0096781,1
query,1508891218.0096822,1508891218.1000469,665
query,1508891218.1000967,1508891218.1761293,763
query,1508891218.1918066,1508891218.2964942,469
query,1508891218.2964983,1508891218.4295533,2290
query,1508891218.4295573,1508891218.5546482,1275
query,1508891218.5546525,1508891218.6454391,129
query,1508891218.6454437,1508891218.6837862,0
query,1508891218.6837904,1508891218.8267138,3133
query,1508891218.826718,1508891218.9028583,1476
query,1508891218.902862,1508891219.1120746,8641
query,1508891219.1120777,1508891219.1987426,387
query,1508891219.198747,1508891219.2836578,215
query,1508891219.2836618,1508891219.3348486,441
query,1508891219.3348527,1508891219.5074613,4808
query,1508891219.507466,1508891219.6640632,5065
query,1508891219.6640675,1508891219.729827,60
query,1508891219.7298305,1508891219.9012952,3483
query,1508891219.9012988,1508891220.0115519,1097
query,1508891220.0115557,1508891220.118381,2928
query,1508891220.1183846,1508891220.2028427,3120
query,1508891220.2028463,1508891220.289488,32
query,1508891220.289535,1508891220.3616056,7
query,1508891220.374512,1508891220.4594414,487
query,1508891220.459445,1508891220.6023088,4020
query,1508891220.6023123,1508891220.748464,6145
query,1508891220.7484684,1508891220.8355978,1154
query,1508891220.8356016,1508891221.0625646,11123
query,1508891221.0625682,1508891221.1622796,10
query,1508891221.1622837,1508891221.3614354,8951
query,1508891221.3614402,1508891221.4370332,3153
query,1508891221.4370372,1508891221.5555093,1767
query,1508891221.5555131,1508891221.6427321,3031
query,1508891221.6427364,1508891221.7186906,1199
query,1508891221.718694,1508891221.8678918,6469
query,1508891221.8678958,1508891221.9565573,2514
query,1508891221.9565606,1508891222.0797906,3239
query,1508891222.0797942,1508891222.2812464,9128
query,1508891222.2812505,1508891222.3809347,1899
query,1508891222.3809392,1508891222.560064,7543
query,1508891222.5600677,1508891222.6257164,1679
query,1508891222.6257198,1508891222.7040863,0
query,1508891222.7041214,1508891222.761315,3
query,1508891222.7738445,1508891222.8203163,0
query,1508891222.8203201,1508891222.8616185,583
query,1508891222.8616223,1508891222.9172196,972
query,1508891222.9172237,1508891223.0207548,24
query,1508891223.0207589,1508891223.0776594,171
query,1508891223.077664,1508891223.1493464,108
query,1508891223.1493502,1508891223.2352505,462
query,1508891223.2352543,1508891223.318221,423
query,1508891223.3182251,1508891223.3587458,2
query,1508891223.35875,1508891223.4806004,2955
query,1508891223.4806051,1508891223.566512,840
query,1508891223.5665164,1508891223.6114368,2
query,1508891223.611441,1508891223.830967,9313
query,1508891223.830971,1508891223.9393756,400
query,1508891223.9393797,1508891224.0356517,34
query,1508891224.0356553,1508891224.1148102,1356
query,1508891224.114814,1508891224.203053,433
query,1508891224.2030568,1508891224.3154743,3849
query,1508891224.3154788,1508891224.3909504,964
query,1508891224.3909872,1508891224.547733,5178
query,1508891224.5598278,1508891224.6396916,37
query,1508891224.6396956,1508891224.7865987,3389
query,1508891224.7866025,1508891224.8610687,160
query,1508891224.8610725,1508891224.9432411,178
query,1508891224.943245,1508891225.026344,8
query,1508891225.0263479,1508891225.098785,348
query,1508891225.0987887,1508891225.182105,307
query,1508891225.1821098,1508891225.2313893,3
query,1508891225.231393,1508891225.326776,196
query,1508891225.3267796,1508891225.4781568,3872
query,1508891225.4781604,1508891225.5613647,1000
query,1508891225.5613682,1508891225.7509816,5772
query,1508891225.7509854,1508891225.8268685,633
query,1508891225.8268716,1508891225.906437,2510
query,1508891225.9064403,1508891225.9494588,2
query,1508891225.949462,1508891226.0826747,3206
query,1508891226.0826786,1508891226.3742905,13056
query,1508891226.3742943,1508891226.5626354,6715
query,1508891226.5626388,1508891226.7383337,3208
query,1508891226.7383718,1508891226.841225,665
query,1508891226.853548,1508891226.9314954,148
query,1508891226.9314997,1508891227.082705,3383
query,1508891227.082709,1508891227.1944015,5160
query,1508891227.194405,1508891227.2320867,0
query,1508891227.2320905,1508891227.5038002,10383
query,1508891227.5038042,1508891227.5899518,88
query,1508891227.5899553,1508891227.6447785,57
query,1508891227.6447818,1508891227.70099,2
query,1508891227.7009935,1508891227.799368,111
query,1508891227.7993712,1508891227.8750188,51
query,1508891227.8750226,1508891228.0261414,6671
query,1508891228.0261447,1508891228.1945465,10895
query,1508891228.1945505,1508891228.231925,0
query,1508891228.2319283,1508891228.269409,2
query,1508891228.269412,1508891228.4121695,4298
query,1508891228.412173,1508891228.4618058,2070
query,1508891228.4618094,1508891228.5921032,4906
query,1508891228.5921068,1508891228.6618264,1
query,1508891228.6618295,1508891228.760701,408
query,1508891228.76074,1508891228.915912,3691
query,1508891228.9281957,1508891229.105836,6939
query,1508891229.1058402,1508891229.1893077,725
query,1508891229.1893113,1508891229.330575,6159
query,1508891229.330579,1508891229.4145594,217
query,1508891229.4145632,1508891229.586086,5310
query,1508891229.5860903,1508891229.6626723,129
query,1508891229.6626763,1508891229.7386901,71
query,1508891229.7386942,1508891229.8232107,831
query,1508891229.8232148,1508891230.0168574,5620
query,1508891230.0168614,1508891230.1992073,9059
query,1508891230.1992114,1508891230.2754996,251
query,1508891230.2755034,1508891230.4062116,5558
query,1508891230.406215,1508891230.5745997,6291
query,1508891230.574629,1508891230.9066572,16529
query,1508891230.906662,1508891231.223704,14045
query,1508891231.2237084,1508891231.3283322,721
query,1508891231.3283365,1508891231.4380064,3309
query,1508891231.43801,1508891231.486467,1
query,1508891231.4864705,1508891231.686368,6129
query,1508891231.6864061,1508891231.8144646,2495
query,1508891231.8265586,1508891231.9624028,4416
query,1508891231.9624066,1508891232.05391,15
query,1508891232.0539134,1508891232.196024,2278
query,1508891232.1960285,1508891232.3425844,5143
query,1508891232.342589,1508891232.5428822,9548
query,1508891232.5428863,1508891232.7159777,7934
query,1508891232.7159822,1508891232.8570323,4430
query,1508891232.857036,1508891233.0161858,4379
query,1508891233.01619,1508891233.1139526,5170
query,1508891233.1139565,1508891233.2528992,3208
query,1508891233.2529042,1508891233.321412,31
query,1508891233.3214161,1508891233.4222872,256
query,1508891233.4222918,1508891233.5547025,5218
query,1508891233.554707,1508891233.593077,1
query,1508891233.5930815,1508891233.8101625,13883
query,1508891233.8101666,1508891233.8903136,3227
query,1508891233.8903186,1508891234.0422254,4690
query,1508891234.0422297,1508891234.2385004,8864
query,1508891234.2385044,1508891234.3196943,2163
query,1508891234.3197384,1508891234.5685031,5488
query,1508891234.5829937,1508891234.697936,7
query,1508891234.69794,1508891234.7748027,9
query,1508891234.7748065,1508891234.8839705,3804
query,1508891234.8839746,1508891235.0187132,2255
query,1508891235.0187173,1508891235.2745366,5332
query,1508891235.2745407,1508891235.4097152,3722
query,1508891235.4097192,1508891235.5032477,409
query,1508891235.5032516,1508891235.6113844,2146
query,1508891235.6113882,1508891235.7033353,263
query,1508891235.703339,1508891235.8497443,3580
query,1508891235.8497477,1508891235.8991694,1
query,1508891235.899173,1508891235.983737,49
query,1508891235.9837415,1508891236.104221,6332
query,1508891236.1042318,1508891236.2201028,3319
query,1508891236.220107,1508891236.418375,6073
query,1508891236.4183786,1508891236.4964967,961
query,1508891236.4965017,1508891236.6362295,6433
query,1508891236.6362338,1508891236.7431247,3222
query,1508891236.7431293,1508891236.931181,3764
query,1508891236.9312198,1508891237.214302,13348
query,1508891237.2266207,1508891237.3269525,2142
query,1508891237.326956,1508891237.4661758,6604
query,1508891237.4661794,1508891237.550789,18
query,1508891237.5507922,1508891237.6632493,2357
query,1508891237.6632528,1508891237.7828925,1881
query,1508891237.7828963,1508891237.89731,2082
query,1508891237.8973136,1508891237.9870167,45
query,1508891237.9870203,1508891238.1739023,6128
query,1508891238.1739058,1508891238.290526,1463
query,1508891238.2905297,1508891238.3877044,16
query,1508891238.3877077,1508891238.5634346,3813
query,1508891238.5634384,1508891238.6990042,4716
query,1508891238.6990085,1508891238.8857841,7654
query,1508891238.885788,1508891238.936898,2
query,1508891238.9369016,1508891239.0231082,66
query,1508891239.0231116,1508891239.0995393,766
query,1508891239.0995433,1508891239.1833441,764
query,1508891239.1833482,1508891239.321368,3559
query,1508891239.321372,1508891239.5522532,13120
query,1508891239.5522966,1508891239.6700273,1506
query,1508891239.6806104,1508891239.8147907,5142
query,1508891239.814795,1508891239.9822967,6247
query,1508891239.9823008,1508891240.1184494,3548
query,1508891240.118453,1508891240.2026126,663
query,1508891240.202616,1508891240.2864184,59
query,1508891240.2864223,1508891240.3629258,29
query,1508891240.3629296,1508891240.5926666,13116
query,1508891240.5926716,1508891240.7464333,7368
query,1508891240.7464373,1508891240.957737,10667
query,1508891240.9577408,1508891241.181768,13935
query,1508891241.181772,1508891241.286267,1378
query,1508891241.2862713,1508891241.5136964,8977
query,1508891241.5137012,1508891241.558156,3
query,1508891241.55816,1508891241.6622555,1988
query,1508891241.6622598,1508891241.7471125,2324
query,1508891241.7471168,1508891241.901846,5957
query,1508891241.90185,1508891242.014183,3021
query,1508891242.0141873,1508891242.0916543,16
query,1508891242.091659,1508891242.226316,2471
query,1508891242.2263565,1508891242.3358545,979
query,1508891242.3507679,1508891242.4712346,1544
query,1508891242.4712384,1508891242.5187619,988
query,1508891242.518766,1508891242.6459804,2664
query,1508891242.6459844,1508891242.742888,325
query,1508891242.7428916,1508891242.8257315,958
query,1508891242.825735,1508891242.9640076,9120
query,1508891242.9640114,1508891243.0588045,1678
query,1508891243.058808,1508891243.320337,14516
query,1508891243.3203409,1508891243.3920605,5
query,1508891243.392064,1508891243.57882,6785
query,1508891243.5788236,1508891243.712541,3827
query,1508891243.7125452,1508891243.7416549,0
query,1508891243.7416584,1508891243.9344494,5187
query,1508891243.9344532,1508891244.0317647,19
query,1508891244.0317683,1508891244.1062632,6
query,1508891244.106267,1508891244.2582908,4165
query,1508891244.2582946,1508891244.3499491,177
query,1508891244.3499525,1508891244.5294182,5555
query,1508891244.5294218,1508891244.786737,10462
query,1508891244.7867782,1508891244.9662936,4117
query,1508891244.9782422,1508891245.076229,26
query,1508891245.076233,1508891245.129296,151
query,1508891245.1293,1508891245.1855552,1563
query,1508891245.185559,1508891245.2391374,33
query,1508891245.2391415,1508891245.3058481,117
query,1508891245.3058522,1508891245.4068456,607
query,1508891245.4068499,1508891245.5963178,8797
query,1508891245.5963228,1508891245.6564047,0
query,1508891245.6564088,1508891245.7343993,14
query,1508891245.7344034,1508891245.815125,3
query,1508891245.8151298,1508891246.0422747,13097
query,1508891246.0422792,1508891246.2704098,13984
query,1508891246.270414,1508891246.4666822,4927
query,1508891246.4666855,1508891246.5148425,9
query,1508891246.5148466,1508891246.7161708,6369
query,1508891246.7161758,1508891246.8701901,7025
query,1508891246.8701947,1508891246.9466336,1108
query,1508891246.9466374,1508891247.0559497,1626
query,1508891247.0559535,1508891247.1936302,3146
query,1508891247.1936724,1508891247.3533394,1758
query,1508891247.3654563,1508891247.4782917,2502
query,1508891247.4782958,1508891247.658293,7306
query,1508891247.6582975,1508891247.6968565,0
query,1508891247.6968606,1508891247.9350052,11678
query,1508891247.9350092,1508891248.020693,33
query,1508891248.0206966,1508891248.1237242,3160
query,1508891248.123728,1508891248.298501,8024
query,1508891248.2985048,1508891248.4546003,4950
query,1508891248.4546044,1508891248.5829158,1617
query,1508891248.5829203,1508891248.6624737,24
query,1508891248.6624773,1508891248.7478037,1028
query,1508891248.7478077,1508891248.8673947,4718
query,1508891248.8673983,1508891248.9469154,42
query,1508891248.9469194,1508891249.1022768,3887
query,1508891249.102281,1508891249.2259283,3542
query,1508891249.2259321,1508891249.311222,48
query,1508891249.3112254,1508891249.3716602,4
query,1508891249.371664,1508891249.4923255,3109
query,1508891249.4923291,1508891249.5402052,0
query,1508891249.5402396,1508891249.6749723,3644
query,1508891249.6881208,1508891249.8228939,3810
query,1508891249.8228984,1508891249.9379003,146
query,1508891249.9379044,1508891250.0606236,4184
query,1508891250.0606282,1508891250.1165593,5
query,1508891250.1165624,1508891250.2825522,6300
query,1508891250.2825558,1508891250.378942,3099
query,1508891250.3789456,1508891250.4788225,1129
query,1508891250.478826,1508891250.5904553,1964
query,1508891250.5904593,1508891250.694702,4663
query,1508891250.6947052,1508891250.8831048,3208
query,1508891250.8831086,1508891251.0864074,10017
query,1508891251.086411,1508891251.1747224,340
query,1508891251.174726,1508891251.3612552,9779
query,1508891251.36126,1508891251.4427407,1273
query,1508891251.4427443,1508891251.5262485,2010
query,1508891251.526252,1508891251.6868777,4059
query,1508891251.686882,1508891251.765394,354
query,1508891251.7653983,1508891251.8908823,770
query,1508891251.890886,1508891251.9730642,319
query,1508891251.973103,1508891252.0731196,0
query,1508891252.0748863,1508891252.1548707,20
query,1508891252.154874,1508891252.3583202,3208
query,1508891252.3583243,1508891252.4308293,742
query,1508891252.4308333,1508891252.6185544,6932
query,1508891252.6185582,1508891252.7775147,5131
query,1508891252.777518,1508891252.888629,2984
query,1508891252.8886325,1508891253.0353513,889
query,1508891253.0353546,1508891253.1480737,17
query,1508891253.148078,1508891253.2304704,9
query,1508891253.2304747,1508891253.44955,5982
query,1508891253.449554,1508891253.5700057,3340
query,1508891253.5700095,1508891253.7288578,6912
query,1508891253.7288613,1508891253.8387733,3826
query,1508891253.838777,1508891253.9511242,2505
query,1508891253.9511285,1508891254.0633652,1193
query,1508891254.0633688,1508891254.2034018,6581
query,1508891254.2034054,1508891254.2925344,1717
query,1508891254.292538,1508891254.3994985,178
query,1508891254.3995023,1508891254.5513449,6967
query,1508891254.551385,1508891254.8037708,13907
query,1508891254.816427,1508891254.9230907,3196
query,1508891254.923094,1508891255.0055215,199
query,1508891255.0055254,1508891255.084213,1327
query,1508891255.0842166,1508891255.1715472,3377
query,1508891255.1715508,1508891255.383339,8899
query,1508891255.383343,1508891255.474751,98
query,1508891255.4747548,1508891255.57315,5
query,1508891255.5731535,1508891255.6780694,1418
query,1508891255.6780734,1508891255.8020084,2541
query,1508891255.8020124,1508891255.883654,363
query,1508891255.8836582,1508891255.928591,0
query,1508891255.9285948,1508891255.982908,2
query,1508891255.9829116,1508891256.0996342,2528
query,1508891256.0996377,1508891256.2203608,1670
query,1508891256.2203648,1508891256.295779,370
query,1508891256.2957826,1508891256.3439398,0
query,1508891256.343943,1508891256.5496185,8444
query,1508891256.5496218,1508891256.6187947,540
query,1508891256.618798,1508891256.773421,3157
query,1508891256.7734609,1508891256.8867726,697
query,1508891256.8991518,1508891257.019238,4779
query,1508891257.0192416,1508891257.0941303,32
query,1508891257.094134,1508891257.1732237,6
query,1508891257.173227,1508891257.2468212,741
query,1508891257.2468247,1508891257.3224506,274
query,1508891257.3224542,1508891257.3984706,2356
query,1508891257.3984742,1508891257.5496154,5848
query,1508891257.5496197,1508891257.6459112,263
query,1508891257.6459146,1508891257.730516,456
query,1508891257.73052,1508891257.8067007,151
query,1508891257.806705,1508891257.8504431,2
query,1508891257.8504465,1508891258.005488,3363
query,1508891258.0054922,1508891258.0570617,56
query,1508891258.0570652,1508891258.1038048,55
query,1508891258.1038084,1508891258.1845567,39
query,1508891258.1845605,1508891258.270639,539
query,1508891258.2706428,1508891258.3444793,552
query,1508891258.3444827,1508891258.4908853,1900
query,1508891258.490889,1508891258.6539948,5298
query,1508891258.6540332,1508891258.8421547,4674
query,1508891258.854456,1508891258.9507658,2521
query,1508891258.9507692,1508891259.034498,15
query,1508891259.0345016,1508891259.1472924,321
query,1508891259.147297,1508891259.2222977,7
query,1508891259.2223012,1508891259.3058622,1550
query,1508891259.305866,1508891259.3548682,1
query,1508891259.3548717,1508891259.3998363,3
query,1508891259.39984,1508891259.4684684,3
query,1508891259.468472,1508891259.5426295,504
query,1508891259.5426328,1508891259.686345,3984
query,1508891259.686349,1508891259.727883,1
query,1508891259.727887,1508891259.849741,415
query,1508891259.8497448,1508891259.9260626,16
query,1508891259.9260662,1508891260.0267196,830
query,1508891260.026723,1508891260.1356442,423
query,1508891260.1356475,1508891260.264533,812
query,1508891260.264537,1508891260.4422574,6283
query,1508891260.4422612,1508891260.5895066,5238
query,1508891260.5895107,1508891260.7437031,7372
query,1508891260.743738,1508891260.9157512,3265
query,1508891260.9279826,1508891261.0723674,6769
query,1508891261.072371,1508891261.1460943,215
query,1508891261.1460977,1508891261.254795,12
query,1508891261.2547984,1508891261.3463657,276
query,1508891261.3463695,1508891261.4327114,220
query,1508891261.4327147,1508891261.5825512,5629
query,1508891261.5825548,1508891261.7123036,1811
query,1508891261.7123077,1508891261.8329732,2903
query,1508891261.8329782,1508891261.9100795,20
query,1508891261.910083,1508891261.9962645,775
query,1508891261.996268,1508891262.0447392,0
query,1508891262.0447428,1508891262.168152,3537
query,1508891262.168156,1508891262.2121198,3
query,1508891262.2121232,1508891262.302098,301
query,1508891262.3021016,1508891262.418032,2456
query,1508891262.4180355,1508891262.576526,2994
query,1508891262.57653,1508891262.666242,1454
query,1508891262.6662455,1508891262.7709157,3790
query,1508891262.770919,1508891262.8557801,786
query,1508891262.8558168,1508891263.053911,4891
query,1508891263.0667117,1508891263.1508427,1030
query,1508891263.1508472,1508891263.2594357,1146
query,1508891263.2594395,1508891263.3360112,1665
query,1508891263.3360157,1508891263.3879788,133
query,1508891263.3879826,1508891263.5529075,4229
query,1508891263.552911,1508891263.6828637,4220
query,1508891263.6828675,1508891263.7791224,395
query,1508891263.779126,1508891263.8201518,0
query,1508891263.8201554,1508891264.07351,13203
query,1508891264.0735133,1508891264.1171036,0
query,1508891264.117108,1508891264.152252,0
query,1508891264.1522555,1508891264.1885474,1
query,1508891264.1885507,1508891264.2180872,0
query,1508891264.2180908,1508891264.3099232,4989
query,1508891264.3099267,1508891264.3689098,0
query,1508891264.3689134,1508891264.517521,6577
query,1508891264.517525,1508891264.5529132,0
query,1508891264.5529172,1508891264.6722088,3698
query,1508891264.6722124,1508891264.7738688,3311
query,1508891264.7739108,1508891264.8729355,5
query,1508891264.881871,1508891265.0304534,6809
query,1508891265.030457,1508891265.1068342,38
query,1508891265.1068377,1508891265.1788406,41
query,1508891265.1788445,1508891265.264148,1845
query,1508891265.2641516,1508891265.3688402,1162
query,1508891265.3688445,1508891265.4916127,3637
query,1508891265.4916167,1508891265.5682762,138
query,1508891265.56828,1508891265.6634579,1758
query,1508891265.6634614,1508891265.7396448,2157
query,1508891265.7396486,1508891265.8148296,557
query,1508891265.8148332,1508891265.8999927,1361
query,1508891265.8999963,1508891265.9747221,1124
query,1508891265.974726,1508891266.0903132,1937
query,1508891266.090317,1508891266.177078,630
query,1508891266.1770816,1508891266.2587137,313
query,1508891266.2587173,1508891266.4062982,5599
query,1508891266.4063017,1508891266.4741032,159
query,1508891266.4741066,1508891266.6474535,7316
query,1508891266.6474571,1508891266.6935017,2
query,1508891266.6935403,1508891266.7950077,117
query,1508891266.807332,1508891266.8688383,1
query,1508891266.8688424,1508891266.9587557,643
query,1508891266.9587595,1508891267.03578,511
query,1508891267.0357833,1508891267.1129296,94
query,1508891267.1129332,1508891267.2178621,1355
query,1508891267.2178662,1508891267.2942948,622
query,1508891267.2942982,1508891267.552544,13793
query,1508891267.5525477,1508891267.6244102,357
query,1508891267.624414,1508891267.7778852,4328
query,1508891267.7778888,1508891267.890002,3627
query,1508891267.8900058,1508891267.9809139,3418
query,1508891267.9809175,1508891268.101253,3434
query,1508891268.1012566,1508891268.2179363,2026
query,1508891268.2179403,1508891268.4309673,13054
query,1508891268.4309714,1508891268.6312265,7028
query,1508891268.6312306,1508891268.721464,44
query,1508891268.7214677,1508891268.8407612,38
query,1508891268.8407645,1508891268.929618,47
query,1508891268.9296212,1508891269.0142019,302
query,1508891269.014238,1508891269.0865114,66
query,1508891269.0989115,1508891269.2458544,3573
query,1508891269.2458577,1508891269.3287032,150
query,1508891269.3287065,1508891269.573515,13456
query,1508891269.573519,1508891269.7517495,8088
query,1508891269.7517538,1508891269.9283957,6891
query,1508891269.9283996,1508891270.0980558,6529
query,1508891270.0980594,1508891270.1440544,0
query,1508891270.1440575,1508891270.2676284,2729
query,1508891270.267633,1508891270.3169749,1
query,1508891270.3169782,1508891270.5200152,7362
query,1508891270.5200195,1508891270.6448355,223
query,1508891270.6448395,1508891270.7679992,6
query,1508891270.7680035,1508891271.0565794,14065
query,1508891271.0565836,1508891271.1165812,0
query,1508891271.116585,1508891271.3660088,13821
query,1508891271.3660128,1508891271.5205197,5194
query,1508891271.520523,1508891271.6856718,5765
query,1508891271.6856759,1508891271.8436127,6059
query,1508891271.8436167,1508891271.8997679,752
query,1508891271.8998046,1508891272.0422926,218
query,1508891272.054629,1508891272.107825,1
query,1508891272.1078284,1508891272.1461046,1
query,1508891272.1461082,1508891272.1849117,0
query,1508891272.1849153,1508891272.2627678,6
query,1508891272.2627714,1508891272.373938,2367
query,1508891272.3739424,1508891272.485476,4368
query,1508891272.4854803,1508891272.5887578,2130
query,1508891272.5887613,1508891272.719031,3548
query,1508891272.7190356,1508891272.907517,6772
query,1508891272.9075203,1508891272.9669855,1
query,1508891272.9669895,1508891273.0765586,1370
query,1508891273.0765624,1508891273.213249,5160
query,1508891273.2132525,1508891273.3447309,2813
query,1508891273.3447344,1508891273.4730365,3782
query,1508891273.4730406,1508891273.6302135,5174
query,1508891273.6302176,1508891273.8593633,10281
query,1508891273.8593674,1508891273.943155,924
query,1508891273.943159,1508891274.0282524,618
query,1508891274.028257,1508891274.1139135,842
query,1508891274.1139529,1508891274.2825034,6057
query,1508891274.2957,1508891274.371792,496
query,1508891274.3717964,1508891274.4702442,2078
query,1508891274.4702487,1508891274.6043155,3572
query,1508891274.604319,1508891274.756319,4932
query,1508891274.756323,1508891274.8824735,5350
query,1508891274.882477,1508891274.9642491,2679
query,1508891274.964253,1508891275.016651,0
query,1508891275.0166545,1508891275.1102602,874
query,1508891275.1102645,1508891275.200905,187
query,1508891275.200909,1508891275.3327734,9
query,1508891275.3327768,1508891275.3771229,3
query,1508891275.3771267,1508891275.4907568,3827
query,1508891275.4907603,1508891275.5756743,411
query,1508891275.5756776,1508891275.834582,14426
query,1508891275.8345866,1508891275.9785423,6373
query,1508891275.978546,1508891276.1835332,9931
query,1508891276.1835368,1508891276.2669482,121
query,1508891276.266952,1508891276.3439355,973
query,1508891276.3439388,1508891276.422797,2437
query,1508891276.4228358,1508891276.5823882,1113
query,1508891276.5945556,1508891276.682117,102
query,1508891276.6821203,1508891276.7975943,4395
query,1508891276.7975984,1508891276.8403041,5
query,1508891276.8403077,1508891276.88941,0
query,1508891276.8894143,1508891277.072544,9936
query,1508891277.0725482,1508891277.3461366,13499
query,1508891277.3461409,1508891277.4190323,600
query,1508891277.4190364,1508891277.5304747,973
query,1508891277.5304782,1508891277.6188846,699
query,1508891277.6188881,1508891277.7301126,2026
query,1508891277.7301164,1508891277.8422928,3628
query,1508891277.8422966,1508891277.9578018,4687
query,1508891277.9578056,1508891278.0389106,881
query,1508891278.0389147,1508891278.1145282,455
query,1508891278.1145318,1508891278.1866846,160
query,1508891278.1866891,1508891278.3781793,7957
query,1508891278.3781826,1508891278.4783785,2494
query,1508891278.478382,1508891278.5198605,1
query,1508891278.5198638,1508891278.602734,223
query,1508891278.6027694,1508891278.7468162,2808
query,1508891278.7589588,1508891278.9111106,5885
query,1508891278.9111147,1508891278.99501,377
query,1508891278.995014,1508891279.0397873,3
query,1508891279.0397906,1508891279.215063,8297
query,1508891279.2150667,1508891279.3494198,5239
query,1508891279.3494234,1508891279.4484012,4664
query,1508891279.448405,1508891279.537525,751
query,1508891279.5375285,1508891279.5926166,1059
query,1508891279.59262,1508891279.7592156,3794
query,1508891279.7592194,1508891279.8339205,463
query,1508891279.8339243,1508891279.8724706,0
query,1508891279.8724744,1508891280.061993,7915
query,1508891280.0619972,1508891280.1738217,2340
query,1508891280.1738255,1508891280.4303265,13918
query,1508891280.4303305,1508891280.5162623,888
query,1508891280.5162663,1508891280.5615506,603
query,1508891280.5615547,1508891280.6590717,5135
query,1508891280.6590762,1508891280.8145914,5785
query,1508891280.814595,1508891280.9301455,2817
query,1508891280.9301882,1508891281.036962,2444
query,1508891281.0497835,1508891281.1268618,2276
query,1508891281.126866,1508891281.2491186,3887
query,1508891281.2491221,1508891281.3349004,340
query,1508891281.3349042,1508891281.3911598,28
query,1508891281.3911636,1508891281.4490268,135
query,1508891281.4490304,1508891281.5470705,52
query,1508891281.5470746,1508891281.6245587,17
query,1508891281.6245625,1508891281.7598958,5781
query,1508891281.7598996,1508891281.871064,2708
query,1508891281.8710673,1508891281.9018688,0
query,1508891281.9018724,1508891281.9768493,2712
query,1508891281.976853,1508891282.0325506,213
query,1508891282.0325537,1508891282.133272,37
query,1508891282.1332762,1508891282.245643,3779
query,1508891282.245647,1508891282.3482802,554
query,1508891282.3482842,1508891282.530216,7768
query,1508891282.5302198,1508891282.7803154,11468
query,1508891282.7803192,1508891282.914114,4799
query,1508891282.9141188,1508891283.0108476,22
query,1508891283.0108876,1508891283.126886,2379
query,1508891283.1389036,1508891283.2658253,3190
query,1508891283.265829,1508891283.3639805,176
query,1508891283.3639846,1508891283.612745,13568
query,1508891283.612749,1508891283.6849692,972
query,1508891283.6849735,1508891283.7864754,734
query,1508891283.7864795,1508891283.834595,1
query,1508891283.8345985,1508891284.0595162,13211
query,1508891284.05952,1508891284.1385942,324
query,1508891284.1385977,1508891284.2914717,2842
query,1508891284.291476,1508891284.386521,2183
query,1508891284.3865252,1508891284.5542786,7770
query,1508891284.5542822,1508891284.6441886,2014
query,1508891284.6441927,1508891284.705276,0
query,1508891284.7052796,1508891284.7972486,2553
query,1508891284.7972527,1508891284.882355,1989
query,1508891284.8823586,1508891284.9529355,97
query,1508891284.952942,1508891285.1123667,7397
query,1508891285.1123695,1508891285.3164952,9368
query,1508891285.3164985,1508891285.45911,6884
query,1508891285.4591515,1508891285.594883,2471
query,1508891285.6082795,1508891285.7011864,329
query,1508891285.7011902,1508891285.8307562,1980
query,1508891285.83076,1508891286.0399318,8658
query,1508891286.0399358,1508891286.125878,43
query,1508891286.1258824,1508891286.2579174,2084
query,1508891286.2579217,1508891286.4777403,9804
query,1508891286.4777448,1508891286.5169852,0
query,1508891286.5169895,1508891286.6635969,4106
query,1508891286.663601,1508891286.8485575,11536
query,1508891286.8485622,1508891286.9827616,3341
query,1508891286.9827654,1508891287.0585325,982
query,1508891287.0585363,1508891287.1680357,3608
query,1508891287.1680393,1508891287.2563684,3806
query,1508891287.2563717,1508891287.3517969,38
query,1508891287.3518012,1508891287.3984096,0
query,1508891287.3984137,1508891287.451867,0
query,1508891287.4518712,1508891287.5399795,79
query,1508891287.539983,1508891287.6679482,3410
query,1508891287.667952,1508891287.841498,4168
query,1508891287.8415415,1508891288.0022957,4
query,1508891288.0149803,1508891288.1747897,4510
query,1508891288.1747937,1508891288.3185387,5015
query,1508891288.3185427,1508891288.4363604,6544
query,1508891288.436364,1508891288.5209775,680
query,1508891288.5209808,1508891288.618715,710
query,1508891288.6187189,1508891288.6664343,1996
query,1508891288.666438,1508891288.7612445,33
query,1508891288.7612493,1508891288.972059,13072
query,1508891288.972063,1508891289.0766916,3899
query,1508891289.0766952,1508891289.2024314,3936
query,1508891289.202443,1508891289.284406,178
query,1508891289.2844093,1508891289.3365464,18
query,1508891289.33655,1508891289.4867985,6915
query,1508891289.4868028,1508891289.5324097,0
query,1508891289.532413,1508891289.6237469,215
query,1508891289.6237507,1508891289.677321,1
query,1508891289.6773245,1508891289.9020638,9889
query,1508891289.9020677,1508891289.975833,420
query,1508891289.9758365,1508891290.0506544,844
query,1508891290.0506968,1508891290.2063253,3482
query,1508891290.2187598,1508891290.3075347,2756
query,1508891290.3075387,1508891290.4906256,8600
query,1508891290.4906294,1508891290.5446935,0
query,1508891290.5446973,1508891290.5889986,1
query,1508891290.589002,1508891290.625185,2
query,1508891290.6251884,1508891290.7679796,5778
query,1508891290.7679837,1508891290.8137524,1
query,1508891290.8137567,1508891291.0387344,10423
query,1508891291.038738,1508891291.1029468,54
query,1508891291.1029508,1508891291.1344407,0
query,1508891291.134444,1508891291.2451832,3471
query,1508891291.2451868,1508891291.3736472,3208
query,1508891291.3736508,1508891291.608652,13125
query,1508891291.6086562,1508891291.7269902,1715
query,1508891291.7269945,1508891291.8129916,617
query,1508891291.8129947,1508891291.9539762,4359
query,1508891291.95398,1508891292.140647,9206
query,1508891292.1406503,1508891292.214546,368
query,1508891292.2145495,1508891292.3049824,1434
query,1508891292.3050416,1508891292.502668,4805
query,1508891292.5148737,1508891292.6522996,4291
query,1508891292.6523035,1508891292.7309165,237
query,1508891292.73092,1508891292.806709,11
query,1508891292.806713,1508891292.8822675,12
query,1508891292.882271,1508891292.9904451,2009
query,1508891292.990449,1508891293.028127,0
query,1508891293.0281308,1508891293.0730433,2
query,1508891293.073047,1508891293.195035,2562
query,1508891293.1950388,1508891293.306977,1298
query,1508891293.3069804,1508891293.3906624,3038
query,1508891293.390666,1508891293.4835339,136
query,1508891293.4835374,1508891293.827862,14152
query,1508891293.827866,1508891293.9940898,7260
query,1508891293.9940937,1508891294.1057413,2406
query,1508891294.1057456,1508891294.1828408,210
query,1508891294.1828442,1508891294.258606,144
query,1508891294.2586102,1508891294.304458,467
query,1508891294.3044612,1508891294.365274,1
query,1508891294.365278,1508891294.447818,55
query,1508891294.4478583,1508891294.5898716,1499
query,1508891294.603377,1508891294.6813807,146
query,1508891294.6813843,1508891294.7544053,19
query,1508891294.754409,1508891294.830161,930
query,1508891294.830165,1508891294.9180164,3457
query,1508891294.9180202,1508891294.9866934,4
query,1508891294.9866977,1508891295.0730531,125
query,1508891295.0730572,1508891295.1083777,0
query,1508891295.1083827,1508891295.282633,6413
query,1508891295.2826378,1508891295.4616618,8755
query,1508891295.4616656,1508891295.5165155,82
query,1508891295.5166042,1508891295.601876,12
query,1508891295.60188,1508891295.6912155,468
query,1508891295.6912205,1508891295.8110602,4867
query,1508891295.811064,1508891295.8866472,3
query,1508891295.8866513,1508891296.032148,3705
query,1508891296.032152,1508891296.0790312,1817
query,1508891296.0790353,1508891296.1256633,0
query,1508891296.1256673,1508891296.2178261,3861
query,1508891296.2178297,1508891296.2866175,208
query,1508891296.286653,1508891296.386468,1444
query,1508891296.3990111,1508891296.4751189,152
query,1508891296.475123,1508891296.698045,13158
query,1508891296.698049,1508891296.8898466,10448
query,1508891296.8898509,1508891296.9657035,948
query,1508891296.9657073,1508891297.0745525,4172
query,1508891297.074556,1508891297.1872463,2514
query,1508891297.18725,1508891297.295309,4574
query,1508891297.2953134,1508891297.3759677,1203
query,1508891297.3759718,1508891297.490851,3031
query,1508891297.490855,1508891297.747217,10397
query,1508891297.747221,1508891297.857759,1660
query,1508891297.8577635,1508891297.95118,1508
query,1508891297.951184,1508891298.1708148,9060
query,1508891298.1708183,1508891298.2535436,3619
query,1508891298.2535477,1508891298.3758054,2701
query,1508891298.3758092,1508891298.5345442,5557
query,1508891298.5345483,1508891298.6747432,3930
query,1508891298.6747477,1508891298.759084,1979
query,1508891298.7590878,1508891298.843058,261
query,1508891298.8430998,1508891298.936141,4
query,1508891298.9483647,1508891299.071603,5121
query,1508891299.0716639,1508891299.1479955,80
query,1508891299.1479995,1508891299.250716,3677
query,1508891299.2507195,1508891299.372875,3987
query,1508891299.3728788,1508891299.4561596,32
query,1508891299.4561641,1508891299.5765393,3673
query,1508891299.576544,1508891299.6557531,914
query,1508891299.6557567,1508891299.7789364,4695
query,1508891299.7789407,1508891299.923806,3070
query,1508891299.9238102,1508891300.0309126,593
query,1508891300.0309165,1508891300.1709585,6657
query,1508891300.1709626,1508891300.2356768,283
query,1508891300.2356808,1508891300.3075159,20
query,1508891300.3075216,1508891300.422852,3520
query,1508891300.4228556,1508891300.507049,2681
query,1508891300.5070531,1508891300.622795,2531
query,1508891300.622799,1508891300.6989985,3677
query,1508891300.6990023,1508891300.7964187,1801
query,1508891300.7964222,1508891300.8756871,0
query,1508891300.8757231,1508891300.912117,0
query,1508891300.9135714,1508891300.9638748,0
query,1508891300.9638784,1508891301.0391905,1030
query,1508891301.039194,1508891301.1083853,0
query,1508891301.1083894,1508891301.180547,490
query,1508891301.1805508,1508891301.2255187,0
query,1508891301.2255225,1508891301.3344128,3675
query,1508891301.3344166,1508891301.3730164,0
query,1508891301.37302,1508891301.5626833,8842
query,1508891301.5626872,1508891301.6815357,3000
query,1508891301.6815395,1508891301.7672853,665
query,1508891301.767289,1508891301.8483226,2224
query,1508891301.8483262,1508891301.932203,942
query,1508891301.9322066,1508891302.0185218,45
query,1508891302.0185254,1508891302.1365821,4214
query,1508891302.1365867,1508891302.2638736,2526
query,1508891302.263877,1508891302.4231622,8129
query,1508891302.4231663,1508891302.4770033,0
query,1508891302.4770072,1508891302.5752573,219
query,1508891302.5752609,1508891302.6507838,996
query,1508891302.6508243,1508891302.7526562,1
query,1508891302.7594552,1508891302.8717844,428
query,1508891302.871788,1508891303.0148897,3199
query,1508891303.0148933,1508891303.0798612,0
query,1508891303.0798652,1508891303.2549207,6435
query,1508891303.2549243,1508891303.3667104,2045
query,1508891303.366714,1508891303.480848,825
query,1508891303.4808517,1508891303.5624847,86
query,1508891303.5624883,1508891303.730941,3208
query,1508891303.7309444,1508891303.8797626,7823
query,1508891303.879767,1508891303.9625068,736
query,1508891303.9625103,1508891304.2211366,9800
query,1508891304.2211401,1508891304.3282323,1265
query,1508891304.3282363,1508891304.4350965,6090
query,1508891304.4351,1508891304.5125477,50
query,1508891304.5125513,1508891304.5982397,254
query,1508891304.5982432,1508891304.7243247,4730
query,1508891304.7243288,1508891304.807128,130
query,1508891304.8071313,1508891304.8987448,2650
query,1508891304.8987486,1508891304.9783964,52
query,1508891304.9784358,1508891305.1498308,3344
query,1508891305.1619515,1508891305.2605557,5254
query,1508891305.2605598,1508891305.329012,236
query,1508891305.329016,1508891305.415505,1534
query,1508891305.4155087,1508891305.514314,3784
query,1508891305.514318,1508891305.5725434,1
query,1508891305.5725472,1508891305.6582668,827
query,1508891305.6582706,1508891305.6966128,1
query,1508891305.6966164,1508891305.7483437,1
query,1508891305.748348,1508891305.7963881,0
query,1508891305.7963917,1508891305.941842,7894
query,1508891305.9418461,1508891306.00419,1
query,1508891306.0041935,1508891306.0472467,4
query,1508891306.04725,1508891306.1480088,1371
query,1508891306.1480124,1508891306.2979145,4167
query,1508891306.2979188,1508891306.3996441,835
query,1508891306.3996482,1508891306.4826767,336
query,1508891306.4826803,1508891306.5987978,8
query,1508891306.598802,1508891306.6905458,4628
query,1508891306.6905506,1508891306.7841704,3472
query,1508891306.7842119,1508891306.9330606,5169
query,1508891306.9453976,1508891307.1508377,9582
query,1508891307.1508422,1508891307.2354755,1007
query,1508891307.235479,1508891307.3938024,7536
query,1508891307.3938074,1508891307.4655194,201
query,1508891307.4655235,1508891307.5094774,0
query,1508891307.509482,1508891307.6064098,2185
query,1508891307.6064138,1508891307.683229,372
query,1508891307.6832337,1508891307.7644901,94
query,1508891307.7644942,1508891307.8479357,1737
query,1508891307.8479393,1508891307.9229848,920
query,1508891307.922989,1508891307.998826,1001
query,1508891307.9988296,1508891308.0835576,9
query,1508891308.083561,1508891308.1812797,1325
query,1508891308.1812835,1508891308.2628665,181
query,1508891308.2628706,1508891308.3591514,110
query,1508891308.359155,1508891308.3962796,0
query,1508891308.3962831,1508891308.486775,3730
query,1508891308.4867792,1508891308.607028,3813
query,1508891308.607033,1508891308.7747495,6477
query,1508891308.7748036,1508891308.87958,375
query,1508891308.892171,1508891308.9844675,24
query,1508891308.9844713,1508891309.0630164,1323
query,1508891309.06302,1508891309.1475933,1260
query,1508891309.1475973,1508891309.2508717,2374
query,1508891309.2508757,1508891309.3359444,2014
query,1508891309.3359482,1508891309.4334145,1246
query,1508891309.4334188,1508891309.5551336,4512
query,1508891309.5551379,1508891309.6706827,1462
query,1508891309.670687,1508891309.8138673,6587
query,1508891309.8138716,1508891309.9563172,4888
query,1508891309.9563215,1508891310.0319135,469
query,1508891310.0319178,1508891310.1073537,912
query,1508891310.107358,1508891310.1830578,2
query,1508891310.1830618,1508891310.3344786,7191
query,1508891310.3344824,1508891310.4101253,7
query,1508891310.4101295,1508891310.6238656,11241
query,1508891310.6238697,1508891310.7007353,637
query,1508891310.700739,1508891310.7823703,3
query,1508891310.782375,1508891310.8286445,0
query,1508891310.828685,1508891310.9364934,4290
query,1508891310.9486983,1508891311.046533,2808
query,1508891311.046537,1508891311.1239138,704
query,1508891311.1239178,1508891311.1646142,0
query,1508891311.1646178,1508891311.2429965,59
query,1508891311.2430005,1508891311.3073914,1975
query,1508891311.307395,1508891311.3514488,2
query,1508891311.3514526,1508891311.4713612,2022
query,1508891311.4713652,1508891311.674895,11289
query,1508891311.6748986,1508891311.7165794,0
query,1508891311.7165837,1508891311.7877226,1603
query,1508891311.7877269,1508891311.8636496,1025
query,1508891311.8636544,1508891311.9754574,4354
query,1508891311.9754612,1508891312.0559423,205
query,1508891312.0559466,1508891312.10698,3
query,1508891312.1069837,1508891312.2105944,3014
query,1508891312.2105985,1508891312.296214,132
query,1508891312.2962189,1508891312.379731,84
query,1508891312.3797352,1508891312.4197543,2
query,1508891312.419758,1508891312.526576,3470
query,1508891312.5266218,1508891312.6660867,1491
query,1508891312.6786704,1508891312.7906723,2600
query,1508891312.7906766,1508891312.8946497,2655
query,1508891312.8946538,1508891313.002725,2155
query,1508891313.0027285,1508891313.075072,339
query,1508891313.0750759,1508891313.159335,360
query,1508891313.1593387,1508891313.2360158,541
query,1508891313.2360196,1508891313.2927084,0
query,1508891313.2927122,1508891313.3911233,2823
query,1508891313.3911269,1508891313.4553666,177
query,1508891313.4553707,1508891313.5123105,0
query,1508891313.5123143,1508891313.5989516,812
query,1508891313.5989554,1508891313.6835535,1405
query,1508891313.6835575,1508891313.7228377,1
query,1508891313.7228413,1508891313.8726223,6879
query,1508891313.872627,1508891313.9481592,19
query,1508891313.9481635,1508891314.0236804,1147
query,1508891314.0236845,1508891314.099479,1484
query,1508891314.099483,1508891314.175218,1062
query,1508891314.175221,1508891314.2685995,470
query,1508891314.2686625,1508891314.4242718,3914
query,1508891314.4365597,1508891314.553351,3382
query,1508891314.5533552,1508891314.6603193,2426
query,1508891314.660323,1508891314.7667923,169
query,1508891314.7667959,1508891314.8108299,3
query,1508891314.8108337,1508891314.8878133,27
query,1508891314.8878171,1508891314.9595852,62
query,1508891314.959589,1508891315.043288,89
query,1508891315.0432918,1508891315.1561947,2949
query,1508891315.1561985,1508891315.3066528,6923
query,1508891315.3066568,1508891315.390984,904
query,1508891315.3909883,1508891315.429274,0
query,1508891315.429278,1508891315.5060842,234
query,1508891315.5060883,1508891315.6846921,6799
query,1508891315.6846964,1508891315.7720182,1267
query,1508891315.772022,1508891315.8872702,5105
query,1508891315.8872747,1508891315.9678714,62
query,1508891315.9678752,1508891316.081001,1799
query,1508891316.0810049,1508891316.175259,72
query,1508891316.1752627,1508891316.2827115,4849
query,1508891316.2827559,1508891316.4782102,7846
query,1508891316.4911897,1508891316.5756166,1069
query,1508891316.5756204,1508891316.6519215,316
query,1508891316.6519253,1508891316.7246382,23
query,1508891316.7246425,1508891316.8701458,5308
query,1508891316.8701496,1508891317.0230157,6633
query,1508891317.02302,1508891317.1346154,3454
query,1508891317.1346192,1508891317.2171652,2026
query,1508891317.2171693,1508891317.3466074,3385
query,1508891317.346612,1508891317.4877086,8459
query,1508891317.4877124,1508891317.5989497,4579
query,1508891317.5989535,1508891317.6778197,963
query,1508891317.6778233,1508891317.7384982,0
query,1508891317.7385023,1508891317.8905532,6226
query,1508891317.8905578,1508891318.0708258,7728
query,1508891318.0708299,1508891318.124576,0
query,1508891318.12458,1508891318.247557,1854
query,1508891318.247561,1508891318.3991325,6378
query,1508891318.399136,1508891318.510616,2565
query,1508891318.5106204,1508891318.6184554,2436
query,1508891318.6185236,1508891318.7747183,3126
query,1508891318.7870965,1508891318.935679,6130
query,1508891318.9356835,1508891318.998845,1238
query,1508891318.9988496,1508891319.1146808,2485
query,1508891319.1146846,1508891319.3066952,14574
query,1508891319.3067,1508891319.4025846,86
query,1508891319.4025888,1508891319.5466607,7617
query,1508891319.5466645,1508891319.6274369,19
query,1508891319.627441,1508891319.6988773,117
query,1508891319.6988816,1508891319.8682141,5894
query,1508891319.8682177,1508891319.9556022,458
query,1508891319.9556053,1508891320.0512402,895
query,1508891320.0512435,1508891320.1425471,1772
query,1508891320.1425521,1508891320.2797406,6597
query,1508891320.2797441,1508891320.3943284,1340
query,1508891320.394332,1508891320.435279,1
query,1508891320.435282,1508891320.4838753,0
query,1508891320.4838786,1508891320.5483873,2
query,1508891320.5483913,1508891320.6313787,949
query,1508891320.6313822,1508891320.7147844,146
query,1508891320.7148216,1508891320.8242166,165
query,1508891320.836852,1508891320.9332845,106
query,1508891320.9332883,1508891321.0272334,50
query,1508891321.0272377,1508891321.1310613,1760
query,1508891321.1310654,1508891321.2509098,2686
query,1508891321.2509139,1508891321.2927063,0
query,1508891321.2927103,1508891321.3634274,40
query,1508891321.3634312,1508891321.4694552,1261
query,1508891321.4694593,1508891321.531802,4
query,1508891321.531806,1508891321.6388838,157
query,1508891321.6388876,1508891321.8005776,6964
query,1508891321.800581,1508891321.8907154,40
query,1508891321.8907192,1508891322.0148714,4269
query,1508891322.0148757,1508891322.1187558,1325
query,1508891322.1187596,1508891322.2257688,2736
query,1508891322.225773,1508891322.2864537,1
query,1508891322.2864575,1508891322.3346994,1
query,1508891322.3347034,1508891322.4159071,1330
query,1508891322.4159114,1508891322.5631177,6195
query,1508891322.5631213,1508891322.6391203,288
query,1508891322.6391594,1508891322.778731,1597
query,1508891322.7949033,1508891322.8300726,2
query,1508891322.8300757,1508891322.9452758,3387
query,1508891322.9452794,1508891323.0156343,18
query,1508891323.0156393,1508891323.1153681,5458
query,1508891323.1153717,1508891323.2364724,3774
query,1508891323.236476,1508891323.405688,1078
query,1508891323.4056923,1508891323.5259023,3649
query,1508891323.525906,1508891323.635374,3037
query,1508891323.6353786,1508891323.7789059,4394
query,1508891323.7789092,1508891323.8992834,4118
query,1508891323.8992946,1508891324.087483,8714
query,1508891324.0874875,1508891324.2065995,3562
query,1508891324.2066033,1508891324.289621,2462
query,1508891324.2896252,1508891324.437748,4272
query,1508891324.4377518,1508891324.6267438,10178
query,1508891324.626748,1508891324.677683,2
query,1508891324.6776867,1508891324.8268855,6493
query,1508891324.8268898,1508891324.9390948,2846
query,1508891324.9391603,1508891325.0051816,2
query,1508891325.005233,1508891325.1112945,1611
query,1508891325.125019,1508891325.1852174,1061
query,1508891325.1852212,1508891325.2948647,1061
query,1508891325.2948687,1508891325.3723972,1289
query,1508891325.372401,1508891325.476295,1960
query,1508891325.4762986,1508891325.5977757,845
query,1508891325.5977798,1508891325.7508814,8180
query,1508891325.7508857,1508891325.8707466,4259
query,1508891325.8707504,1508891325.9471347,18
query,1508891325.947139,1508891325.99498,16
query,1508891325.9949841,1508891326.1288583,5082
query,1508891326.1288629,1508891326.3789148,13072
query,1508891326.378919,1508891326.4246204,0
query,1508891326.4246244,1508891326.6830504,11780
query,1508891326.683054,1508891326.7780662,3232
query,1508891326.778078,1508891326.8661067,5
query,1508891326.8661103,1508891326.9188929,436
query,1508891326.9188972,1508891327.0194955,1705
query,1508891327.0194993,1508891327.1030917,1861
query,1508891327.1030948,1508891327.1405199,0
query,1508891327.14055,1508891327.2152681,2359
query,1508891327.2276118,1508891327.2541523,0
query,1508891327.2541556,1508891327.3668017,4126
query,1508891327.366806,1508891327.4513881,199
query,1508891327.4513922,1508891327.65108,9264
query,1508891327.6510844,1508891327.794966,5301
query,1508891327.79497,1508891327.9616575,7059
query,1508891327.9616613,1508891328.0840297,3731
query,1508891328.0840337,1508891328.1670408,127
query,1508891328.167045,1508891328.2670395,26
query,1508891328.2670434,1508891328.4429023,6900
query,1508891328.4429061,1508891328.5226548,12
query,1508891328.5226586,1508891328.5993814,1370
query,1508891328.5993853,1508891328.6363544,0
query,1508891328.6363583,1508891328.854622,13358
query,1508891328.854626,1508891328.9995255,4695
query,1508891328.9995306,1508891329.2066166,10751
query,1508891329.206621,1508891329.4326131,13120
query,1508891329.4326167,1508891329.5348563,3394
query,1508891329.5348601,1508891329.581406,3
query,1508891329.5814443,1508891329.6403391,3
query,1508891329.65187,1508891329.7869854,4141
query,1508891329.7869897,1508891329.8987014,3385
query,1508891329.8987052,1508891330.0467439,6909
query,1508891330.0467477,1508891330.1599305,3605
query,1508891330.159934,1508891330.2748153,2858
query,1508891330.2748196,1508891330.34317,32
query,1508891330.343174,1508891330.3883014,243
query,1508891330.3883054,1508891330.4758265,170
query,1508891330.475831,1508891330.5549672,78
query,1508891330.554971,1508891330.6594791,2192
query,1508891330.659483,1508891330.7849472,2504
query,1508891330.7849517,1508891330.9207726,4379
query,1508891330.9207766,1508891331.0688748,4475
query,1508891331.0688782,1508891331.1471884,37
query,1508891331.1471922,1508891331.290395,3703
query,1508891331.290399,1508891331.4431572,4012
query,1508891331.443161,1508891331.5642567,2637
query,1508891331.5642612,1508891331.647744,1236
query,1508891331.6477478,1508891331.7879062,3691
query,1508891331.7879577,1508891331.9127092,593
query,1508891331.9247859,1508891332.1127865,9142
query,1508891332.1128116,1508891332.203693,1609
query,1508891332.2036963,1508891332.2981064,1038
query,1508891332.29811,1508891332.5393114,11815
query,1508891332.5393157,1508891332.6530447,2516
query,1508891332.6530488,1508891332.8024652,5192
query,1508891332.802469,1508891332.8443913,0
query,1508891332.8443952,1508891332.9271226,692
query,1508891332.9271262,1508891333.0389664,4011
query,1508891333.0389702,1508891333.0879362,1
query,1508891333.0879405,1508891333.1792636,3172
query,1508891333.1792676,1508891333.2558622,1128
query,1508891333.2558663,1508891333.3626466,2531
query,1508891333.3626502,1508891333.4647098,595
query,1508891333.464714,1508891333.548265,273
query,1508891333.5482683,1508891333.6622393,3047
query,1508891333.6622431,1508891333.7435117,82
query,1508891333.7435153,1508891333.8218167,125
query,1508891333.8218207,1508891334.0850651,14536
query,1508891334.085105,1508891334.2215245,508
query,1508891334.2337983,1508891334.341464,1533
query,1508891334.3414683,1508891334.4372149,911
query,1508891334.437219,1508891334.5453296,2023
query,1508891334.5453339,1508891334.7489445,4788
query,1508891334.7489486,1508891334.8787255,5340
query,1508891334.8787293,1508891334.971047,829
query,1508891334.971051,1508891335.1533728,8234
query,1508891335.1533766,1508891335.2319713,1351
query,1508891335.2319748,1508891335.2948105,1
query,1508891335.294814,1508891335.5144372,9990
query,1508891335.5144422,1508891335.5891304,187
query,1508891335.5891337,1508891335.7059762,5635
query,1508891335.7059798,1508891335.8504434,4176
query,1508891335.8504474,1508891335.908034,3
query,1508891335.9080381,1508891336.0739655,7740
query,1508891336.0739696,1508891336.151924,114
query,1508891336.1519275,1508891336.309516,5312
query,1508891336.3095207,1508891336.423409,4180
query,1508891336.4234128,1508891336.6418245,11769
query,1508891336.6418667,1508891336.869122,5106
query,1508891336.882411,1508891336.98708,96
query,1508891336.9870856,1508891337.094945,35
query,1508891337.0949488,1508891337.1643188,0
query,1508891337.1643226,1508891337.2610917,2166
query,1508891337.261096,1508891337.418106,5856
query,1508891337.41811,1508891337.5408492,14
query,1508891337.540853,1508891337.6193366,407
query,1508891337.6193397,1508891337.8026023,8926
query,1508891337.8026063,1508891337.9007716,372
query,1508891337.9007752,1508891338.0663965,4376
query,1508891338.0664003,1508891338.1434937,477
query,1508891338.1434972,1508891338.2232754,979
query,1508891338.2232795,1508891338.3767812,9196
query,1508891338.376785,1508891338.45537,62
query,1508891338.4553735,1508891338.5447202,5
query,1508891338.5447242,1508891338.6901474,6027
query,1508891338.6901512,1508891338.7671514,123
query,1508891338.767155,1508891338.847328,394
query,1508891338.8473315,1508891338.936684,24
query,1508891338.9367201,1508891339.082377,1022
query,1508891339.094742,1508891339.1985455,65
query,1508891339.1985495,1508891339.326336,4922
query,1508891339.3263397,1508891339.5110776,8590
query,1508891339.5110815,1508891339.7231586,13343
query,1508891339.723163,1508891339.9554992,13511
query,1508891339.9555032,1508891340.0122733,0
query,1508891340.012277,1508891340.0630395,2
query,1508891340.063043,1508891340.1687524,42
query,1508891340.168756,1508891340.2584314,3480
query,1508891340.258436,1508891340.3570228,1615
query,1508891340.357027,1508891340.6112385,13164
query,1508891340.6112423,1508891340.6940231,391
query,1508891340.694027,1508891340.7918239,1021
query,1508891340.7918272,1508891340.939551,6036
query,1508891340.9395552,1508891341.0125103,3
query,1508891341.0125136,1508891341.0565536,0
query,1508891341.0565574,1508891341.2197485,172
query,1508891341.219752,1508891341.2991714,12
query,1508891341.2991753,1508891341.3735845,150
query,1508891341.3736887,1508891341.5112672,691
query,1508891341.5243003,1508891341.751201,6250
query,1508891341.7512047,1508891341.843956,2
query,1508891341.8439593,1508891341.9274056,405
query,1508891341.9274092,1508891342.0288277,1854
query,1508891342.0288312,1508891342.1072392,23
query,1508891342.1072433,1508891342.1871781,59
query,1508891342.1871824,1508891342.274845,476
query,1508891342.2748485,1508891342.3163788,0
query,1508891342.3163826,1508891342.4430509,2173
query,1508891342.4430542,1508891342.554603,10
query,1508891342.5546076,1508891342.7328382,4119
query,1508891342.7328415,1508891342.838965,1508
query,1508891342.838969,1508891342.916343,1037
query,1508891342.9163463,1508891343.0087674,316
query,1508891343.008771,1508891343.1633136,3941
query,1508891343.1633172,1508891343.4575639,13721
query,1508891343.457568,1508891343.584778,3793
query,1508891343.5847816,1508891343.8049035,13076
query,1508891343.8049073,1508891343.8826833,3987
query,1508891343.8827217,1508891344.057098,5200
query,1508891344.0700262,1508891344.3006918,10946
query,1508891344.3006954,1508891344.5531595,13738
query,1508891344.5531633,1508891344.6257422,1779
query,1508891344.6257458,1508891344.7750013,6555
query,1508891344.7750053,1508891344.8632512,2442
query,1508891344.8632545,1508891345.0608768,9271
query,1508891345.0608807,1508891345.3089259,11646
query,1508891345.30893,1508891345.604868,13527
query,1508891345.6048715,1508891345.6871312,344
query,1508891345.6871355,1508891345.910697,10827
query,1508891345.9107006,1508891346.0227592,680
query,1508891346.022763,1508891346.1081672,114
query,1508891346.108171,1508891346.152958,0
query,1508891346.152962,1508891346.2311459,49
query,1508891346.2311497,1508891346.3840497,4932
query,1508891346.3840535,1508891346.4631655,6
query,1508891346.4631693,1508891346.555823,1740
query,1508891346.5558271,1508891346.700778,4897
query,1508891346.7007818,1508891346.7969575,2196
query,1508891346.797088,1508891346.922325,37
query,1508891346.9344008,1508891347.0472143,2548
query,1508891347.0472186,1508891347.2224555,9214
query,1508891347.2224598,1508891347.3114967,125
query,1508891347.3115008,1508891347.4270885,731
query,1508891347.4270923,1508891347.5748236,4261
query,1508891347.5748274,1508891347.682993,1541
query,1508891347.682997,1508891347.7568524,5
query,1508891347.7568572,1508891347.852685,46
query,1508891347.8526888,1508891348.0807366,13062
query,1508891348.080741,1508891348.156902,6
query,1508891348.1569061,1508891348.3434944,9053
query,1508891348.3434985,1508891348.3849177,1
query,1508891348.3849216,1508891348.4846468,460
query,1508891348.4846501,1508891348.6005769,4022
query,1508891348.6005807,1508891348.6935446,798
query,1508891348.693548,1508891348.9370437,13404
query,1508891348.9370482,1508891349.0450883,720
query,1508891349.0450916,1508891349.1591206,1583
query,1508891349.1591241,1508891349.2354517,9
query,1508891349.2354925,1508891349.3567684,6
query,1508891349.3695393,1508891349.4321845,0
query,1508891349.4321897,1508891349.472689,0
query,1508891349.472693,1508891349.6945324,10463
query,1508891349.694536,1508891349.7900133,345
query,1508891349.790017,1508891349.9512918,3960
query,1508891349.9512959,1508891350.0984914,4512
query,1508891350.0984955,1508891350.1583254,0
query,1508891350.1583295,1508891350.2430396,14
query,1508891350.2430432,1508891350.3232741,116
query,1508891350.3232784,1508891350.432908,1301
query,1508891350.4329126,1508891350.5511348,2392
query,1508891350.5511384,1508891350.6787977,1750
query,1508891350.678802,1508891350.759899,2063
query,1508891350.7599027,1508891350.8437202,8
query,1508891350.8437238,1508891350.8893232,0
query,1508891350.889327,1508891350.992773,1891
query,1508891350.992777,1508891351.0874817,91
query,1508891351.0874856,1508891351.2731357,7233
query,1508891351.2731395,1508891351.356852,4
query,1508891351.356891,1508891351.5189123,2364
query,1508891351.5325382,1508891351.604493,4
query,1508891351.6044962,1508891351.6845381,1349
query,1508891351.6845415,1508891351.9390945,13733
query,1508891351.9390993,1508891352.0408943,20
query,1508891352.040898,1508891352.2867386,6591
query,1508891352.2867424,1508891352.399349,2086
query,1508891352.3993526,1508891352.4818444,1375
query,1508891352.481848,1508891352.5982332,1145
query,1508891352.598237,1508891352.6786327,441
query,1508891352.678636,1508891352.7691216,705
query,1508891352.7691262,1508891352.8810987,771
query,1508891352.8811028,1508891353.1002772,13255
query,1508891353.1002808,1508891353.1905503,1899
query,1508891353.1905544,1508891353.3370216,4419
query,1508891353.3370254,1508891353.3844926,0
query,1508891353.3844965,1508891353.4673665,33
query,1508891353.4673705,1508891353.5629911,8
query,1508891353.5629961,1508891353.6689959,853
query,1508891353.669,1508891353.7832286,3414
query,1508891353.7832732,1508891353.9239078,146
query,1508891353.9367664,1508891354.0689726,5153
query,1508891354.068976,1508891354.1475437,4
query,1508891354.147548,1508891354.2371056,1122
query,1508891354.23711,1508891354.4091494,4861
query,1508891354.4091535,1508891354.5234966,686
query,1508891354.5235004,1508891354.631254,5
query,1508891354.6312582,1508891354.6726582,0
query,1508891354.6726623,1508891354.751165,187
query,1508891354.7511687,1508891354.8769233,627
query,1508891354.8769267,1508891354.9599996,13
query,1508891354.9600031,1508891355.0811894,3812
query,1508891355.0811932,1508891355.1362247,3
query,1508891355.136229,1508891355.4409747,16473
query,1508891355.4409785,1508891355.56934,3331
query,1508891355.5693438,1508891355.7113166,2357
query,1508891355.7113197,1508891355.7974064,249
query,1508891355.7974107,1508891355.8659105,1455
query,1508891355.865915,1508891355.9546816,5388
query,1508891355.9546869,1508891356.0488703,20
query,1508891356.0489144,1508891356.2351282,6802
query,1508891356.2513034,1508891356.3358576,24
query,1508891356.335862,1508891356.4425576,546
query,1508891356.4425614,1508891356.5610642,3208
query,1508891356.561068,1508891356.7034354,3630
query,1508891356.7034392,1508891356.7448885,0
query,1508891356.7448921,1508891356.7853122,0
query,1508891356.7853162,1508891356.8441193,1
query,1508891356.844123,1508891356.9247248,697
query,1508891356.9247286,1508891357.0112224,124
query,1508891357.011226,1508891357.1010082,758
query,1508891357.101012,1508891357.3067145,10155
query,1508891357.3067183,1508891357.5657613,13903
query,1508891357.5657651,1508891357.714984,4745
query,1508891357.7149882,1508891357.863259,6519
query,1508891357.8632627,1508891357.966506,494
query,1508891357.9665103,1508891358.054825,2495
query,1508891358.0548284,1508891358.1436715,370
query,1508891358.1436749,1508891358.2954257,5502
query,1508891358.2954295,1508891358.3957534,2566
query,1508891358.3957934,1508891358.5553145,1973
query,1508891358.5687418,1508891358.682318,1549
query,1508891358.682322,1508891358.794234,3114
query,1508891358.794238,1508891358.935105,5576
query,1508891358.935109,1508891359.0609307,3443
query,1508891359.0609353,1508891359.139063,157
query,1508891359.1390665,1508891359.2243779,3
query,1508891359.2243822,1508891359.372947,1381
query,1508891359.3729508,1508891359.474263,1201
query,1508891359.4742668,1508891359.5666041,1196
query,1508891359.5666084,1508891359.8050003,13625
query,1508891359.8050046,1508891359.8908157,55
query,1508891359.8908207,1508891360.0836053,7345
query,1508891360.0836093,1508891360.2928364,9463
query,1508891360.2928402,1508891360.3736293,748
query,1508891360.373633,1508891360.5500863,8439
query,1508891360.5500903,1508891360.6586745,2245
query,1508891360.6586783,1508891360.7606926,3148
query,1508891360.7606966,1508891360.9191012,5395
query,1508891360.9191074,1508891361.000169,2382
query,1508891361.0002134,1508891361.0897565,0
query,1508891361.091213,1508891361.2070708,3254
query,1508891361.207075,1508891361.342842,6959
query,1508891361.3428462,1508891361.419917,39
query,1508891361.419921,1508891361.4961035,902
query,1508891361.4961073,1508891361.5862112,2611
query,1508891361.5862153,1508891361.7002766,7103
query,1508891361.7002802,1508891361.7762063,778
query,1508891361.77621,1508891361.9134755,2672
query,1508891361.9134793,1508891362.0226657,2278
query,1508891362.0226696,1508891362.128325,2413
query,1508891362.1283288,1508891362.2252278,1557
query,1508891362.2252316,1508891362.3655674,1939
query,1508891362.3655722,1508891362.4079208,2
query,1508891362.407925,1508891362.5508084,4153
query,1508891362.5508118,1508891362.6114433,5
query,1508891362.6114476,1508891362.6886168,657
query,1508891362.68862,1508891362.8751016,7588
query,1508891362.8751051,1508891363.0303018,5841
query,1508891363.0303056,1508891363.2174487,3208
query,1508891363.2174923,1508891363.345528,367
query,1508891363.3625114,1508891363.4561858,2172
query,1508891363.4561892,1508891363.6449096,7210
query,1508891363.6449134,1508891363.736929,1272
query,1508891363.7369328,1508891363.8476033,2853
query,1508891363.847607,1508891363.8929262,0
query,1508891363.89293,1508891363.9728959,1134
query,1508891363.9729,1508891364.044863,1072
query,1508891364.0448666,1508891364.1288874,626
query,1508891364.128898,1508891364.200869,1224
query,1508891364.2008727,1508891364.270319,352
query,1508891364.270323,1508891364.533008,13582
query,1508891364.5330124,1508891364.6195626,1854
query,1508891364.6195672,1508891364.843841,11654
query,1508891364.8438454,1508891364.9488778,109
query,1508891364.9488819,1508891365.042445,3543
query,1508891365.042449,1508891365.13558,7
query,1508891365.135584,1508891365.1884682,1
query,1508891365.188472,1508891365.3074515,4590
query,1508891365.307455,1508891365.4793959,7155
query,1508891365.479439,1508891365.621619,3092
query,1508891365.6371999,1508891365.756757,80
query,1508891365.756761,1508891365.8085299,0
query,1508891365.8085334,1508891365.9849172,6098
query,1508891365.9849217,1508891366.0320492,0
query,1508891366.0320528,1508891366.1190305,260
query,1508891366.1190345,1508891366.204453,276
query,1508891366.2044582,1508891366.2918665,1413
query,1508891366.2918706,1508891366.3854864,355
query,1508891366.3854907,1508891366.4717298,412
query,1508891366.471734,1508891366.634319,4746
query,1508891366.634323,1508891366.7348132,748
query,1508891366.734817,1508891366.8431344,500
query,1508891366.8431382,1508891367.042506,8156
query,1508891367.0425098,1508891367.1431618,2621
query,1508891367.1431653,1508891367.3713617,8524
query,1508891367.3713653,1508891367.5750759,7870
query,1508891367.5750802,1508891367.6872745,2794
query,1508891367.6872785,1508891367.784283,2941
query,1508891367.7842875,1508891367.8639286,524
query,1508891367.8639705,1508891368.0031857,2485
query,1508891368.015598,1508891368.11915,1052
query,1508891368.1191535,1508891368.1995592,438
query,1508891368.199563,1508891368.2760727,1359
query,1508891368.276076,1508891368.3601234,1039
query,1508891368.3601272,1508891368.3966322,0
query,1508891368.3966358,1508891368.4649105,456
query,1508891368.464914,1508891368.5575387,2009
query,1508891368.557543,1508891368.6254978,2203
query,1508891368.6255014,1508891368.697283,3
query,1508891368.6972873,1508891368.765089,436
query,1508891368.7650928,1508891368.8172152,559
query,1508891368.8172193,1508891368.9209888,2918
query,1508891368.9209933,1508891369.129034,6714
query,1508891369.1290379,1508891369.2014027,1532
query,1508891369.2014067,1508891369.2848492,1537
query,1508891369.2848532,1508891369.3833213,1584
query,1508891369.3833249,1508891369.586154,13986
query,1508891369.5861578,1508891369.6769016,1507
query,1508891369.6769054,1508891369.7565994,3669
query,1508891369.7566392,1508891369.8836281,1531
query,1508891369.8965187,1508891370.048874,3213
query,1508891370.0488775,1508891370.135629,1107
query,1508891370.1356323,1508891370.248776,592
query,1508891370.2487798,1508891370.4671822,11368
query,1508891370.467186,1508891370.516902,1
query,1508891370.5169055,1508891370.7031684,6789
query,1508891370.703173,1508891370.832824,5345
query,1508891370.8328283,1508891370.8765712,0
query,1508891370.8765752,1508891370.9735465,4201
query,1508891370.973551,1508891371.0529187,1129
query,1508891371.0529225,1508891371.1622388,4287
query,1508891371.1622427,1508891371.245269,2284
query,1508891371.2452726,1508891371.314799,2553
query,1508891371.3148034,1508891371.3546455,1
query,1508891371.3546488,1508891371.4037774,269
query,1508891371.4037812,1508891371.5265715,4835
query,1508891371.526575,1508891371.6044552,728
query,1508891371.6044586,1508891371.7087073,4298
query,1508891371.708711,1508891371.8230705,3509
query,1508891371.823108,1508891371.9388819,2276
query,1508891371.950986,1508891372.124932,8002
query,1508891372.124936,1508891372.2432704,2860
query,1508891372.2432742,1508891372.3989873,7315
query,1508891372.3989916,1508891372.504612,2491
query,1508891372.504616,1508891372.5489466,0
query,1508891372.5489504,1508891372.6352189,121
query,1508891372.635222,1508891372.7510588,5418
query,1508891372.7510622,1508891372.8579621,3141
query,1508891372.8579662,1508891373.043134,9089
query,1508891373.0431378,1508891373.1194112,433
query,1508891373.1194148,1508891373.270655,6074
query,1508891373.2706587,1508891373.3132312,0
query,1508891373.3132348,1508891373.3998196,771
query,1508891373.3998234,1508891373.501337,1166
query,1508891373.501342,1508891373.5825877,781
query,1508891373.5825915,1508891373.707423,3493
query,1508891373.707427,1508891373.7815182,433
query,1508891373.7815218,1508891373.8686576,40
query,1508891373.8686612,1508891373.9484537,146
query,1508891373.948491,1508891374.267185,16301
query,1508891374.279438,1508891374.392972,42
query,1508891374.3929756,1508891374.4325304,0
query,1508891374.4325342,1508891374.5235844,601
query,1508891374.523588,1508891374.6312845,37
query,1508891374.6312878,1508891374.8025534,4120
query,1508891374.802557,1508891374.9073002,3967
query,1508891374.9073038,1508891375.0273578,724
query,1508891375.0273616,1508891375.1175444,106
query,1508891375.117549,1508891375.2314048,2658
query,1508891375.2314086,1508891375.3472068,1941
query,1508891375.3472104,1508891375.4531503,567
query,1508891375.453154,1508891375.5393763,3026
query,1508891375.53938,1508891375.620945,14
query,1508891375.620949,1508891375.828365,13061
query,1508891375.8283684,1508891375.8741856,0
query,1508891375.8741899,1508891375.9907823,4014
query,1508891375.9907856,1508891376.0842516,3223
query,1508891376.0842547,1508891376.1618233,162
query,1508891376.1618266,1508891376.2338514,938
query,1508891376.2338889,1508891376.326785,111
query,1508891376.3396766,1508891376.442797,89
query,1508891376.4428005,1508891376.6491053,8559
query,1508891376.6491096,1508891376.8154652,4996
query,1508891376.8154693,1508891376.9318392,4753
query,1508891376.931843,1508891377.0315347,3475
query,1508891377.0315387,1508891377.1278493,1947
query,1508891377.1278534,1508891377.2431893,598
query,1508891377.2431931,1508891377.274038,0
query,1508891377.2740421,1508891377.3950975,2822
query,1508891377.3951013,1508891377.5096097,672
query,1508891377.5096138,1508891377.7142012,7451
query,1508891377.7142053,1508891377.7879667,298
query,1508891377.7879705,1508891377.9425642,5811
query,1508891377.9425673,1508891378.079241,4795
query,1508891378.0792453,1508891378.1563995,201
query,1508891378.156403,1508891378.2339303,41
query,1508891378.2339349,1508891378.2700865,0
query,1508891378.27009,1508891378.3536263,231
query,1508891378.35363,1508891378.41217,797
query,1508891378.4122174,1508891378.6251993,4384
query,1508891378.637976,1508891378.738862,152
query,1508891378.7388659,1508891378.790801,2
query,1508891378.7908053,1508891378.8756552,322
query,1508891378.8756585,1508891379.014672,3061
query,1508891379.0146759,1508891379.0569851,0
query,1508891379.056989,1508891379.1904473,3507
query,1508891379.1904514,1508891379.343821,5972
query,1508891379.3438246,1508891379.4201024,25
query,1508891379.4201062,1508891379.5416048,3076
query,1508891379.5416083,1508891379.6386178,3664
query,1508891379.6386216,1508891379.7272828,2896
query,1508891379.727287,1508891379.8547506,3772
query,1508891379.8547542,1508891379.931949,1242
query,1508891379.9319525,1508891380.1870775,13805
query,1508891380.187081,1508891380.2705302,726
query,1508891380.270534,1508891380.3470492,11
query,1508891380.3470533,1508891380.4309828,280
query,1508891380.4309862,1508891380.5000572,43
query,1508891380.500061,1508891380.5717773,10
query,1508891380.571818,1508891380.7906415,6405
query,1508891380.8029432,1508891380.9029953,187
query,1508891380.9029994,1508891381.011241,1450
query,1508891381.011245,1508891381.05663,0
query,1508891381.0566335,1508891381.1652477,228
query,1508891381.1652517,1508891381.2323773,361
query,1508891381.232381,1508891381.3163748,662
query,1508891381.3163788,1508891381.400934,475
query,1508891381.400938,1508891381.501863,97
query,1508891381.501867,1508891381.6147459,2986
query,1508891381.6147492,1508891381.6976643,731
query,1508891381.697668,1508891381.8347895,4118
query,1508891381.8347936,1508891381.9554992,694
query,1508891381.955503,1508891382.1474662,3459
query,1508891382.1474705,1508891382.4108694,3208
query,1508891382.4108737,1508891382.5007086,660
query,1508891382.5007124,1508891382.5696871,51
query,1508891382.569691,1508891382.6986783,6005
query,1508891382.6986818,1508891382.7661068,1369
query,1508891382.7661102,1508891382.8895113,3382
