tables,1509255220.894555,1509259763.5848505
query,1509259763.585747,1509259764.6195128,3258
query,1509259764.635164,1509259766.0136507,11710
query,1509259766.013655,1509259766.3323872,26070
query,1509259766.3323908,1509259766.4210207,3149
query,1509259766.4210253,1509259766.4540188,575
query,1509259766.4540231,1509259766.6222918,19348
query,1509259766.6222954,1509259766.6468415,100
query,1509259766.6468441,1509259766.6717107,628
query,1509259766.6717138,1509259766.7231197,2874
query,1509259766.7231228,1509259766.7485778,484
query,1509259766.748581,1509259766.929027,3213
query,1509259766.9290302,1509259767.0056756,9318
query,1509259767.0056787,1509259767.055181,3213
query,1509259767.0551848,1509259767.1868439,12552
query,1509259767.1868474,1509259767.2192187,1767
query,1509259767.2192218,1509259767.3440275,11915
query,1509259767.3440306,1509259767.365591,314
query,1509259767.3655944,1509259767.4321046,3222
query,1509259767.432108,1509259767.4586506,173
query,1509259767.4586537,1509259767.525369,3201
query,1509259767.5254169,1509259767.57467,2888
query,1509259767.5869398,1509259767.6245646,3182
query,1509259767.624569,1509259767.6699276,3190
query,1509259767.6699317,1509259768.0020263,29190
query,1509259768.0020297,1509259768.0290163,1392
query,1509259768.0290194,1509259768.094289,3213
query,1509259768.0942926,1509259768.1449852,3213
query,1509259768.1449888,1509259768.1937952,3213
query,1509259768.1937988,1509259768.2444525,3213
query,1509259768.2444563,1509259768.2956703,3213
query,1509259768.2956736,1509259768.3170428,816
query,1509259768.3170462,1509259768.3332245,213
query,1509259768.333228,1509259768.5900784,26118
query,1509259768.5900822,1509259768.615483,1204
query,1509259768.6154869,1509259769.145397,39750
query,1509259769.1454008,1509259769.3282685,17012
query,1509259769.3282726,1509259769.339177,4
query,1509259769.3391802,1509259769.4274836,13324
query,1509259769.4274874,1509259769.6475155,17642
query,1509259769.6475194,1509259769.703938,9153
query,1509259769.7039804,1509259770.0550349,31000
query,1509259770.070071,1509259770.478151,36751
query,1509259770.4781551,1509259770.8371336,34220
query,1509259770.837138,1509259771.8500183,47872
query,1509259771.8500223,1509259771.8765442,2856
query,1509259771.876548,1509259772.1899383,32909
query,1509259772.1899426,1509259772.6650212,29369
query,1509259772.6650252,1509259773.2008162,41741
query,1509259773.2008207,1509259773.2180688,22
query,1509259773.2180722,1509259773.231401,323
query,1509259773.2314045,1509259773.351562,17414
query,1509259773.3515656,1509259773.3605077,0
query,1509259773.3605115,1509259774.0443099,48888
query,1509259774.0443144,1509259774.106484,10002
query,1509259774.106488,1509259774.1622057,7171
query,1509259774.1622095,1509259774.2808592,14547
query,1509259774.2808633,1509259774.3424602,8992
query,1509259774.3424635,1509259774.547546,23328
query,1509259774.5475492,1509259774.6614726,13066
query,1509259774.661477,1509259774.6829867,2881
query,1509259774.683028,1509259774.6984851,3
query,1509259774.7116253,1509259774.734313,3089
query,1509259774.734316,1509259775.4497604,48890
query,1509259775.4497643,1509259775.6098757,21060
query,1509259775.6098797,1509259775.630594,1778
query,1509259775.6305974,1509259775.6925027,8129
query,1509259775.692507,1509259775.742307,6990
query,1509259775.7423105,1509259776.1914594,38059
query,1509259776.1914637,1509259776.33906,15740
query,1509259776.339064,1509259776.36141,2675
query,1509259776.361413,1509259776.6966147,27903
query,1509259776.696619,1509259777.0410469,26782
query,1509259777.0410514,1509259777.054611,30
query,1509259777.0546153,1509259777.155449,25041
query,1509259777.1554532,1509259777.3439317,18824
query,1509259777.3439355,1509259777.4289212,10885
query,1509259777.4289248,1509259777.4395092,5
query,1509259777.4395123,1509259777.4568236,429
query,1509259777.4568272,1509259777.4764702,3358
query,1509259777.4764738,1509259777.4997718,4033
query,1509259777.4998612,1509259777.622876,24189
query,1509259777.6363945,1509259777.6587365,2925
query,1509259777.6587396,1509259777.7226088,8879
query,1509259777.7226124,1509259777.7388456,53
query,1509259777.738849,1509259777.775362,6924
query,1509259777.7753654,1509259777.8086033,3786
query,1509259777.8086066,1509259777.8142223,0
query,1509259777.8142254,1509259778.03846,24928
query,1509259778.0384645,1509259778.0590744,1446
query,1509259778.059085,1509259778.0924392,3622
query,1509259778.092443,1509259778.21199,24912
query,1509259778.2119944,1509259778.2425728,1198
query,1509259778.242577,1509259778.302255,6117
query,1509259778.302259,1509259778.329034,287
query,1509259778.3290384,1509259778.3492622,38
query,1509259778.3492658,1509259778.444619,14360
query,1509259778.444623,1509259778.5094037,6507
query,1509259778.509408,1509259778.7087064,29730
query,1509259778.7087104,1509259778.8223214,20418
query,1509259778.8223255,1509259779.2343125,45735
query,1509259779.2343652,1509259779.2498355,11
query,1509259779.2625003,1509259779.391091,17403
query,1509259779.391095,1509259779.4799373,15191
query,1509259779.4799416,1509259779.5111248,1695
query,1509259779.5111287,1509259779.541025,1659
query,1509259779.541029,1509259779.6700826,16206
query,1509259779.6700869,1509259780.1184862,45597
query,1509259780.11849,1509259780.2388954,19361
query,1509259780.2389002,1509259780.2512796,203
query,1509259780.2512834,1509259780.5387063,30819
query,1509259780.5387106,1509259780.6339726,17255
query,1509259780.633978,1509259780.663933,4911
query,1509259780.6639369,1509259780.726689,8571
query,1509259780.7266932,1509259780.7577636,2068
query,1509259780.757767,1509259780.7903657,4243
query,1509259780.7903693,1509259780.8134294,293
query,1509259780.8134332,1509259780.8533392,6084
query,1509259780.853343,1509259781.2705376,35498
query,1509259781.270542,1509259781.3142703,4234
query,1509259781.3142745,1509259781.329753,281
query,1509259781.3297966,1509259781.3526094,243
query,1509259781.3653362,1509259781.4146354,7528
query,1509259781.4146385,1509259781.8417494,49410
query,1509259781.8417537,1509259781.855988,49
query,1509259781.8559914,1509259782.0131617,23060
query,1509259782.0131664,1509259782.1186807,21125
query,1509259782.1186848,1509259782.1429977,661
query,1509259782.1430013,1509259782.7952116,47409
query,1509259782.7952156,1509259782.8120751,841
query,1509259782.8120787,1509259783.1509025,35767
query,1509259783.150906,1509259783.2177026,10574
query,1509259783.2177064,1509259783.5867963,29724
query,1509259783.5867999,1509259783.6121514,2691
query,1509259783.612155,1509259783.6649487,4956
query,1509259783.6649525,1509259784.242993,51099
query,1509259784.2429972,1509259784.263024,924
query,1509259784.263028,1509259784.3233535,7793
query,1509259784.3233576,1509259784.454639,23191
query,1509259784.4546437,1509259784.473865,615
query,1509259784.4738686,1509259784.650163,20218
query,1509259784.6502035,1509259784.6937697,5349
query,1509259784.7061641,1509259785.0429192,46820
query,1509259785.0429227,1509259785.1070487,6344
query,1509259785.1070526,1509259785.3460069,8954
query,1509259785.3460112,1509259785.5238736,22069
query,1509259785.5238776,1509259786.3523088,55257
query,1509259786.3523128,1509259786.407326,9383
query,1509259786.4073293,1509259786.4241781,861
query,1509259786.4241817,1509259786.7740433,30385
query,1509259786.7740474,1509259786.8430939,10116
query,1509259786.843097,1509259786.940176,16929
query,1509259786.9401803,1509259786.9468658,0
query,1509259786.9468687,1509259786.9828227,5986
query,1509259786.9828265,1509259786.9983625,254
query,1509259786.9983659,1509259787.0120132,6
query,1509259787.0120165,1509259787.0333385,2111
query,1509259787.0333426,1509259787.10044,11346
query,1509259787.1004438,1509259787.2730694,26856
query,1509259787.2730732,1509259787.8909266,53407
query,1509259787.8909302,1509259788.1035333,35346
query,1509259788.1035779,1509259788.1899111,12737
query,1509259788.202836,1509259788.316062,19248
query,1509259788.3160658,1509259788.5444925,19821
query,1509259788.5444963,1509259788.6208735,11175
query,1509259788.620877,1509259788.640544,1304
query,1509259788.6405473,1509259788.6576486,277
query,1509259788.6576517,1509259788.7423189,13788
query,1509259788.7423227,1509259789.423824,49909
query,1509259789.4238284,1509259789.496223,14696
query,1509259789.4962268,1509259789.5165408,694
query,1509259789.5165448,1509259789.6205652,19339
query,1509259789.6205695,1509259789.7710624,8398
query,1509259789.7710664,1509259789.7972367,4038
query,1509259789.7972407,1509259790.103026,28538
query,1509259790.1030295,1509259790.2728477,22494
query,1509259790.2728517,1509259790.633131,35406
query,1509259790.633135,1509259790.6569479,1437
query,1509259790.6569524,1509259790.6710377,207
query,1509259790.6710417,1509259790.7383797,10619
query,1509259790.7383842,1509259790.8643167,19698
query,1509259790.864364,1509259790.9573479,19991
query,1509259790.969677,1509259791.060137,13050
query,1509259791.0601408,1509259791.1721215,18602
query,1509259791.1721249,1509259791.4568515,41667
query,1509259791.4568548,1509259791.6729343,21807
query,1509259791.672938,1509259791.7427773,10938
query,1509259791.7427812,1509259791.767006,3412
query,1509259791.7670088,1509259791.779588,53
query,1509259791.7795916,1509259791.7972949,325
query,1509259791.797298,1509259792.045783,35525
query,1509259792.045787,1509259792.0955844,9939
query,1509259792.0955877,1509259792.1278682,3504
query,1509259792.1278718,1509259792.1365354,2
query,1509259792.1365385,1509259792.2973478,20938
query,1509259792.2973516,1509259792.3038025,1
query,1509259792.3038054,1509259792.6301916,47440
query,1509259792.6301956,1509259792.8664136,24781
query,1509259792.8664172,1509259792.891677,4078
query,1509259792.891681,1509259793.0525568,19640
query,1509259793.0525603,1509259793.5869553,37673
query,1509259793.5869954,1509259793.6392894,5581
query,1509259793.652219,1509259793.6667747,961
query,1509259793.6667786,1509259793.806126,21140
query,1509259793.80613,1509259793.9456258,23288
query,1509259793.9456298,1509259794.0344503,17271
query,1509259794.034454,1509259794.3647048,24490
query,1509259794.3647082,1509259794.6079152,32781
query,1509259794.607919,1509259794.6362932,3987
query,1509259794.6362965,1509259794.641825,0
query,1509259794.6418283,1509259794.81126,18295
query,1509259794.811264,1509259794.836344,3660
query,1509259794.8363469,1509259794.9493484,19734
query,1509259794.9493518,1509259795.4343388,35719
query,1509259795.4343421,1509259795.4724498,3952
query,1509259795.472453,1509259795.5537753,15321
query,1509259795.553779,1509259795.7069573,16985
query,1509259795.7069619,1509259795.7836747,17412
query,1509259795.7836792,1509259795.8005342,505
query,1509259795.8005376,1509259795.8784578,11512
query,1509259795.8784614,1509259795.9552848,19712
query,1509259795.9553246,1509259796.0099769,8289
query,1509259796.0225785,1509259796.039607,378
query,1509259796.0396109,1509259796.085323,6055
query,1509259796.0853264,1509259796.1080852,3367
query,1509259796.1080892,1509259796.2027695,19317
query,1509259796.202775,1509259796.6350656,31469
query,1509259796.6350708,1509259796.7792866,19579
query,1509259796.7792914,1509259797.374175,41803
query,1509259797.3741794,1509259797.4536793,8780
query,1509259797.4536831,1509259797.461101,1
query,1509259797.4611046,1509259797.547956,13759
query,1509259797.5479596,1509259797.6777809,17168
query,1509259797.6777847,1509259797.7682953,16062
query,1509259797.7682993,1509259797.8634675,9679
query,1509259797.8634799,1509259798.0420918,18053
query,1509259798.0420969,1509259798.0500329,0
query,1509259798.0500362,1509259798.518896,34861
query,1509259798.5189002,1509259798.8681986,34786
query,1509259798.8682024,1509259798.884549,59
query,1509259798.8845522,1509259798.903091,1209
query,1509259798.903131,1509259799.1634614,25766
query,1509259799.1781504,1509259799.669673,35584
query,1509259799.6696765,1509259799.7211604,9416
query,1509259799.7211642,1509259800.0210936,20697
query,1509259800.0210977,1509259800.6429992,52127
query,1509259800.643004,1509259800.8476117,30863
query,1509259800.847615,1509259801.073495,26572
query,1509259801.073499,1509259801.0827045,0
query,1509259801.0827076,1509259801.1007216,382
query,1509259801.1007247,1509259801.3968837,35983
query,1509259801.3968875,1509259801.4261978,3119
query,1509259801.4262013,1509259801.4438086,30
query,1509259801.443812,1509259801.9153996,35000
query,1509259801.9154046,1509259801.935196,649
query,1509259801.9351993,1509259802.616296,33854
query,1509259802.6162999,1509259802.8183703,15935
query,1509259802.8183742,1509259803.2030852,38437
query,1509259803.2030892,1509259803.2121851,2
query,1509259803.2121887,1509259803.217733,0
query,1509259803.2177362,1509259803.2824988,11876
query,1509259803.2825418,1509259803.733473,38621
query,1509259803.746116,1509259803.773912,198
query,1509259803.7739158,1509259803.7814715,0
query,1509259803.781475,1509259803.8640983,12697
query,1509259803.864102,1509259803.9577813,17093
query,1509259803.9577851,1509259804.0224252,11583
query,1509259804.0224292,1509259804.0303726,0
query,1509259804.0303757,1509259804.0457401,1084
query,1509259804.0457432,1509259804.698861,40343
query,1509259804.6988645,1509259804.7128587,5
query,1509259804.7128627,1509259804.7281675,7
query,1509259804.7281713,1509259804.7570899,2100
query,1509259804.757094,1509259804.7635221,0
query,1509259804.7635262,1509259804.7937222,3455
query,1509259804.793726,1509259805.0233126,22535
query,1509259805.0233164,1509259805.3146002,36998
query,1509259805.314605,1509259805.339021,3674
query,1509259805.3390248,1509259805.5412498,29164
query,1509259805.541254,1509259805.56632,3012
query,1509259805.5663238,1509259805.7427583,28660
query,1509259805.7428057,1509259805.767405,2273
query,1509259805.7802358,1509259806.672519,38586
query,1509259806.672523,1509259806.7727444,16899
query,1509259806.7727485,1509259806.8129516,4628
query,1509259806.812955,1509259806.88572,9759
query,1509259806.8857238,1509259806.93748,9610
query,1509259806.9374838,1509259806.961973,2719
query,1509259806.9619777,1509259807.3594594,59681
query,1509259807.3594635,1509259807.4381123,10885
query,1509259807.4381156,1509259807.4605308,3095
query,1509259807.4605343,1509259807.5567753,13187
query,1509259807.5567796,1509259807.715548,26348
query,1509259807.715552,1509259808.2696872,38402
query,1509259808.2696912,1509259808.289464,598
query,1509259808.2894673,1509259808.294705,0
query,1509259808.294708,1509259808.31582,968
query,1509259808.3158245,1509259808.325985,1
query,1509259808.3259885,1509259808.5616324,41330
query,1509259808.5616367,1509259808.762762,24961
query,1509259808.7627664,1509259808.9835567,28936
query,1509259808.9838068,1509259809.0109603,1270
query,1509259809.023395,1509259809.1195974,17159
query,1509259809.1196012,1509259809.2573504,16340
query,1509259809.257355,1509259809.4201643,23101
query,1509259809.420168,1509259809.5987463,24614
query,1509259809.5987508,1509259809.6121075,620
query,1509259809.612111,1509259809.8130884,23238
query,1509259809.8130922,1509259809.9896345,18804
query,1509259809.9896388,1509259810.0432773,6707
query,1509259810.043282,1509259810.5426116,42364
query,1509259810.5426152,1509259810.5581114,17
query,1509259810.5581145,1509259810.6098676,7425
query,1509259810.6098711,1509259810.6157057,0
query,1509259810.6157095,1509259810.6298132,92
query,1509259810.6298165,1509259811.0648699,39592
query,1509259811.0648746,1509259811.0849822,370
query,1509259811.0849862,1509259811.6072638,23936
query,1509259811.6072679,1509259811.7182393,17713
query,1509259811.718243,1509259811.7254217,1
query,1509259811.7254248,1509259811.741547,395
query,1509259811.7415845,1509259812.1840985,39089
query,1509259812.1972492,1509259812.2187183,888
query,1509259812.2187223,1509259812.9736538,47748
query,1509259812.973658,1509259813.5757542,49115
query,1509259813.5757577,1509259813.661251,12953
query,1509259813.6612551,1509259813.991596,42463
query,1509259813.9915998,1509259814.517365,46221
query,1509259814.5173688,1509259814.5790334,5105
query,1509259814.5790372,1509259814.6381538,9959
query,1509259814.6381588,1509259814.9660327,44464
query,1509259814.9660375,1509259815.698019,37181
query,1509259815.6980228,1509259816.330496,38012
query,1509259816.3305,1509259816.3447208,3
query,1509259816.3447237,1509259816.4003541,5199
query,1509259816.4003575,1509259816.51207,12949
query,1509259816.5120733,1509259816.646549,16846
query,1509259816.6465523,1509259816.6644332,867
query,1509259816.6644368,1509259816.7430053,9212
query,1509259816.7430096,1509259816.7685153,1691
query,1509259816.7685192,1509259817.4361672,37496
query,1509259817.436216,1509259817.5111303,7436
query,1509259817.523665,1509259818.272192,51563
query,1509259818.2721963,1509259818.304047,2670
query,1509259818.3040504,1509259818.3186114,37
query,1509259818.3186147,1509259818.76607,35618
query,1509259818.7660737,1509259818.804461,9124
query,1509259818.8044648,1509259818.8486476,7541
query,1509259818.8486507,1509259818.8777037,5620
query,1509259818.8777075,1509259818.8997703,3061
query,1509259818.8997736,1509259819.1524992,31332
query,1509259819.1525033,1509259819.550997,35710
query,1509259819.551001,1509259819.5964863,7396
query,1509259819.5964897,1509259819.6588833,8507
query,1509259819.658887,1509259819.6712155,37
query,1509259819.6712189,1509259819.7987733,19335
query,1509259819.7987776,1509259820.0027084,20795
query,1509259820.0027125,1509259820.0806441,6625
query,1509259820.0806477,1509259820.1080527,3148
query,1509259820.1080565,1509259820.1137419,0
query,1509259820.113745,1509259820.1272738,37
query,1509259820.1273122,1509259820.4496825,35088
query,1509259820.4623067,1509259820.9922116,55356
query,1509259820.9922159,1509259820.9986389,0
query,1509259820.9986417,1509259821.0119534,23
query,1509259821.0119567,1509259821.1143296,13453
query,1509259821.1143334,1509259821.3107858,17695
query,1509259821.3107898,1509259821.3957314,10394
query,1509259821.395736,1509259821.4310737,4085
query,1509259821.4310791,1509259821.4604518,4801
query,1509259821.4604557,1509259821.6744094,25500
query,1509259821.6744134,1509259821.7503884,8780
query,1509259821.7503922,1509259821.8353152,14798
query,1509259821.835319,1509259821.8868775,9286
query,1509259821.8868818,1509259822.1954618,34023
query,1509259822.1954663,1509259822.2134337,68
query,1509259822.2134376,1509259822.2528987,5849
query,1509259822.2529027,1509259822.3336775,13988
query,1509259822.3336825,1509259822.9514027,40885
query,1509259822.951407,1509259822.968727,62
query,1509259822.9687307,1509259823.0064676,4859
query,1509259823.006507,1509259823.0212314,3
query,1509259823.0282087,1509259823.0535939,3087
query,1509259823.053598,1509259823.0697706,1040
query,1509259823.0697753,1509259823.1380403,8430
query,1509259823.1380444,1509259823.6472814,49904
query,1509259823.6472852,1509259823.7406347,15634
query,1509259823.7406387,1509259823.753346,190
query,1509259823.7533498,1509259823.8373985,9005
query,1509259823.8374026,1509259823.865925,4405
query,1509259823.865929,1509259823.8700073,0
query,1509259823.8700106,1509259824.079263,41216
query,1509259824.0792665,1509259824.1101565,3987
query,1509259824.1101608,1509259824.2082462,17177
query,1509259824.2082503,1509259824.472685,22686
query,1509259824.472689,1509259824.687962,20338
query,1509259824.687965,1509259824.9342084,23540
query,1509259824.9342122,1509259825.1136987,19803
query,1509259825.113703,1509259825.133561,1429
query,1509259825.1335657,1509259825.1496317,4
query,1509259825.1496356,1509259825.6382425,33032
query,1509259825.63829,1509259825.7732494,17685
query,1509259825.787081,1509259825.817694,4174
query,1509259825.8176975,1509259825.8880856,11163
query,1509259825.88809,1509259826.2265637,29991
query,1509259826.2265675,1509259826.246032,127
query,1509259826.246036,1509259826.7810159,49967
query,1509259826.7810204,1509259826.8785982,22277
query,1509259826.878602,1509259826.8948016,23
query,1509259826.8948061,1509259827.089483,19128
query,1509259827.0894868,1509259827.9624715,33852
query,1509259827.962476,1509259828.0419478,10823
query,1509259828.0419524,1509259828.305948,23643
query,1509259828.3059518,1509259828.3543394,4461
query,1509259828.3543432,1509259828.3751106,1419
query,1509259828.3751144,1509259828.397339,107
query,1509259828.3973427,1509259828.6242917,24774
query,1509259828.6242955,1509259828.906762,27642
query,1509259828.9067664,1509259828.9214475,40
query,1509259828.9214509,1509259829.0283856,17109
query,1509259829.0283897,1509259829.0492346,19
query,1509259829.0492811,1509259829.301817,32941
query,1509259829.3200395,1509259829.3405733,1221
query,1509259829.3405771,1509259829.6909885,23898
query,1509259829.6909945,1509259829.8547838,23596
query,1509259829.854788,1509259829.871871,1651
query,1509259829.871875,1509259830.728204,58848
query,1509259830.7282083,1509259831.0751684,43011
query,1509259831.0751722,1509259831.1326432,9835
query,1509259831.1326468,1509259831.219859,12415
query,1509259831.2198632,1509259831.2384531,7
query,1509259831.238457,1509259831.2583137,1733
query,1509259831.2583182,1509259831.2771244,1431
query,1509259831.2771285,1509259831.388341,20063
query,1509259831.3883455,1509259831.585495,21916
query,1509259831.5854993,1509259831.7326205,28999
query,1509259831.732625,1509259831.7463133,13
query,1509259831.746317,1509259831.7590187,26
query,1509259831.7590218,1509259832.4097912,38719
query,1509259832.4097948,1509259832.427319,35
query,1509259832.4273226,1509259832.446707,1272
query,1509259832.4467475,1509259832.6653147,24916
query,1509259832.678979,1509259832.6962965,747
query,1509259832.696301,1509259832.7155058,1099
query,1509259832.7155094,1509259832.7585993,6756
query,1509259832.7586029,1509259832.7831898,3174
query,1509259832.7831936,1509259832.8875246,19777
query,1509259832.8875282,1509259832.9111223,2130
query,1509259832.9111266,1509259833.0500808,33128
query,1509259833.050085,1509259833.0777962,2838
query,1509259833.0778012,1509259833.1935925,21999
query,1509259833.193597,1509259833.4456248,24502
query,1509259833.445629,1509259833.4601016,32
query,1509259833.4601057,1509259833.8202088,32684
query,1509259833.8202133,1509259833.84319,6
query,1509259833.8431938,1509259834.1461024,46458
query,1509259834.1461062,1509259834.6081085,35626
query,1509259834.6081128,1509259835.1047776,44806
query,1509259835.1047816,1509259835.4765422,38233
query,1509259835.4765458,1509259835.49453,7
query,1509259835.4945335,1509259835.6145313,16510
query,1509259835.6145716,1509259835.8286474,24372
query,1509259835.8413022,1509259835.8819149,7090
query,1509259835.8819196,1509259835.9114008,4198
query,1509259835.9114046,1509259836.0265362,27614
query,1509259836.026541,1509259836.057573,2777
query,1509259836.0575778,1509259836.286371,30616
query,1509259836.2863753,1509259836.7457151,42993
query,1509259836.745719,1509259836.8539069,22942
query,1509259836.8539107,1509259836.9531808,21874
query,1509259836.9531858,1509259837.068232,17849
query,1509259837.068236,1509259837.1310055,8265
query,1509259837.1310093,1509259837.1588273,4157
query,1509259837.1588316,1509259837.1873085,3809
query,1509259837.1873128,1509259837.6824143,42539
query,1509259837.6824195,1509259837.7094133,3182
query,1509259837.709417,1509259837.8218265,17200
query,1509259837.8218303,1509259837.905124,14962
query,1509259837.9051275,1509259837.9642422,12976
query,1509259837.9642465,1509259838.062086,13422
query,1509259838.06209,1509259838.155901,15118
query,1509259838.1559427,1509259838.2692485,19030
query,1509259838.2828538,1509259838.4251509,16269
query,1509259838.425155,1509259838.5880349,18915
query,1509259838.5880396,1509259838.6256561,3889
query,1509259838.6256597,1509259838.72433,15082
query,1509259838.7243342,1509259838.7459145,1438
query,1509259838.7459185,1509259838.7633834,478
query,1509259838.7633872,1509259838.7852492,842
query,1509259838.785253,1509259839.15186,27394
query,1509259839.1518638,1509259839.1874745,3144
query,1509259839.1874785,1509259839.5619211,45372
query,1509259839.561926,1509259839.6646583,9432
query,1509259839.6646626,1509259840.317931,40322
query,1509259840.3179348,1509259840.3335586,53
query,1509259840.3335621,1509259840.3576727,3252
query,1509259840.357676,1509259840.636993,35449
query,1509259840.636997,1509259840.660109,675
query,1509259840.6601136,1509259841.0326502,30931
query,1509259841.0326543,1509259841.1517277,16206
query,1509259841.1517313,1509259841.6187022,29815
query,1509259841.6187382,1509259841.6331475,2
query,1509259841.6381674,1509259841.752873,15427
query,1509259841.752877,1509259841.7801137,4327
query,1509259841.780118,1509259841.8063734,2519
query,1509259841.8063767,1509259841.9405448,26714
query,1509259841.9405487,1509259841.9992306,10764
query,1509259841.999235,1509259842.296753,41854
query,1509259842.2967567,1509259842.3232057,4463
query,1509259842.3232095,1509259842.7168171,48130
query,1509259842.7168214,1509259842.7859318,9397
query,1509259842.7859364,1509259843.4203875,62360
query,1509259843.4203918,1509259844.001444,40809
query,1509259844.0014486,1509259844.0174904,265
query,1509259844.0174942,1509259844.0426192,2444
query,1509259844.042623,1509259844.0661986,1160
query,1509259844.0662022,1509259844.6280084,45176
query,1509259844.628013,1509259845.3418615,39254
query,1509259845.341866,1509259845.6154866,36293
query,1509259845.615491,1509259845.63512,1300
query,1509259845.6351242,1509259845.8827512,26657
query,1509259845.8828146,1509259845.9025009,14
query,1509259845.915599,1509259846.260729,32630
query,1509259846.2607346,1509259846.3226347,10050
query,1509259846.3226385,1509259846.33655,127
query,1509259846.3365543,1509259846.7633693,49271
query,1509259846.763373,1509259846.7790942,371
query,1509259846.7790973,1509259846.9240906,18774
query,1509259846.9240952,1509259846.9476326,2023
query,1509259846.9476368,1509259847.3056462,41126
query,1509259847.30565,1509259847.7329032,49987
query,1509259847.7329075,1509259847.908394,32387
query,1509259847.9083982,1509259848.162993,35068
query,1509259848.1629977,1509259848.1813114,129
query,1509259848.1813152,1509259848.6174178,42464
query,1509259848.6174219,1509259848.6372597,2379
query,1509259848.637264,1509259848.6934838,10128
query,1509259848.6934881,1509259848.816264,17919
query,1509259848.8162677,1509259848.8469563,2332
query,1509259848.8469605,1509259848.869067,8
query,1509259848.8690712,1509259848.9667752,13603
query,1509259848.9668157,1509259849.0288918,11126
query,1509259849.0413196,1509259849.0742633,6115
query,1509259849.074267,1509259849.2337363,22768
query,1509259849.23374,1509259849.3409708,15957
query,1509259849.3409755,1509259849.3717065,996
query,1509259849.371711,1509259849.3828866,1
query,1509259849.38289,1509259849.7066915,28187
query,1509259849.7066953,1509259849.8404508,26601
query,1509259849.8404548,1509259850.4279573,42321
query,1509259850.4279616,1509259850.4523268,2425
query,1509259850.4523306,1509259850.4913182,4619
query,1509259850.4913228,1509259850.5183992,4082
query,1509259850.5184028,1509259850.828221,41232
query,1509259850.8282251,1509259851.2530932,51240
query,1509259851.253097,1509259851.2733061,858
query,1509259851.2733102,1509259851.2996342,4444
query,1509259851.299638,1509259851.367137,7948
query,1509259851.3671417,1509259851.6409557,33893
query,1509259851.6409595,1509259851.7639701,27032
query,1509259851.763974,1509259851.7821007,537
query,1509259851.7821412,1509259851.8049784,1642
query,1509259851.8173144,1509259851.9160907,13177
query,1509259851.9160948,1509259852.1123426,22595
query,1509259852.1123462,1509259852.4334857,32513
query,1509259852.4334896,1509259852.5578437,17687
query,1509259852.5578475,1509259852.9207273,48882
query,1509259852.920731,1509259852.9401193,1889
query,1509259852.9401226,1509259853.5031824,49801
query,1509259853.503186,1509259853.5867944,13279
query,1509259853.5867982,1509259853.6678002,14235
query,1509259853.6678042,1509259853.7191825,7895
query,1509259853.719186,1509259853.9094298,31662
query,1509259853.9094336,1509259854.0573518,21176
query,1509259854.0573559,1509259854.160479,16390
query,1509259854.160483,1509259854.3941953,20197
query,1509259854.3941996,1509259854.8228526,46078
query,1509259854.8228567,1509259854.9181132,13964
query,1509259854.9181175,1509259855.1467698,26891
query,1509259855.146774,1509259855.2497642,10239
query,1509259855.2497683,1509259855.3050592,8985
query,1509259855.3051,1509259855.326002,428
query,1509259855.3388953,1509259855.3467064,1
query,1509259855.34671,1509259855.3722737,3740
query,1509259855.3722773,1509259855.4071648,5799
query,1509259855.407169,1509259855.431589,1729
query,1509259855.4315934,1509259855.4514046,2815
query,1509259855.4514086,1509259855.4646463,581
query,1509259855.46465,1509259855.5455828,17858
query,1509259855.5455868,1509259855.5908005,7814
query,1509259855.5908046,1509259855.6065762,44
query,1509259855.6065805,1509259855.8523529,32789
query,1509259855.852357,1509259856.0023813,31055
query,1509259856.0023851,1509259856.018714,17
query,1509259856.0187182,1509259856.4445982,36323
query,1509259856.444602,1509259856.480274,4146
query,1509259856.4802775,1509259856.4931867,156
query,1509259856.4931905,1509259856.5615668,14375
query,1509259856.5615702,1509259856.5897522,3285
query,1509259856.5897567,1509259856.7912073,27017
query,1509259856.7912114,1509259856.9069228,16803
query,1509259856.9069762,1509259856.9968605,17435
query,1509259857.0103052,1509259857.0272987,1010
query,1509259857.0273023,1509259857.2283247,28858
query,1509259857.2283292,1509259857.3072627,19504
query,1509259857.3072665,1509259857.3770468,7509
query,1509259857.377052,1509259857.4055185,344
query,1509259857.4055223,1509259857.44475,1883
query,1509259857.4447544,1509259857.4987748,3778
query,1509259857.4987793,1509259857.5148401,22
query,1509259857.5148447,1509259857.5408297,3757
query,1509259857.540834,1509259857.766039,23095
query,1509259857.766043,1509259857.7915943,3705
query,1509259857.7915976,1509259858.1870117,36689
query,1509259858.1870155,1509259858.2858849,16673
query,1509259858.285889,1509259858.3646443,14770
query,1509259858.364648,1509259858.3773117,37
query,1509259858.3773155,1509259858.5630927,33363
query,1509259858.5630968,1509259858.7475893,24629
query,1509259858.7475934,1509259858.9380016,27253
query,1509259858.9380074,1509259859.439549,8285
query,1509259859.4395945,1509259859.5079808,12073
query,1509259859.5213845,1509259859.5443633,3908
query,1509259859.544367,1509259859.76399,27398
query,1509259859.763994,1509259859.998308,22257
query,1509259859.998312,1509259860.0052445,0
query,1509259860.0052485,1509259860.8408363,56234
query,1509259860.840841,1509259860.8821652,6133
query,1509259860.8821692,1509259860.9058368,3742
query,1509259860.9058409,1509259860.9204102,104
query,1509259860.920414,1509259860.94176,3276
query,1509259860.941764,1509259860.9600341,1082
query,1509259860.9600377,1509259861.5277793,43066
query,1509259861.5277836,1509259862.214439,55810
query,1509259862.2144427,1509259862.220273,0
query,1509259862.2202764,1509259862.2331526,5
query,1509259862.2331557,1509259862.4945037,23758
query,1509259862.4945076,1509259862.6004927,16272
query,1509259862.6004963,1509259862.9136658,59454
query,1509259862.9136698,1509259862.9283202,100
query,1509259862.9283242,1509259862.9685555,3894
query,1509259862.9685986,1509259863.4982662,41100
query,1509259863.5136626,1509259863.9240017,32247
query,1509259863.9240057,1509259863.988977,8012
query,1509259863.9889808,1509259864.7334712,37150
query,1509259864.7334754,1509259864.7806275,6231
query,1509259864.7806318,1509259865.0552397,33130
query,1509259865.0552435,1509259865.0846887,3691
query,1509259865.084693,1509259865.1055505,201
query,1509259865.1055546,1509259865.1796732,11780
query,1509259865.1796772,1509259865.5806384,42810
query,1509259865.5806422,1509259866.1026113,46633
query,1509259866.1026149,1509259866.1437278,7473
query,1509259866.1437325,1509259866.5662582,38663
query,1509259866.5662625,1509259866.9897125,44807
query,1509259866.9897165,1509259867.3772998,40847
query,1509259867.3773048,1509259867.7338316,32551
query,1509259867.7338357,1509259867.8093622,10759
query,1509259867.8093662,1509259867.9937546,18707
query,1509259867.9937594,1509259868.006768,286
query,1509259868.0067713,1509259868.4110484,59527
query,1509259868.4110873,1509259868.4414341,3858
query,1509259868.4560308,1509259868.7388935,35946
query,1509259868.7388973,1509259868.7515473,115
query,1509259868.751551,1509259868.9384513,18883
query,1509259868.9384553,1509259869.0535803,20245
query,1509259869.053585,1509259869.1900203,21883
query,1509259869.1900249,1509259869.5580814,39595
query,1509259869.5580862,1509259869.798524,24675
query,1509259869.7985277,1509259870.1621916,37877
query,1509259870.1621952,1509259870.3472714,23038
query,1509259870.3472757,1509259870.7439065,8282
query,1509259870.7439103,1509259870.7630699,1304
query,1509259870.7630732,1509259870.7810483,317
query,1509259870.781052,1509259871.1883385,36555
query,1509259871.188343,1509259871.2008834,6
query,1509259871.2008867,1509259871.5902905,35317
query,1509259871.5902946,1509259871.7538931,20921
query,1509259871.7538972,1509259872.1144876,35577
query,1509259872.1144915,1509259872.6851716,48071
query,1509259872.6851754,1509259873.0426822,32381
query,1509259873.042731,1509259873.5621889,36285
query,1509259873.575165,1509259873.5887713,99
query,1509259873.5887752,1509259873.604173,1344
query,1509259873.604176,1509259873.8546772,36259
query,1509259873.8546817,1509259874.0393746,36744
query,1509259874.0393784,1509259874.3053186,25227
query,1509259874.3053226,1509259874.7144961,29976
query,1509259874.7145002,1509259874.7584116,5344
query,1509259874.7584157,1509259874.7890272,5351
query,1509259874.7890306,1509259874.801874,529
query,1509259874.8018775,1509259875.0999315,28117
query,1509259875.0999355,1509259875.1125233,17
query,1509259875.1125267,1509259875.1658099,8320
query,1509259875.1658137,1509259875.3604052,32792
query,1509259875.360409,1509259875.5205417,29747
query,1509259875.5205457,1509259876.0388117,35972
query,1509259876.0388157,1509259876.1191306,16244
query,1509259876.1191351,1509259876.586786,40422
query,1509259876.5867898,1509259876.7216933,14127
query,1509259876.7216978,1509259876.8581936,27175
query,1509259876.8582325,1509259877.2634687,38717
query,1509259877.2762308,1509259877.303611,3145
query,1509259877.3036156,1509259877.5769384,37292
query,1509259877.576943,1509259877.5953526,1401
query,1509259877.5953565,1509259877.7631013,18188
query,1509259877.763106,1509259877.9652743,22270
query,1509259877.965278,1509259878.1394722,21638
query,1509259878.1394765,1509259878.1813436,6486
query,1509259878.181347,1509259878.757061,55717
query,1509259878.7570653,1509259878.8478901,18221
query,1509259878.8478944,1509259878.8652391,1127
query,1509259878.865243,1509259879.162873,29828
query,1509259879.162877,1509259879.35973,28692
query,1509259879.3597348,1509259879.4398508,14816
query,1509259879.4398546,1509259879.452502,10
query,1509259879.4525054,1509259879.472075,1761
query,1509259879.4720793,1509259879.5018218,4593
query,1509259879.501826,1509259879.5619795,10565
query,1509259879.561983,1509259879.703675,24285
query,1509259879.7036786,1509259880.0648842,37436
query,1509259880.0649242,1509259880.2156694,21689
query,1509259880.2295208,1509259880.3882673,24235
query,1509259880.388271,1509259880.6463406,43526
query,1509259880.6463447,1509259880.8518367,21344
query,1509259880.8518407,1509259880.9483762,16827
query,1509259880.9483798,1509259880.971365,1449
query,1509259880.9714284,1509259880.9855793,685
query,1509259880.9855826,1509259881.1011567,18206
query,1509259881.1011608,1509259881.657659,39756
query,1509259881.6576636,1509259882.2639809,42687
query,1509259882.2639852,1509259882.7995765,39012
query,1509259882.79958,1509259882.9194767,16773
query,1509259882.9194813,1509259883.4498885,42683
query,1509259883.4498923,1509259883.465182,39
query,1509259883.4651859,1509259883.6474998,30171
query,1509259883.6475043,1509259883.7297125,10400
query,1509259883.7297163,1509259884.083754,36283
query,1509259884.0837588,1509259884.2090309,18086
query,1509259884.2090347,1509259884.2249138,415
query,1509259884.2249174,1509259884.349176,19573
query,1509259884.3492267,1509259884.3741457,882
query,1509259884.389736,1509259884.5992544,31182
query,1509259884.5992584,1509259884.7713134,24572
query,1509259884.7713175,1509259884.944069,20366
query,1509259884.9440727,1509259884.982894,4844
query,1509259884.9828978,1509259885.0831106,15565
query,1509259885.0831146,1509259885.4599822,41848
query,1509259885.4599857,1509259885.5212126,9797
query,1509259885.5212166,1509259885.796082,28955
query,1509259885.7960854,1509259885.8125105,20
query,1509259885.8125143,1509259886.0278602,26157
query,1509259886.027864,1509259886.2243025,27925
query,1509259886.224307,1509259886.2374034,481
query,1509259886.237407,1509259886.5470812,37832
query,1509259886.547085,1509259886.56162,6
query,1509259886.5616233,1509259886.5770688,502
query,1509259886.577072,1509259886.955561,44662
query,1509259886.955565,1509259886.985364,2007
query,1509259886.9853675,1509259887.3138406,27110
query,1509259887.3138452,1509259887.820495,48310
query,1509259887.8205407,1509259888.0061247,24994
query,1509259888.0193188,1509259888.0354633,425
query,1509259888.0354674,1509259888.060461,3249
query,1509259888.0604644,1509259888.0806987,1779
query,1509259888.0807028,1509259888.0936596,147
query,1509259888.0936625,1509259888.1083252,519
query,1509259888.1083286,1509259888.189632,16506
query,1509259888.189636,1509259888.5035856,44832
query,1509259888.5035906,1509259888.5080223,0
query,1509259888.5080264,1509259888.5332074,3968
query,1509259888.5332108,1509259888.545881,276
query,1509259888.5458846,1509259888.7592626,29002
query,1509259888.7592664,1509259889.3543596,40965
query,1509259889.3543642,1509259889.5464742,25135
query,1509259889.5464797,1509259889.5614398,172
query,1509259889.561443,1509259890.277106,45474
query,1509259890.277111,1509259890.3836384,16323
query,1509259890.383642,1509259890.4191365,4461
query,1509259890.4191399,1509259890.473507,9110
query,1509259890.4735107,1509259890.7137034,30244
query,1509259890.7137532,1509259890.788141,10498
query,1509259890.8011167,1509259890.941215,21300
query,1509259890.9412189,1509259891.26348,42029
query,1509259891.2634838,1509259891.2675574,0
query,1509259891.2675605,1509259891.979545,52209
query,1509259891.979549,1509259891.999239,2205
query,1509259891.9992423,1509259892.179188,20247
query,1509259892.1791914,1509259892.354992,29641
query,1509259892.3549957,1509259892.534638,21170
query,1509259892.5346417,1509259892.6736307,20374
query,1509259892.673635,1509259892.690406,212
query,1509259892.6904097,1509259892.719147,6998
query,1509259892.7191503,1509259892.9339714,35783
query,1509259892.9339752,1509259892.9479115,110
query,1509259892.9479148,1509259893.2029357,30785
query,1509259893.2029395,1509259893.3703804,19166
query,1509259893.3703856,1509259893.4045904,2342
query,1509259893.404594,1509259893.446007,3542
query,1509259893.446011,1509259893.9587371,38682
query,1509259893.9587417,1509259893.9650347,0
query,1509259893.9650698,1509259894.232116,27056
query,1509259894.2445562,1509259894.4535413,19380
query,1509259894.4535453,1509259894.4807649,2458
query,1509259894.4807687,1509259894.7930977,35785
query,1509259894.793101,1509259894.8065093,48
query,1509259894.8065126,1509259895.0384831,34101
query,1509259895.0384867,1509259895.1107292,13529
query,1509259895.1107335,1509259895.133206,2114
query,1509259895.1332102,1509259895.2864416,25334
query,1509259895.286446,1509259895.375727,15688
query,1509259895.375732,1509259895.8534005,8306
query,1509259895.8534048,1509259896.329488,48548
query,1509259896.3294916,1509259896.447408,37854
query,1509259896.4474123,1509259896.5759137,18787
query,1509259896.5759182,1509259896.617616,7692
query,1509259896.6176195,1509259896.718637,19925
query,1509259896.718641,1509259896.9219072,22452
query,1509259896.921911,1509259896.9761517,8210
query,1509259896.976155,1509259897.0333087,7603
query,1509259897.0333126,1509259897.0546844,2116
query,1509259897.0547307,1509259897.068032,1
query,1509259897.07066,1509259897.0842102,231
query,1509259897.0842135,1509259897.534686,8300
query,1509259897.5346897,1509259897.597784,7385
query,1509259897.597788,1509259897.9109297,34428
query,1509259897.9109342,1509259898.0490868,17710
query,1509259898.0490923,1509259898.187517,28829
query,1509259898.1875212,1509259898.260206,13538
query,1509259898.260211,1509259898.2769458,447
query,1509259898.2769504,1509259898.290342,590
query,1509259898.2903452,1509259898.8629367,43806
query,1509259898.8629413,1509259898.887446,3330
query,1509259898.88745,1509259899.4279563,50291
query,1509259899.4279606,1509259899.750538,33938
query,1509259899.7505417,1509259900.0095782,28184
query,1509259900.0095828,1509259900.0967574,13196
query,1509259900.0967617,1509259900.457998,37108
query,1509259900.4580023,1509259900.5174432,10366
query,1509259900.5174482,1509259900.5427954,3381
query,1509259900.5427992,1509259901.0002372,36944
query,1509259901.0002813,1509259901.3581069,33881
query,1509259901.3714738,1509259901.639554,32266
query,1509259901.639558,1509259901.662318,3636
query,1509259901.6623213,1509259901.733981,7451
query,1509259901.7339845,1509259901.950702,43386
query,1509259901.9507062,1509259902.5671206,49040
query,1509259902.5671253,1509259902.5848603,883
query,1509259902.5848641,1509259902.5964425,49
query,1509259902.5964458,1509259902.7454624,21068
query,1509259902.7454662,1509259902.8869903,22877
query,1509259902.8869941,1509259902.9339788,6206
query,1509259902.9339826,1509259902.940186,0
query,1509259902.9401896,1509259902.9537938,23
query,1509259902.9537969,1509259903.1190202,24854
query,1509259903.1190255,1509259903.2511523,24085
query,1509259903.251156,1509259903.318956,12857
query,1509259903.31896,1509259903.3301294,3
query,1509259903.3301332,1509259903.882586,45126
query,1509259903.8825905,1509259903.913821,4380
query,1509259903.913825,1509259904.2411537,8321
query,1509259904.2412033,1509259904.2754686,4902
query,1509259904.2895517,1509259904.548228,30956
query,1509259904.5482318,1509259904.5653393,66
query,1509259904.5653434,1509259904.5800254,907
query,1509259904.5800288,1509259904.6032212,2547
query,1509259904.6032255,1509259904.6257837,2292
query,1509259904.6257875,1509259904.8778498,26068
query,1509259904.877854,1509259905.2339709,47093
query,1509259905.2339754,1509259905.2962089,9927
query,1509259905.2962136,1509259905.329912,3567
query,1509259905.3299165,1509259905.3555963,3328
query,1509259905.355601,1509259905.367972,40
query,1509259905.3679755,1509259905.637686,37961
query,1509259905.6376898,1509259905.654051,889
query,1509259905.6540544,1509259905.666599,502
query,1509259905.6666026,1509259905.6803098,196
query,1509259905.6803126,1509259905.738486,11147
query,1509259905.7384894,1509259905.8007252,10788
query,1509259905.800729,1509259905.898695,21620
query,1509259905.8986986,1509259906.06376,26702
query,1509259906.0638053,1509259906.2566736,24313
query,1509259906.2697647,1509259906.3616054,14615
query,1509259906.361609,1509259906.3789363,451
query,1509259906.3789396,1509259906.3987868,2270
query,1509259906.3987913,1509259906.4161446,101
query,1509259906.4161477,1509259906.4826357,8732
query,1509259906.482639,1509259906.4944084,13
query,1509259906.4944112,1509259906.5061643,54
query,1509259906.5061677,1509259906.5223434,309
query,1509259906.5223465,1509259906.5451407,3047
query,1509259906.5451448,1509259906.7481344,30137
query,1509259906.748139,1509259906.7635868,741
query,1509259906.7635908,1509259906.7797832,675
query,1509259906.7797875,1509259906.7929325,427
query,1509259906.792937,1509259906.8542194,13696
query,1509259906.854225,1509259906.877544,2787
query,1509259906.8775482,1509259906.9156153,7283
query,1509259906.91562,1509259907.0984263,26550
query,1509259907.0984306,1509259907.3295534,32858
query,1509259907.329558,1509259907.5583644,28765
query,1509259907.5584066,1509259907.823198,29511
query,1509259907.8366468,1509259908.153906,47413
query,1509259908.1539097,1509259908.181847,2660
query,1509259908.1818507,1509259908.1969101,439
query,1509259908.1969135,1509259908.2188714,2986
query,1509259908.2188756,1509259908.2384377,2010
query,1509259908.2384417,1509259908.584636,29306
query,1509259908.5846403,1509259908.7879682,27898
query,1509259908.7879725,1509259908.8555079,8510
query,1509259908.8555121,1509259908.8678856,41
query,1509259908.8678906,1509259908.9044755,6075
query,1509259908.9044797,1509259908.916693,8
query,1509259908.9166965,1509259909.1268792,28928
query,1509259909.1268833,1509259909.1412153,23
query,1509259909.141219,1509259909.1910717,8730
query,1509259909.1910758,1509259909.3101528,26798
query,1509259909.3101563,1509259909.4260447,16501
query,1509259909.426049,1509259909.5716267,16837
query,1509259909.5716312,1509259909.6512158,10953
query,1509259909.6512198,1509259909.6706734,1958
query,1509259909.6707134,1509259909.9788394,28822
query,1509259909.9936116,1509259910.0151765,1487
query,1509259910.01518,1509259910.0981202,12521
query,1509259910.0981247,1509259910.1697907,11509
query,1509259910.169795,1509259910.199422,2754
query,1509259910.1994252,1509259910.384089,30100
query,1509259910.384093,1509259910.835997,40925
query,1509259910.8360012,1509259910.9217436,14810
query,1509259910.9217474,1509259910.9295282,3
query,1509259910.9295313,1509259911.3350265,42901
query,1509259911.33503,1509259911.3443003,0
query,1509259911.3443038,1509259911.350492,1
query,1509259911.350495,1509259911.3616395,9
query,1509259911.3616428,1509259911.3668156,0
query,1509259911.3668182,1509259911.4615457,17093
query,1509259911.4615498,1509259911.4699724,0
query,1509259911.4699762,1509259911.7512097,50203
query,1509259911.7512136,1509259911.7632306,8
query,1509259911.7632341,1509259912.06359,31158
query,1509259912.0635943,1509259912.123643,13154
query,1509259912.1236858,1509259912.1426265,73
query,1509259912.154178,1509259912.4971437,41518
query,1509259912.4971478,1509259912.5203073,3201
query,1509259912.5203114,1509259912.537258,711
query,1509259912.5372612,1509259912.666506,16424
query,1509259912.6665094,1509259912.747371,20935
query,1509259912.7473752,1509259912.943225,31275
query,1509259912.943228,1509259912.9696162,3514
query,1509259912.96962,1509259913.0294988,8589
query,1509259913.0295022,1509259913.1371346,16786
query,1509259913.1371386,1509259913.2192132,14593
query,1509259913.2192175,1509259913.27589,6914
query,1509259913.2758942,1509259913.3361948,11389
query,1509259913.336199,1509259913.4666777,17638
query,1509259913.4666812,1509259913.498296,5020
query,1509259913.4983,1509259913.5845594,18270
query,1509259913.5845633,1509259913.7325373,19967
query,1509259913.7325416,1509259913.7829168,6757
query,1509259913.7829204,1509259914.0425236,42435
query,1509259914.0425274,1509259914.0574777,28
query,1509259914.0575204,1509259914.077962,1039
query,1509259914.0950773,1509259914.1093805,10
query,1509259914.1093843,1509259914.166292,9692
query,1509259914.1662958,1509259914.192593,4482
query,1509259914.1925967,1509259914.2583559,18803
query,1509259914.2583597,1509259914.3390849,14446
query,1509259914.339089,1509259914.393642,9300
query,1509259914.3936462,1509259914.7994492,35303
query,1509259914.7994528,1509259914.8560905,10716
query,1509259914.8560948,1509259915.1251047,41729
query,1509259915.1251082,1509259915.221449,19628
query,1509259915.2214534,1509259915.39362,29122
query,1509259915.3936243,1509259915.6242416,21951
query,1509259915.6242461,1509259915.7876694,35977
query,1509259915.7876732,1509259915.844609,10662
query,1509259915.844613,1509259915.912447,13465
query,1509259915.9124506,1509259915.9468307,7064
query,1509259915.9468343,1509259915.9818463,4536
query,1509259915.9818494,1509259916.0160694,6885
query,1509259916.0160728,1509259916.0343325,1183
query,1509259916.0343726,1509259916.0594602,3686
query,1509259916.0717921,1509259916.289594,28305
query,1509259916.289598,1509259916.3245609,7089
query,1509259916.3245647,1509259916.6189127,30009
query,1509259916.6189172,1509259917.074671,37109
query,1509259917.0746746,1509259917.782545,45455
query,1509259917.7825499,1509259917.8826342,14805
query,1509259917.8826385,1509259917.887685,0
query,1509259917.8876889,1509259918.128865,46557
query,1509259918.1288688,1509259918.1426864,10
query,1509259918.14269,1509259918.584525,48303
query,1509259918.5845299,1509259918.638165,6950
query,1509259918.6381688,1509259918.6542358,409
query,1509259918.6542408,1509259919.1035411,33477
query,1509259919.1035454,1509259919.1079104,0
query,1509259919.1079142,1509259919.3225043,26684
query,1509259919.3225086,1509259919.7637453,36380
query,1509259919.7637494,1509259920.0618644,38580
query,1509259920.0618682,1509259920.3338327,42801
query,1509259920.333837,1509259920.3810103,6723
query,1509259920.3810477,1509259920.43789,6311
query,1509259920.4502664,1509259920.46433,14
query,1509259920.464333,1509259920.478203,45
query,1509259920.4782064,1509259920.490964,5
query,1509259920.490967,1509259920.5072827,1249
query,1509259920.5072863,1509259920.6757069,24449
query,1509259920.6757112,1509259920.910287,27969
query,1509259920.9102907,1509259921.0133843,18193
query,1509259921.013388,1509259921.2775755,26249
query,1509259921.27758,1509259921.567174,46298
query,1509259921.567178,1509259921.5845973,58
query,1509259921.5846012,1509259921.676945,8833
query,1509259921.67695,1509259921.7190332,5239
query,1509259921.7190373,1509259922.0237353,26060
query,1509259922.0237396,1509259922.3417137,29065
query,1509259922.3417175,1509259922.43226,13450
query,1509259922.4322639,1509259922.903641,47272
query,1509259922.9036448,1509259922.9602008,11113
query,1509259922.960206,1509259922.9823816,1940
query,1509259922.9823856,1509259923.0444565,10268
query,1509259923.0444944,1509259923.2522767,27983
query,1509259923.266246,1509259923.290256,3451
query,1509259923.2902596,1509259923.4271126,21944
query,1509259923.4271166,1509259923.530239,17838
query,1509259923.5302436,1509259923.926167,35009
query,1509259923.926171,1509259924.0669553,19108
query,1509259924.0669603,1509259924.3063555,29846
query,1509259924.3063595,1509259924.313018,1
query,1509259924.3130212,1509259924.4129405,15760
query,1509259924.4129446,1509259924.4635398,9768
query,1509259924.463544,1509259924.4807372,1000
query,1509259924.4807413,1509259924.4933212,29
query,1509259924.4933248,1509259924.8041265,30187
query,1509259924.8041303,1509259924.848846,7385
query,1509259924.8488495,1509259925.4452245,55986
query,1509259925.4452283,1509259925.791111,33819
query,1509259925.7911155,1509259926.338414,50862
query,1509259926.3384178,1509259926.39338,10293
query,1509259926.3933837,1509259926.5187678,20075
query,1509259926.5187724,1509259926.5892575,11102
query,1509259926.5893042,1509259926.6091936,430
query,1509259926.6218476,1509259926.6725218,9749
query,1509259926.6725254,1509259926.9946935,28718
query,1509259926.9946976,1509259927.0097373,186
query,1509259927.009741,1509259927.016883,2
query,1509259927.0168862,1509259927.3330572,28275
query,1509259927.3330612,1509259927.727313,39542
query,1509259927.7273169,1509259927.7504022,2447
query,1509259927.7504067,1509259927.8576987,18204
query,1509259927.8577025,1509259927.8854413,4284
query,1509259927.885445,1509259927.9874043,17592
query,1509259927.9874084,1509259928.175434,21058
query,1509259928.1754377,1509259928.3670135,30284
query,1509259928.3670182,1509259928.4135633,7654
query,1509259928.413567,1509259928.4648838,7852
query,1509259928.4648886,1509259928.4860642,3272
query,1509259928.4860685,1509259928.916059,40490
query,1509259928.9160628,1509259929.1455443,26840
query,1509259929.1455483,1509259929.158805,100
query,1509259929.1588094,1509259929.1803968,1572
query,1509259929.1804416,1509259929.292454,15652
query,1509259929.3053224,1509259929.6095757,26187
query,1509259929.609581,1509259929.6794577,12261
query,1509259929.6794627,1509259929.692468,11
query,1509259929.6924725,1509259930.0104346,36366
query,1509259930.0104387,1509259930.4138064,37405
query,1509259930.4138107,1509259930.7270026,27530
query,1509259930.7270064,1509259930.8138473,18709
query,1509259930.8138516,1509259930.892689,14047
query,1509259930.8926933,1509259931.0282094,16764
query,1509259931.0282135,1509259931.0522146,2994
query,1509259931.0522187,1509259931.056127,0
query,1509259931.0561304,1509259931.6013632,43746
query,1509259931.6013682,1509259931.78108,17669
query,1509259931.781085,1509259932.271123,35682
query,1509259932.2711275,1509259932.34003,7490
query,1509259932.3400335,1509259932.3658376,2741
query,1509259932.3658419,1509259932.6637022,36262
query,1509259932.6637058,1509259932.9871087,33675
query,1509259932.987113,1509259933.1640608,29083
query,1509259933.1641033,1509259933.401726,27852
query,1509259933.4148486,1509259933.4794328,13597
query,1509259933.4794374,1509259933.7983088,30832
query,1509259933.7983127,1509259933.9439275,19747
query,1509259933.943931,1509259933.9666057,1283
query,1509259933.9666095,1509259933.9918857,3633
query,1509259933.9918892,1509259934.0053487,296
query,1509259934.005352,1509259934.0311599,3505
query,1509259934.0311637,1509259934.289937,26744
query,1509259934.2899418,1509259934.3979018,16448
query,1509259934.3979053,1509259934.403901,0
query,1509259934.403904,1509259934.5520425,20398
query,1509259934.5520465,1509259934.5745447,1839
query,1509259934.5745485,1509259934.594684,2896
query,1509259934.5946875,1509259934.767357,25271
query,1509259934.767362,1509259934.8510082,13879
query,1509259934.851012,1509259935.4750175,55506
query,1509259935.4750214,1509259936.0614476,40836
query,1509259936.0614514,1509259936.2849994,36232
query,1509259936.285003,1509259936.3053396,2538
query,1509259936.305377,1509259936.3578794,7293
query,1509259936.37079,1509259936.4834993,13736
query,1509259936.4835036,1509259936.5007005,778
query,1509259936.500704,1509259936.9524019,34851
query,1509259936.9524064,1509259937.0293262,10487
query,1509259937.0293298,1509259937.1570332,21237
query,1509259937.157037,1509259937.1692886,10
query,1509259937.169292,1509259937.3985991,43602
query,1509259937.3986032,1509259937.426978,3535
query,1509259937.4269817,1509259937.6546376,27235
query,1509259937.6546426,1509259937.7301202,14209
query,1509259937.730124,1509259938.164852,49050
query,1509259938.1648567,1509259938.4400773,34486
query,1509259938.4400818,1509259938.4518616,8
query,1509259938.451866,1509259938.627328,29057
query,1509259938.6273317,1509259938.6772578,7061
query,1509259938.6772614,1509259938.693038,719
query,1509259938.6930425,1509259939.247374,52202
query,1509259939.2473795,1509259939.6079547,45235
query,1509259939.6079593,1509259940.0693266,47479
query,1509259940.0693686,1509259940.1320438,10517
query,1509259940.1452096,1509259940.1968858,10688
query,1509259940.1968896,1509259940.2506685,10272
query,1509259940.2506723,1509259940.5423853,42526
query,1509259940.5423892,1509259940.5586166,1308
query,1509259940.5586207,1509259940.615406,11612
query,1509259940.6154103,1509259940.9519308,46306
query,1509259940.951935,1509259940.9596443,1
query,1509259940.959648,1509259941.1679976,24071
query,1509259941.1680017,1509259941.6950674,51951
query,1509259941.6950717,1509259941.8792706,20805
query,1509259941.8792746,1509259941.8975868,285
query,1509259941.8975906,1509259942.0963285,25745
query,1509259942.0963326,1509259942.2051654,17524
query,1509259942.205169,1509259942.2224193,1805
query,1509259942.2224228,1509259942.2336912,28
query,1509259942.233694,1509259942.2386458,0
query,1509259942.238649,1509259942.2545226,1698
query,1509259942.254526,1509259942.5479822,27598
query,1509259942.5479863,1509259942.7621284,28477
query,1509259942.762169,1509259942.7808526,132
query,1509259942.7934148,1509259943.136582,33905
query,1509259943.1365857,1509259943.5482328,32664
query,1509259943.5482378,1509259943.8282988,33394
query,1509259943.8283029,1509259943.8507733,2947
query,1509259943.8507779,1509259943.942518,12692
query,1509259943.9425218,1509259944.0103333,11204
query,1509259944.0103374,1509259944.0298395,1930
query,1509259944.0298429,1509259944.386971,38618
query,1509259944.386975,1509259944.6569195,25530
query,1509259944.6569252,1509259944.766823,18327
query,1509259944.7668262,1509259944.8226416,9842
query,1509259944.8226454,1509259944.8348176,165
query,1509259944.8348207,1509259945.2362554,52266
query,1509259945.2362595,1509259945.2446613,3
query,1509259945.2446644,1509259945.2625768,1583
query,1509259945.2625806,1509259945.2764416,28
query,1509259945.2764454,1509259945.7368457,51334
query,1509259945.7368495,1509259945.7851362,8242
query,1509259945.785141,1509259945.8113184,3422
query,1509259945.8113627,1509259945.8676624,8064
query,1509259945.8815422,1509259945.9400103,6958
query,1509259945.9400146,1509259946.5417712,54416
query,1509259946.5417752,1509259946.5482004,1
query,1509259946.548204,1509259946.5622227,21
query,1509259946.5622268,1509259946.574473,221
query,1509259946.5744765,1509259947.089573,37959
query,1509259947.0895782,1509259947.102214,135
query,1509259947.102219,1509259947.7419646,52410
query,1509259947.7419693,1509259947.7661705,3962
query,1509259947.7661748,1509259947.7783732,4
query,1509259947.7783766,1509259947.979267,36940
query,1509259947.9792721,1509259948.3229446,8273
query,1509259948.3229485,1509259948.486287,23579
query,1509259948.4862921,1509259948.5914323,22110
query,1509259948.5914366,1509259948.6279454,5278
query,1509259948.6279495,1509259948.8132262,23383
query,1509259948.8132303,1509259949.1189244,29517
query,1509259949.1189291,1509259949.166016,10659
query,1509259949.16602,1509259949.3515873,28634
query,1509259949.3516269,1509259949.568532,32266
query,1509259949.5848901,1509259949.8690076,34206
query,1509259949.8690114,1509259949.9181828,7777
query,1509259949.9181874,1509259949.931801,395
query,1509259949.9318051,1509259949.9545224,2431
query,1509259949.9545274,1509259950.0851789,20388
query,1509259950.0851834,1509259950.0976686,3
query,1509259950.0976727,1509259950.113355,1278
query,1509259950.1133587,1509259950.300266,28710
query,1509259950.300271,1509259950.5086524,46236
query,1509259950.5086575,1509259950.609433,14184
query,1509259950.6094368,1509259950.6333215,3694
query,1509259950.633325,1509259951.1154323,39341
query,1509259951.1154368,1509259951.6803813,48007
query,1509259951.6803858,1509259951.9870107,25506
query,1509259951.9870148,1509259952.0082366,1735
query,1509259952.0082402,1509259952.037207,5658
query,1509259952.0372114,1509259952.0837502,5828
query,1509259952.0837536,1509259952.0909648,2
query,1509259952.0909686,1509259952.1078565,616
query,1509259952.107898,1509259952.2143655,14575
query,1509259952.2290494,1509259952.2481937,881
query,1509259952.2481978,1509259952.2607722,499
query,1509259952.2607756,1509259952.318469,13396
query,1509259952.3184729,1509259952.5414152,24195
query,1509259952.5414197,1509259952.5600762,1578
query,1509259952.5600796,1509259952.5835078,2801
query,1509259952.5835116,1509259952.5876007,0
query,1509259952.5876036,1509259952.7761965,25344
query,1509259952.7762005,1509259953.2223594,38682
query,1509259953.2223632,1509259953.235249,101
query,1509259953.2352529,1509259953.2521126,352
query,1509259953.2521167,1509259953.3417258,17457
query,1509259953.3417292,1509259953.5230458,40355
query,1509259953.52305,1509259953.5434754,3136
query,1509259953.5434797,1509259953.705008,32054
query,1509259953.7050116,1509259953.7424443,6949
query,1509259953.7424479,1509259953.7475975,1
query,1509259953.7476003,1509259953.8751426,24865
query,1509259953.8751466,1509259953.8887393,250
query,1509259953.888777,1509259953.9801297,17373
query,1509259953.993212,1509259954.0340981,5086
query,1509259954.0341208,1509259954.3632212,43484
query,1509259954.3632255,1509259954.7978997,48776
query,1509259954.7979043,1509259954.8335156,7286
query,1509259954.8335197,1509259954.9664009,16625
query,1509259954.9664047,1509259954.9985032,3661
query,1509259954.9985068,1509259955.2641177,32602
query,1509259955.2641215,1509259955.351632,16630
query,1509259955.351637,1509259955.4236076,13963
query,1509259955.423612,1509259955.8946903,46736
query,1509259955.894694,1509259955.965247,13051
query,1509259955.9652503,1509259956.0309143,10962
query,1509259956.0309193,1509259956.5324078,49038
query,1509259956.532412,1509259956.6415591,20173
query,1509259956.6415637,1509259956.8498666,40341
query,1509259956.8498702,1509259957.1848404,31958
query,1509259957.1848443,1509259957.400405,26648
query,1509259957.4004092,1509259957.4216852,1999
query,1509259957.4216886,1509259957.4391797,1354
query,1509259957.4392152,1509259957.457344,640
query,1509259957.4704013,1509259957.668189,21907
query,1509259957.6681938,1509259957.6852489,721
query,1509259957.6852534,1509259957.810774,27907
query,1509259957.8107767,1509259957.9326868,29158
query,1509259957.9326894,1509259957.9593747,3800
query,1509259957.9593785,1509259958.012706,8982
query,1509259958.01271,1509259958.0494926,4703
query,1509259958.0494967,1509259958.1430564,15451
query,1509259958.1430607,1509259958.385147,25957
query,1509259958.3851523,1509259958.4052067,1250
query,1509259958.4052103,1509259958.8638113,52249
query,1509259958.8638155,1509259958.8920236,3375
query,1509259958.8920274,1509259958.9072795,119
query,1509259958.9072835,1509259959.1432564,25244
query,1509259959.1432602,1509259959.3732731,39140
query,1509259959.3732767,1509259959.641609,39450
query,1509259959.641613,1509259959.912478,26157
query,1509259959.9124823,1509259959.9775274,11437
query,1509259959.977532,1509259959.9896884,41
query,1509259959.9897258,1509259960.0039325,1
query,1509259960.0066419,1509259960.010905,0
query,1509259960.0109081,1509259960.0514781,6781
query,1509259960.0514817,1509259960.055802,0
query,1509259960.055806,1509259960.0766747,3669
query,1509259960.0766783,1509259960.0822241,1
query,1509259960.0822272,1509259960.203677,19782
query,1509259960.2036808,1509259960.2159216,25
query,1509259960.215925,1509259960.6547358,44881
query,1509259960.6547399,1509259960.922239,27881
query,1509259960.9222429,1509259961.0169933,11825
query,1509259961.0169976,1509259961.1740623,18281
query,1509259961.1740668,1509259961.2857332,15980
query,1509259961.2857363,1509259961.3010476,871
query,1509259961.3010504,1509259961.602648,33639
query,1509259961.6026523,1509259961.6325512,4357
query,1509259961.6325543,1509259961.9664152,38376
query,1509259961.966419,1509259961.970697,0
query,1509259961.9706998,1509259962.0206041,6216
query,1509259962.020608,1509259962.0591748,6123
query,1509259962.059215,1509259962.0829818,2764
query,1509259962.0969226,1509259962.148403,7734
query,1509259962.1484063,1509259962.54064,29552
query,1509259962.540645,1509259962.5477786,0
query,1509259962.5477827,1509259962.7654397,24769
query,1509259962.7654433,1509259962.8559294,14208
query,1509259962.8559332,1509259962.945408,16246
query,1509259962.9454122,1509259962.969031,4200
query,1509259962.9690344,1509259963.2788544,8049
query,1509259963.2788582,1509259963.6598048,37929
query,1509259963.6598094,1509259963.7370598,14632
query,1509259963.7370634,1509259963.9979267,44607
query,1509259963.99793,1509259964.1533766,21910
query,1509259964.1533802,1509259964.4459374,34849
query,1509259964.4459414,1509259964.4776626,4667
query,1509259964.4776666,1509259964.5066774,5574
query,1509259964.5066812,1509259964.546951,5362
query,1509259964.5469558,1509259964.5958493,5582
query,1509259964.595853,1509259964.7604578,22841
query,1509259964.7604623,1509259964.779833,548
query,1509259964.7798712,1509259965.0171235,27670
query,1509259965.0311694,1509259965.3062797,35088
query,1509259965.3062832,1509259965.3532171,5874
query,1509259965.3532205,1509259965.4263802,9700
query,1509259965.426384,1509259965.5891242,29209
query,1509259965.5891285,1509259965.600902,3
query,1509259965.600907,1509259965.6205924,2746
query,1509259965.620597,1509259965.6269553,1
query,1509259965.626959,1509259965.634213,1
query,1509259965.6342165,1509259965.6379187,0
query,1509259965.6379223,1509259966.038398,46672
query,1509259966.0384023,1509259966.0785847,7827
query,1509259966.0785887,1509259966.0885975,7
query,1509259966.0886014,1509259966.2114773,17420
query,1509259966.2114816,1509259966.7802138,39622
query,1509259966.7802184,1509259966.9049335,19843
query,1509259966.9049375,1509259966.943625,6612
query,1509259966.9436285,1509259966.964205,896
query,1509259966.9642086,1509259967.162823,25385
query,1509259967.162828,1509259967.3626566,41136
query,1509259967.3626962,1509259967.537686,29299
query,1509259967.5505428,1509259967.7635365,27465
query,1509259967.7635405,1509259967.846709,14772
query,1509259967.8467128,1509259968.0706513,27453
query,1509259968.070655,1509259968.1159313,6501
query,1509259968.1159346,1509259968.1225412,0
query,1509259968.1225443,1509259968.3183959,20378
query,1509259968.3184001,1509259968.3443635,3124
query,1509259968.3443687,1509259968.3845494,7493
query,1509259968.3845544,1509259968.4279778,7398
query,1509259968.427982,1509259968.50286,10586
query,1509259968.5028636,1509259968.5541196,7556
query,1509259968.554123,1509259968.5961974,4611
query,1509259968.596201,1509259968.6959903,16769
query,1509259968.6959946,1509259968.7189558,2790
query,1509259968.7189596,1509259968.7373333,1519
query,1509259968.7373376,1509259968.7432237,0
query,1509259968.7432263,1509259968.9163651,32301
query,1509259968.9163697,1509259969.3117354,29870
query,1509259969.3117392,1509259969.8747652,55857
query,1509259969.8748057,1509259969.9300969,13043
query,1509259969.942808,1509259969.993029,9747
query,1509259969.9930341,1509259970.192621,23765
query,1509259970.1926243,1509259970.303595,16607
query,1509259970.303599,1509259970.5067255,33284
query,1509259970.5067296,1509259970.7337022,22456
query,1509259970.733706,1509259970.8791647,17910
query,1509259970.8791687,1509259971.1195135,29620
query,1509259971.1195178,1509259971.2092316,12294
query,1509259971.209236,1509259971.3050263,18267
query,1509259971.305031,1509259971.5105162,26046
query,1509259971.510521,1509259971.5819576,12793
query,1509259971.5819616,1509259971.65439,15550
query,1509259971.6543937,1509259971.66487,2
query,1509259971.6648731,1509259972.1305635,36195
query,1509259972.1305718,1509259972.1436,469
query,1509259972.1436036,1509259972.820393,46767
query,1509259972.8203971,1509259972.8473718,2601
query,1509259972.8473754,1509259972.8658304,2216
query,1509259972.8658347,1509259972.869635,0
query,1509259972.8696675,1509259973.1518247,29610
query,1509259973.1649156,1509259973.2792325,18189
query,1509259973.2792375,1509259973.3439724,11973
query,1509259973.3439767,1509259973.3481414,0
query,1509259973.3481445,1509259973.3663707,1767
query,1509259973.3663743,1509259973.6050303,26729
query,1509259973.6050344,1509259973.621285,4
query,1509259973.6212885,1509259973.7896538,19773
query,1509259973.7896576,1509259974.238333,44159
query,1509259974.2383373,1509259974.2493744,2
query,1509259974.2493777,1509259974.2808304,4947
query,1509259974.2808366,1509259974.343854,10118
query,1509259974.343858,1509259974.4481838,15590
query,1509259974.4481876,1509259974.499621,8739
query,1509259974.4996247,1509259974.512915,19
query,1509259974.5129194,1509259974.7665758,24903
query,1509259974.76658,1509259974.78129,1038
query,1509259974.7812943,1509259974.8330984,9495
query,1509259974.8331034,1509259974.845031,16
query,1509259974.845035,1509259974.9796426,14505
query,1509259974.9796834,1509259975.042311,11903
query,1509259975.0584307,1509259975.252634,29191
query,1509259975.2526376,1509259975.5632584,26847
query,1509259975.5632625,1509259975.7103395,20452
query,1509259975.7103434,1509259975.7398224,3569
query,1509259975.7398257,1509259975.7812653,6808
query,1509259975.7812688,1509259975.81235,4734
query,1509259975.8123543,1509259975.8165057,0
query,1509259975.8165088,1509259975.900666,16793
query,1509259975.90067,1509259975.9548123,9339
query,1509259975.954816,1509259975.96758,65
query,1509259975.967584,1509259975.994538,4216
query,1509259975.994542,1509259976.1372948,16244
query,1509259976.1372983,1509259976.1525767,796
query,1509259976.1525798,1509259976.7709556,41498
query,1509259976.7709591,1509259976.7873425,492
query,1509259976.787346,1509259976.9421968,29258
query,1509259976.9422057,1509259977.0761042,16849
query,1509259977.076109,1509259977.1132586,5221
query,1509259977.1132622,1509259977.1466267,6823
query,1509259977.1467,1509259977.5662599,29768
query,1509259977.579562,1509259977.9123943,29036
query,1509259977.9123983,1509259977.9496727,6713
query,1509259977.949677,1509259977.9692302,1195
query,1509259977.969234,1509259977.9826498,514
query,1509259977.9826534,1509259977.9968314,291
query,1509259977.9968352,1509259978.0120285,936
query,1509259978.0120323,1509259978.025639,759
query,1509259978.0256422,1509259978.2051804,23267
query,1509259978.2051845,1509259978.7482724,54828
query,1509259978.748277,1509259978.7695098,572
query,1509259978.7695136,1509259978.777903,2
query,1509259978.7779062,1509259978.8027275,4597
query,1509259978.8027313,1509259979.322346,45104
query,1509259979.3223505,1509259979.4719665,33293
query,1509259979.47197,1509259979.585899,19126
query,1509259979.5859032,1509259979.6116662,3561
query,1509259979.6116698,1509259979.686964,12619
query,1509259979.6869683,1509259979.7071574,1283
query,1509259979.707161,1509259979.7495115,7264
query,1509259979.7495499,1509259980.1961513,44505
query,1509259980.209276,1509259980.3580635,33704
query,1509259980.3580682,1509259980.5153856,35863
query,1509259980.5153894,1509259980.5424545,5599
query,1509259980.5424583,1509259980.752579,29876
query,1509259980.7525833,1509259981.0955143,47332
query,1509259981.095519,1509259981.3453648,27712
query,1509259981.3453689,1509259981.4857318,28384
query,1509259981.4857366,1509259981.7124271,24775
query,1509259981.7124314,1509259982.008496,47431
query,1509259982.0084999,1509259982.0619628,12343
query,1509259982.0619664,1509259982.1357932,8897
query,1509259982.135797,1509259982.1414697,0
query,1509259982.141473,1509259982.6782537,53893
query,1509259982.6782577,1509259983.4041562,45604
query,1509259983.40416,1509259983.413574,0
query,1509259983.4135776,1509259983.4737527,9760
query,1509259983.4737566,1509259983.9875822,38981
query,1509259983.9875863,1509259984.2675748,28884
query,1509259984.2675786,1509259984.6312485,28896
query,1509259984.6312888,1509259984.9044094,34069
query,1509259984.9179254,1509259985.3876789,40500
query,1509259985.3876843,1509259985.4706347,14879
query,1509259985.4706385,1509259985.5731254,17315
query,1509259985.573129,1509259986.183272,57159
query,1509259986.1832755,1509259986.1976979,867
query,1509259986.1977012,1509259986.528049,42781
query,1509259986.5280523,1509259986.549315,1957
query,1509259986.5493186,1509259986.6269543,14770
query,1509259986.6269648,1509259986.8831518,28351
query,1509259986.883156,1509259986.9327164,6291
query,1509259986.9327197,1509259987.0127835,15046
query,1509259987.0127869,1509259987.1211524,16789
query,1509259987.1211574,1509259987.3425996,36944
query,1509259987.3426032,1509259987.3893743,8758
query,1509259987.389378,1509259987.4051003,1715
query,1509259987.4051034,1509259987.4171252,2
query,1509259987.4171293,1509259987.431875,41
query,1509259987.4318786,1509259987.4891484,7270
query,1509259987.4891527,1509259987.5095825,1438
query,1509259987.5096302,1509259987.5522337,4193
query,1509259987.5677507,1509259987.6168377,10268
query,1509259987.6168416,1509259987.6371958,2175
query,1509259987.6371996,1509259987.8546476,19833
query,1509259987.8546515,1509259987.9411373,16076
query,1509259987.9411411,1509259987.9451318,0
query,1509259987.9451346,1509259987.9627883,1716
query,1509259987.9627912,1509259988.0256917,11537
query,1509259988.0256953,1509259988.040686,921
query,1509259988.0406895,1509259988.0961707,7788
query,1509259988.0961745,1509259988.3881667,27361
query,1509259988.3881712,1509259988.4048617,189
query,1509259988.4048648,1509259988.7329085,28203
query,1509259988.7329123,1509259988.8021376,7318
query,1509259988.8021424,1509259988.8518035,7975
query,1509259988.851807,1509259988.8636622,24
query,1509259988.8636658,1509259988.8777027,43
query,1509259988.877706,1509259988.991308,16505
query,1509259988.9913118,1509259989.2993782,35476
query,1509259989.2993822,1509259989.3227959,3063
query,1509259989.322839,1509259989.4419904,15079
query,1509259989.4576943,1509259989.4713106,6
query,1509259989.4713147,1509259989.6018357,19783
query,1509259989.6018393,1509259989.6172438,1097
query,1509259989.6172476,1509259989.720857,17563
query,1509259989.7208614,1509259990.0484436,33105
query,1509259990.0484476,1509259990.1195304,14299
query,1509259990.1195347,1509259990.2409766,19120
query,1509259990.2409804,1509259990.4239395,23422
query,1509259990.4239438,1509259990.9147792,38507
query,1509259990.9147832,1509259991.0653107,21627
query,1509259991.0653152,1509259991.4092517,42524
query,1509259991.409256,1509259991.6753643,24325
query,1509259991.675369,1509259991.848867,23241
query,1509259991.8488715,1509259992.0617723,22688
query,1509259992.061776,1509259992.40756,46161
query,1509259992.4075637,1509259992.424755,923
query,1509259992.424759,1509259992.8170094,43651
query,1509259992.817014,1509259992.998778,30378
query,1509259992.9987829,1509259993.0105753,88
query,1509259993.010624,1509259993.188096,28367
query,1509259993.2005634,1509259993.2505372,11698
query,1509259993.2505414,1509259993.384101,16301
query,1509259993.3841054,1509259993.4231477,7472
query,1509259993.4231515,1509259993.644721,21917
query,1509259993.644725,1509259993.714349,11643
query,1509259993.7143528,1509259994.0148482,39230
query,1509259994.0148523,1509259994.1870856,41334
query,1509259994.1870904,1509259994.2186508,5414
query,1509259994.2186542,1509259994.2376056,1777
query,1509259994.2376094,1509259994.3883102,29155
query,1509259994.3883142,1509259994.6395926,29994
query,1509259994.6395962,1509259994.6436176,0
query,1509259994.6436205,1509259995.3493583,47856
query,1509259995.349363,1509259995.4756594,19859
query,1509259995.4756632,1509259995.4934049,2794
query,1509259995.493408,1509259995.5622017,13951
query,1509259995.562205,1509259995.666404,18770
query,1509259995.6664078,1509259995.7526417,16142
query,1509259995.752645,1509259995.7569532,0
query,1509259995.7569911,1509259995.8932805,22280
query,1509259995.9067214,1509259995.9118109,0
query,1509259995.9118142,1509259996.104703,23297
query,1509259996.1047072,1509259996.1249807,2002
query,1509259996.1249843,1509259996.3891015,43435
query,1509259996.389106,1509259996.727032,36794
query,1509259996.7270362,1509259996.8922246,24916
query,1509259996.8922288,1509259997.0092065,15561
query,1509259997.0092103,1509259997.0340586,3222
query,1509259997.0340621,1509259997.0508192,1054
query,1509259997.0508225,1509259997.6551595,45058
query,1509259997.6551635,1509259997.6895876,5080
query,1509259997.6895912,1509259997.784607,15522
query,1509259997.784611,1509259997.7911453,0
query,1509259997.7911484,1509259998.3903077,42778
query,1509259998.3903117,1509259998.7265239,38037
query,1509259998.726529,1509259998.977918,42033
query,1509259998.9779224,1509259999.4009478,41647
query,1509259999.4009519,1509259999.569144,22817
query,1509259999.5691478,1509259999.5854697,5
query,1509259999.585565,1509259999.6022778,446
query,1509259999.6150014,1509259999.934764,40097
query,1509259999.9347677,1509260000.062879,15104
query,1509260000.0628839,1509260000.4817512,47530
query,1509260000.481755,1509260000.6999097,39421
query,1509260000.699913,1509260000.9289696,31427
query,1509260000.928974,1509260000.9459205,260
query,1509260000.945923,1509260000.9658809,2046
query,1509260000.9658837,1509260000.985831,1837
query,1509260000.9858336,1509260001.0020254,561
query,1509260001.0020278,1509260001.13601,17017
query,1509260001.1360135,1509260001.2347448,16412
query,1509260001.2347484,1509260001.667337,37500
query,1509260001.6673415,1509260001.979495,49326
query,1509260001.9794996,1509260001.9965055,206
query,1509260001.9965088,1509260002.2306645,24865
query,1509260002.2306688,1509260002.342158,19878
query,1509260002.3421624,1509260002.4031813,12822
query,1509260002.4031847,1509260002.5193884,20641
query,1509260002.5193927,1509260002.7832751,29282
query,1509260002.7833166,1509260002.8102593,2392
query,1509260002.8234136,1509260003.0360317,41983
query,1509260003.0360358,1509260003.1048763,9219
query,1509260003.1048803,1509260003.1241093,918
query,1509260003.1241128,1509260003.6643875,50611
query,1509260003.664395,1509260003.7087605,7900
query,1509260003.7087636,1509260004.1484241,36013
query,1509260004.148428,1509260004.157913,0
query,1509260004.1579165,1509260004.266339,25152
query,1509260004.2663426,1509260004.5604188,42910
query,1509260004.5604234,1509260004.575937,810
query,1509260004.5759413,1509260004.803695,20863
query,1509260004.803699,1509260004.8337162,5203
query,1509260004.8337204,1509260005.0119212,23450
query,1509260005.011925,1509260005.1389155,31596
query,1509260005.13892,1509260005.2421598,14861
query,1509260005.2421637,1509260005.4455056,22884
query,1509260005.44551,1509260005.4626672,1076
query,1509260005.4626706,1509260005.4826252,1787
query,1509260005.4826279,1509260005.9908814,38767
query,1509260005.9911022,1509260006.045897,6264
query,1509260006.0630584,1509260006.1413934,10327
query,1509260006.1413975,1509260006.1879854,8773
query,1509260006.187989,1509260006.48195,26549
query,1509260006.4819536,1509260007.155718,40924
query,1509260007.1557236,1509260007.4604893,35732
query,1509260007.460494,1509260007.5075605,8525
query,1509260007.5075643,1509260007.963874,34807
query,1509260007.9638782,1509260008.0233934,8529
query,1509260008.023397,1509260008.0354738,168
query,1509260008.0354774,1509260008.6521416,47953
query,1509260008.6521454,1509260008.6757746,3166
query,1509260008.675778,1509260008.909291,24515
query,1509260008.9092958,1509260009.3207583,33158
query,1509260009.3207624,1509260009.3390672,918
query,1509260009.3390708,1509260009.8693075,46968
query,1509260009.8693118,1509260009.8884711,1713
query,1509260009.8884747,1509260010.470427,46238
query,1509260010.4704309,1509260010.5840905,17568
query,1509260010.5840943,1509260011.3241074,52304
query,1509260011.324151,1509260011.4417782,17807
query,1509260011.4560196,1509260011.4709077,184
query,1509260011.4709117,1509260011.4881346,63
query,1509260011.4881384,1509260011.499676,8
query,1509260011.4996798,1509260011.8690152,27399
query,1509260011.869019,1509260012.69003,55165
query,1509260012.6900342,1509260012.7078724,451
query,1509260012.707876,1509260012.7692232,12566
query,1509260012.7692266,1509260013.462179,43118
query,1509260013.4621832,1509260013.4843285,1602
query,1509260013.4843323,1509260013.8806672,32770
query,1509260013.8806708,1509260013.92942,7373
query,1509260013.9294236,1509260014.0333931,14492
query,1509260014.0333984,1509260014.126534,15828
query,1509260014.1265385,1509260014.145121,1159
query,1509260014.1451247,1509260014.1739693,74
query,1509260014.1739736,1509260014.4787326,35013
query,1509260014.4787369,1509260014.5089352,4627
query,1509260014.508939,1509260014.572463,9893
query,1509260014.5724664,1509260014.5919662,953
query,1509260014.5920038,1509260014.6305945,6174
query,1509260014.643993,1509260014.660856,544
query,1509260014.6608589,1509260015.0693297,52839
query,1509260015.069334,1509260015.5676873,40809
query,1509260015.5676916,1509260015.9012938,33654
query,1509260015.901298,1509260016.111186,33438
query,1509260016.1111906,1509260016.1187925,2
query,1509260016.1187963,1509260016.1344497,39
query,1509260016.1344528,1509260016.149947,1128
query,1509260016.1499503,1509260016.2404575,18427
query,1509260016.2404618,1509260016.3143713,14092
query,1509260016.314375,1509260016.8282716,36632
query,1509260016.8282757,1509260016.848682,2419
query,1509260016.8486855,1509260016.8915071,5372
query,1509260016.8915105,1509260016.9988863,17818
query,1509260016.9988897,1509260017.016042,847
query,1509260017.0160458,1509260017.0214543,1
query,1509260017.0214574,1509260017.0342588,317
query,1509260017.0342627,1509260017.053247,382
query,1509260017.0532503,1509260017.0830352,5057
query,1509260017.0830765,1509260017.2043457,15735
query,1509260017.2183092,1509260017.5752046,40344
query,1509260017.5752099,1509260017.588452,161
query,1509260017.5884554,1509260017.6557918,10693
query,1509260017.6557956,1509260017.6956391,6027
query,1509260017.6956425,1509260017.716673,2211
query,1509260017.7166765,1509260017.733224,851
query,1509260017.7332275,1509260017.7543771,1737
query,1509260017.754381,1509260017.7585726,0
query,1509260017.7585757,1509260017.8626769,13738
query,1509260017.862681,1509260017.8798227,339
query,1509260017.879826,1509260018.25108,42688
query,1509260018.251084,1509260018.4173565,23830
query,1509260018.4173603,1509260018.5560687,18889
query,1509260018.5560725,1509260018.588735,4368
query,1509260018.5887382,1509260018.8888605,51186
query,1509260018.8888655,1509260019.288067,32543
query,1509260019.2880714,1509260019.599058,27628
query,1509260019.5990622,1509260019.838782,26799
query,1509260019.8387868,1509260020.0784712,36999
query,1509260020.0785139,1509260020.301825,24199
query,1509260020.31546,1509260020.8064406,44095
query,1509260020.8064446,1509260021.4004219,42419
query,1509260021.4004261,1509260021.525892,15091
query,1509260021.5258956,1509260021.7271318,36012
query,1509260021.7271357,1509260021.8024871,14100
query,1509260021.8024912,1509260022.0306122,42833
query,1509260022.0306158,1509260022.4348662,49657
query,1509260022.43487,1509260022.5166833,18456
query,1509260022.5166874,1509260022.5597315,5299
query,1509260022.5597358,1509260023.1251974,47230
query,1509260023.1252015,1509260023.1948674,11360
query,1509260023.1948712,1509260023.2660398,15169
query,1509260023.2660441,1509260023.2755785,0
query,1509260023.2755818,1509260023.300712,989
query,1509260023.3007152,1509260023.4725933,19754
query,1509260023.4725976,1509260023.4979713,1017
query,1509260023.4979749,1509260023.7910683,22547
query,1509260023.7910721,1509260023.9520974,16827
query,1509260023.952101,1509260024.010181,5492
query,1509260024.0102215,1509260024.0647733,7927
query,1509260024.0782104,1509260024.2692394,22959
query,1509260024.2692432,1509260024.7688622,46983
query,1509260024.7688663,1509260024.8097396,3868
query,1509260024.8097436,1509260024.8436177,3573
query,1509260024.8436213,1509260025.1724832,31490
query,1509260025.1725192,1509260025.3908663,29276
query,1509260025.3908703,1509260025.4085653,211
query,1509260025.4085684,1509260025.4243414,1025
query,1509260025.424345,1509260025.6432285,34205
query,1509260025.6432323,1509260025.6613452,85
query,1509260025.6613493,1509260025.7976556,34747
query,1509260025.7976594,1509260025.8102248,2
query,1509260025.8102279,1509260025.8653314,10083
query,1509260025.8653352,1509260026.0991058,31846
query,1509260026.09911,1509260026.1438093,8171
query,1509260026.1438127,1509260026.5252507,34094
query,1509260026.5252552,1509260026.6007738,12707
query,1509260026.6007786,1509260026.742071,18216
query,1509260026.7420754,1509260026.7595704,105
query,1509260026.7596076,1509260026.7826726,769
query,1509260026.7958121,1509260026.8006384,0
query,1509260026.8006415,1509260026.8102314,3
query,1509260026.8102348,1509260027.352531,52781
query,1509260027.3525352,1509260027.3689733,67
query,1509260027.3689768,1509260027.6010087,33173
query,1509260027.6010127,1509260027.6456323,5087
query,1509260027.645636,1509260027.6500952,0
query,1509260027.6500983,1509260027.6890316,4807
query,1509260027.689035,1509260027.7383864,5952
query,1509260027.73839,1509260027.8147786,17356
query,1509260027.8147824,1509260027.930765,16985
query,1509260027.9307683,1509260028.1036713,22471
query,1509260028.1036763,1509260028.2326984,18827
query,1509260028.2327027,1509260028.268573,5630
query,1509260028.2685766,1509260028.280042,3
query,1509260028.2800455,1509260028.3131437,4908
query,1509260028.3131468,1509260028.3335717,1737
query,1509260028.3335755,1509260028.6224527,40188
query,1509260028.6224573,1509260028.640188,925
query,1509260028.6402326,1509260028.7993593,23191
query,1509260028.8117568,1509260028.8254805,304
query,1509260028.8254838,1509260028.9144742,14761
query,1509260028.9144783,1509260029.2296,47020
query,1509260029.2296045,1509260029.2426333,134
query,1509260029.2426364,1509260029.5596373,47834
query,1509260029.5596414,1509260029.6697598,16465
query,1509260029.6697638,1509260029.928137,41286
query,1509260029.9281418,1509260029.9917889,10455
query,1509260029.991793,1509260030.0113845,1792
query,1509260030.011388,1509260030.0466528,4629
query,1509260030.0466566,1509260030.0803378,5051
query,1509260030.0803409,1509260030.367115,34252
query,1509260030.367119,1509260030.550541,29785
query,1509260030.5505445,1509260030.7641523,22152
query,1509260030.764156,1509260030.7797337,14
query,1509260030.7797372,1509260030.7936964,345
query,1509260030.7937,1509260030.810757,714
query,1509260030.8107607,1509260030.8357477,3230
query,1509260030.8357518,1509260030.9505231,23101
query,1509260030.9505641,1509260031.0166218,11902
query,1509260031.0297356,1509260031.2214649,40372
query,1509260031.221469,1509260031.2664435,7453
query,1509260031.2664473,1509260031.3234353,7098
query,1509260031.3234396,1509260031.6146123,44644
query,1509260031.6146166,1509260031.6435192,2938
query,1509260031.6435227,1509260031.6571348,55
query,1509260031.657138,1509260031.6646404,0
query,1509260031.6646433,1509260031.6851528,989
query,1509260031.6851559,1509260031.7236612,3107
query,1509260031.7236643,1509260031.7460256,200
query,1509260031.746029,1509260031.9076474,18383
query,1509260031.907651,1509260031.9214153,138
query,1509260031.9214199,1509260032.5115542,55298
query,1509260032.5115585,1509260032.739934,32428
query,1509260032.7399378,1509260032.8695912,21598
query,1509260032.869596,1509260032.8947833,4505
query,1509260032.8947868,1509260033.0316203,17940
query,1509260033.0316238,1509260033.357622,29079
query,1509260033.3576255,1509260033.3714516,823
query,1509260033.371494,1509260033.700506,35461
query,1509260033.7146893,1509260033.738816,3672
query,1509260033.7388194,1509260033.7637506,4610
query,1509260033.7637537,1509260033.9995823,27955
query,1509260033.9995856,1509260034.382462,46271
query,1509260034.3824658,1509260034.3918517,0
query,1509260034.391855,1509260034.3954473,0
query,1509260034.3954504,1509260034.4087017,31
query,1509260034.408705,1509260034.481514,14782
query,1509260034.4815178,1509260034.4946887,146
query,1509260034.4946928,1509260034.5419106,8130
query,1509260034.5419152,1509260035.0347438,40938
query,1509260035.0347474,1509260035.704869,48392
query,1509260035.7048728,1509260035.9449704,27680
query,1509260035.944974,1509260036.2577047,36691
query,1509260036.2577102,1509260036.293408,7322
query,1509260036.2934113,1509260036.4685686,38433
query,1509260036.4685726,1509260036.5015268,1587
query,1509260036.5015314,1509260036.793632,30519
query,1509260036.7936356,1509260036.9404464,26908
query,1509260036.940487,1509260037.076855,29621
query,1509260037.0897644,1509260037.1800926,11071
query,1509260037.1800969,1509260037.4481776,24812
query,1509260037.4481823,1509260037.6798,24589
query,1509260037.6798038,1509260037.7896636,15737
query,1509260037.7896674,1509260037.8149242,3037
query,1509260037.814928,1509260037.8315158,976
query,1509260037.831519,1509260037.9035065,8467
query,1509260037.9035106,1509260038.0880065,26779
query,1509260038.0880108,1509260038.1456099,11288
query,1509260038.1456223,1509260038.5079062,40516
query,1509260038.5079105,1509260038.531271,1897
query,1509260038.5312757,1509260039.184732,43264
query,1509260039.1847367,1509260039.459754,36377
query,1509260039.459758,1509260039.4906473,3467
query,1509260039.490652,1509260039.7476158,26683
query,1509260039.7476199,1509260039.8835676,17975
query,1509260039.8835719,1509260040.0763812,22474
query,1509260040.0763855,1509260040.4410243,33177
query,1509260040.441028,1509260040.6493273,17382
query,1509260040.6493657,1509260040.671261,3
query,1509260040.6763997,1509260040.9546876,28141
query,1509260040.954692,1509260041.3498468,38361
query,1509260041.3498507,1509260041.3707287,398
query,1509260041.3707318,1509260041.4345376,7795
query,1509260041.4345422,1509260041.662293,40942
query,1509260041.6622972,1509260041.9760828,36293
query,1509260041.9760866,1509260042.0632658,15361
query,1509260042.06327,1509260042.2361495,22787
query,1509260042.2361534,1509260042.2550225,2564
query,1509260042.2550256,1509260042.3060844,6315
query,1509260042.3060884,1509260042.3847077,8665
query,1509260042.3847113,1509260042.6149116,22656
query,1509260042.6149158,1509260042.6273837,47
query,1509260042.6273873,1509260043.0451748,28228
query,1509260043.0451787,1509260043.0576,16
query,1509260043.0576034,1509260043.0832372,4690
query,1509260043.083241,1509260043.2104375,22560
query,1509260043.2104414,1509260043.702088,36786
query,1509260043.7020924,1509260044.1886375,8287
query,1509260044.1886787,1509260044.2573662,18039
query,1509260044.2701614,1509260044.4934728,24206
query,1509260044.4934766,1509260044.9081252,43189
query,1509260044.9081295,1509260044.983806,9123
query,1509260044.9838102,1509260045.1268077,20935
query,1509260045.1268117,1509260045.1382926,10
query,1509260045.1382961,1509260045.1580307,1681
query,1509260045.1580353,1509260045.3149447,34775
query,1509260045.3149486,1509260045.3780708,8450
query,1509260045.3780744,1509260045.4809494,9440
query,1509260045.4809532,1509260045.5034614,2462
query,1509260045.5034647,1509260045.939751,39645
query,1509260045.9397552,1509260046.025228,18010
query,1509260046.0252323,1509260046.4216936,44052
query,1509260046.4216976,1509260046.4696825,6141
query,1509260046.469686,1509260046.639341,29176
query,1509260046.6393452,1509260046.655117,131
query,1509260046.6551208,1509260046.667214,54
query,1509260046.667217,1509260046.8863435,27844
query,1509260046.8863475,1509260047.665032,61322
query,1509260047.665076,1509260047.763009,16456
query,1509260047.7758589,1509260047.804192,3059
query,1509260047.8041961,1509260047.8130946,3
query,1509260047.8130977,1509260048.083968,32896
query,1509260048.0839722,1509260048.089036,0
query,1509260048.0890396,1509260048.1166449,5966
query,1509260048.1166482,1509260048.1913488,15929
query,1509260048.1913536,1509260048.2777193,16242
query,1509260048.2777233,1509260048.3744423,22889
query,1509260048.3744469,1509260048.4395852,11512
query,1509260048.4395893,1509260048.5152812,14473
query,1509260048.515286,1509260048.5942156,10786
query,1509260048.5942192,1509260048.6817243,18601
query,1509260048.6817288,1509260049.192466,43908
query,1509260049.1924696,1509260049.31987,22916
query,1509260049.3198755,1509260049.6543033,44006
query,1509260049.6543071,1509260049.7679524,18149
query,1509260049.7679563,1509260049.8810036,20076
query,1509260049.8810074,1509260050.1526759,31999
query,1509260050.15268,1509260050.1934667,6317
query,1509260050.1935058,1509260050.2423165,8571
query,1509260050.258257,1509260050.3062868,6829
query,1509260050.3062904,1509260050.3343794,4357
query,1509260050.3343828,1509260050.411927,7839
query,1509260050.4119306,1509260050.4673545,8319
query,1509260050.467359,1509260050.4727054,1
query,1509260050.4727087,1509260050.5293832,10890
query,1509260050.5293872,1509260050.5853934,9603
query,1509260050.5853972,1509260050.6911364,15109
query,1509260050.6911411,1509260050.7085574,1579
query,1509260050.7085617,1509260050.7344475,3931
query,1509260050.7344513,1509260050.7625785,5081
query,1509260050.7625823,1509260050.9217305,18516
query,1509260050.9217339,1509260051.2412772,28740
query,1509260051.2412813,1509260051.4354837,42014
query,1509260051.435488,1509260051.60258,17161
query,1509260051.6025846,1509260051.6923528,17825
query,1509260051.6923563,1509260052.3015003,41389
query,1509260052.3015044,1509260052.3509946,6964
query,1509260052.350998,1509260052.4144878,10863
query,1509260052.4145272,1509260052.516541,14346
query,1509260052.5293787,1509260052.7038834,25090
query,1509260052.7038875,1509260052.7484539,8588
query,1509260052.7484574,1509260052.819416,9708
query,1509260052.81942,1509260053.4693432,46373
query,1509260053.4693468,1509260053.4884205,6
query,1509260053.4884238,1509260054.102139,56676
query,1509260054.102143,1509260054.3502536,33634
query,1509260054.3502572,1509260054.354333,0
query,1509260054.354336,1509260054.6141374,30135
query,1509260054.6141415,1509260054.679906,12928
query,1509260054.6799092,1509260054.9085655,34287
query,1509260054.9085696,1509260054.9533195,7772
query,1509260054.9533231,1509260055.0831594,25482
query,1509260055.0831637,1509260055.095131,8
query,1509260055.0951345,1509260055.1480143,7995
query,1509260055.1480181,1509260055.3662865,26202
query,1509260055.3662903,1509260055.422092,9337
query,1509260055.4220963,1509260055.699235,30508
query,1509260055.6992393,1509260055.95443,27108
query,1509260055.954471,1509260056.2968636,51350
query,1509260056.3127816,1509260056.7895103,37911
query,1509260056.7895145,1509260056.952337,8506
query,1509260056.9523413,1509260057.558985,44855
query,1509260057.5589895,1509260057.74075,28616
query,1509260057.740754,1509260057.7447858,0
query,1509260057.7448077,1509260057.7659628,2321
query,1509260057.7659662,1509260057.8349168,12561
query,1509260057.8349202,1509260058.0121093,26122
query,1509260058.0121133,1509260058.5173516,35789
query,1509260058.5173557,1509260058.5646014,7128
query,1509260058.564605,1509260059.0204225,35936
query,1509260059.0204265,1509260059.0245225,0
query,1509260059.0245256,1509260059.1044543,15898
query,1509260059.1044586,1509260059.229345,15834
query,1509260059.2293494,1509260059.2760563,8565
query,1509260059.2760596,1509260059.5000107,24257
query,1509260059.5000153,1509260059.5485888,7749
query,1509260059.548592,1509260059.5612202,371
query,1509260059.561224,1509260059.5898008,4234
query,1509260059.5898414,1509260060.272717,48200
query,1509260060.2857893,1509260060.317411,3211
query,1509260060.3174145,1509260060.3214002,0
query,1509260060.3214033,1509260060.4111254,17666
query,1509260060.4111292,1509260060.431879,2260
query,1509260060.4318829,1509260060.8030798,29706
query,1509260060.8030846,1509260061.1436563,35382
query,1509260061.14366,1509260061.2099895,8194
query,1509260061.2099936,1509260061.2381105,4222
query,1509260061.238114,1509260061.4125218,21192
query,1509260061.4125268,1509260061.5639145,21332
query,1509260061.563918,1509260061.6345344,7505
query,1509260061.634538,1509260061.779185,23841
query,1509260061.779189,1509260061.7918866,144
query,1509260061.7918904,1509260061.8613055,12194
query,1509260061.8613088,1509260061.8672724,0
query,1509260061.8672752,1509260062.1375356,27024
query,1509260062.1375394,1509260062.300191,22795
query,1509260062.3001945,1509260062.321521,1443
query,1509260062.3215244,1509260062.3519654,4713
query,1509260062.3520029,1509260062.37607,2126
query,1509260062.3902872,1509260062.419545,766
query,1509260062.4195483,1509260062.8982263,46079
query,1509260062.89823,1509260063.116588,24895
query,1509260063.1165924,1509260063.313761,26599
query,1509260063.3137646,1509260063.405239,22534
query,1509260063.405243,1509260063.6229231,28033
query,1509260063.6229272,1509260063.732412,24796
query,1509260063.7324169,1509260063.7405329,0
query,1509260063.7405357,1509260063.9841475,26759
query,1509260063.9841523,1509260064.0261762,6660
query,1509260064.02618,1509260064.4710162,50469
query,1509260064.4710197,1509260064.4909036,1741
query,1509260064.4909086,1509260064.7759578,30000
query,1509260064.7759616,1509260065.426201,41236
query,1509260065.4262054,1509260065.4536085,3116
query,1509260065.4536123,1509260065.4716063,1481
query,1509260065.47161,1509260065.477395,0
query,1509260065.4773982,1509260065.5375276,9352
query,1509260065.5375314,1509260065.597372,9739
query,1509260065.5974123,1509260065.692196,11470
query,1509260065.7051811,1509260065.8050106,24135
query,1509260065.8050141,1509260065.8200665,1034
query,1509260065.8200707,1509260065.8395953,2578
query,1509260065.8395987,1509260066.0267632,28866
query,1509260066.0267665,1509260066.0393336,2
query,1509260066.0393367,1509260066.2323263,26332
query,1509260066.2323308,1509260066.5234187,39595
query,1509260066.5234222,1509260066.5394566,184
query,1509260066.53946,1509260066.7838678,39099
query,1509260066.7838726,1509260066.8316395,6456
query,1509260066.8316433,1509260066.8968496,8947
query,1509260066.8968532,1509260067.0470662,21185
query,1509260067.04707,1509260067.100246,10634
query,1509260067.1002498,1509260067.5281165,34363
query,1509260067.528121,1509260067.5603607,6755
query,1509260067.5603638,1509260067.576503,62
query,1509260067.5765066,1509260067.5924008,699
query,1509260067.592405,1509260067.6094913,575
query,1509260067.6094952,1509260067.6255953,624
query,1509260067.6256442,1509260068.0197747,34321
query,1509260068.0323446,1509260068.0772452,8235
query,1509260068.0772486,1509260068.1698546,14370
query,1509260068.1698582,1509260068.184034,7
query,1509260068.1840377,1509260068.2197423,5551
query,1509260068.219746,1509260068.3405359,19216
query,1509260068.3405397,1509260068.4641833,23075
query,1509260068.4641871,1509260068.5094852,5693
query,1509260068.509489,1509260068.5356843,3429
query,1509260068.5356884,1509260068.6454232,19074
query,1509260068.6454268,1509260068.736993,17216
query,1509260068.7369971,1509260068.7555082,764
query,1509260068.7555118,1509260068.8106823,8768
query,1509260068.8106873,1509260068.983452,24445
query,1509260068.9834561,1509260069.4405606,8291
query,1509260069.4405649,1509260069.4629314,2365
query,1509260069.4629347,1509260069.4808881,402
query,1509260069.4808917,1509260069.8299165,37120
query,1509260069.8299203,1509260070.0154746,18894
query,1509260070.0154781,1509260070.2425048,30973
