tables,1508867489.4854765,1508867823.3093433
query,1508867823.3094673,1508867823.5045652,7441
query,1508867823.5076773,1508867823.531065,25
query,1508867823.5310683,1508867823.682303,6342
query,1508867823.6823063,1508867823.717889,2558
query,1508867823.7178924,1508867823.8488224,12069
query,1508867823.848826,1508867823.8859835,2899
query,1508867823.8859863,1508867823.9360833,2563
query,1508867823.9360857,1508867823.9684575,1233
query,1508867823.9684594,1508867824.0600135,12696
query,1508867824.0600162,1508867824.0892344,17
query,1508867824.0892363,1508867824.2004216,6528
query,1508867824.2004244,1508867824.2713346,3965
query,1508867824.2713382,1508867824.2931147,2
query,1508867824.2931173,1508867824.3107867,0
query,1508867824.310789,1508867824.4048638,10351
query,1508867824.4048662,1508867824.4277308,0
query,1508867824.427733,1508867824.47786,4772
query,1508867824.4778633,1508867824.5328517,2970
query,1508867824.532855,1508867824.598705,11789
query,1508867824.5987074,1508867824.626771,1888
query,1508867824.6267865,1508867824.6820083,7764
query,1508867824.6844354,1508867824.7003984,1
query,1508867824.700401,1508867824.7977955,12018
query,1508867824.7977993,1508867824.829955,2507
query,1508867824.8299587,1508867824.8535478,377
query,1508867824.8535511,1508867824.8833692,3435
query,1508867824.8833725,1508867824.913766,11
query,1508867824.913769,1508867824.9337742,6
query,1508867824.9337773,1508867824.998435,7507
query,1508867824.9984388,1508867825.028275,358
query,1508867825.0282784,1508867825.0579443,3737
query,1508867825.0579479,1508867825.0946395,1315
query,1508867825.094643,1508867825.1099837,1133
query,1508867825.1099875,1508867825.1257672,123
query,1508867825.125771,1508867825.1478589,49
query,1508867825.1478624,1508867825.1811857,3228
query,1508867825.181189,1508867825.2439852,4110
query,1508867825.2439897,1508867825.2878594,40
query,1508867825.2878633,1508867825.3238363,186
query,1508867825.3238394,1508867825.35965,1
query,1508867825.359667,1508867825.4053757,6288
query,1508867825.4078312,1508867825.4473932,3453
query,1508867825.4473965,1508867825.4838314,21
query,1508867825.4838347,1508867825.519999,3
query,1508867825.5200026,1508867825.541482,135
query,1508867825.5414853,1508867825.591988,771
query,1508867825.591992,1508867825.672859,9858
query,1508867825.672863,1508867825.791658,12358
query,1508867825.7916625,1508867825.8424132,8901
query,1508867825.8424177,1508867825.8789253,4648
query,1508867825.8789294,1508867825.9214234,52
query,1508867825.9214282,1508867825.9676764,3
query,1508867825.9676802,1508867826.056614,8228
query,1508867826.056618,1508867826.0882716,1677
query,1508867826.0882754,1508867826.1211014,1819
query,1508867826.121105,1508867826.1387417,0
query,1508867826.138745,1508867826.2332532,6064
query,1508867826.2332573,1508867826.2613897,6
query,1508867826.2613938,1508867826.3481333,10248
query,1508867826.3481371,1508867826.3931015,6131
query,1508867826.3931196,1508867826.4866073,12220
query,1508867826.4891963,1508867826.512887,369
query,1508867826.5128908,1508867826.5761547,7666
query,1508867826.5761583,1508867826.5975063,21
query,1508867826.5975096,1508867826.6533005,8155
query,1508867826.6533043,1508867826.679372,2597
query,1508867826.6793752,1508867826.7128384,1184
query,1508867826.7128425,1508867826.7330914,1
query,1508867826.7330956,1508867826.74289,107
query,1508867826.7428935,1508867826.7827497,929
query,1508867826.7827537,1508867826.8057578,199
query,1508867826.8057616,1508867826.8650713,4113
query,1508867826.865075,1508867826.930201,7776
query,1508867826.9302058,1508867826.9588335,1840
query,1508867826.9588373,1508867827.0019515,5493
query,1508867827.0019548,1508867827.0273097,1293
query,1508867827.0273137,1508867827.054311,268
query,1508867827.0543144,1508867827.089355,45
query,1508867827.0893583,1508867827.1180387,424
query,1508867827.1180418,1508867827.1848693,8160
query,1508867827.184885,1508867827.2191648,1679
query,1508867827.2221525,1508867827.245385,1
query,1508867827.2453895,1508867827.28154,1358
query,1508867827.2815442,1508867827.3321295,3
query,1508867827.3321342,1508867827.3766472,1467
query,1508867827.3766513,1508867827.4070795,0
query,1508867827.4070842,1508867827.4792182,6557
query,1508867827.479223,1508867827.5682561,6531
query,1508867827.5682604,1508867827.64434,10538
query,1508867827.6443446,1508867827.7341971,7716
query,1508867827.7342017,1508867827.8399684,9119
query,1508867827.8399732,1508867827.9202864,7265
query,1508867827.9202907,1508867827.9680202,267
query,1508867827.9680245,1508867828.0128908,1508
query,1508867828.0128956,1508867828.0610726,313
query,1508867828.0610774,1508867828.0829444,395
query,1508867828.0829484,1508867828.112077,3165
query,1508867828.1120813,1508867828.132153,8
query,1508867828.1321576,1508867828.1542733,595
query,1508867828.1542773,1508867828.1884472,2897
query,1508867828.188465,1508867828.2385728,7712
query,1508867828.2415924,1508867828.3100853,6241
query,1508867828.3100893,1508867828.3925583,9896
query,1508867828.3925626,1508867828.4147234,438
query,1508867828.4147277,1508867828.4448557,4711
query,1508867828.4448607,1508867828.4738717,1533
query,1508867828.4738762,1508867828.5042243,4640
query,1508867828.5042284,1508867828.5282388,1539
query,1508867828.528253,1508867828.5595043,4756
query,1508867828.5595083,1508867828.589641,3471
query,1508867828.5896451,1508867828.622305,291
query,1508867828.6223087,1508867828.645266,235
query,1508867828.6452694,1508867828.6859238,1
query,1508867828.6859272,1508867828.7244194,1970
query,1508867828.7244232,1508867828.73357,10
query,1508867828.7335737,1508867828.7832513,960
query,1508867828.7832546,1508867828.8064444,790
query,1508867828.8064487,1508867828.8363428,1974
query,1508867828.8363473,1508867828.9136481,9140
query,1508867828.9136522,1508867829.0084789,4338
query,1508867829.0084972,1508867829.0291405,0
query,1508867829.0308013,1508867829.0504327,2205
query,1508867829.050437,1508867829.1060603,6365
query,1508867829.1060634,1508867829.1793778,3487
query,1508867829.1793814,1508867829.2240014,2217
query,1508867829.2240057,1508867829.271737,8
query,1508867829.2717404,1508867829.3118858,880
query,1508867829.3118896,1508867829.411112,12159
query,1508867829.411116,1508867829.4598963,1090
query,1508867829.459901,1508867829.511895,1024
query,1508867829.5118995,1508867829.5579658,0
query,1508867829.55797,1508867829.6432693,7415
query,1508867829.643273,1508867829.680304,1761
query,1508867829.6803088,1508867829.7199748,22
query,1508867829.7199788,1508867829.7785099,9846
query,1508867829.7785141,1508867829.8030157,1922
query,1508867829.80302,1508867829.8303294,1054
query,1508867829.8303332,1508867829.875814,57
query,1508867829.8758173,1508867829.9084773,107
query,1508867829.9084811,1508867829.9560213,21
query,1508867829.9560387,1508867829.9724236,1375
query,1508867829.9750543,1508867830.016311,234
query,1508867830.0163143,1508867830.0881472,7785
query,1508867830.0881507,1508867830.1414633,8346
query,1508867830.141467,1508867830.162602,1325
query,1508867830.1626053,1508867830.1708448,379
query,1508867830.1708481,1508867830.180375,866
query,1508867830.1803784,1508867830.1885104,256
query,1508867830.1885135,1508867830.2266376,7564
query,1508867830.2266407,1508867830.2550359,3149
query,1508867830.255039,1508867830.2898211,5817
query,1508867830.2898247,1508867830.2978797,7
query,1508867830.2978826,1508867830.3072004,189
query,1508867830.3072035,1508867830.3421168,6345
query,1508867830.3421204,1508867830.3771446,6350
query,1508867830.377148,1508867830.4132938,4618
query,1508867830.4132972,1508867830.4406047,1047
query,1508867830.4406083,1508867830.479181,7380
query,1508867830.4791846,1508867830.4955378,9
query,1508867830.4955416,1508867830.5368655,2817
query,1508867830.536882,1508867830.5500476,0
query,1508867830.5520651,1508867830.5924847,7408
query,1508867830.5924883,1508867830.6364534,6976
query,1508867830.6364634,1508867830.700755,6092
query,1508867830.7007592,1508867830.7106292,174
query,1508867830.7106333,1508867830.738213,8
query,1508867830.7382174,1508867830.7522628,57
query,1508867830.7522674,1508867830.7770126,1910
query,1508867830.7770169,1508867830.815437,6468
query,1508867830.815441,1508867830.906744,7064
query,1508867830.9067478,1508867830.919746,0
query,1508867830.9197493,1508867830.9459717,1011
query,1508867830.9459755,1508867830.9595687,1239
query,1508867830.9595726,1508867831.0323975,4616
query,1508867831.0324016,1508867831.0531397,0
query,1508867831.0531442,1508867831.077324,456
query,1508867831.0773275,1508867831.1248581,5660
query,1508867831.1248624,1508867831.1583261,637
query,1508867831.15833,1508867831.177866,2213
query,1508867831.17787,1508867831.2366128,7698
query,1508867831.2366295,1508867831.257608,2732
query,1508867831.260404,1508867831.2864995,1015
query,1508867831.2865026,1508867831.3456552,9239
query,1508867831.3456588,1508867831.4013102,7381
query,1508867831.4013135,1508867831.4574556,7421
query,1508867831.45746,1508867831.4803011,2258
query,1508867831.4803054,1508867831.5210757,610
query,1508867831.5210803,1508867831.5403798,920
query,1508867831.5403838,1508867831.5534842,1005
query,1508867831.553487,1508867831.565807,0
query,1508867831.5658102,1508867831.620047,5091
query,1508867831.6200507,1508867831.6564856,61
query,1508867831.6564894,1508867831.6778557,567
query,1508867831.6778593,1508867831.7075784,3467
query,1508867831.7075822,1508867831.7378693,32
query,1508867831.737873,1508867831.7754219,2658
query,1508867831.7754254,1508867831.8236232,3797
query,1508867831.823634,1508867831.8570461,0
query,1508867831.8570507,1508867831.885463,1509
query,1508867831.8854675,1508867831.9323246,4889
query,1508867831.9323418,1508867831.9709094,7658
query,1508867831.9734735,1508867832.0012178,3000
query,1508867832.0012217,1508867832.0165365,323
query,1508867832.0165396,1508867832.0343182,402
query,1508867832.0343227,1508867832.1332502,9600
query,1508867832.1332543,1508867832.1747081,599
query,1508867832.1747124,1508867832.2070699,3123
query,1508867832.2070737,1508867832.2381582,1562
query,1508867832.238162,1508867832.2751217,1029
query,1508867832.275126,1508867832.3002877,3
query,1508867832.3002915,1508867832.3104837,0
query,1508867832.3104866,1508867832.3392622,976
query,1508867832.3392656,1508867832.39713,7063
query,1508867832.397134,1508867832.4355216,37
query,1508867832.4355257,1508867832.4628243,2502
query,1508867832.4628282,1508867832.5113926,9111
query,1508867832.5113964,1508867832.5323613,1434
query,1508867832.532365,1508867832.572932,4970
query,1508867832.5729358,1508867832.6326346,3871
query,1508867832.632639,1508867832.7118754,9125
query,1508867832.7118936,1508867832.7776668,7267
query,1508867832.7809606,1508867832.8153756,94
query,1508867832.8153794,1508867832.8513997,2061
query,1508867832.8514032,1508867832.9019384,4658
query,1508867832.9019427,1508867832.931564,2676
query,1508867832.9315684,1508867832.9737813,2808
query,1508867832.9737854,1508867833.0151808,4611
query,1508867833.0151844,1508867833.0787857,8061
query,1508867833.07879,1508867833.150187,4519
query,1508867833.1501925,1508867833.1789217,2852
query,1508867833.1789262,1508867833.2138717,6559
query,1508867833.2138755,1508867833.2595792,3445
query,1508867833.2595828,1508867833.2979634,54
query,1508867833.2979667,1508867833.3601396,9679
query,1508867833.3601432,1508867833.401419,678
query,1508867833.4014232,1508867833.4533174,5484
query,1508867833.4533212,1508867833.5546,9392
query,1508867833.554604,1508867833.6032615,54
query,1508867833.6032658,1508867833.6379948,2577
query,1508867833.6379988,1508867833.6832464,7421
query,1508867833.6832635,1508867833.708921,601
query,1508867833.7117014,1508867833.7249837,85
query,1508867833.7249873,1508867833.7476723,2017
query,1508867833.7476761,1508867833.804889,7361
query,1508867833.8048925,1508867833.8298945,3162
query,1508867833.8298988,1508867833.8440528,1542
query,1508867833.8440566,1508867833.9008539,8754
query,1508867833.9008582,1508867833.916357,0
query,1508867833.9163616,1508867833.9478717,2236
query,1508867833.9478755,1508867833.9766314,1312
query,1508867833.976635,1508867834.0195246,559
query,1508867834.0195277,1508867834.0680888,2076
query,1508867834.0680933,1508867834.0923061,1259
query,1508867834.0923097,1508867834.1349273,6308
query,1508867834.1349313,1508867834.1499813,0
query,1508867834.1499853,1508867834.2023559,7461
query,1508867834.2023594,1508867834.2276604,742
query,1508867834.227664,1508867834.2564216,2796
query,1508867834.2564251,1508867834.2811942,2741
query,1508867834.281198,1508867834.2953696,1063
query,1508867834.2953844,1508867834.307538,71
query,1508867834.3101053,1508867834.3371463,3
query,1508867834.3371499,1508867834.348057,58
query,1508867834.3480606,1508867834.3957515,8565
query,1508867834.395755,1508867834.4052176,2
query,1508867834.4052207,1508867834.4376562,5740
query,1508867834.43766,1508867834.4646683,88
query,1508867834.4646716,1508867834.4816558,787
query,1508867834.4816601,1508867834.5011058,461
query,1508867834.5011108,1508867834.5115366,3
query,1508867834.5115404,1508867834.5668657,6377
query,1508867834.56687,1508867834.602848,3230
query,1508867834.6028519,1508867834.6305995,242
query,1508867834.6306038,1508867834.7049422,6761
query,1508867834.7049463,1508867834.7387738,3062
query,1508867834.738778,1508867834.8654883,7124
query,1508867834.8654933,1508867834.9297824,8904
query,1508867834.9297872,1508867834.9778917,0
query,1508867834.9778965,1508867835.0431352,5945
query,1508867835.0431395,1508867835.0570803,642
query,1508867835.0570974,1508867835.0687802,7
query,1508867835.072223,1508867835.1503313,12864
query,1508867835.1503356,1508867835.2040362,8695
query,1508867835.2040403,1508867835.2717063,9767
query,1508867835.271711,1508867835.3179178,8836
query,1508867835.317922,1508867835.3675365,250
query,1508867835.3675406,1508867835.397423,1525
query,1508867835.397427,1508867835.465887,13293
query,1508867835.465892,1508867835.5598881,11610
query,1508867835.559893,1508867835.5955374,1129
query,1508867835.595542,1508867835.6541042,2266
query,1508867835.6541088,1508867835.6915355,219
query,1508867835.6915398,1508867835.765308,7046
query,1508867835.7653124,1508867835.8316503,6528
query,1508867835.8316545,1508867835.8620112,25
query,1508867835.862015,1508867835.899802,4856
query,1508867835.8998065,1508867835.9513528,532
query,1508867835.9513574,1508867835.9768982,19
query,1508867835.9769015,1508867836.018366,5539
query,1508867836.0183694,1508867836.0447147,33
query,1508867836.044731,1508867836.0703554,3401
query,1508867836.0728917,1508867836.1051583,191
query,1508867836.1051624,1508867836.1878877,6463
query,1508867836.1878922,1508867836.2098088,25
query,1508867836.2098129,1508867836.2601187,6338
query,1508867836.260123,1508867836.2877545,3073
query,1508867836.287758,1508867836.3014114,1191
query,1508867836.3014152,1508867836.3531952,2500
query,1508867836.3532,1508867836.396785,2086
query,1508867836.3968167,1508867836.4662323,7198
query,1508867836.4662364,1508867836.4885256,297
query,1508867836.4885287,1508867836.556829,7181
query,1508867836.5568333,1508867836.5637097,0
query,1508867836.563713,1508867836.5859709,3485
query,1508867836.5859742,1508867836.6011086,489
query,1508867836.6011121,1508867836.6123762,26
query,1508867836.6123793,1508867836.6329482,1863
query,1508867836.6329527,1508867836.6433184,11
query,1508867836.6433222,1508867836.6650507,477
query,1508867836.6650548,1508867836.678829,445
query,1508867836.6788445,1508867836.6976147,953
query,1508867836.7005439,1508867836.7154384,1058
query,1508867836.715442,1508867836.7322874,1357
query,1508867836.7322912,1508867836.7627547,4869
query,1508867836.7627585,1508867836.7786202,161
query,1508867836.7786243,1508867836.8003004,4
query,1508867836.800304,1508867836.8171391,44
query,1508867836.817143,1508867836.8885272,7827
query,1508867836.8885307,1508867836.9119568,3828
query,1508867836.9119604,1508867836.9488723,6189
query,1508867836.9488761,1508867837.0439057,9290
query,1508867837.04391,1508867837.0771065,3788
query,1508867837.0771105,1508867837.1615274,8716
query,1508867837.1615322,1508867837.2244537,12095
query,1508867837.2244577,1508867837.2521772,2248
query,1508867837.252181,1508867837.2640631,5
query,1508867837.2640667,1508867837.3315701,12546
query,1508867837.3315742,1508867837.3573735,1381
query,1508867837.3573778,1508867837.3936987,3487
query,1508867837.3937025,1508867837.412554,2456
query,1508867837.4125736,1508867837.4285016,1701
query,1508867837.4314144,1508867837.4750383,8894
query,1508867837.4750428,1508867837.510485,7508
query,1508867837.510489,1508867837.5502374,378
query,1508867837.5502417,1508867837.5646589,517
query,1508867837.5646627,1508867837.6103702,616
query,1508867837.610374,1508867837.633938,2866
query,1508867837.6339426,1508867837.6766112,7662
query,1508867837.6766155,1508867837.7253609,9019
query,1508867837.7253654,1508867837.753532,8
query,1508867837.753536,1508867837.7863212,3966
query,1508867837.7863252,1508867837.806649,2937
query,1508867837.8066528,1508867837.822945,2410
query,1508867837.8229492,1508867837.8371522,176
query,1508867837.8371558,1508867837.8552783,0
query,1508867837.8552825,1508867837.8748715,1
query,1508867837.8748753,1508867837.9106658,6574
query,1508867837.9106696,1508867837.965613,3689
query,1508867837.9656165,1508867837.9880831,86
query,1508867837.9880867,1508867838.010805,1987
query,1508867838.0108192,1508867838.0265102,876
query,1508867838.02918,1508867838.076051,5527
query,1508867838.0760548,1508867838.1055682,2472
query,1508867838.1055725,1508867838.1722076,9164
query,1508867838.172212,1508867838.1896973,2127
query,1508867838.1897016,1508867838.2456863,12427
query,1508867838.2456903,1508867838.260525,31
query,1508867838.260528,1508867838.293992,1541
query,1508867838.293996,1508867838.3577917,6944
query,1508867838.3578026,1508867838.3851151,458
query,1508867838.385119,1508867838.4025493,1474
query,1508867838.4025526,1508867838.4169223,140
query,1508867838.416926,1508867838.4380643,2686
query,1508867838.4380686,1508867838.4621732,2501
query,1508867838.4621782,1508867838.50919,8899
query,1508867838.5091949,1508867838.5175934,0
query,1508867838.5175972,1508867838.5347686,2074
query,1508867838.534773,1508867838.573977,4999
query,1508867838.5739813,1508867838.6354947,8939
query,1508867838.6354988,1508867838.648074,488
query,1508867838.6480894,1508867838.6748745,3703
query,1508867838.677318,1508867838.7437227,12370
query,1508867838.743727,1508867838.7674065,2905
query,1508867838.7674103,1508867838.7913058,467
query,1508867838.7913098,1508867838.8275843,5082
query,1508867838.8275888,1508867838.899845,8304
query,1508867838.899849,1508867838.9301825,3334
query,1508867838.9301865,1508867838.9679627,126
query,1508867838.967967,1508867839.0177824,7114
query,1508867839.0177872,1508867839.0851257,4320
query,1508867839.0851302,1508867839.175838,9186
query,1508867839.1758423,1508867839.212337,2230
query,1508867839.2123413,1508867839.2510982,0
query,1508867839.2511032,1508867839.3048344,4866
query,1508867839.3048387,1508867839.3413365,142
query,1508867839.3413408,1508867839.3832512,0
query,1508867839.3832555,1508867839.417766,308
query,1508867839.4177704,1508867839.4619882,672
query,1508867839.4619923,1508867839.484217,9
query,1508867839.4842212,1508867839.601221,12667
query,1508867839.601238,1508867839.6315384,2782
query,1508867839.6343524,1508867839.6818604,5959
query,1508867839.6818645,1508867839.7209685,1142
query,1508867839.720973,1508867839.8026643,11979
query,1508867839.802669,1508867839.8284059,0
query,1508867839.8284101,1508867839.8653295,5
query,1508867839.865333,1508867839.8962073,2057
query,1508867839.8962114,1508867839.9175327,4
query,1508867839.9175367,1508867839.9827747,7664
query,1508867839.982779,1508867840.0143251,4750
query,1508867840.0143297,1508867840.1001847,7215
query,1508867840.100189,1508867840.1207197,202
query,1508867840.1207237,1508867840.1376562,1
query,1508867840.1376607,1508867840.152123,1
query,1508867840.1521268,1508867840.1838138,2689
query,1508867840.1838179,1508867840.2513175,6293
query,1508867840.251322,1508867840.2783954,422
query,1508867840.2784002,1508867840.3373842,5312
query,1508867840.3373888,1508867840.374375,1936
query,1508867840.3743794,1508867840.4216936,7211
query,1508867840.4217114,1508867840.4513795,1735
query,1508867840.4542067,1508867840.4771035,3
query,1508867840.4771073,1508867840.5202973,3190
query,1508867840.5203016,1508867840.5824406,8262
query,1508867840.5824451,1508867840.6688309,12242
query,1508867840.6688352,1508867840.6893377,1156
query,1508867840.6893415,1508867840.7388766,6420
query,1508867840.7388809,1508867840.7584312,92
query,1508867840.7584355,1508867840.8900666,8999
query,1508867840.890071,1508867840.9264739,97
query,1508867840.926478,1508867840.948192,272
query,1508867840.9481966,1508867840.9768617,1961
query,1508867840.976866,1508867840.994075,2334
query,1508867840.9940796,1508867841.017929,1114
query,1508867841.0179331,1508867841.044467,3007
query,1508867841.0444715,1508867841.0713527,672
query,1508867841.071357,1508867841.135438,8604
query,1508867841.1354425,1508867841.1766887,66
query,1508867841.1766925,1508867841.2041178,93
query,1508867841.204122,1508867841.249706,0
query,1508867841.2497232,1508867841.324167,9394
query,1508867841.3265994,1508867841.3514323,645
query,1508867841.3514366,1508867841.3757424,59
query,1508867841.375746,1508867841.406724,1480
query,1508867841.4067273,1508867841.4376037,3893
query,1508867841.437608,1508867841.4833438,2688
query,1508867841.4833472,1508867841.5163496,3803
query,1508867841.5163534,1508867841.5323443,1
query,1508867841.532348,1508867841.5981529,4258
query,1508867841.5981567,1508867841.6397614,1981
query,1508867841.6397653,1508867841.6626072,0
query,1508867841.6626103,1508867841.6973636,3
query,1508867841.697367,1508867841.7362938,5
query,1508867841.7362986,1508867841.7680924,296
query,1508867841.7680962,1508867841.8334367,8621
query,1508867841.8334408,1508867841.889711,1954
query,1508867841.8897142,1508867841.9283898,1027
query,1508867841.9283948,1508867841.976271,1015
query,1508867841.9762752,1508867842.0585523,6617
query,1508867842.0585566,1508867842.1268907,7322
query,1508867842.1269073,1508867842.1502082,1291
query,1508867842.1529243,1508867842.166681,0
query,1508867842.1666846,1508867842.2287753,6205
query,1508867842.2287793,1508867842.2614698,1964
query,1508867842.2614737,1508867842.2847521,29
query,1508867842.2847555,1508867842.3228617,4603
query,1508867842.322866,1508867842.3929195,1965
query,1508867842.3929236,1508867842.4560058,9165
query,1508867842.4560094,1508867842.4646316,1
query,1508867842.4646344,1508867842.515312,15
query,1508867842.5153162,1508867842.595133,6115
query,1508867842.5951366,1508867842.6481242,7615
query,1508867842.6481283,1508867842.7240586,9435
query,1508867842.724063,1508867842.7732491,3024
query,1508867842.773253,1508867842.8283021,4209
query,1508867842.8283057,1508867842.9484856,11956
query,1508867842.9484897,1508867843.0090127,5918
query,1508867843.009017,1508867843.09511,7008
query,1508867843.0951138,1508867843.185042,6692
query,1508867843.1850464,1508867843.230649,1
query,1508867843.2306654,1508867843.2740877,0
query,1508867843.2754948,1508867843.3534327,9192
query,1508867843.3534362,1508867843.3660903,1
query,1508867843.3660936,1508867843.39747,1086
query,1508867843.3974733,1508867843.463861,422
query,1508867843.4638643,1508867843.6326234,8425
query,1508867843.6326272,1508867843.669646,2679
query,1508867843.6696494,1508867843.7104783,7363
query,1508867843.7104816,1508867843.7699583,31
query,1508867843.7699618,1508867843.7979243,408
query,1508867843.7979274,1508867843.8200479,287
query,1508867843.8200514,1508867843.836219,22
query,1508867843.8362226,1508867843.896998,7458
query,1508867843.8970025,1508867843.923119,2086
query,1508867843.9231224,1508867843.9625356,7477
query,1508867843.96254,1508867844.0007877,6308
query,1508867844.0008266,1508867844.0220063,275
query,1508867844.0220098,1508867844.1343777,11845
query,1508867844.1343813,1508867844.184408,2350
query,1508867844.184412,1508867844.209715,2558
query,1508867844.2097309,1508867844.2204335,583
query,1508867844.2228706,1508867844.260677,2723
query,1508867844.260681,1508867844.30761,2996
query,1508867844.3076134,1508867844.3199275,375
query,1508867844.3199308,1508867844.3327022,0
query,1508867844.3327057,1508867844.3665304,573
query,1508867844.3665345,1508867844.4101827,6491
query,1508867844.410186,1508867844.4375973,3672
query,1508867844.4376009,1508867844.4607096,347
query,1508867844.4607131,1508867844.573013,13293
query,1508867844.5730176,1508867844.6097682,382
query,1508867844.609772,1508867844.6570807,4801
query,1508867844.6570842,1508867844.681408,133
query,1508867844.6814113,1508867844.7845201,9874
query,1508867844.784524,1508867844.8052719,1903
query,1508867844.8052754,1508867844.826781,287
query,1508867844.8267844,1508867844.8615317,6898
query,1508867844.8615355,1508867844.8903995,3202
query,1508867844.8904033,1508867844.9066994,0
query,1508867844.906703,1508867844.9192965,1243
query,1508867844.9193134,1508867844.9290016,1
query,1508867844.9314167,1508867844.982814,7075
query,1508867844.9828176,1508867845.0182931,1661
query,1508867845.0182965,1508867845.062802,6064
query,1508867845.0628054,1508867845.152467,12348
query,1508867845.1524713,1508867845.1738331,101
query,1508867845.173837,1508867845.2084084,4217
query,1508867845.2084122,1508867845.2268496,1628
query,1508867845.226853,1508867845.2580724,4802
query,1508867845.2580764,1508867845.284984,1510
query,1508867845.2849882,1508867845.3412302,5569
query,1508867845.3412342,1508867845.375635,6527
query,1508867845.3756392,1508867845.421336,3845
query,1508867845.4213398,1508867845.53813,9757
query,1508867845.5381339,1508867845.6122909,11787
query,1508867845.6122952,1508867845.6629474,20
query,1508867845.6629512,1508867845.6999917,5085
query,1508867845.6999958,1508867845.7373025,2589
query,1508867845.7373064,1508867845.7759159,132
query,1508867845.7759194,1508867845.8132849,5000
query,1508867845.813303,1508867845.885279,7445
query,1508867845.8879995,1508867845.933617,0
query,1508867845.9336212,1508867845.9736826,7659
query,1508867845.9736862,1508867846.0098395,263
query,1508867846.0098433,1508867846.0428696,6362
query,1508867846.0428734,1508867846.1239538,7954
query,1508867846.1239579,1508867846.2167556,8637
query,1508867846.2167602,1508867846.2908528,7117
query,1508867846.2908564,1508867846.3180833,1047
query,1508867846.3180876,1508867846.3296697,1178
query,1508867846.3296733,1508867846.3497627,20
query,1508867846.349766,1508867846.4160933,8491
query,1508867846.4160972,1508867846.4562528,11
query,1508867846.456257,1508867846.4947894,6965
query,1508867846.4947932,1508867846.5238445,2535
query,1508867846.5238483,1508867846.5574784,19
query,1508867846.5574822,1508867846.6084428,18
query,1508867846.6084468,1508867846.6619282,6436
query,1508867846.6619322,1508867846.723549,3097
query,1508867846.7235527,1508867846.774291,2768
query,1508867846.7743075,1508867846.813639,1080
query,1508867846.8160992,1508867846.870075,6945
query,1508867846.8700788,1508867846.901903,1811
query,1508867846.901907,1508867846.9262488,0
query,1508867846.9262528,1508867847.0053627,7593
query,1508867847.0053663,1508867847.1278524,11791
query,1508867847.1278565,1508867847.1567843,2898
query,1508867847.1567876,1508867847.1998396,234
query,1508867847.1998432,1508867847.2399201,515
query,1508867847.239924,1508867847.3446405,10052
query,1508867847.3446445,1508867847.364814,5
query,1508867847.3648179,1508867847.414606,8507
query,1508867847.4146104,1508867847.4444904,1809
query,1508867847.4444942,1508867847.4645867,57
query,1508867847.4645896,1508867847.5075872,2525
query,1508867847.507591,1508867847.5281217,1820
query,1508867847.5281253,1508867847.544149,576
query,1508867847.544153,1508867847.5683255,1128
query,1508867847.5683293,1508867847.5787044,778
query,1508867847.578708,1508867847.5971572,1039
query,1508867847.597173,1508867847.6068616,80
query,1508867847.6098042,1508867847.6857235,9726
query,1508867847.685727,1508867847.7234168,6558
query,1508867847.7234204,1508867847.7661626,6892
query,1508867847.7661662,1508867847.8012273,7371
query,1508867847.8012304,1508867847.842633,6196
query,1508867847.842637,1508867847.8519216,1
query,1508867847.8519244,1508867847.8832383,3
query,1508867847.8832414,1508867847.9192908,512
query,1508867847.919294,1508867847.9687731,7330
query,1508867847.9687767,1508867847.9888778,1
query,1508867847.988881,1508867848.0352118,1568
query,1508867848.035215,1508867848.0486069,74
query,1508867848.0486104,1508867848.067683,1917
query,1508867848.0676863,1508867848.0928683,164
query,1508867848.092872,1508867848.127713,3786
query,1508867848.1277163,1508867848.2308707,12589
query,1508867848.230875,1508867848.2628899,591
query,1508867848.2628934,1508867848.291717,1337
query,1508867848.2917209,1508867848.330548,7396
query,1508867848.3305643,1508867848.3495357,146
query,1508867848.3519797,1508867848.37044,0
query,1508867848.3704436,1508867848.4061856,1
query,1508867848.4061894,1508867848.4200118,1
query,1508867848.4200153,1508867848.4736283,8588
query,1508867848.4736319,1508867848.4908786,0
query,1508867848.4908817,1508867848.53943,6049
query,1508867848.5394332,1508867848.611499,7222
query,1508867848.6115031,1508867848.668635,5981
query,1508867848.668639,1508867848.6798227,498
query,1508867848.6798255,1508867848.6956038,170
query,1508867848.6956072,1508867848.7200766,2614
query,1508867848.7200801,1508867848.7314582,1
query,1508867848.7314613,1508867848.775448,651
query,1508867848.775452,1508867848.831118,5373
query,1508867848.8311217,1508867848.8954713,4785
query,1508867848.8954747,1508867848.9175675,75
query,1508867848.9175706,1508867848.928496,66
query,1508867848.9284995,1508867848.9587562,2968
query,1508867848.95876,1508867848.9775229,93
query,1508867848.9775379,1508867849.0016584,847
query,1508867849.0042722,1508867849.051364,5172
query,1508867849.051368,1508867849.0773847,8
query,1508867849.077388,1508867849.1278224,5918
query,1508867849.1278262,1508867849.1494098,221
query,1508867849.1494138,1508867849.1700752,74
query,1508867849.170078,1508867849.215981,3487
query,1508867849.2159853,1508867849.2729087,6944
query,1508867849.2729125,1508867849.3457026,4863
query,1508867849.3457065,1508867849.3616283,1257
query,1508867849.361632,1508867849.3739967,12
query,1508867849.3739998,1508867849.4164803,3487
query,1508867849.416484,1508867849.4337761,496
query,1508867849.43378,1508867849.4718788,10
query,1508867849.471882,1508867849.5140536,3105
query,1508867849.514058,1508867849.5241199,0
query,1508867849.5241234,1508867849.5546308,3487
query,1508867849.5546343,1508867849.5643508,74
query,1508867849.5643542,1508867849.5881608,3824
query,1508867849.5881648,1508867849.6357603,8294
query,1508867849.6357765,1508867849.7035503,6064
query,1508867849.706025,1508867849.7422714,4786
query,1508867849.742276,1508867849.7707207,39
query,1508867849.7707243,1508867849.8192613,7504
query,1508867849.8192651,1508867849.852046,2043
query,1508867849.8520503,1508867849.9490056,9598
query,1508867849.9490104,1508867850.0081084,3158
query,1508867850.0081127,1508867850.030879,0
query,1508867850.0308828,1508867850.0783641,1
query,1508867850.0783687,1508867850.1122458,13
query,1508867850.1122496,1508867850.1821,8152
query,1508867850.182104,1508867850.1929793,36
query,1508867850.192983,1508867850.2401528,8469
query,1508867850.240157,1508867850.258787,2452
query,1508867850.2587903,1508867850.2842762,4212
query,1508867850.2842798,1508867850.2918816,0
query,1508867850.2918844,1508867850.340007,9121
query,1508867850.3400111,1508867850.3607256,131
query,1508867850.3607297,1508867850.3735342,926
query,1508867850.3735385,1508867850.4091525,3322
query,1508867850.409169,1508867850.4183562,77
query,1508867850.421698,1508867850.431187,25
query,1508867850.4311903,1508867850.4412715,288
query,1508867850.4412746,1508867850.4736068,6284
query,1508867850.4736104,1508867850.5089397,1635
query,1508867850.5089438,1508867850.5602367,4
query,1508867850.5602405,1508867850.579161,2
query,1508867850.5791647,1508867850.5937357,1624
query,1508867850.5937388,1508867850.6399508,1029
query,1508867850.639954,1508867850.6548252,845
query,1508867850.6548283,1508867850.6653247,430
query,1508867850.6653278,1508867850.6783824,530
query,1508867850.6783857,1508867850.7016945,2416
query,1508867850.701698,1508867850.7125523,0
query,1508867850.7125554,1508867850.7211337,462
query,1508867850.7211368,1508867850.7324567,152
query,1508867850.7324598,1508867850.8073888,12331
query,1508867850.8073926,1508867850.829987,3152
query,1508867850.8299906,1508867850.8607454,3154
query,1508867850.8607495,1508867850.8857477,4358
query,1508867850.8857627,1508867850.8953457,4
query,1508867850.8977504,1508867850.904337,0
query,1508867850.9043396,1508867850.9495175,7597
query,1508867850.9495213,1508867850.9815478,6333
query,1508867850.9815512,1508867851.017659,397
query,1508867851.0176625,1508867851.0745656,8981
query,1508867851.074569,1508867851.0959466,1516
query,1508867851.09595,1508867851.1139286,7
query,1508867851.1139321,1508867851.1500332,7353
query,1508867851.150037,1508867851.2120125,6408
query,1508867851.2120168,1508867851.2723892,9718
query,1508867851.2723935,1508867851.317809,8637
query,1508867851.3178134,1508867851.3407404,151
query,1508867851.3407443,1508867851.407078,8981
query,1508867851.4070816,1508867851.4481568,506
query,1508867851.4481606,1508867851.4747849,3947
query,1508867851.4747887,1508867851.5484385,8285
query,1508867851.5484428,1508867851.577557,3297
query,1508867851.5775604,1508867851.6177895,3022
query,1508867851.617793,1508867851.627288,492
query,1508867851.6273046,1508867851.6478493,1175
query,1508867851.6505847,1508867851.6724222,2
query,1508867851.6724255,1508867851.7462819,7698
query,1508867851.7462852,1508867851.8384783,12657
query,1508867851.8384824,1508867851.8589337,2999
query,1508867851.8589368,1508867851.8896894,53
query,1508867851.8896928,1508867851.918817,4785
query,1508867851.9188204,1508867851.9250405,0
query,1508867851.9250433,1508867851.9379861,1295
query,1508867851.93799,1508867851.9498305,70
query,1508867851.9498336,1508867851.9732172,743
query,1508867851.9732203,1508867851.997704,3012
query,1508867851.9977074,1508867852.0086076,40
query,1508867852.008611,1508867852.0226717,0
query,1508867852.0226753,1508867852.037339,7
query,1508867852.0373423,1508867852.0988815,6600
query,1508867852.098885,1508867852.1329467,169
query,1508867852.1329505,1508867852.2058096,6041
query,1508867852.2058136,1508867852.2492206,6759
query,1508867852.2492244,1508867852.2687047,1436
query,1508867852.2687209,1508867852.2909613,3735
query,1508867852.2935863,1508867852.3107522,66
query,1508867852.310756,1508867852.3564684,7408
query,1508867852.356472,1508867852.3853707,1907
query,1508867852.3853748,1508867852.3951178,12
query,1508867852.395121,1508867852.4123442,2228
query,1508867852.4123478,1508867852.4262319,1391
query,1508867852.4262354,1508867852.4703588,64
query,1508867852.4703622,1508867852.510592,2228
query,1508867852.510596,1508867852.53315,2439
query,1508867852.5331538,1508867852.5509055,1068
query,1508867852.550909,1508867852.5697904,2504
query,1508867852.5697944,1508867852.5830548,1
query,1508867852.5830584,1508867852.6018631,170
query,1508867852.6018665,1508867852.6713529,7263
query,1508867852.6713567,1508867852.6952736,4022
query,1508867852.6952775,1508867852.7317176,2265
query,1508867852.731722,1508867852.7796645,4095
query,1508867852.7796686,1508867852.8196454,6564
query,1508867852.819649,1508867852.8554063,2352
query,1508867852.855423,1508867852.885166,0
query,1508867852.8864617,1508867852.9311798,3125
query,1508867852.9311833,1508867852.952835,54
query,1508867852.9528384,1508867852.999789,488
query,1508867852.9997926,1508867853.0281377,1058
query,1508867853.0281413,1508867853.0504072,0
query,1508867853.0504115,1508867853.082722,0
query,1508867853.0827253,1508867853.144092,7882
query,1508867853.1440964,1508867853.180895,2719
query,1508867853.180899,1508867853.2243805,7754
query,1508867853.224384,1508867853.2425663,11
query,1508867853.2425702,1508867853.2692678,360
query,1508867853.2692716,1508867853.3023658,5927
query,1508867853.3023694,1508867853.311919,8
query,1508867853.311922,1508867853.329435,2
query,1508867853.329439,1508867853.3605182,1
query,1508867853.3605223,1508867853.3746,111
query,1508867853.3746035,1508867853.3932307,896
query,1508867853.393234,1508867853.4615445,12626
query,1508867853.4615483,1508867853.5119963,5013
query,1508867853.5120127,1508867853.5374432,1639
query,1508867853.5398858,1508867853.568843,2
query,1508867853.5688465,1508867853.5922303,209
query,1508867853.5922337,1508867853.6589324,6510
query,1508867853.6589365,1508867853.6865666,1847
query,1508867853.686571,1508867853.7000694,3
query,1508867853.7000732,1508867853.7361794,338
query,1508867853.7361836,1508867853.745463,126
query,1508867853.7454658,1508867853.7553895,69
query,1508867853.7553937,1508867853.7973368,6673
query,1508867853.7973404,1508867853.8358448,7575
query,1508867853.8358488,1508867853.8721104,7024
query,1508867853.8721137,1508867853.9013503,4678
query,1508867853.9013534,1508867853.9134927,429
query,1508867853.9134958,1508867853.9568737,7358
query,1508867853.9568772,1508867854.0047333,5983
query,1508867854.0047371,1508867854.0297883,472
query,1508867854.029792,1508867854.0632448,887
query,1508867854.0632489,1508867854.1095724,8770
query,1508867854.109577,1508867854.1519053,7203
query,1508867854.1519234,1508867854.163724,236
query,1508867854.1667542,1508867854.1797404,1
query,1508867854.1797435,1508867854.1975265,1556
query,1508867854.1975303,1508867854.2330778,9
query,1508867854.2330813,1508867854.2795453,4944
query,1508867854.2795491,1508867854.3195574,2416
query,1508867854.3195612,1508867854.3363245,141
query,1508867854.336328,1508867854.3542233,2018
query,1508867854.354227,1508867854.369388,420
query,1508867854.369392,1508867854.4359221,6831
query,1508867854.4359262,1508867854.463158,1217
query,1508867854.4631617,1508867854.486916,91
query,1508867854.4869206,1508867854.5214782,2680
query,1508867854.521483,1508867854.6076913,9380
query,1508867854.6076956,1508867854.64043,5636
query,1508867854.6404338,1508867854.673272,239
query,1508867854.6732757,1508867854.747971,12486
query,1508867854.7479756,1508867854.7752807,2
query,1508867854.7752845,1508867854.8612466,12156
query,1508867854.8612509,1508867854.8725188,255
query,1508867854.8725362,1508867854.893274,1659
query,1508867854.8962045,1508867854.9534588,796
query,1508867854.953463,1508867854.997171,2466
query,1508867854.9971755,1508867855.0244372,193
query,1508867855.0244417,1508867855.050224,3052
query,1508867855.050228,1508867855.0714674,191
query,1508867855.071471,1508867855.0985172,3635
query,1508867855.0985205,1508867855.1322482,6523
query,1508867855.1322515,1508867855.2054307,6273
query,1508867855.2054343,1508867855.302364,12547
query,1508867855.3023682,1508867855.3245978,6
query,1508867855.324602,1508867855.3533876,466
query,1508867855.3533914,1508867855.3757918,951
query,1508867855.3757956,1508867855.4022293,3224
query,1508867855.402233,1508867855.4284537,63
query,1508867855.4284573,1508867855.4714158,2632
query,1508867855.4714196,1508867855.4803731,0
query,1508867855.4803767,1508867855.504715,3181
query,1508867855.5047185,1508867855.543594,1723
query,1508867855.5435977,1508867855.5916543,1298
query,1508867855.5916708,1508867855.6107256,0
query,1508867855.6120937,1508867855.6298773,5
query,1508867855.6298804,1508867855.6705387,8552
query,1508867855.6705425,1508867855.7058601,1175
query,1508867855.7058637,1508867855.761739,8625
query,1508867855.7617428,1508867855.7909875,216
query,1508867855.790991,1508867855.8317857,6078
query,1508867855.8317895,1508867855.858486,2109
query,1508867855.8584895,1508867855.8903658,4600
query,1508867855.8903694,1508867855.932078,4223
query,1508867855.9320817,1508867855.9928257,5
query,1508867855.992831,1508867856.0199068,4835
query,1508867856.01991,1508867856.0561135,174
query,1508867856.0561175,1508867856.1105003,8621
query,1508867856.1105042,1508867856.1754322,12052
query,1508867856.175437,1508867856.1949918,0
query,1508867856.194996,1508867856.2398057,8221
query,1508867856.2398102,1508867856.2585883,2857
query,1508867856.2585924,1508867856.281783,78
query,1508867856.281788,1508867856.3104353,0
query,1508867856.3104534,1508867856.3471491,3212
query,1508867856.3502667,1508867856.3799026,2928
query,1508867856.379907,1508867856.4338837,9025
query,1508867856.4338875,1508867856.4594789,789
query,1508867856.4594822,1508867856.5362098,6365
query,1508867856.5362139,1508867856.6359885,7898
query,1508867856.6359918,1508867856.6555433,2791
query,1508867856.6555471,1508867856.6841571,3462
query,1508867856.6841607,1508867856.7016943,595
query,1508867856.7016983,1508867856.7484796,6
query,1508867856.7484832,1508867856.7835977,3740
query,1508867856.783602,1508867856.8052146,2053
query,1508867856.8052177,1508867856.834501,5297
query,1508867856.8345048,1508867856.8813486,9255
query,1508867856.881352,1508867856.9070683,819
query,1508867856.9070716,1508867856.9508107,6860
query,1508867856.950814,1508867857.0125551,9361
query,1508867857.0125585,1508867857.0987928,9015
query,1508867857.0987966,1508867857.1571364,3487
query,1508867857.1571403,1508867857.1677012,654
query,1508867857.167717,1508867857.227587,12609
query,1508867857.2300181,1508867857.2483933,1595
query,1508867857.2483966,1508867857.2743928,200
query,1508867857.2743962,1508867857.3132908,2480
query,1508867857.3132946,1508867857.322874,190
query,1508867857.3228767,1508867857.342494,41
query,1508867857.342497,1508867857.379181,7299
query,1508867857.3791845,1508867857.4162886,6905
query,1508867857.4162917,1508867857.4869275,8701
query,1508867857.4869313,1508867857.508532,213
query,1508867857.5085354,1508867857.5365098,41
query,1508867857.5365133,1508867857.5785027,4809
query,1508867857.5785065,1508867857.6266525,8177
query,1508867857.6266568,1508867857.6573362,5937
query,1508867857.65734,1508867857.6674483,177
query,1508867857.6674516,1508867857.6754055,0
query,1508867857.6754084,1508867857.7042298,4224
query,1508867857.7042332,1508867857.7269645,3165
query,1508867857.726968,1508867857.7533631,1149
query,1508867857.7533672,1508867857.782119,2573
query,1508867857.7821355,1508867857.797787,1215
query,1508867857.8003771,1508867857.85314,8652
query,1508867857.8531435,1508867857.8867018,200
query,1508867857.886705,1508867857.9021776,1567
query,1508867857.902181,1508867857.9355924,4469
query,1508867857.9355958,1508867857.974631,1752
query,1508867857.9746342,1508867857.9950771,0
query,1508867857.995081,1508867858.0041647,9
query,1508867858.0041676,1508867858.043259,972
query,1508867858.0432622,1508867858.0725076,2421
query,1508867858.0725114,1508867858.1136408,6269
query,1508867858.1136444,1508867858.1338077,1
query,1508867858.1338108,1508867858.1539612,219
query,1508867858.1539645,1508867858.2325451,9520
query,1508867858.2325487,1508867858.2417898,122
query,1508867858.2417932,1508867858.3302011,9209
query,1508867858.330205,1508867858.3466485,980
query,1508867858.3466518,1508867858.4002702,12236
query,1508867858.4002738,1508867858.4473898,223
query,1508867858.4473932,1508867858.4934578,5983
query,1508867858.4934738,1508867858.5004194,0
query,1508867858.5017948,1508867858.510799,424
query,1508867858.510802,1508867858.5789328,8425
query,1508867858.5789368,1508867858.6177287,3487
query,1508867858.6177323,1508867858.6402788,0
query,1508867858.6402829,1508867858.680822,6870
query,1508867858.6808257,1508867858.7152152,3428
query,1508867858.7152195,1508867858.7561138,7670
query,1508867858.7561173,1508867858.7828007,1854
query,1508867858.7828047,1508867858.8161666,1433
query,1508867858.8161702,1508867858.8556142,1822
query,1508867858.8556178,1508867858.899815,3676
query,1508867858.8998194,1508867858.9339159,2195
query,1508867858.9339194,1508867858.9639728,2920
query,1508867858.9639766,1508867858.9969287,3419
query,1508867858.9969325,1508867859.037755,6952
query,1508867859.0377593,1508867859.0599682,274
query,1508867859.059972,1508867859.082199,2448
query,1508867859.0822031,1508867859.1205,52
query,1508867859.120504,1508867859.1551478,1090
query,1508867859.1551654,1508867859.2074974,7742
query,1508867859.2102642,1508867859.2237036,315
query,1508867859.2237077,1508867859.2625387,6518
query,1508867859.262542,1508867859.2953863,442
query,1508867859.2953897,1508867859.313164,50
query,1508867859.3131676,1508867859.3992229,11610
query,1508867859.3992264,1508867859.4210649,3
query,1508867859.4210687,1508867859.446982,1117
query,1508867859.4469857,1508867859.4567485,0
query,1508867859.456752,1508867859.505457,7559
query,1508867859.505461,1508867859.5667593,8887
query,1508867859.5667634,1508867859.6672232,8548
query,1508867859.6672273,1508867859.6987312,207
query,1508867859.6987348,1508867859.7419398,8433
query,1508867859.7419436,1508867859.7620466,366
query,1508867859.7620502,1508867859.7780128,302
query,1508867859.778017,1508867859.8361747,6452
query,1508867859.8361788,1508867859.878318,4012
query,1508867859.8783221,1508867859.893713,2068
query,1508867859.8937168,1508867859.9577014,5886
query,1508867859.9577217,1508867859.9829016,1872
query,1508867859.985491,1508867860.0040984,5
query,1508867860.004103,1508867860.0961103,8991
query,1508867860.0961204,1508867860.1217165,149
query,1508867860.12172,1508867860.2057936,8883
query,1508867860.2057974,1508867860.2774487,12779
query,1508867860.277453,1508867860.3460736,8118
query,1508867860.3460774,1508867860.3588197,0
query,1508867860.3588235,1508867860.380458,3427
query,1508867860.3804617,1508867860.39822,2
query,1508867860.3982236,1508867860.4109845,1062
query,1508867860.4109879,1508867860.4388387,659
query,1508867860.4388425,1508867860.4491827,1
query,1508867860.4491863,1508867860.4841835,5948
query,1508867860.4841876,1508867860.5238087,2588
query,1508867860.5238123,1508867860.556062,5
query,1508867860.556066,1508867860.5921268,890
query,1508867860.5921304,1508867860.6108208,1878
query,1508867860.6108248,1508867860.6442327,3353
query,1508867860.6442368,1508867860.6783102,5058
query,1508867860.6783268,1508867860.6976314,1897
query,1508867860.7000437,1508867860.7924254,8801
query,1508867860.7924287,1508867860.8278115,5323
query,1508867860.8278146,1508867860.8674712,2267
query,1508867860.8674746,1508867860.8986697,0
query,1508867860.898673,1508867860.939591,5383
query,1508867860.9395947,1508867861.0321887,8303
query,1508867861.0321927,1508867861.0960906,9194
query,1508867861.0960941,1508867861.1331427,2901
query,1508867861.1331468,1508867861.1884346,6697
query,1508867861.1884384,1508867861.2438216,4894
query,1508867861.2438254,1508867861.2736,470
query,1508867861.2736034,1508867861.3101594,427
query,1508867861.3101635,1508867861.373698,10005
query,1508867861.3737018,1508867861.4174209,7110
query,1508867861.4174242,1508867861.4677107,6294
query,1508867861.4677145,1508867861.4928675,773
query,1508867861.492871,1508867861.5372252,6478
query,1508867861.5372286,1508867861.5941997,7705
query,1508867861.5942037,1508867861.622832,4518
query,1508867861.6228487,1508867861.6741295,7294
query,1508867861.676677,1508867861.709719,5623
query,1508867861.7097225,1508867861.7276337,563
query,1508867861.727637,1508867861.7799864,8258
query,1508867861.7799897,1508867861.824362,7175
query,1508867861.8243659,1508867861.9374814,8327
query,1508867861.937485,1508867861.9892771,3459
query,1508867861.9892805,1508867862.026124,6481
query,1508867862.0261276,1508867862.0459626,1830
query,1508867862.0459661,1508867862.0832403,3957
query,1508867862.0832443,1508867862.1102405,650
query,1508867862.110244,1508867862.2066467,9176
query,1508867862.2066512,1508867862.2215235,1308
query,1508867862.221527,1508867862.2489595,4775
query,1508867862.248963,1508867862.275982,7
query,1508867862.2759852,1508867862.314287,1004
query,1508867862.3142908,1508867862.3474123,2
query,1508867862.3474162,1508867862.4182835,5262
query,1508867862.4182875,1508867862.5058615,9194
query,1508867862.5058658,1508867862.5520296,7422
query,1508867862.5520475,1508867862.600148,2031
query,1508867862.6029935,1508867862.645617,7443
query,1508867862.645621,1508867862.720047,3889
query,1508867862.720051,1508867862.8063142,13382
query,1508867862.8063185,1508867862.8573792,5329
query,1508867862.8573835,1508867862.8977995,586
query,1508867862.897804,1508867863.0012476,6973
query,1508867863.001252,1508867863.0721195,6315
query,1508867863.072132,1508867863.129575,4892
query,1508867863.1295786,1508867863.1782184,5577
query,1508867863.1782222,1508867863.2025003,246
query,1508867863.2025044,1508867863.252464,114
query,1508867863.2524676,1508867863.353578,8918
query,1508867863.3535826,1508867863.4118142,8794
query,1508867863.4118185,1508867863.4455588,321
query,1508867863.4455624,1508867863.497049,732
query,1508867863.497053,1508867863.5400963,6286
query,1508867863.5401006,1508867863.6085513,9903
query,1508867863.608555,1508867863.6379805,3380
query,1508867863.6379843,1508867863.6534896,439
query,1508867863.6535077,1508867863.7220914,3156
query,1508867863.7245357,1508867863.7618575,575
query,1508867863.7618613,1508867863.7775946,89
query,1508867863.7775981,1508867863.8069403,0
query,1508867863.806944,1508867863.8561614,90
query,1508867863.8561647,1508867863.8861153,4373
query,1508867863.8861198,1508867863.9211063,139
query,1508867863.92111,1508867863.9837732,6870
query,1508867863.9837766,1508867864.0237446,7352
query,1508867864.023748,1508867864.0435922,0
query,1508867864.0435953,1508867864.0877984,12
query,1508867864.0878017,1508867864.155338,6325
query,1508867864.1553414,1508867864.1864,759
query,1508867864.1864033,1508867864.2648966,12827
query,1508867864.264901,1508867864.3319044,8815
query,1508867864.3319082,1508867864.395355,9789
query,1508867864.3953588,1508867864.4933136,12649
query,1508867864.4933176,1508867864.5254178,1094
query,1508867864.5254219,1508867864.6106927,10527
query,1508867864.6106963,1508867864.634041,92
query,1508867864.6340566,1508867864.6495855,397
query,1508867864.6521604,1508867864.6802838,117
query,1508867864.6802874,1508867864.7865057,9869
query,1508867864.7865095,1508867864.8241365,0
query,1508867864.8241405,1508867864.9322531,11610
query,1508867864.9322572,1508867865.041687,9047
query,1508867865.041691,1508867865.088256,8178
query,1508867865.0882597,1508867865.1215591,48
query,1508867865.1215627,1508867865.1598012,6334
query,1508867865.159805,1508867865.1898081,122
query,1508867865.1898122,1508867865.2254448,1967
query,1508867865.2254486,1508867865.2732255,8770
query,1508867865.2732294,1508867865.2934513,1938
query,1508867865.2934554,1508867865.3836544,9227
query,1508867865.3836584,1508867865.4360814,8823
query,1508867865.4360852,1508867865.4803352,6986
query,1508867865.4803395,1508867865.5377285,8543
query,1508867865.5377328,1508867865.5998316,2629
query,1508867865.5998423,1508867865.6575992,8378
query,1508867865.6576028,1508867865.6877937,386
query,1508867865.6878104,1508867865.7250392,2
query,1508867865.727465,1508867865.7767367,203
query,1508867865.7767406,1508867865.8084333,3255
query,1508867865.8084369,1508867865.847143,3016
query,1508867865.8471467,1508867865.8632035,37
query,1508867865.8632073,1508867865.877565,22
query,1508867865.8775682,1508867865.9226005,4452
query,1508867865.9226046,1508867865.9445703,468
query,1508867865.9445739,1508867866.0399246,7763
query,1508867866.0399287,1508867866.0798461,70
query,1508867866.07985,1508867866.1117518,0
query,1508867866.1117556,1508867866.14681,701
query,1508867866.1468136,1508867866.1901948,770
query,1508867866.1901994,1508867866.2107522,35
query,1508867866.210756,1508867866.2432065,2480
query,1508867866.2432103,1508867866.267159,2449
query,1508867866.2671623,1508867866.3564281,1685
query,1508867866.3564327,1508867866.440046,58
query,1508867866.4400501,1508867866.4921327,271
query,1508867866.492136,1508867866.5360527,3061
query,1508867866.5360696,1508867866.576711,1715
query,1508867866.5793486,1508867866.6203332,1327
query,1508867866.6203365,1508867866.6676981,1527
query,1508867866.6677017,1508867866.6961408,1973
query,1508867866.6961446,1508867866.7361255,232
query,1508867866.7361295,1508867866.7643087,4
query,1508867866.7643127,1508867866.8256736,5180
query,1508867866.825678,1508867866.8563802,738
query,1508867866.8563836,1508867866.8810968,681
query,1508867866.8811004,1508867866.9158962,6122
query,1508867866.9158995,1508867867.0532525,13017
query,1508867867.0532563,1508867867.144994,9645
query,1508867867.1449978,1508867867.1957533,1
query,1508867867.1957572,1508867867.217728,1
query,1508867867.2177317,1508867867.2568893,2132
query,1508867867.2568932,1508867867.2824385,506
query,1508867867.2824428,1508867867.3216453,6419
query,1508867867.3216496,1508867867.3576696,4951
query,1508867867.3576736,1508867867.4005978,4602
query,1508867867.400602,1508867867.4583669,6769
query,1508867867.4583836,1508867867.4705079,0
query,1508867867.471939,1508867867.496905,176
query,1508867867.496909,1508867867.541722,6289
query,1508867867.5417256,1508867867.5974166,7340
query,1508867867.5974202,1508867867.6691504,4879
query,1508867867.6691542,1508867867.6940255,58
query,1508867867.6940289,1508867867.7150073,77
query,1508867867.715011,1508867867.7527533,6691
query,1508867867.752757,1508867867.7851393,3598
query,1508867867.785143,1508867867.815775,0
query,1508867867.8157792,1508867867.8433282,3744
query,1508867867.843332,1508867867.880455,2365
query,1508867867.8804588,1508867867.9018824,16
query,1508867867.9018857,1508867867.9290454,359
query,1508867867.9290488,1508867867.95854,5194
query,1508867867.9585435,1508867867.9693077,20
query,1508867867.9693108,1508867867.9936926,638
query,1508867867.993696,1508867868.0479112,9280
query,1508867868.0479143,1508867868.0708761,258
query,1508867868.0708795,1508867868.1057312,4103
query,1508867868.105748,1508867868.1480863,0
query,1508867868.1494644,1508867868.187507,82
query,1508867868.1875105,1508867868.2320983,5295
query,1508867868.232102,1508867868.2849424,8631
query,1508867868.2849462,1508867868.323167,1497
query,1508867868.323171,1508867868.3451076,43
query,1508867868.3451111,1508867868.3720763,17
query,1508867868.3720796,1508867868.4013312,4087
query,1508867868.4013348,1508867868.4144983,975
query,1508867868.4145014,1508867868.4866562,9875
query,1508867868.48666,1508867868.5200746,1395
query,1508867868.5200784,1508867868.554484,2566
query,1508867868.5544877,1508867868.6479495,9514
query,1508867868.6479535,1508867868.7275844,7325
query,1508867868.7275887,1508867868.7565944,2027
query,1508867868.756598,1508867868.7820864,999
query,1508867868.7820897,1508867868.7977018,8
query,1508867868.7977054,1508867868.8248336,1183
query,1508867868.8248384,1508867868.832489,0
query,1508867868.832492,1508867868.8406866,1
query,1508867868.8407023,1508867868.8512123,1
query,1508867868.8536725,1508867868.8714194,1666
query,1508867868.871423,1508867868.9013183,24
query,1508867868.9013224,1508867868.934272,170
query,1508867868.934276,1508867868.9955194,12063
query,1508867868.9955235,1508867869.0252404,2946
query,1508867869.025244,1508867869.0463471,344
query,1508867869.0463507,1508867869.1057959,8926
query,1508867869.1057994,1508867869.1252804,2820
query,1508867869.1252844,1508867869.1590083,92
query,1508867869.159012,1508867869.1922386,3202
query,1508867869.1922426,1508867869.2050455,615
query,1508867869.2050495,1508867869.2200232,435
query,1508867869.2200272,1508867869.2512348,3616
query,1508867869.251238,1508867869.2753084,2520
query,1508867869.275312,1508867869.357516,12882
query,1508867869.3575196,1508867869.3867817,2590
query,1508867869.3867853,1508867869.3960032,18
query,1508867869.3960068,1508867869.4290116,1649
query,1508867869.429015,1508867869.4667506,5092
query,1508867869.466767,1508867869.496392,4132
query,1508867869.4989305,1508867869.5717847,3486
query,1508867869.5717883,1508867869.6474173,6277
query,1508867869.647421,1508867869.7315333,8992
query,1508867869.7315366,1508867869.7483058,2494
query,1508867869.7483094,1508867869.797487,6246
query,1508867869.7974906,1508867869.8173144,2246
query,1508867869.8173175,1508867869.8783474,9807
query,1508867869.8783517,1508867869.9291344,8617
query,1508867869.9291387,1508867869.9556937,4581
query,1508867869.9556973,1508867869.9742851,307
query,1508867869.974289,1508867870.0061312,1
query,1508867870.0061352,1508867870.034175,4050
query,1508867870.0341787,1508867870.0580058,870
query,1508867870.0580091,1508867870.1101243,8488
query,1508867870.110128,1508867870.1617963,5260
query,1508867870.1618001,1508867870.2083743,1
query,1508867870.2083776,1508867870.2427301,2276
query,1508867870.242734,1508867870.2845867,5964
query,1508867870.28459,1508867870.4081485,11792
query,1508867870.4081645,1508867870.4264455,49
query,1508867870.4291306,1508867870.4600654,3462
query,1508867870.460069,1508867870.4955754,4
query,1508867870.4955792,1508867870.5319853,2902
query,1508867870.5319884,1508867870.5532005,44
query,1508867870.5532033,1508867870.6013784,2535
query,1508867870.6013832,1508867870.622911,418
query,1508867870.6229143,1508867870.6657324,6420
query,1508867870.6657357,1508867870.749385,6982
query,1508867870.7493892,1508867870.8286607,8815
query,1508867870.828665,1508867870.861686,1304
query,1508867870.8616896,1508867870.9698343,8968
query,1508867870.969838,1508867871.0083578,426
query,1508867871.008362,1508867871.048105,2042
query,1508867871.0481093,1508867871.1120026,2977
query,1508867871.112007,1508867871.1294644,29
query,1508867871.1294677,1508867871.1485608,17
query,1508867871.1485648,1508867871.2499413,9227
query,1508867871.2499456,1508867871.2700915,122
query,1508867871.270096,1508867871.3100271,15
query,1508867871.3100457,1508867871.3842614,9165
query,1508867871.3872304,1508867871.4254625,4649
query,1508867871.4254668,1508867871.4494402,122
query,1508867871.4494445,1508867871.4732351,3
query,1508867871.473239,1508867871.4908752,0
query,1508867871.4908795,1508867871.531557,1501
query,1508867871.531561,1508867871.5798006,5
query,1508867871.5798051,1508867871.6034362,2306
query,1508867871.6034398,1508867871.6526985,2075
query,1508867871.6527023,1508867871.6860037,432
query,1508867871.6860073,1508867871.7818825,7405
query,1508867871.7818863,1508867871.82516,2743
query,1508867871.8251638,1508867871.8617437,2757
query,1508867871.8617477,1508867871.8941767,220
query,1508867871.89418,1508867871.9273047,7
query,1508867871.9273088,1508867871.9639428,406
query,1508867871.9639466,1508867872.0117652,2020
query,1508867872.0117695,1508867872.045479,0
query,1508867872.0454824,1508867872.069321,11
query,1508867872.069325,1508867872.1308825,4767
query,1508867872.130899,1508867872.158487,620
query,1508867872.1616094,1508867872.188105,129
query,1508867872.1881092,1508867872.2381997,0
query,1508867872.238204,1508867872.2636425,0
query,1508867872.2636466,1508867872.3453305,8257
query,1508867872.3453343,1508867872.364105,2122
query,1508867872.3641086,1508867872.418024,114
query,1508867872.4180274,1508867872.4552758,1275
query,1508867872.4552798,1508867872.4975743,77
query,1508867872.4975786,1508867872.5396106,2905
query,1508867872.5396152,1508867872.5630064,1
query,1508867872.56301,1508867872.5997686,145
query,1508867872.5997722,1508867872.6799197,12359
query,1508867872.6799233,1508867872.7476072,8989
query,1508867872.7476108,1508867872.7839937,3424
query,1508867872.7839973,1508867872.8199728,2353
query,1508867872.819976,1508867872.8745039,3680
query,1508867872.8745077,1508867872.9242544,316
query,1508867872.9242592,1508867872.9494934,60
query,1508867872.9494975,1508867872.9819329,892
query,1508867872.98195,1508867873.068975,6430
query,1508867873.0716527,1508867873.1437848,7673
query,1508867873.1437883,1508867873.184046,6455
query,1508867873.1840494,1508867873.3802402,7663
query,1508867873.3802445,1508867873.445661,3079
query,1508867873.4456646,1508867873.4683363,866
query,1508867873.4683397,1508867873.4813974,835
query,1508867873.481401,1508867873.4995713,5
query,1508867873.4995747,1508867873.5657556,6429
query,1508867873.565759,1508867873.6222408,7516
query,1508867873.6222446,1508867873.6666996,5204
query,1508867873.6667032,1508867873.685528,222
query,1508867873.6855314,1508867873.708703,3194
query,1508867873.7087066,1508867873.7513597,6951
query,1508867873.751363,1508867873.799857,1219
query,1508867873.7998605,1508867873.856174,7412
query,1508867873.856178,1508867873.900243,4011
query,1508867873.900247,1508867873.950154,8690
query,1508867873.950158,1508867873.9999804,6474
query,1508867873.9999845,1508867874.021842,1961
query,1508867874.02186,1508867874.0599844,4878
query,1508867874.0627155,1508867874.076254,21
query,1508867874.0762572,1508867874.132844,3001
query,1508867874.132848,1508867874.1852539,2885
query,1508867874.1852572,1508867874.233689,33
query,1508867874.2336934,1508867874.2903366,8524
query,1508867874.2903407,1508867874.3077226,0
query,1508867874.3077264,1508867874.3662286,7359
query,1508867874.3662348,1508867874.3971577,717
query,1508867874.3971612,1508867874.4326189,3887
query,1508867874.4326224,1508867874.5156722,5106
query,1508867874.5156767,1508867874.5613687,263
query,1508867874.561373,1508867874.6091738,7524
query,1508867874.6091778,1508867874.6852024,9969
query,1508867874.6852062,1508867874.7174854,360
query,1508867874.7174897,1508867874.8309846,8714
query,1508867874.830989,1508867874.8686752,3323
query,1508867874.8686795,1508867874.9092019,3
query,1508867874.9092062,1508867874.9921176,7692
query,1508867874.992122,1508867875.0484712,2
query,1508867875.04849,1508867875.0948596,2548
query,1508867875.0981565,1508867875.1597097,838
query,1508867875.159714,1508867875.1851919,1
query,1508867875.1851962,1508867875.2237847,666
query,1508867875.2237895,1508867875.241872,1532
query,1508867875.2418754,1508867875.2624228,860
query,1508867875.2624257,1508867875.337235,8304
query,1508867875.337239,1508867875.391174,1257
query,1508867875.3911777,1508867875.428727,193
query,1508867875.4287307,1508867875.4881923,3549
query,1508867875.488196,1508867875.5336125,4044
query,1508867875.5336163,1508867875.5615888,0
query,1508867875.5615923,1508867875.5908177,1751
query,1508867875.5908213,1508867875.615365,3806
query,1508867875.6153684,1508867875.6446183,4954
query,1508867875.6446218,1508867875.6725268,2221
query,1508867875.67253,1508867875.692522,1136
query,1508867875.692525,1508867875.743032,9753
query,1508867875.7430356,1508867875.7652395,96
query,1508867875.7652426,1508867875.820733,2285
query,1508867875.8207498,1508867875.837888,35
query,1508867875.8405015,1508867875.8733113,3744
query,1508867875.8733149,1508867875.888124,193
query,1508867875.888127,1508867875.9357448,1739
query,1508867875.9357486,1508867875.9693284,0
query,1508867875.9693322,1508867876.0035717,2448
query,1508867876.003575,1508867876.1080925,10058
query,1508867876.1080964,1508867876.1623225,6998
query,1508867876.1623266,1508867876.1977143,241
query,1508867876.1977177,1508867876.2334192,1414
query,1508867876.2334232,1508867876.2513864,2
query,1508867876.25139,1508867876.2653,51
query,1508867876.2653034,1508867876.2944298,202
query,1508867876.2944334,1508867876.3257246,1274
query,1508867876.3257282,1508867876.3466911,2238
query,1508867876.3466952,1508867876.3723307,1240
query,1508867876.3723342,1508867876.422702,8314
query,1508867876.4227057,1508867876.4589515,2163
query,1508867876.458955,1508867876.5917192,8756
query,1508867876.5917232,1508867876.6926508,10811
query,1508867876.6926677,1508867876.7256806,2452
query,1508867876.7287562,1508867876.7744143,2822
query,1508867876.7744186,1508867876.8433874,7685
query,1508867876.843392,1508867876.862289,42
query,1508867876.8622928,1508867876.8948693,321
query,1508867876.8948731,1508867876.9427633,7489
query,1508867876.9427664,1508867876.9975169,92
query,1508867876.997521,1508867877.0472176,7111
query,1508867877.0472224,1508867877.1003673,7988
query,1508867877.100371,1508867877.1810267,7890
query,1508867877.181031,1508867877.2280877,7069
query,1508867877.228092,1508867877.2761955,1413
query,1508867877.2761993,1508867877.3228724,3172
query,1508867877.3228748,1508867877.372094,175
query,1508867877.3720984,1508867877.40783,148
query,1508867877.4078333,1508867877.4439023,202
query,1508867877.4439058,1508867877.4909308,6672
query,1508867877.4909344,1508867877.5435507,5356
query,1508867877.543555,1508867877.5799656,786
query,1508867877.5799694,1508867877.6843414,8299
query,1508867877.6843607,1508867877.7162204,6
query,1508867877.7196174,1508867877.796237,8475
query,1508867877.7962415,1508867877.8385463,3472
query,1508867877.83855,1508867877.8658843,190
query,1508867877.865888,1508867877.9578907,12080
query,1508867877.957895,1508867878.0360444,9971
query,1508867878.0360482,1508867878.0746975,23
query,1508867878.0747013,1508867878.1032894,214
query,1508867878.103293,1508867878.1392674,373
query,1508867878.1392722,1508867878.1686637,5108
query,1508867878.1686673,1508867878.2242413,6689
query,1508867878.2242455,1508867878.237492,375
query,1508867878.2374961,1508867878.2920518,3904
query,1508867878.2920551,1508867878.3861372,10088
query,1508867878.3861413,1508867878.4278028,8643
query,1508867878.4278064,1508867878.4674652,458
query,1508867878.4674692,1508867878.509346,3823
query,1508867878.5093498,1508867878.548333,4150
query,1508867878.5483363,1508867878.5971467,3084
query,1508867878.5971506,1508867878.6312664,16
query,1508867878.6312833,1508867878.699597,5980
query,1508867878.702263,1508867878.7425086,2300
query,1508867878.7425127,1508867878.781145,4945
query,1508867878.7811494,1508867878.8280766,6344
query,1508867878.82808,1508867878.8540602,1
query,1508867878.8540635,1508867878.8920593,7762
query,1508867878.892063,1508867878.9014885,142
query,1508867878.9014916,1508867878.93329,6180
query,1508867878.9332945,1508867878.9714563,13
query,1508867878.9714606,1508867879.0388775,8422
query,1508867879.0388815,1508867879.0653636,1988
query,1508867879.0653672,1508867879.122947,11851
query,1508867879.1229508,1508867879.152503,1406
query,1508867879.1525073,1508867879.1911488,7025
query,1508867879.1911526,1508867879.2477908,8587
query,1508867879.2477949,1508867879.2792163,11
query,1508867879.2792199,1508867879.32745,2776
query,1508867879.3274543,1508867879.363562,2788
query,1508867879.363566,1508867879.3854282,81
query,1508867879.3854322,1508867879.4090383,201
query,1508867879.4090555,1508867879.463174,5039
query,1508867879.466218,1508867879.5764108,13423
query,1508867879.576415,1508867879.6431916,7222
query,1508867879.6431952,1508867879.6699526,3584
query,1508867879.6699562,1508867879.682025,830
query,1508867879.6820288,1508867879.7423165,3486
query,1508867879.7423208,1508867879.7882016,8620
query,1508867879.7882054,1508867879.8311794,6933
query,1508867879.831184,1508867879.8550308,24
query,1508867879.8550346,1508867879.8740265,783
query,1508867879.8740306,1508867879.8856637,233
query,1508867879.8856676,1508867879.9368417,7694
query,1508867879.9368455,1508867879.951647,464
query,1508867879.9516506,1508867879.991315,7710
query,1508867879.9913192,1508867880.0126617,488
query,1508867880.012666,1508867880.050928,1066
query,1508867880.0509326,1508867880.0832405,996
query,1508867880.0832446,1508867880.1162145,5830
query,1508867880.116218,1508867880.134928,2501
query,1508867880.1349316,1508867880.1638498,13
query,1508867880.1638653,1508867880.189121,2286
query,1508867880.1915343,1508867880.2744691,8546
query,1508867880.274473,1508867880.3245835,7374
query,1508867880.3245873,1508867880.364821,7356
query,1508867880.3648248,1508867880.4051876,7545
query,1508867880.405191,1508867880.4328873,1471
query,1508867880.4328904,1508867880.4675035,3832
query,1508867880.4675071,1508867880.5238545,1684
query,1508867880.523859,1508867880.577979,2821
query,1508867880.5779839,1508867880.6322052,1465
query,1508867880.632209,1508867880.6459785,1462
query,1508867880.6459818,1508867880.7038736,2296
query,1508867880.7038777,1508867880.755671,5350
query,1508867880.7556756,1508867880.7657704,100
query,1508867880.7657738,1508867880.7990525,4132
query,1508867880.7990563,1508867880.8077934,48
query,1508867880.8077967,1508867880.8135254,0
query,1508867880.8135288,1508867880.8291788,2302
query,1508867880.8291821,1508867880.8367574,77
query,1508867880.8367608,1508867880.8472471,25
query,1508867880.8472629,1508867880.8546987,6
query,1508867880.8574243,1508867880.8932211,7008
query,1508867880.8932254,1508867880.9408388,8617
query,1508867880.940843,1508867880.9716122,4876
query,1508867880.9716158,1508867881.0778847,9531
query,1508867881.077889,1508867881.1042883,3450
query,1508867881.1042914,1508867881.1227012,2917
query,1508867881.1227047,1508867881.1619973,6451
query,1508867881.162001,1508867881.1996365,687
query,1508867881.1996403,1508867881.2978644,7972
query,1508867881.2978687,1508867881.3573864,8460
query,1508867881.3573902,1508867881.3775198,4
query,1508867881.3775234,1508867881.3976197,2402
query,1508867881.3976235,1508867881.430217,171
query,1508867881.4302204,1508867881.4434848,409
query,1508867881.4434881,1508867881.4793139,6762
query,1508867881.4793174,1508867881.4970014,164
query,1508867881.4970052,1508867881.5440567,8683
query,1508867881.5440605,1508867881.599683,8382
query,1508867881.5996864,1508867881.6158092,1
query,1508867881.6158257,1508867881.6713753,8753
query,1508867881.673797,1508867881.6931303,337
query,1508867881.693134,1508867881.727641,803
query,1508867881.7276447,1508867881.7732434,7893
query,1508867881.7732475,1508867881.7903316,1
query,1508867881.7903357,1508867881.8320386,6637
query,1508867881.8320422,1508867881.8684504,5633
query,1508867881.8684545,1508867881.8873937,1552
query,1508867881.8873975,1508867881.911843,2736
query,1508867881.9118466,1508867881.9439704,145
query,1508867881.9439743,1508867881.9745026,2789
query,1508867881.974507,1508867881.992205,3
query,1508867881.992209,1508867882.0563152,12230
query,1508867882.0563192,1508867882.1018934,8603
query,1508867882.1018977,1508867882.1418304,0
query,1508867882.1418345,1508867882.1799817,1722
query,1508867882.1799855,1508867882.2349367,781
query,1508867882.2349408,1508867882.2625723,1144
query,1508867882.2625766,1508867882.29936,12
query,1508867882.2993636,1508867882.3475966,211
query,1508867882.3476136,1508867882.41558,9565
query,1508867882.4187531,1508867882.455615,1147
query,1508867882.4556193,1508867882.4865596,1132
query,1508867882.4865637,1508867882.5174801,1476
query,1508867882.5174842,1508867882.5414243,2052
query,1508867882.5414283,1508867882.5704882,910
query,1508867882.5704918,1508867882.616095,6257
query,1508867882.6160986,1508867882.6755886,4559
query,1508867882.6755927,1508867882.7159295,1838
query,1508867882.715933,1508867882.814417,12070
query,1508867882.814422,1508867882.8328674,222
query,1508867882.8328717,1508867882.8978133,7949
query,1508867882.8978179,1508867882.9322975,1114
query,1508867882.9323015,1508867882.9822726,8641
query,1508867882.982277,1508867883.023613,8
query,1508867883.0236175,1508867883.057444,0
query,1508867883.0574481,1508867883.126751,8628
query,1508867883.126755,1508867883.1635928,5
query,1508867883.1635964,1508867883.199781,345
query,1508867883.1997845,1508867883.240733,662
query,1508867883.2407506,1508867883.272146,4748
query,1508867883.2749257,1508867883.342159,10084
query,1508867883.3421628,1508867883.4024024,3170
query,1508867883.402407,1508867883.4377675,927
query,1508867883.4377716,1508867883.4837718,1522
query,1508867883.4837759,1508867883.5240889,158
query,1508867883.5240932,1508867883.5597894,3347
query,1508867883.5597928,1508867883.6157186,1627
query,1508867883.6157231,1508867883.7567046,12276
query,1508867883.7567089,1508867883.787437,1
query,1508867883.7874408,1508867883.8234265,46
query,1508867883.82343,1508867883.8838336,8733
query,1508867883.8838375,1508867883.9239833,2724
query,1508867883.9239872,1508867884.0160558,7318
query,1508867884.0160599,1508867884.084183,6390
query,1508867884.0841868,1508867884.1560988,7798
query,1508867884.156103,1508867884.20985,2559
query,1508867884.2098541,1508867884.2920475,2308
query,1508867884.2920513,1508867884.3160512,4
query,1508867884.3160548,1508867884.340532,8
query,1508867884.340548,1508867884.4249463,6427
query,1508867884.4275482,1508867884.5066524,8254
query,1508867884.5066564,1508867884.560439,10567
query,1508867884.560443,1508867884.5955112,4706
query,1508867884.5955145,1508867884.631406,158
query,1508867884.6314096,1508867884.6755118,1471
query,1508867884.6755154,1508867884.6882112,0
query,1508867884.6882153,1508867884.7622752,7383
query,1508867884.762279,1508867884.8053849,158
query,1508867884.8053892,1508867884.8761933,8795
query,1508867884.8761976,1508867884.9055936,332
query,1508867884.9055974,1508867884.9716094,9971
query,1508867884.971613,1508867885.0132601,221
query,1508867885.0132647,1508867885.0547035,530
query,1508867885.054708,1508867885.0621126,0
query,1508867885.0621169,1508867885.078818,123
query,1508867885.0788224,1508867885.1059334,2816
query,1508867885.1059387,1508867885.1376655,2086
query,1508867885.13767,1508867885.1801753,3027
query,1508867885.1801794,1508867885.2534697,3017
query,1508867885.2534888,1508867885.2872546,1935
query,1508867885.290449,1508867885.3279154,3124
query,1508867885.3279197,1508867885.3761513,1804
query,1508867885.3761554,1508867885.4188304,1530
query,1508867885.4188344,1508867885.48172,7182
query,1508867885.4817235,1508867885.5321245,288
query,1508867885.532128,1508867885.566198,0
query,1508867885.5662026,1508867885.6042955,993
query,1508867885.6042998,1508867885.6400123,1513
query,1508867885.640016,1508867885.6803567,1741
query,1508867885.6803617,1508867885.7178743,949
query,1508867885.717879,1508867885.764121,3419
query,1508867885.7641256,1508867885.8002944,361
query,1508867885.8002987,1508867885.8625576,2812
query,1508867885.8625617,1508867885.906869,2254
query,1508867885.9068735,1508867885.9440455,369
query,1508867885.9440498,1508867885.9919055,149
query,1508867885.991909,1508867886.0279033,620
query,1508867886.0279064,1508867886.056992,1298
query,1508867886.0569966,1508867886.1084018,249
query,1508867886.1084206,1508867886.1270146,0
query,1508867886.1286972,1508867886.1738296,0
query,1508867886.1738336,1508867886.2123153,1515
query,1508867886.212319,1508867886.2968225,6498
query,1508867886.2968264,1508867886.394028,6514
query,1508867886.3940322,1508867886.4281473,2497
query,1508867886.4281516,1508867886.4960904,5962
query,1508867886.4960952,1508867886.5321121,3565
query,1508867886.5321164,1508867886.5682135,1328
query,1508867886.5682178,1508867886.604041,2451
query,1508867886.6040452,1508867886.653443,7396
query,1508867886.6534476,1508867886.6883998,367
query,1508867886.688404,1508867886.7377205,5207
query,1508867886.737725,1508867886.776123,3576
query,1508867886.7761273,1508867886.822238,8239
query,1508867886.8222415,1508867886.8612075,765
query,1508867886.8612118,1508867886.8855748,623
query,1508867886.8855786,1508867886.9133015,2088
query,1508867886.9133058,1508867886.9451213,2146
query,1508867886.9451253,1508867887.0091214,6261
query,1508867887.0091395,1508867887.0600452,834
query,1508867887.062733,1508867887.1089423,4516
query,1508867887.1089456,1508867887.1215093,33
query,1508867887.1215127,1508867887.1387866,867
query,1508867887.1387901,1508867887.1906755,6315
query,1508867887.1906788,1508867887.246535,7753
query,1508867887.2465386,1508867887.2820175,19
query,1508867887.2820208,1508867887.4292672,12792
query,1508867887.429271,1508867887.4798105,6402
query,1508867887.479814,1508867887.5399458,1739
query,1508867887.5399497,1508867887.5688226,1
query,1508867887.568826,1508867887.6055133,817
query,1508867887.6055167,1508867887.696489,9395
query,1508867887.6964924,1508867887.7357829,494
query,1508867887.7357864,1508867887.7763722,92
query,1508867887.7763762,1508867887.823467,122
query,1508867887.823471,1508867887.8554926,2067
query,1508867887.8554962,1508867887.8755858,352
query,1508867887.8755894,1508867887.9190254,4757
query,1508867887.9190295,1508867888.000209,8587
query,1508867888.0002253,1508867888.052129,1332
query,1508867888.0545385,1508867888.088401,1
query,1508867888.088405,1508867888.1163676,2194
query,1508867888.1163712,1508867888.1604962,6188
query,1508867888.1604993,1508867888.239715,3452
query,1508867888.2397187,1508867888.2619154,45
query,1508867888.2619197,1508867888.311817,2
query,1508867888.3118207,1508867888.3595011,2540
query,1508867888.3595045,1508867888.3817601,262
query,1508867888.3817637,1508867888.3999658,0
query,1508867888.3999693,1508867888.5062068,9113
query,1508867888.5062103,1508867888.5254655,1
query,1508867888.5254698,1508867888.5356743,16
query,1508867888.5356786,1508867888.565396,4
query,1508867888.5654001,1508867888.5896404,1573
query,1508867888.589644,1508867888.6215491,20
query,1508867888.621553,1508867888.6406384,133
query,1508867888.6406422,1508867888.711855,933
query,1508867888.711859,1508867888.7659984,4087
query,1508867888.766002,1508867888.89156,12700
query,1508867888.8915775,1508867888.9311197,8411
query,1508867888.934303,1508867888.9533343,2964
query,1508867888.9533384,1508867889.0256436,6108
query,1508867889.0256479,1508867889.0972373,8510
query,1508867889.0972419,1508867889.1318808,2584
query,1508867889.1318846,1508867889.2095056,6581
query,1508867889.2095096,1508867889.2439702,2
query,1508867889.2439744,1508867889.2694175,2584
query,1508867889.269422,1508867889.3080292,4729
query,1508867889.308033,1508867889.3285363,6
query,1508867889.32854,1508867889.3374171,0
query,1508867889.3374205,1508867889.3626661,2
query,1508867889.3626695,1508867889.3915632,287
query,1508867889.3915668,1508867889.4001834,227
query,1508867889.4001868,1508867889.4263608,2985
query,1508867889.4263642,1508867889.445524,2522
query,1508867889.4455283,1508867889.479478,6077
query,1508867889.4794827,1508867889.5164948,6339
query,1508867889.5164988,1508867889.5452266,3164
query,1508867889.5452297,1508867889.5761936,5644
query,1508867889.5762124,1508867889.6273313,7987
query,1508867889.6303072,1508867889.688319,8068
query,1508867889.6883225,1508867889.7107525,3
query,1508867889.7107558,1508867889.744154,17
query,1508867889.7441585,1508867889.7854445,548
query,1508867889.7854488,1508867889.8705444,12045
query,1508867889.8705485,1508867889.923446,2778
query,1508867889.92345,1508867889.9711392,3387
query,1508867889.971143,1508867890.1268108,9727
query,1508867890.1268153,1508867890.1658583,37
query,1508867890.1658623,1508867890.2336965,6305
query,1508867890.233701,1508867890.2973456,10138
query,1508867890.2973497,1508867890.3213573,2293
query,1508867890.3213615,1508867890.3508093,410
query,1508867890.3508132,1508867890.4106307,6640
query,1508867890.410635,1508867890.4577475,2
query,1508867890.4577508,1508867890.501566,7470
query,1508867890.5015695,1508867890.5479262,5699
query,1508867890.5479302,1508867890.5840724,2986
query,1508867890.584076,1508867890.6196873,182
query,1508867890.6197023,1508867890.6556478,2343
query,1508867890.658227,1508867890.6957595,1811
query,1508867890.695763,1508867890.8123987,12038
query,1508867890.8124032,1508867890.8304079,0
query,1508867890.8304121,1508867890.8800538,2392
query,1508867890.880058,1508867890.9312556,6433
query,1508867890.9312599,1508867890.9836683,13
query,1508867890.9836726,1508867891.0167143,3
query,1508867891.0167184,1508867891.0600834,5740
query,1508867891.0600877,1508867891.1308074,9109
query,1508867891.1308112,1508867891.1799173,46
query,1508867891.179928,1508867891.2080157,1351
query,1508867891.2080202,1508867891.2440374,2
query,1508867891.2440412,1508867891.2801657,1713
query,1508867891.2801695,1508867891.3481843,10754
query,1508867891.3481884,1508867891.4362595,6707
query,1508867891.4362636,1508867891.5079443,7916
query,1508867891.5079484,1508867891.54394,2690
query,1508867891.5439432,1508867891.588279,810
query,1508867891.5882828,1508867891.6358445,5273
query,1508867891.635862,1508867891.708953,6856
query,1508867891.7113652,1508867891.7561011,766
query,1508867891.7561045,1508867891.7836077,2010
query,1508867891.7836113,1508867891.8139906,650
query,1508867891.813994,1508867891.8835626,4738
query,1508867891.8835664,1508867891.9467304,174
query,1508867891.9467342,1508867891.9796536,1611
query,1508867891.9796572,1508867892.0574274,1550
query,1508867892.0574315,1508867892.099939,1
query,1508867892.0999427,1508867892.1224298,869
query,1508867892.1224334,1508867892.141478,1223
query,1508867892.1414819,1508867892.2030723,9361
query,1508867892.2030768,1508867892.2493415,975
query,1508867892.2493463,1508867892.2884362,225
query,1508867892.28844,1508867892.311567,421
query,1508867892.311571,1508867892.3343625,189
query,1508867892.3343666,1508867892.3896325,3099
query,1508867892.3896363,1508867892.4663367,7745
query,1508867892.4663417,1508867892.5052512,4067
query,1508867892.5052552,1508867892.5441766,2
query,1508867892.5441923,1508867892.5803757,1389
query,1508867892.5833147,1508867892.692011,7099
query,1508867892.6920152,1508867892.7329335,3486
query,1508867892.7329378,1508867892.779616,654
query,1508867892.7796202,1508867892.8119147,4
query,1508867892.8119185,1508867892.8482258,5501
query,1508867892.8482294,1508867892.8839698,2793
query,1508867892.8839736,1508867892.9199607,2556
query,1508867892.9199648,1508867892.9598496,169
query,1508867892.9598534,1508867893.0519216,12291
query,1508867893.0519264,1508867893.0849168,1156
query,1508867893.084921,1508867893.1319509,2
query,1508867893.1319551,1508867893.1800058,330
query,1508867893.1800103,1508867893.2361045,2835
query,1508867893.2361078,1508867893.2802563,2625
query,1508867893.28026,1508867893.3157425,2066
query,1508867893.3157463,1508867893.3360078,93
query,1508867893.3360114,1508867893.3457148,4
query,1508867893.3457184,1508867893.3568828,619
query,1508867893.3568864,1508867893.374417,325
query,1508867893.3744347,1508867893.3973594,735
query,1508867893.3999372,1508867893.4758897,8403
query,1508867893.4758942,1508867893.5206559,6231
query,1508867893.5206594,1508867893.6133525,9862
query,1508867893.6133564,1508867893.6555188,6399
query,1508867893.6555228,1508867893.6803355,3681
query,1508867893.6803386,1508867893.697445,1037
query,1508867893.6974483,1508867893.712448,42
query,1508867893.7124515,1508867893.7282836,1
query,1508867893.7282872,1508867893.7693284,4909
query,1508867893.7693322,1508867893.7797797,386
query,1508867893.7797837,1508867893.8145006,6324
query,1508867893.8145049,1508867893.8373606,1880
query,1508867893.8373652,1508867893.8722482,4
query,1508867893.8722517,1508867893.9210458,7356
query,1508867893.9210498,1508867893.9688735,6423
query,1508867893.9688773,1508867894.040134,7071
query,1508867894.0401375,1508867894.1166108,7717
query,1508867894.1166143,1508867894.1428664,130
query,1508867894.1428697,1508867894.1807754,10
query,1508867894.1810129,1508867894.1942132,0
query,1508867894.1955423,1508867894.2206202,2654
query,1508867894.2206235,1508867894.2642987,4090
query,1508867894.2643032,1508867894.2959244,4
query,1508867894.2959278,1508867894.313444,1253
query,1508867894.3134477,1508867894.3339484,0
query,1508867894.3339515,1508867894.3712814,6325
query,1508867894.3712847,1508867894.3947988,11
query,1508867894.3948023,1508867894.4365525,5493
query,1508867894.4365563,1508867894.472043,3384
query,1508867894.4720469,1508867894.513174,6088
query,1508867894.5131783,1508867894.5852072,1325
query,1508867894.585211,1508867894.6000302,6
query,1508867894.6000345,1508867894.6578226,0
query,1508867894.6578264,1508867894.6925156,1121
query,1508867894.692519,1508867894.724374,689
query,1508867894.7243772,1508867894.7645903,3568
query,1508867894.7645943,1508867894.8222215,5414
query,1508867894.8222265,1508867894.8371193,1198
query,1508867894.8371236,1508867894.88546,6412
query,1508867894.885479,1508867894.8939226,0
query,1508867894.895596,1508867894.9455307,7534
query,1508867894.9455347,1508867894.9887006,5930
query,1508867894.9887054,1508867895.0327373,6466
query,1508867895.0327418,1508867895.0717947,4011
query,1508867895.071798,1508867895.1090643,19
query,1508867895.1090684,1508867895.2081296,9191
query,1508867895.2081335,1508867895.2477512,2128
query,1508867895.2477548,1508867895.3303812,8534
query,1508867895.3303857,1508867895.3506417,1058
query,1508867895.3506455,1508867895.374637,71
query,1508867895.3746405,1508867895.4022455,2186
query,1508867895.402249,1508867895.4452875,1361
query,1508867895.4452918,1508867895.4836671,6346
query,1508867895.4836705,1508867895.5005941,742
query,1508867895.5005977,1508867895.5372474,1
query,1508867895.5372512,1508867895.5744731,3149
query,1508867895.5744777,1508867895.6022735,1569
query,1508867895.6022773,1508867895.6391518,0
query,1508867895.6391554,1508867895.6808698,6289
query,1508867895.6808856,1508867895.7116055,1415
query,1508867895.7141082,1508867895.7376237,1
query,1508867895.737627,1508867895.7710698,243
query,1508867895.7710733,1508867895.8053937,3196
query,1508867895.8053975,1508867895.848729,31
query,1508867895.8487325,1508867895.8879893,2062
query,1508867895.8879929,1508867895.9571958,11944
query,1508867895.9571996,1508867896.0017147,2795
query,1508867896.001719,1508867896.0692303,174
query,1508867896.0692344,1508867896.1622593,8816
query,1508867896.1622634,1508867896.2118523,2023
query,1508867896.2118561,1508867896.228613,66
query,1508867896.2286167,1508867896.2796338,396
query,1508867896.2796383,1508867896.3092258,500
query,1508867896.3092296,1508867896.4494867,12900
query,1508867896.4494915,1508867896.485424,2677
query,1508867896.4854279,1508867896.5414681,3906
query,1508867896.5414724,1508867896.5645041,554
query,1508867896.564508,1508867896.6756895,9645
query,1508867896.6756938,1508867896.7089949,5
query,1508867896.7090118,1508867896.7802415,9875
query,1508867896.7827506,1508867896.7971714,2
query,1508867896.797175,1508867896.9297068,12465
query,1508867896.9297109,1508867897.002676,6650
query,1508867897.0026798,1508867897.1002147,12438
query,1508867897.1002185,1508867897.1313689,0
query,1508867897.1313727,1508867897.221446,7932
query,1508867897.2214499,1508867897.238854,647
query,1508867897.2388577,1508867897.3813503,6889
query,1508867897.3813546,1508867897.4173775,170
query,1508867897.4173813,1508867897.4559245,15
query,1508867897.455928,1508867897.514864,5596
query,1508867897.514868,1508867897.5409513,6
query,1508867897.540955,1508867897.5728588,0
query,1508867897.5728629,1508867897.610673,2300
query,1508867897.610677,1508867897.640177,1477
query,1508867897.640181,1508867897.6856918,2
query,1508867897.685696,1508867897.7647805,6262
query,1508867897.7647848,1508867897.8082783,998
query,1508867897.8082821,1508867897.8840485,11808
query,1508867897.8840663,1508867897.9234495,2788
query,1508867897.9264667,1508867898.007848,12349
query,1508867898.0078526,1508867898.0524206,123
query,1508867898.0524244,1508867898.1002843,3135
query,1508867898.1002884,1508867898.1419034,146
query,1508867898.141907,1508867898.179959,1293
query,1508867898.1799624,1508867898.2226071,6485
query,1508867898.222611,1508867898.2863965,6764
query,1508867898.2864006,1508867898.3442953,6275
query,1508867898.344299,1508867898.3960629,1
query,1508867898.3960667,1508867898.471781,509
query,1508867898.4717848,1508867898.5525725,5523
query,1508867898.5525765,1508867898.5852928,9
query,1508867898.585297,1508867898.6117501,2226
query,1508867898.611753,1508867898.6971405,5204
query,1508867898.697144,1508867898.7417336,6251
query,1508867898.7417374,1508867898.7815187,4226
query,1508867898.7815242,1508867898.8157346,2721
query,1508867898.8157384,1508867898.8755472,9175
query,1508867898.8755515,1508867898.8990996,0
query,1508867898.8991542,1508867898.9358053,2271
query,1508867898.9386222,1508867898.9677634,1
query,1508867898.967767,1508867899.0956047,12658
query,1508867899.095609,1508867899.10664,2
query,1508867899.106644,1508867899.128681,1949
query,1508867899.1286855,1508867899.1540084,446
query,1508867899.154012,1508867899.2043128,895
query,1508867899.2043164,1508867899.2609499,6731
query,1508867899.2609537,1508867899.3002348,5155
query,1508867899.3002393,1508867899.3152382,18
query,1508867899.3152418,1508867899.3722053,3148
query,1508867899.3722093,1508867899.4400826,9391
query,1508867899.4400866,1508867899.4656377,475
query,1508867899.465641,1508867899.4865105,1306
query,1508867899.4865148,1508867899.525232,5180
query,1508867899.5252361,1508867899.5614297,12
query,1508867899.5614336,1508867899.573832,68
query,1508867899.5738354,1508867899.6079397,331
query,1508867899.6079435,1508867899.6336534,3459
query,1508867899.633657,1508867899.6854746,5068
query,1508867899.6854918,1508867899.6954076,0
query,1508867899.6969192,1508867899.726991,56
query,1508867899.726995,1508867899.752306,4212
query,1508867899.7523112,1508867899.7667158,1328
query,1508867899.7667203,1508867899.8413978,6477
query,1508867899.8414018,1508867899.8506882,0
query,1508867899.8506913,1508867899.9153125,8270
query,1508867899.9153159,1508867899.9588263,6754
query,1508867899.9588296,1508867899.9777184,19
query,1508867899.9777224,1508867900.0015974,9
query,1508867900.0016012,1508867900.0196562,26
query,1508867900.0196605,1508867900.0732758,4521
query,1508867900.0732794,1508867900.1152828,5878
query,1508867900.115286,1508867900.1591947,860
query,1508867900.1591988,1508867900.1945667,934
query,1508867900.1945708,1508867900.2182221,29
query,1508867900.2182262,1508867900.25806,2041
query,1508867900.2580645,1508867900.2957144,247
query,1508867900.2957182,1508867900.343943,5327
query,1508867900.3439465,1508867900.3795507,1756
query,1508867900.379567,1508867900.4156177,535
query,1508867900.4180474,1508867900.490666,8617
query,1508867900.4906695,1508867900.53103,275
query,1508867900.5310342,1508867900.5972736,6957
query,1508867900.5972772,1508867900.6459055,411
query,1508867900.6459086,1508867900.6818647,822
query,1508867900.681868,1508867900.7180076,2653
query,1508867900.7180107,1508867900.8128378,9606
query,1508867900.8128417,1508867900.8491123,1485
query,1508867900.8491158,1508867900.8812325,2559
query,1508867900.8812363,1508867900.9170287,693
query,1508867900.9170327,1508867900.9477355,0
query,1508867900.947739,1508867900.9836621,1811
query,1508867900.9836657,1508867901.0563347,7467
query,1508867901.056338,1508867901.090474,3486
query,1508867901.0904772,1508867901.1864011,6411
query,1508867901.1864047,1508867901.261406,3140
query,1508867901.261411,1508867901.2986202,1
query,1508867901.2986245,1508867901.3384821,0
query,1508867901.338486,1508867901.3693788,777
query,1508867901.3693945,1508867901.4126196,3386
query,1508867901.4150825,1508867901.459782,612
query,1508867901.459786,1508867901.4919472,0
query,1508867901.4919503,1508867901.532876,7372
query,1508867901.5328798,1508867901.59191,1613
query,1508867901.591913,1508867901.647689,520
query,1508867901.6476927,1508867901.7158308,5
query,1508867901.7158344,1508867901.7622385,6420
query,1508867901.7622418,1508867901.8054562,539
query,1508867901.8054597,1508867901.8614116,6797
query,1508867901.861415,1508867901.9051633,2296
query,1508867901.9051673,1508867901.9434268,1048
query,1508867901.9434304,1508867901.986892,2227
query,1508867901.9868956,1508867902.0520854,2721
query,1508867902.0520892,1508867902.0959768,352
query,1508867902.0959806,1508867902.1280806,1
query,1508867902.1280844,1508867902.1922135,6766
query,1508867902.1922176,1508867902.2260702,50
query,1508867902.2260737,1508867902.2612665,1818
query,1508867902.2612698,1508867902.3525116,7360
query,1508867902.3525288,1508867902.3852806,2742
query,1508867902.3877685,1508867902.4214048,39
query,1508867902.4214084,1508867902.455281,6453
query,1508867902.4552848,1508867902.4915197,6960
query,1508867902.4915237,1508867902.5267868,216
query,1508867902.526791,1508867902.6257772,9971
query,1508867902.6257808,1508867902.659594,1
query,1508867902.659598,1508867902.6934953,974
query,1508867902.6934988,1508867902.7256327,79
query,1508867902.7256362,1508867902.7614377,1404
query,1508867902.761441,1508867902.7934835,978
query,1508867902.7934873,1508867902.8383791,6262
query,1508867902.838383,1508867902.8734488,1374
query,1508867902.8734527,1508867902.9131792,706
query,1508867902.913183,1508867902.9478493,577
query,1508867902.9478533,1508867902.9720664,3394
query,1508867902.9720702,1508867902.9869502,21
query,1508867902.9869537,1508867903.001992,1067
query,1508867903.001995,1508867903.0366378,4721
query,1508867903.0366418,1508867903.0510368,1845
query,1508867903.0510523,1508867903.072369,0
query,1508867903.0737405,1508867903.0855947,31
query,1508867903.0855978,1508867903.0919728,0
query,1508867903.0919762,1508867903.121949,645
query,1508867903.1219528,1508867903.1863449,9599
query,1508867903.1863484,1508867903.20637,396
query,1508867903.206374,1508867903.2226727,713
query,1508867903.2226763,1508867903.2389264,0
query,1508867903.23893,1508867903.2850492,1663
query,1508867903.285053,1508867903.3236039,5210
query,1508867903.3236074,1508867903.3874428,8699
query,1508867903.3874464,1508867903.4118044,342
query,1508867903.4118083,1508867903.4214332,18
query,1508867903.421436,1508867903.433155,691
query,1508867903.4331584,1508867903.49269,8822
query,1508867903.4926934,1508867903.5447402,6334
query,1508867903.544744,1508867903.5861752,3107
query,1508867903.5861793,1508867903.6008217,495
query,1508867903.6008253,1508867903.6714942,9204
query,1508867903.6714976,1508867903.7031786,0
query,1508867903.7031944,1508867903.7411456,5980
query,1508867903.7437665,1508867903.7772717,70
query,1508867903.7772748,1508867903.7928581,1413
query,1508867903.7928615,1508867903.8036516,0
query,1508867903.8036551,1508867903.8215463,680
query,1508867903.8215494,1508867903.8807523,12079
query,1508867903.8807564,1508867903.943664,8339
query,1508867903.9436686,1508867903.9660444,8
query,1508867903.9660487,1508867903.9809165,1
query,1508867903.98092,1508867904.010326,2601
query,1508867904.0103304,1508867904.035172,0
query,1508867904.0351772,1508867904.0549426,0
query,1508867904.0549467,1508867904.0779526,724
query,1508867904.0779572,1508867904.1321776,30
query,1508867904.1321816,1508867904.152732,1775
query,1508867904.1527355,1508867904.1620004,183
query,1508867904.1620042,1508867904.1701496,2
query,1508867904.1701531,1508867904.1917815,3420
query,1508867904.191785,1508867904.1984944,0
query,1508867904.198501,1508867904.2085626,2
query,1508867904.2085779,1508867904.2200558,356
query,1508867904.222465,1508867904.2418005,0
query,1508867904.241804,1508867904.284919,7458
query,1508867904.2849224,1508867904.3040683,501
query,1508867904.3040714,1508867904.3419182,7341
query,1508867904.3419216,1508867904.384548,7157
query,1508867904.3845515,1508867904.41818,3900
query,1508867904.4181833,1508867904.45393,2330
query,1508867904.4539337,1508867904.4709783,2079
query,1508867904.4709816,1508867904.4789808,0
query,1508867904.4789865,1508867904.4984248,1245
query,1508867904.49843,1508867904.552056,3
query,1508867904.5520608,1508867904.5773702,6
query,1508867904.5773737,1508867904.5997918,2284
query,1508867904.599795,1508867904.6145558,0
query,1508867904.6145592,1508867904.622973,142
query,1508867904.622976,1508867904.6337101,697
query,1508867904.6337137,1508867904.6627207,3486
query,1508867904.662724,1508867904.6742773,260
query,1508867904.6742814,1508867904.6859045,94
query,1508867904.6859202,1508867904.7017357,792
query,1508867904.7042575,1508867904.7346594,4332
query,1508867904.7346628,1508867904.743764,2
query,1508867904.7437668,1508867904.7577388,56
query,1508867904.7577417,1508867904.7978196,6008
query,1508867904.7978227,1508867904.8297043,4857
query,1508867904.8297076,1508867904.8712993,1
query,1508867904.8713312,1508867904.8925827,2975
query,1508867904.892586,1508867904.9525628,578
query,1508867904.9525669,1508867905.0282829,2264
query,1508867905.028287,1508867905.0537555,4
query,1508867905.0537593,1508867905.1019127,6623
query,1508867905.1019163,1508867905.1558728,4543
query,1508867905.1558766,1508867905.1851652,138
query,1508867905.1851683,1508867905.209067,26
query,1508867905.2090707,1508867905.2298305,753
query,1508867905.2298338,1508867905.2630525,644
query,1508867905.2630568,1508867905.3403268,5922
query,1508867905.3403308,1508867905.3719337,1546
query,1508867905.3719375,1508867905.4299738,4480
