tables,1508687215.0375304,1508688349.0300257
query,0,1508688349.8859427,1
query,0,1508688350.0364578,362
query,0,1508688350.1744442,179
query,0,1508688351.3526874,2920
query,0,1508688351.5824416,2140
query,0,1508688351.6374295,2353
query,0,1508688352.005937,2807
query,0,1508688352.0654595,707
query,0,1508688352.2937663,1919
query,0,1508688352.5072074,2881
query,0,1508688352.55651,1081
query,0,1508688352.8803372,920
query,0,1508688353.1815553,2007
query,0,1508688353.2735715,777
query,0,1508688353.406371,2089
query,0,1508688353.6495254,2037
query,0,1508688353.772159,2137
query,0,1508688353.8512096,2416
query,0,1508688353.961939,1942
query,0,1508688354.1459336,2083
query,0,1508688354.1815803,1
query,0,1508688354.229613,1
query,0,1508688354.2870584,101
query,0,1508688354.4832695,1957
query,0,1508688354.5484414,18
query,0,1508688354.6927307,2920
query,0,1508688354.7290065,625
query,0,1508688354.9353316,1872
query,0,1508688354.981378,1160
query,0,1508688355.0131786,304
query,0,1508688355.0614567,1
query,0,1508688355.0914407,1
query,0,1508688355.1099224,1
query,0,1508688355.1756082,1921
query,0,1508688355.3517926,1762
query,0,1508688355.3971796,1332
query,0,1508688355.4355195,1040
query,0,1508688355.4734309,47
query,0,1508688355.52322,1178
query,0,1508688355.5670693,19
query,0,1508688355.6075985,140
query,0,1508688355.8034685,2589
query,0,1508688355.8481727,1006
query,0,1508688355.8817382,28
query,0,1508688356.098665,2990
query,0,1508688356.1489615,82
query,0,1508688356.180717,137
query,0,1508688356.2168415,127
query,0,1508688356.254567,7
query,0,1508688356.492371,2737
query,0,1508688356.5471604,45
query,0,1508688356.586941,3
query,0,1508688356.7036748,1161
query,0,1508688356.7967255,1577
query,0,1508688356.9970803,2343
query,0,1508688357.226876,657
query,0,1508688357.281069,1307
query,0,1508688357.3451142,340
query,0,1508688357.40167,2065
query,0,1508688357.464886,1968
query,0,1508688357.5015652,542
query,0,1508688358.0052838,1226
query,0,1508688358.175827,2729
query,0,1508688358.2231686,321
query,0,1508688358.2866502,191
query,0,1508688358.3537807,1487
query,0,1508688358.4244115,1428
query,0,1508688358.515827,1562
query,0,1508688358.6715822,1812
query,0,1508688358.730053,2821
query,0,1508688358.7671733,14
query,0,1508688358.8468008,1421
query,0,1508688358.8826478,2934
query,0,1508688358.9854984,1710
query,0,1508688359.3578782,1924
query,0,1508688359.3912356,1357
query,0,1508688359.4168336,2
query,0,1508688359.5682306,2104
query,0,1508688359.6991866,665
query,0,1508688359.7514503,1600
query,0,1508688359.8297262,1946
query,0,1508688359.907755,1657
query,0,1508688360.0253778,2156
query,0,1508688360.057528,17
query,0,1508688360.2057383,1599
query,0,1508688360.2696483,1750
query,0,1508688360.323963,1322
query,0,1508688360.4041076,2576
query,0,1508688360.7606814,2362
query,0,1508688360.7951982,1475
query,0,1508688360.8251247,16
query,0,1508688360.8723207,1987
query,0,1508688360.945601,1603
query,0,1508688360.9791982,1
query,0,1508688361.0471807,1
query,0,1508688361.089597,5
query,0,1508688361.2461271,1930
query,0,1508688361.269268,168
query,0,1508688361.3177202,1428
query,0,1508688361.3588495,1642
query,0,1508688361.4337842,1393
query,0,1508688361.4686644,1345
query,0,1508688361.5010393,2
query,0,1508688361.5261767,1
query,0,1508688361.5412867,6
query,0,1508688361.5730507,317
query,0,1508688361.6454575,670
query,0,1508688361.6851678,35
query,0,1508688361.7166045,300
query,0,1508688361.7935805,1849
query,0,1508688361.8207347,14
query,0,1508688361.8719149,128
query,0,1508688361.913496,9
query,0,1508688361.952769,1440
query,0,1508688361.9871397,200
query,0,1508688362.0272639,7
query,0,1508688362.1475236,1625
query,0,1508688362.1839836,5
query,0,1508688362.2269452,253
query,0,1508688362.2856011,275
query,0,1508688362.3175507,235
query,0,1508688362.355061,126
query,0,1508688362.3894799,1312
query,0,1508688362.5657394,1449
query,0,1508688362.6111648,1438
query,0,1508688362.6389894,331
query,0,1508688362.667455,157
query,0,1508688362.6918874,161
query,0,1508688362.7320704,1325
query,0,1508688362.8315496,554
query,0,1508688362.8604794,402
query,0,1508688362.943897,1041
query,0,1508688363.02826,25
query,0,1508688363.0658903,2807
query,0,1508688363.189482,426
query,0,1508688363.23243,1281
query,0,1508688363.271294,20
query,0,1508688363.4760337,1362
query,0,1508688363.5118158,121
query,0,1508688363.551685,249
query,0,1508688363.6291578,471
query,0,1508688363.8277988,1852
query,0,1508688363.9096704,1933
query,0,1508688363.9435003,684
query,0,1508688364.0081053,65
query,0,1508688364.125016,2187
query,0,1508688364.1799896,419
query,0,1508688364.2431297,933
query,0,1508688364.2868125,2
query,0,1508688364.3124905,174
query,0,1508688364.3556604,1255
query,0,1508688364.3692052,399
query,0,1508688364.4616864,499
query,0,1508688364.5736704,4550
query,0,1508688364.5951376,1164
query,0,1508688364.6516242,1497
query,0,1508688364.6775458,1770
query,0,1508688364.7416487,908
query,0,1508688364.7732604,584
query,0,1508688364.80574,94
query,0,1508688364.8397338,1017
query,0,1508688364.9350917,2196
query,0,1508688365.0293047,2189
query,0,1508688365.0631166,1104
query,0,1508688365.1110618,1445
query,0,1508688365.1608877,632
query,0,1508688365.26926,451
query,0,1508688365.3173912,1
query,0,1508688365.3458629,206
query,0,1508688365.383154,1
query,0,1508688365.4160876,9
query,0,1508688365.4692433,391
query,0,1508688365.5091941,264
query,0,1508688365.5447123,679
query,0,1508688365.5931175,1467
query,0,1508688365.6341388,1462
query,0,1508688365.678398,733
query,0,1508688365.7445683,845
query,0,1508688365.7570627,159
query,0,1508688365.809716,1454
query,0,1508688365.9144516,2067
query,0,1508688366.0516481,2005
query,0,1508688366.0887153,44
query,0,1508688366.1205268,158
query,0,1508688366.1696336,1459
query,0,1508688366.2079835,994
query,0,1508688366.372314,1071
query,0,1508688366.408761,975
query,0,1508688366.4397268,66
query,0,1508688366.5022268,2291
query,0,1508688366.5316575,94
query,0,1508688366.6032424,2451
query,0,1508688366.6375778,1307
query,0,1508688366.769723,1981
query,0,1508688366.895559,2052
query,0,1508688367.0796773,1810
query,0,1508688367.1847258,1529
query,0,1508688367.2958786,1960
query,0,1508688367.3728669,1218
query,0,1508688367.5188224,1668
query,0,1508688367.5493891,463
query,0,1508688367.6874752,4807
query,0,1508688367.8073723,2878
query,0,1508688367.9473538,1523
query,0,1508688368.0238316,301
query,0,1508688368.3027887,2397
query,0,1508688368.3953145,1549
query,0,1508688368.4789267,2032
query,0,1508688368.7204812,1921
query,0,1508688368.8051858,1388
query,0,1508688368.8734055,2379
query,0,1508688368.9090533,1847
query,0,1508688368.9534674,617
query,0,1508688368.9914317,43
query,0,1508688369.0547488,1963
query,0,1508688369.1236887,130
query,0,1508688369.2737732,2820
query,0,1508688369.3246915,1373
query,0,1508688369.3754964,886
query,0,1508688369.4175694,297
query,0,1508688369.4593017,5
query,0,1508688369.5112357,440
query,0,1508688369.6771076,1429
query,0,1508688369.7133758,1475
query,0,1508688369.7393632,1345
query,0,1508688369.7930453,495
query,0,1508688369.8657305,625
query,0,1508688369.9060812,938
query,0,1508688369.9475,976
query,0,1508688370.0053864,49
query,0,1508688370.0999784,793
query,0,1508688370.1367059,97
query,0,1508688370.1717403,1
query,0,1508688370.231227,903
query,0,1508688370.287184,478
query,0,1508688370.4388988,1269
query,0,1508688370.51772,1850
query,0,1508688370.6140106,1920
query,0,1508688370.6777163,1394
query,0,1508688370.717219,2
query,0,1508688370.7530596,1
query,0,1508688370.7821739,782
query,0,1508688370.8270357,416
query,0,1508688370.927316,1229
query,0,1508688371.0013068,383
query,0,1508688371.0840876,2990
query,0,1508688371.1657302,2734
query,0,1508688371.3129945,3278
query,0,1508688371.3815634,1272
query,0,1508688371.4491105,1519
query,0,1508688371.5009398,668
query,0,1508688371.518888,39
query,0,1508688371.592172,728
query,0,1508688371.6313658,1739
query,0,1508688371.682128,108
query,0,1508688371.705784,3
query,0,1508688371.726569,3
query,0,1508688371.7680109,1
query,0,1508688371.8151891,825
query,0,1508688371.8995852,1330
query,0,1508688371.9717195,12
query,0,1508688372.0171828,793
query,0,1508688372.0440578,1830
query,0,1508688372.1723578,1472
query,0,1508688372.2381928,1183
query,0,1508688372.2578614,915
query,0,1508688372.2955327,1518
query,0,1508688372.3345144,15
query,0,1508688372.3605351,2
query,0,1508688372.4151926,194
query,0,1508688372.4710977,1938
query,0,1508688372.5191174,14
query,0,1508688372.5484314,1994
query,0,1508688372.663283,3210
query,0,1508688372.7913883,1305
query,0,1508688373.0056624,2744
query,0,1508688373.1594353,2948
query,0,1508688373.2116566,2309
query,0,1508688373.2511666,1114
query,0,1508688373.2856655,1398
query,0,1508688373.3342507,2155
query,0,1508688373.4794843,2815
query,0,1508688373.5151594,34
query,0,1508688373.5856621,1905
query,0,1508688373.6196384,1084
query,0,1508688373.6674361,385
query,0,1508688373.7235935,1353
query,0,1508688373.7698433,1
query,0,1508688373.825754,1
query,0,1508688373.9377048,1673
query,0,1508688374.2033844,2416
query,0,1508688374.2478135,1709
query,0,1508688374.3346636,1409
query,0,1508688374.381516,587
query,0,1508688374.4165676,674
query,0,1508688374.455034,1456
query,0,1508688374.4875267,54
query,0,1508688374.5569122,2
query,0,1508688374.647042,1544
query,0,1508688374.8269758,2186
query,0,1508688374.9378524,2828
query,0,1508688374.9922976,1583
query,0,1508688375.0911233,1848
query,0,1508688375.2776465,2851
query,0,1508688375.3594294,1320
query,0,1508688375.38859,700
query,0,1508688375.4473345,1
query,0,1508688375.53189,4
query,0,1508688375.6114857,62
query,0,1508688375.6713498,150
query,0,1508688375.7015429,1
query,0,1508688375.7431605,1256
query,0,1508688375.7830443,8
query,0,1508688375.8392344,1
query,0,1508688375.8941305,39
query,0,1508688375.9311118,155
query,0,1508688376.0057786,1147
query,0,1508688376.057773,1
query,0,1508688376.117285,1
query,0,1508688376.1832507,755
query,0,1508688376.2208767,42
query,0,1508688376.2849429,10
query,0,1508688376.3249524,1342
query,0,1508688376.363178,2
query,0,1508688376.4976141,243
query,0,1508688376.5960276,456
query,0,1508688376.6473372,2
query,0,1508688376.683246,54
query,0,1508688376.7470753,132
query,0,1508688376.7792687,107
query,0,1508688376.8682516,2215
query,0,1508688376.9376578,323
query,0,1508688376.9694562,23
query,0,1508688376.996607,22
query,0,1508688377.0414674,2
query,0,1508688377.0829906,1
query,0,1508688377.1576166,2
query,0,1508688377.1993918,514
query,0,1508688377.2402756,1932
query,0,1508688377.2650576,1
query,0,1508688377.2869449,44
query,0,1508688377.3210785,15
query,0,1508688377.3527737,5
query,0,1508688377.3872862,21
query,0,1508688377.4220812,6
query,0,1508688377.4592228,4
query,0,1508688377.5018544,98
query,0,1508688377.5404723,2
query,0,1508688377.593606,3
query,0,1508688377.618182,14
query,0,1508688377.6498287,398
query,0,1508688377.69596,1
query,0,1508688377.7454538,1
query,0,1508688377.7975519,746
query,0,1508688377.8363216,416
query,0,1508688377.8838687,51
query,0,1508688377.9191399,348
query,0,1508688377.9603283,439
query,0,1508688378.015343,377
query,0,1508688378.0635412,78
query,0,1508688378.1113195,493
query,0,1508688378.1448917,57
query,0,1508688378.1774168,1
query,0,1508688378.201491,1
query,0,1508688378.2226026,1
query,0,1508688378.2452638,1
query,0,1508688378.2854671,1
query,0,1508688378.3230524,56
query,0,1508688378.4698904,1179
query,0,1508688378.5013444,2224
query,0,1508688378.6837056,2877
query,0,1508688378.8635702,2125
query,0,1508688378.90096,1831
query,0,1508688379.050019,2811
query,0,1508688379.179166,1924
query,0,1508688379.2573142,2609
query,0,1508688379.491754,1507
query,0,1508688379.5594656,2320
query,0,1508688379.591967,1061
query,0,1508688379.78641,2190
query,0,1508688379.9691298,1769
query,0,1508688380.0170925,519
query,0,1508688380.1619291,2173
query,0,1508688380.2332559,1190
query,0,1508688380.4194558,3266
query,0,1508688380.580248,2922
query,0,1508688380.7034302,672
query,0,1508688380.8589146,3377
query,0,1508688381.0234568,2999
query,0,1508688381.1015754,1870
query,0,1508688381.2275321,1086
query,0,1508688381.3165555,730
query,0,1508688381.4002807,2884
query,0,1508688381.5294282,2110
query,0,1508688381.6506808,1544
query,0,1508688381.6781068,1846
query,0,1508688381.7055008,762
query,0,1508688381.7811399,2425
query,0,1508688381.9112854,1804
query,0,1508688381.9552011,1941
query,0,1508688382.1576266,3490
query,0,1508688382.3217013,4457
query,0,1508688382.3509815,2035
query,0,1508688382.434074,1345
query,0,1508688382.466938,952
query,0,1508688382.504173,1748
query,0,1508688382.57216,1408
query,0,1508688382.6198344,1373
query,0,1508688382.6537957,793
query,0,1508688382.680995,101
query,0,1508688382.7047663,959
query,0,1508688382.7385674,1411
query,0,1508688382.771774,827
query,0,1508688382.8274632,680
query,0,1508688382.9153445,1002
query,0,1508688382.9650676,1
query,0,1508688383.0056067,2734
query,0,1508688383.0448818,844
query,0,1508688383.107234,653
query,0,1508688383.2731793,411
query,0,1508688383.4212418,2724
query,0,1508688383.4883208,441
query,0,1508688383.5502079,1155
query,0,1508688383.6425452,1507
query,0,1508688383.6728616,451
query,0,1508688383.6992674,4
query,0,1508688383.7272494,567
query,0,1508688383.792978,266
query,0,1508688383.827124,856
query,0,1508688383.8631577,39
query,0,1508688383.884861,127
query,0,1508688383.9187942,87
query,0,1508688383.959197,11
query,0,1508688383.9964726,35
query,0,1508688384.0530086,1703
query,0,1508688384.10897,708
query,0,1508688384.155245,2202
query,0,1508688384.215615,976
query,0,1508688384.2653368,1419
query,0,1508688384.3726773,2230
query,0,1508688384.4260235,1497
query,0,1508688384.4677815,1715
query,0,1508688384.5263596,2137
query,0,1508688384.6073456,1536
query,0,1508688384.7875016,1482
query,0,1508688384.9254646,1537
query,0,1508688384.997598,46
query,0,1508688385.054034,9
query,0,1508688385.1359189,1331
query,0,1508688385.1736968,1126
query,0,1508688385.1942172,1833
query,0,1508688385.2257524,287
query,0,1508688385.2775712,387
query,0,1508688385.3358464,7
query,0,1508688385.3669865,2
query,0,1508688385.4048748,1382
query,0,1508688385.5211031,1357
query,0,1508688385.5456939,936
query,0,1508688385.5682573,102
query,0,1508688385.5976248,17
query,0,1508688385.6532938,736
query,0,1508688385.7255657,1
query,0,1508688385.7975483,35
query,0,1508688385.82964,598
query,0,1508688385.8546202,699
query,0,1508688385.903454,989
query,0,1508688385.9265585,2045
query,0,1508688385.9568791,235
query,0,1508688386.1009648,2487
query,0,1508688386.1310494,1340
query,0,1508688386.2075167,5
query,0,1508688386.305334,913
query,0,1508688386.5097954,2737
query,0,1508688386.5972364,9
query,0,1508688386.785767,2779
query,0,1508688387.0097237,2088
query,0,1508688387.1897542,1368
query,0,1508688387.2376146,2
query,0,1508688387.2685947,1
query,0,1508688387.2894516,1
query,0,1508688387.315265,41
query,0,1508688387.4419503,1860
query,0,1508688387.4583771,1
query,0,1508688387.4714572,2
query,0,1508688387.4981055,2
query,0,1508688387.524595,54
query,0,1508688387.5732472,54
query,0,1508688387.6077597,14
query,0,1508688387.6676598,892
query,0,1508688387.695127,2
query,0,1508688387.753524,1
query,0,1508688387.7877004,1
query,0,1508688387.814482,2
query,0,1508688387.8588245,31
query,0,1508688387.90024,1169
query,0,1508688387.935608,156
query,0,1508688387.9630842,1172
query,0,1508688388.0256867,1978
query,0,1508688388.050861,15
query,0,1508688388.0841744,84
query,0,1508688388.1080706,222
query,0,1508688388.1633024,1188
query,0,1508688388.2288752,566
query,0,1508688388.2884517,433
query,0,1508688388.3167076,19
query,0,1508688388.3861246,1442
query,0,1508688388.4658294,2118
query,0,1508688388.5988631,2200
query,0,1508688388.663798,2118
query,0,1508688388.7808106,2046
query,0,1508688388.9075947,2102
query,0,1508688388.93024,779
query,0,1508688388.971204,1379
query,0,1508688388.9993043,1082
query,0,1508688389.1378093,865
query,0,1508688389.3091812,1348
query,0,1508688389.383148,927
query,0,1508688389.5254526,2956
query,0,1508688389.5952764,105
query,0,1508688389.651156,698
query,0,1508688389.7745662,2082
query,0,1508688389.7964725,4
query,0,1508688389.8552456,1063
query,0,1508688390.0363195,1368
query,0,1508688390.0687237,312
query,0,1508688390.2680247,2036
query,0,1508688390.3359509,2113
query,0,1508688390.4353034,2078
query,0,1508688390.5293307,2214
query,0,1508688390.5882003,1131
query,0,1508688390.6483302,1997
query,0,1508688390.6667225,373
query,0,1508688390.6873064,21
query,0,1508688390.748469,3057
query,0,1508688391.00637,2027
query,0,1508688391.053817,598
query,0,1508688391.0867548,828
query,0,1508688391.1097202,1
query,0,1508688391.1308327,1994
query,0,1508688391.2119222,2073
query,0,1508688391.239536,2196
query,0,1508688391.3244195,1294
query,0,1508688391.3903399,700
query,0,1508688391.523709,2693
query,0,1508688391.5555246,1090
query,0,1508688391.6998436,2410
query,0,1508688391.74089,966
query,0,1508688391.7754936,1649
query,0,1508688391.8764389,1577
query,0,1508688391.996158,2385
query,0,1508688392.05567,1660
query,0,1508688392.1339626,2481
query,0,1508688392.172452,1685
query,0,1508688392.265218,2078
query,0,1508688392.2917695,1682
query,0,1508688392.3568888,1355
query,0,1508688392.5534418,2126
query,0,1508688392.726381,1220
query,0,1508688392.8625393,2263
query,0,1508688392.925434,2190
query,0,1508688393.025999,1959
query,0,1508688393.0465713,783
query,0,1508688393.129635,1964
query,0,1508688393.2373316,2254
query,0,1508688393.305214,1106
query,0,1508688393.3385065,1437
query,0,1508688393.3762107,1496
query,0,1508688393.425195,1357
query,0,1508688393.4568806,1857
query,0,1508688393.4791336,1472
query,0,1508688393.5123653,2
query,0,1508688393.5465562,1290
query,0,1508688393.5998776,1519
query,0,1508688393.6668272,2092
query,0,1508688393.6951666,1370
query,0,1508688393.7738202,1334
query,0,1508688393.8138058,1360
query,0,1508688393.8440833,1934
query,0,1508688393.8526392,43
query,0,1508688393.9258106,1867
query,0,1508688393.9986887,2022
query,0,1508688394.050983,154
query,0,1508688394.070822,49
query,0,1508688394.1174989,612
query,0,1508688394.155138,177
query,0,1508688394.236087,2190
query,0,1508688394.2828825,1478
query,0,1508688394.3060825,1567
query,0,1508688394.3235679,235
query,0,1508688394.36117,2080
query,0,1508688394.4177139,1475
query,0,1508688394.4434202,1652
query,0,1508688394.4776444,1497
query,0,1508688394.5177884,1367
query,0,1508688394.5927846,70
query,0,1508688394.6592906,1298
query,0,1508688394.78904,2047
query,0,1508688394.8800502,1887
query,0,1508688394.9022317,105
query,0,1508688394.969729,1472
query,0,1508688395.063378,1426
query,0,1508688395.1005847,132
query,0,1508688395.1409187,1444
query,0,1508688395.2152236,112
query,0,1508688395.2749732,972
query,0,1508688395.3119628,1193
query,0,1508688395.4073138,2672
query,0,1508688395.593213,1994
query,0,1508688395.6255472,1489
query,0,1508688395.6630528,2268
query,0,1508688395.692131,2022
query,0,1508688395.7234292,2244
query,0,1508688395.7486534,1988
query,0,1508688395.7924852,1923
query,0,1508688395.8140316,1660
query,0,1508688395.9501684,3262
query,0,1508688396.005643,111
query,0,1508688396.1179087,2178
query,0,1508688396.215129,2744
query,0,1508688396.273483,444
query,0,1508688396.3030856,1111
query,0,1508688396.3368328,12
query,0,1508688396.3767393,1728
query,0,1508688396.415955,1728
query,0,1508688396.562039,2131
query,0,1508688396.7114313,1028
query,0,1508688396.7418065,1547
query,0,1508688396.815464,829
query,0,1508688396.8631172,416
query,0,1508688396.900666,1501
query,0,1508688396.9790542,1758
query,0,1508688397.091506,118
query,0,1508688397.209621,1106
query,0,1508688397.253938,107
query,0,1508688397.4195745,3868
query,0,1508688397.5644617,3783
query,0,1508688397.6562004,2033
query,0,1508688397.7729344,2297
query,0,1508688397.8153615,34
query,0,1508688397.9142592,1749
query,0,1508688398.0011137,2990
query,0,1508688398.0393186,991
query,0,1508688398.1201322,2737
query,0,1508688398.28097,2813
query,0,1508688398.4009821,2920
query,0,1508688398.5320518,2865
query,0,1508688398.7917056,3260
query,0,1508688398.9332876,2416
query,0,1508688399.0913656,2807
query,0,1508688399.1173847,1
query,0,1508688399.1747174,1857
query,0,1508688399.244659,1920
query,0,1508688399.3064,1266
query,0,1508688399.3800418,1381
query,0,1508688399.4315295,1295
query,0,1508688399.4689531,2
query,0,1508688399.5071428,1548
query,0,1508688399.5364087,337
query,0,1508688399.6159482,2163
query,0,1508688399.7556336,2346
query,0,1508688399.7872903,2679
query,0,1508688399.8325815,1983
query,0,1508688399.9055886,2770
query,0,1508688399.9379725,1
query,0,1508688399.9707232,1
query,0,1508688400.0047464,514
query,0,1508688400.0366142,880
query,0,1508688400.06605,1
query,0,1508688400.1002376,5
query,0,1508688400.1684515,2804
query,0,1508688400.2672224,2164
query,0,1508688400.3991082,1518
query,0,1508688400.5431232,2046
query,0,1508688400.696192,2023
query,0,1508688400.7296891,519
query,0,1508688400.7491074,259
query,0,1508688400.7991674,1710
query,0,1508688400.8372772,2409
query,0,1508688400.8807132,1762
query,0,1508688400.9234009,1231
query,0,1508688400.9831743,2
query,0,1508688401.0373487,1
query,0,1508688401.1356294,1842
query,0,1508688401.2308872,1826
query,0,1508688401.2654672,674
query,0,1508688401.2976618,2
query,0,1508688401.3254888,1
query,0,1508688401.3679636,1
query,0,1508688401.4013872,1
query,0,1508688401.4416778,2
query,0,1508688401.4932432,25
query,0,1508688401.5582793,2037
query,0,1508688401.6454432,2466
query,0,1508688401.6952398,165
query,0,1508688401.7914488,882
query,0,1508688401.9252324,1604
query,0,1508688402.067655,2419
query,0,1508688402.105531,1698
query,0,1508688402.1307373,1666
query,0,1508688402.1542492,1
query,0,1508688402.185381,502
query,0,1508688402.2271624,1882
query,0,1508688402.2550604,89
query,0,1508688402.3282087,1814
query,0,1508688402.4523678,2041
query,0,1508688402.4776459,384
query,0,1508688402.5216768,764
query,0,1508688402.687543,4501
query,0,1508688402.7289774,953
query,0,1508688402.771253,1591
query,0,1508688402.82355,2010
query,0,1508688402.8645535,8
query,0,1508688402.9211535,5
query,0,1508688402.944639,1070
query,0,1508688402.9798656,89
query,0,1508688403.0451636,1271
query,0,1508688403.1150417,76
query,0,1508688403.1644855,1733
query,0,1508688403.2353013,527
query,0,1508688403.279199,2015
query,0,1508688403.3715763,11
query,0,1508688403.46914,1363
query,0,1508688403.5473142,1126
query,0,1508688403.7678156,2330
query,0,1508688403.8812723,2123
query,0,1508688403.9705782,1327
query,0,1508688404.0657892,1340
query,0,1508688404.112446,9
query,0,1508688404.2057798,1177
query,0,1508688404.241645,17
query,0,1508688404.4164004,1364
query,0,1508688404.475963,3
query,0,1508688404.521178,1396
query,0,1508688404.5484517,55
query,0,1508688404.5952916,874
query,0,1508688404.641319,1
query,0,1508688404.6976335,75
query,0,1508688404.7817345,885
query,0,1508688404.8696172,3266
query,0,1508688404.9095035,1231
query,0,1508688404.95688,101
query,0,1508688404.991146,1253
query,0,1508688405.0330415,8
query,0,1508688405.0895877,1
query,0,1508688405.129539,1
query,0,1508688405.169557,1
query,0,1508688405.2192073,1180
query,0,1508688405.357666,2806
query,0,1508688405.3870304,368
query,0,1508688405.4257274,436
query,0,1508688405.4961321,1653
query,0,1508688405.5218878,1807
query,0,1508688405.5520692,366
query,0,1508688405.5772486,1020
query,0,1508688405.6037393,1125
query,0,1508688405.645555,1367
query,0,1508688405.6719408,2031
query,0,1508688405.7594576,2168
query,0,1508688405.8115134,1299
query,0,1508688405.8657393,1733
query,0,1508688405.9457083,5
query,0,1508688406.009827,4
query,0,1508688406.073557,1192
query,0,1508688406.1777215,2409
query,0,1508688406.2111838,375
query,0,1508688406.2471504,246
query,0,1508688406.2969081,76
query,0,1508688406.3240933,546
query,0,1508688406.3634305,35
query,0,1508688406.4071882,20
query,0,1508688406.4609842,423
query,0,1508688406.494932,661
query,0,1508688406.544767,389
query,0,1508688406.5887828,1750
query,0,1508688406.6818302,1586
query,0,1508688406.887763,2330
query,0,1508688406.9452622,1024
query,0,1508688406.9762528,396
query,0,1508688407.0199676,396
query,0,1508688407.06767,2015
query,0,1508688407.1054845,363
query,0,1508688407.1439812,439
query,0,1508688407.1936104,54
query,0,1508688407.2576506,477
query,0,1508688407.2997117,14
query,0,1508688407.4032645,2354
query,0,1508688407.4473107,1052
query,0,1508688407.4952157,545
query,0,1508688407.531186,232
query,0,1508688407.5612757,3
query,0,1508688407.5990677,220
query,0,1508688407.659216,230
query,0,1508688407.7072613,62
query,0,1508688407.7400208,603
query,0,1508688407.7692292,55
query,0,1508688407.7880683,2
query,0,1508688407.8219872,44
query,0,1508688407.912277,3192
query,0,1508688407.9391565,23
query,0,1508688407.9952722,1213
query,0,1508688408.2302933,2950
query,0,1508688408.2489986,154
query,0,1508688408.267846,1
query,0,1508688408.288616,39
query,0,1508688408.4112856,1909
query,0,1508688408.5540926,2255
query,0,1508688408.6320257,2137
query,0,1508688408.6582115,1981
query,0,1508688408.6998947,48
query,0,1508688408.7320328,1467
query,0,1508688408.7779584,269
query,0,1508688408.939234,2340
query,0,1508688409.002433,976
query,0,1508688409.0396883,15
query,0,1508688409.0994508,140
query,0,1508688409.1835678,1885
query,0,1508688409.3891015,3068
query,0,1508688409.416249,317
query,0,1508688409.465358,2
query,0,1508688409.5050275,70
query,0,1508688409.5972178,2958
query,0,1508688409.6432126,14
query,0,1508688409.681612,1
query,0,1508688409.7497797,2864
query,0,1508688409.7740006,1
query,0,1508688409.8006918,2
query,0,1508688409.845524,1
query,0,1508688409.8692324,10
query,0,1508688409.9071996,4
query,0,1508688409.9550889,48
query,0,1508688409.9860547,1983
query,0,1508688410.0172393,1
query,0,1508688410.063244,16
query,0,1508688410.2041042,272
query,0,1508688410.2560232,33
query,0,1508688410.3004072,3
query,0,1508688410.3596416,271
query,0,1508688410.4697168,1499
query,0,1508688410.530039,1293
query,0,1508688410.6133537,428
query,0,1508688410.645657,564
query,0,1508688410.7569354,1809
query,0,1508688410.8697379,3266
query,0,1508688410.923301,491
query,0,1508688411.005654,1072
query,0,1508688411.2243395,2002
query,0,1508688411.370206,2201
query,0,1508688411.4382465,1651
query,0,1508688411.4730275,451
query,0,1508688411.5152075,574
query,0,1508688411.717579,2131
query,0,1508688411.7571878,1860
query,0,1508688411.8004236,1444
query,0,1508688411.8490179,838
query,0,1508688411.922725,896
query,0,1508688411.9459958,325
query,0,1508688411.9683926,1350
query,0,1508688412.0119681,597
query,0,1508688412.0553532,428
query,0,1508688412.167905,2011
query,0,1508688412.2490919,1320
query,0,1508688412.3317554,2035
query,0,1508688412.4393241,2151
query,0,1508688412.5484781,2634
query,0,1508688412.6554985,2196
query,0,1508688412.751405,1783
query,0,1508688412.8601844,2864
query,0,1508688412.9569159,1659
query,0,1508688412.9936178,1072
query,0,1508688413.039481,415
query,0,1508688413.2576382,1620
query,0,1508688413.3897967,3192
query,0,1508688413.5123055,3202
query,0,1508688413.702396,3262
query,0,1508688413.9372468,1751
query,0,1508688414.1072297,2001
query,0,1508688414.318134,2253
query,0,1508688414.467943,791
query,0,1508688414.7571247,2396
query,0,1508688414.9865477,2077
query,0,1508688415.1675844,2077
query,0,1508688415.3281448,2920
query,0,1508688415.4913938,3192
query,0,1508688415.5352836,1655
query,0,1508688415.685499,2050
query,0,1508688415.7945802,1372
query,0,1508688415.9651773,2804
query,0,1508688416.0926394,2807
query,0,1508688416.1773517,2236
query,0,1508688416.2354846,1587
query,0,1508688416.3794456,3172
query,0,1508688416.4687154,2210
query,0,1508688416.6709857,2693
query,0,1508688416.801164,1977
query,0,1508688416.9566677,2807
query,0,1508688417.21318,2007
query,0,1508688417.2535305,162
query,0,1508688417.300302,1827
query,0,1508688417.3381758,693
query,0,1508688417.5598412,2079
query,0,1508688417.6371253,1996
query,0,1508688417.7956216,1460
query,0,1508688417.9989903,1781
query,0,1508688418.1749985,2696
query,0,1508688418.2298892,71
query,0,1508688418.2738051,22
query,0,1508688418.3260598,123
query,0,1508688418.3572757,577
query,0,1508688418.4576075,754
query,0,1508688418.713974,1942
query,0,1508688418.9075127,2813
query,0,1508688419.1514919,1525
query,0,1508688419.1969213,879
query,0,1508688419.3308403,755
query,0,1508688419.5203562,2813
query,0,1508688419.7892983,1920
query,0,1508688419.9437022,2073
query,0,1508688420.0821853,2049
query,0,1508688420.1881123,2536
query,0,1508688420.3496282,2644
query,0,1508688420.5849142,2346
query,0,1508688420.7034063,1556
query,0,1508688420.815366,2111
query,0,1508688420.8535461,1825
query,0,1508688420.9605484,1052
query,0,1508688421.0064383,5
query,0,1508688421.0913107,1841
query,0,1508688421.2466283,2295
query,0,1508688421.3371043,2041
query,0,1508688421.4115226,1161
query,0,1508688421.4594371,1608
query,0,1508688421.5153754,2385
query,0,1508688421.5651214,1376
query,0,1508688421.6010652,687
query,0,1508688421.7256594,1439
query,0,1508688421.785109,1342
query,0,1508688421.8359323,1656
query,0,1508688421.9095068,2813
query,0,1508688422.031895,474
query,0,1508688422.2437646,2339
query,0,1508688422.3892097,2807
query,0,1508688422.5460393,1997
query,0,1508688422.6242688,1007
query,0,1508688422.6499798,403
query,0,1508688422.6839933,921
query,0,1508688422.7131474,427
query,0,1508688422.7492018,310
query,0,1508688422.9671261,2138
query,0,1508688423.0090058,626
query,0,1508688423.153331,2253
query,0,1508688423.2914286,1386
query,0,1508688423.3812423,1760
query,0,1508688423.4443946,382
query,0,1508688423.5333543,1666
query,0,1508688423.6015823,1776
query,0,1508688423.6446154,794
query,0,1508688423.6883333,1725
query,0,1508688423.706226,1
query,0,1508688423.7623699,1983
query,0,1508688423.9551868,2154
query,0,1508688424.1500123,2470
query,0,1508688424.1913357,1844
query,0,1508688424.2523384,1358
query,0,1508688424.2981775,1105
query,0,1508688424.3863087,1247
query,0,1508688424.4686573,1758
query,0,1508688424.560235,2679
query,0,1508688424.6300976,830
query,0,1508688424.7235873,2524
query,0,1508688424.8249326,4928
query,0,1508688424.9195824,4872
query,0,1508688424.9566996,39
query,0,1508688425.0231764,42
query,0,1508688425.109284,3714
query,0,1508688425.139621,158
query,0,1508688425.2731972,1925
query,0,1508688425.404668,2601
query,0,1508688425.4811754,417
query,0,1508688425.5699542,3499
query,0,1508688425.776699,2630
query,0,1508688425.8072052,382
query,0,1508688425.8432748,1522
query,0,1508688426.0609818,2674
query,0,1508688426.095147,676
query,0,1508688426.191189,2437
query,0,1508688426.3268287,1521
query,0,1508688426.375337,882
query,0,1508688426.4212341,50
query,0,1508688426.461124,2001
query,0,1508688426.5342376,420
query,0,1508688426.615756,1276
query,0,1508688426.7356513,1802
query,0,1508688426.8542595,2067
query,0,1508688426.9014602,1
query,0,1508688426.9418955,19
query,0,1508688426.96925,1
query,0,1508688427.00884,1
query,0,1508688427.0417292,1
query,0,1508688427.088615,1
query,0,1508688427.117573,1
