tables,1509301855.8656895,1509302596.9450686
query,1509302596.9458184,1509302596.9978316,1549
query,1509302597.0114496,1509302597.0642242,4413
query,1509302597.0642283,1509302597.1163037,5031
query,1509302597.1163068,1509302597.16729,1576
query,1509302597.1672938,1509302597.2121415,136
query,1509302597.2121453,1509302597.3066833,8162
query,1509302597.3066869,1509302597.3468084,86
query,1509302597.3468115,1509302597.3789732,176
query,1509302597.378977,1509302597.4131973,927
query,1509302597.413201,1509302597.4441338,505
query,1509302597.4441373,1509302597.4918888,1583
query,1509302597.491892,1509302597.5473266,2698
query,1509302597.5473309,1509302597.5969822,1583
query,1509302597.5969858,1509302597.6701767,7624
query,1509302597.6701803,1509302597.7016337,703
query,1509302597.701637,1509302597.7591934,4403
query,1509302597.7591968,1509302597.789748,18
query,1509302597.7897513,1509302597.8342087,1585
query,1509302597.8342125,1509302597.8613966,67
query,1509302597.8613994,1509302597.9072602,1583
query,1509302597.9073102,1509302597.9574153,1518
query,1509302597.9697025,1509302598.0056083,1666
query,1509302598.0056124,1509302598.0454402,1567
query,1509302598.0454443,1509302598.1040328,5708
query,1509302598.1040366,1509302598.1334822,660
query,1509302598.1334858,1509302598.1806898,1583
query,1509302598.1806934,1509302598.2274523,1583
query,1509302598.2274566,1509302598.278737,1583
query,1509302598.278741,1509302598.3252337,1583
query,1509302598.3252375,1509302598.3714352,1583
query,1509302598.371439,1509302598.3951986,22
query,1509302598.3952024,1509302598.4204352,28
query,1509302598.4204392,1509302598.488547,8655
query,1509302598.488551,1509302598.5296667,2641
query,1509302598.5296705,1509302598.6080048,14273
query,1509302598.6080089,1509302598.6532354,4807
query,1509302598.6532393,1509302598.6785824,8
query,1509302598.678586,1509302598.7207851,6053
query,1509302598.7208104,1509302598.818767,10703
query,1509302598.8187714,1509302598.8779488,5146
query,1509302598.877988,1509302599.051484,13879
query,1509302599.0637596,1509302599.2131846,13752
query,1509302599.2131884,1509302599.3239417,14691
query,1509302599.3239462,1509302599.4812534,19709
query,1509302599.481258,1509302599.511286,858
query,1509302599.51129,1509302599.578164,8964
query,1509302599.5781674,1509302599.6797776,13301
query,1509302599.6797812,1509302599.7789555,17053
query,1509302599.7789588,1509302599.7951806,5
query,1509302599.795184,1509302599.90022,14
query,1509302599.9002235,1509302599.9621942,6169
query,1509302599.9621978,1509302599.9688911,0
query,1509302599.9688942,1509302600.1051455,14304
query,1509302600.105148,1509302600.1561134,1910
query,1509302600.1561162,1509302600.2055542,1638
query,1509302600.2055583,1509302600.2643585,4979
query,1509302600.2643616,1509302600.3300292,6795
query,1509302600.3300328,1509302600.449251,8779
query,1509302600.4492548,1509302600.5261962,5981
query,1509302600.5262005,1509302600.5691423,63
query,1509302600.5691793,1509302600.6317475,7
query,1509302600.644347,1509302600.694955,1797
query,1509302600.694959,1509302600.8090634,14673
query,1509302600.8090677,1509302600.899701,7842
query,1509302600.8997052,1509302600.951586,892
query,1509302600.95159,1509302601.008619,3041
query,1509302601.0086234,1509302601.059356,833
query,1509302601.0593598,1509302601.159104,13521
query,1509302601.1591077,1509302601.2103388,4386
query,1509302601.2103426,1509302601.245749,3799
query,1509302601.2457526,1509302601.3044496,7324
query,1509302601.3044531,1509302601.420608,12032
query,1509302601.4206126,1509302601.4304926,1
query,1509302601.4304957,1509302601.481082,1309
query,1509302601.4810858,1509302601.5632977,5724
query,1509302601.5633016,1509302601.6317158,6427
query,1509302601.631719,1509302601.6397157,0
query,1509302601.639719,1509302601.6830437,65
query,1509302601.6830473,1509302601.7268922,334
query,1509302601.7268956,1509302601.7749276,835
query,1509302601.774965,1509302601.883986,9029
query,1509302601.8964188,1509302601.9554398,959
query,1509302601.9554434,1509302602.004575,1725
query,1509302602.0045786,1509302602.048186,27
query,1509302602.0481894,1509302602.10739,4907
query,1509302602.1073937,1509302602.141007,206
query,1509302602.141011,1509302602.1505902,0
query,1509302602.1505945,1509302602.217032,7181
query,1509302602.217036,1509302602.2472935,428
query,1509302602.247297,1509302602.2824516,3209
query,1509302602.282455,1509302602.3507602,5910
query,1509302602.3507638,1509302602.3986812,2294
query,1509302602.3986847,1509302602.442881,368
query,1509302602.4428852,1509302602.4913568,3755
query,1509302602.4913602,1509302602.5215275,696
query,1509302602.521531,1509302602.5637445,3638
query,1509302602.563748,1509302602.6264734,7169
query,1509302602.626477,1509302602.7136369,10141
query,1509302602.7136407,1509302602.7812824,4949
query,1509302602.7812862,1509302602.8553398,11048
query,1509302602.8553793,1509302602.9116893,10
query,1509302602.9238584,1509302602.9722943,7163
query,1509302602.9722986,1509302603.0203087,4476
query,1509302603.0203123,1509302603.072731,1905
query,1509302603.0727344,1509302603.1152844,460
query,1509302603.1152885,1509302603.2077353,8058
query,1509302603.207739,1509302603.3359616,20707
query,1509302603.3359654,1509302603.386615,3918
query,1509302603.386619,1509302603.4208431,109
query,1509302603.420847,1509302603.535955,15365
query,1509302603.5359585,1509302603.5719523,1557
query,1509302603.5719562,1509302603.640441,7469
query,1509302603.6404445,1509302603.6921768,420
query,1509302603.6921804,1509302603.8141706,19757
query,1509302603.8141744,1509302603.8592849,1312
query,1509302603.8592885,1509302603.8912492,413
query,1509302603.8912528,1509302603.921054,1195
query,1509302603.9210577,1509302604.0005624,10227
query,1509302604.0005662,1509302604.0559163,6184
query,1509302604.0559201,1509302604.089461,104
query,1509302604.0894992,1509302604.130981,100
query,1509302604.1430244,1509302604.1883714,2606
query,1509302604.1883752,1509302604.269808,11014
query,1509302604.269812,1509302604.2990916,162
query,1509302604.2990959,1509302604.3530595,5160
query,1509302604.3530643,1509302604.3948283,4348
query,1509302604.3948321,1509302604.4235566,317
query,1509302604.4235604,1509302604.5401313,19366
query,1509302604.5401351,1509302604.5683045,506
query,1509302604.5683084,1509302604.6880171,22699
query,1509302604.6880212,1509302604.7964008,20338
query,1509302604.7964046,1509302604.9048812,15345
query,1509302604.904885,1509302604.931523,1120
query,1509302604.931527,1509302604.9632702,1132
query,1509302604.9632745,1509302605.0414562,12931
query,1509302605.0414598,1509302605.0644464,81
query,1509302605.06445,1509302605.096891,3007
query,1509302605.0968952,1509302605.1497142,8870
query,1509302605.1497183,1509302605.1801074,159
query,1509302605.1801114,1509302605.226618,5278
query,1509302605.2266872,1509302605.280405,3750
query,1509302605.2928803,1509302605.441806,15816
query,1509302605.4418106,1509302605.4943178,2667
query,1509302605.494321,1509302605.5607784,3564
query,1509302605.560782,1509302605.648243,12932
query,1509302605.648247,1509302605.7810514,23710
query,1509302605.7810562,1509302605.8318925,645
query,1509302605.8318965,1509302605.8875034,2461
query,1509302605.8875077,1509302605.9847422,11563
query,1509302605.9847465,1509302606.0366144,3043
query,1509302606.0366178,1509302606.1811554,19915
query,1509302606.1811597,1509302606.1896641,0
query,1509302606.1896675,1509302606.2793322,7450
query,1509302606.279337,1509302606.318897,54
query,1509302606.3189013,1509302606.3463814,3
query,1509302606.3463848,1509302606.3833935,605
query,1509302606.3833973,1509302606.4353142,5452
query,1509302606.4353178,1509302606.5107455,7255
query,1509302606.510749,1509302606.6189368,21853
query,1509302606.6189406,1509302606.698874,14566
query,1509302606.698913,1509302606.772422,1639
query,1509302606.7845457,1509302606.8373325,3182
query,1509302606.8373356,1509302606.905005,6764
query,1509302606.9050083,1509302606.9687824,4678
query,1509302606.9687858,1509302607.0046074,142
query,1509302607.0046108,1509302607.0323992,63
query,1509302607.0324025,1509302607.0936694,9440
query,1509302607.0936728,1509302607.2129629,20018
query,1509302607.2129667,1509302607.263846,6604
query,1509302607.2638493,1509302607.297909,294
query,1509302607.2979124,1509302607.3974755,12170
query,1509302607.3974788,1509302607.4488757,3417
query,1509302607.4488795,1509302607.4932506,914
query,1509302607.493255,1509302607.6029732,12059
query,1509302607.6029766,1509302607.7070506,12903
query,1509302607.7070546,1509302607.8428378,13198
query,1509302607.8428419,1509302607.904908,2952
query,1509302607.9049122,1509302607.946446,13
query,1509302607.9464498,1509302608.0261636,9058
query,1509302608.0261674,1509302608.132782,20217
query,1509302608.1328523,1509302608.2207177,3228
query,1509302608.2359905,1509302608.2802117,4586
query,1509302608.2802157,1509302608.346214,5714
query,1509302608.3462179,1509302608.492857,14510
query,1509302608.4928608,1509302608.58313,14092
query,1509302608.583134,1509302608.6397986,6245
query,1509302608.639803,1509302608.681091,3080
query,1509302608.6810951,1509302608.7074778,10
query,1509302608.7074826,1509302608.7382517,117
query,1509302608.7382555,1509302608.854403,17398
query,1509302608.8544075,1509302608.8830674,844
query,1509302608.8830712,1509302608.9134614,846
query,1509302608.9134653,1509302608.922489,1
query,1509302608.922492,1509302608.991348,7391
query,1509302608.9913516,1509302609.0009716,0
query,1509302609.0009751,1509302609.079206,8367
query,1509302609.0792096,1509302609.1568573,11095
query,1509302609.1568618,1509302609.1998763,2302
query,1509302609.1998806,1509302609.2678976,9042
query,1509302609.2679021,1509302609.401632,16565
query,1509302609.401677,1509302609.4391465,1567
query,1509302609.4525557,1509302609.4699438,6
query,1509302609.469947,1509302609.528421,10957
query,1509302609.528425,1509302609.5629191,3331
query,1509302609.5629237,1509302609.5940037,2361
query,1509302609.5940082,1509302609.6570683,9927
query,1509302609.6570718,1509302609.7334523,12303
query,1509302609.7334561,1509302609.763547,184
query,1509302609.7635503,1509302609.7706583,0
query,1509302609.7706616,1509302609.8510437,11210
query,1509302609.8510478,1509302609.8947804,406
query,1509302609.894784,1509302609.9514756,10807
query,1509302609.9514794,1509302610.036678,12597
query,1509302610.0366817,1509302610.109628,8780
query,1509302610.1096315,1509302610.1409883,1558
query,1509302610.1409922,1509302610.2075367,11621
query,1509302610.2075405,1509302610.248093,5224
query,1509302610.248097,1509302610.297307,4341
query,1509302610.2973108,1509302610.328072,2141
query,1509302610.3280756,1509302610.3645024,1946
query,1509302610.3645465,1509302610.429183,5647
query,1509302610.441927,1509302610.499328,121
query,1509302610.4993315,1509302610.5529904,2355
query,1509302610.5529943,1509302610.6061954,3163
query,1509302610.606199,1509302610.6532185,3249
query,1509302610.653222,1509302610.7484875,12735
query,1509302610.7484918,1509302610.8257692,11618
query,1509302610.8257735,1509302610.9354062,20995
query,1509302610.93541,1509302610.9897695,896
query,1509302610.9897735,1509302610.9981682,0
query,1509302610.9981713,1509302611.1004598,9767
query,1509302611.1004632,1509302611.1608539,4075
query,1509302611.1608584,1509302611.206707,2355
query,1509302611.2067115,1509302611.2693646,2824
query,1509302611.2693684,1509302611.354286,11667
query,1509302611.3542895,1509302611.362515,0
query,1509302611.3625183,1509302611.4718432,11955
query,1509302611.4718466,1509302611.5866647,21461
query,1509302611.586669,1509302611.6307983,19
query,1509302611.630802,1509302611.6770089,499
query,1509302611.6770494,1509302611.8006713,13333
query,1509302611.8133135,1509302611.9175572,18482
query,1509302611.9175613,1509302611.9680405,4686
query,1509302611.968044,1509302612.047034,8038
query,1509302612.047038,1509302612.1384926,12180
query,1509302612.1384962,1509302612.214998,11187
query,1509302612.2150013,1509302612.2789497,6752
query,1509302612.2789533,1509302612.2875338,0
query,1509302612.287537,1509302612.331801,114
query,1509302612.331805,1509302612.4816825,20788
query,1509302612.4816868,1509302612.5154874,2257
query,1509302612.5154915,1509302612.5397413,19
query,1509302612.539745,1509302612.6291077,12464
query,1509302612.629111,1509302612.6528971,21
query,1509302612.6529005,1509302612.7733693,12496
query,1509302612.7733734,1509302612.8581398,10068
query,1509302612.8581448,1509302612.9358842,8396
query,1509302612.9358885,1509302612.950376,1
query,1509302612.9503794,1509302612.9591575,0
query,1509302612.9591608,1509302613.0167208,1868
query,1509302613.0167665,1509302613.1746554,13658
query,1509302613.1868098,1509302613.2145102,141
query,1509302613.2145138,1509302613.221267,0
query,1509302613.2212706,1509302613.2847576,8932
query,1509302613.2847617,1509302613.3584864,7119
query,1509302613.3584905,1509302613.4071834,1598
query,1509302613.4071872,1509302613.4165947,0
query,1509302613.4165988,1509302613.4694576,550
query,1509302613.4694614,1509302613.6284626,14838
query,1509302613.6284664,1509302613.6555343,9
query,1509302613.6555388,1509302613.6694372,5
query,1509302613.6694407,1509302613.705691,4271
query,1509302613.705695,1509302613.713041,0
query,1509302613.713045,1509302613.747342,2772
query,1509302613.747346,1509302613.8156078,11399
query,1509302613.8156118,1509302613.9027116,11509
query,1509302613.9027162,1509302613.9816697,5408
query,1509302613.9816737,1509302614.0925846,10032
query,1509302614.092588,1509302614.1217995,98
query,1509302614.1218033,1509302614.198196,9060
query,1509302614.1982543,1509302614.2374558,182
query,1509302614.251414,1509302614.39034,19411
query,1509302614.390344,1509302614.4243102,3128
query,1509302614.4243138,1509302614.4499414,277
query,1509302614.4499457,1509302614.4876127,3507
query,1509302614.4876168,1509302614.5345106,4098
query,1509302614.5345147,1509302614.5865047,1878
query,1509302614.5865085,1509302614.6962073,13899
query,1509302614.696211,1509302614.798622,8041
query,1509302614.7986264,1509302614.836014,1439
query,1509302614.8360178,1509302614.8846493,4021
query,1509302614.8846533,1509302614.967721,9668
query,1509302614.9677255,1509302615.069302,17543
query,1509302615.0693061,1509302615.105501,2505
query,1509302615.1055048,1509302615.1126022,0
query,1509302615.1126056,1509302615.1509066,1371
query,1509302615.1509104,1509302615.1668668,4
query,1509302615.16687,1509302615.2171712,6806
query,1509302615.2171757,1509302615.297173,9788
query,1509302615.2971766,1509302615.3513322,8053
query,1509302615.351374,1509302615.3919775,172
query,1509302615.4055436,1509302615.4530694,3848
query,1509302615.453073,1509302615.5005355,5602
query,1509302615.5005395,1509302615.580499,8188
query,1509302615.5805032,1509302615.6470912,11055
query,1509302615.647095,1509302615.6751955,1896
query,1509302615.675199,1509302615.732128,9027
query,1509302615.7321317,1509302615.7744799,2713
query,1509302615.7744844,1509302615.8297591,3361
query,1509302615.8297625,1509302615.9730484,23168
query,1509302615.9730523,1509302615.9867048,2
query,1509302615.9867084,1509302616.0174563,2392
query,1509302616.0174599,1509302616.024723,0
query,1509302616.0247266,1509302616.047363,247
query,1509302616.0473664,1509302616.1490169,17199
query,1509302616.1490207,1509302616.1759908,1013
query,1509302616.1759942,1509302616.2680838,11128
query,1509302616.2680876,1509302616.3373134,8062
query,1509302616.3373172,1509302616.3441825,0
query,1509302616.3441865,1509302616.3687272,54
query,1509302616.3687649,1509302616.4677258,16207
query,1509302616.479736,1509302616.5138097,1243
query,1509302616.5138135,1509302616.6381495,21166
query,1509302616.6381533,1509302616.8004203,22124
query,1509302616.8004246,1509302616.87173,10524
query,1509302616.871734,1509302616.9875035,13354
query,1509302616.9875076,1509302617.1624823,20839
query,1509302617.1624868,1509302617.2118092,273
query,1509302617.2118425,1509302617.280702,10955
query,1509302617.2807066,1509302617.3481476,10525
query,1509302617.3481514,1509302617.434954,14371
query,1509302617.4349582,1509302617.5429976,12057
query,1509302617.5430017,1509302617.556381,1
query,1509302617.556385,1509302617.606949,3574
query,1509302617.606953,1509302617.6551354,3740
query,1509302617.655139,1509302617.709018,3585
query,1509302617.709022,1509302617.7557497,355
query,1509302617.7557542,1509302617.8212352,3918
query,1509302617.8212395,1509302617.8800876,2512
query,1509302617.8800917,1509302618.024057,13580
query,1509302618.0241003,1509302618.1176097,7246
query,1509302618.129752,1509302618.2684028,22707
query,1509302618.2684066,1509302618.2971878,1456
query,1509302618.2971916,1509302618.3389285,528
query,1509302618.338932,1509302618.4626627,13201
query,1509302618.4626667,1509302618.501279,4935
query,1509302618.5012832,1509302618.5580409,8309
query,1509302618.5580451,1509302618.6033442,1362
query,1509302618.603348,1509302618.658012,3194
query,1509302618.658016,1509302618.7556057,10313
query,1509302618.7556098,1509302618.878476,12039
query,1509302618.87848,1509302618.937648,6929
query,1509302618.9376519,1509302618.9774578,5109
query,1509302618.9774616,1509302619.0218158,60
query,1509302619.0218194,1509302619.1003144,7304
query,1509302619.1003182,1509302619.1797726,10889
query,1509302619.179777,1509302619.2367022,3332
query,1509302619.236706,1509302619.288769,1109
query,1509302619.2887723,1509302619.3026845,2
query,1509302619.302688,1509302619.3468425,44
query,1509302619.3468852,1509302619.5041099,20945
query,1509302619.517051,1509302619.6325738,15322
query,1509302619.6325788,1509302619.6684217,23
query,1509302619.6684258,1509302619.6820261,1
query,1509302619.6820295,1509302619.722782,4463
query,1509302619.7227857,1509302619.7849324,5082
query,1509302619.7849371,1509302619.840599,8059
query,1509302619.8406036,1509302619.8724322,1997
query,1509302619.8724363,1509302619.9032228,2032
query,1509302619.9032269,1509302619.9840004,9062
query,1509302619.9840045,1509302620.0229516,3792
query,1509302620.0229564,1509302620.067859,6036
query,1509302620.0678637,1509302620.0982318,1766
query,1509302620.0982356,1509302620.1592479,10216
query,1509302620.1592522,1509302620.1835413,21
query,1509302620.183545,1509302620.2096374,688
query,1509302620.2096417,1509302620.2463372,4914
query,1509302620.246341,1509302620.3512464,16331
query,1509302620.3512502,1509302620.35838,0
query,1509302620.3583834,1509302620.388646,1230
query,1509302620.3886843,1509302620.4113662,4
query,1509302620.4186144,1509302620.4498272,1559
query,1509302620.4498315,1509302620.4794366,876
query,1509302620.4794407,1509302620.5187428,3829
query,1509302620.5187466,1509302620.581621,7950
query,1509302620.581625,1509302620.673423,10436
query,1509302620.673428,1509302620.7169948,114
query,1509302620.7169983,1509302620.776545,5334
query,1509302620.7765486,1509302620.8218877,1576
query,1509302620.8218913,1509302620.8300238,0
query,1509302620.8300273,1509302620.9036589,5499
query,1509302620.9036634,1509302620.9650114,1946
query,1509302620.9650154,1509302621.019474,3392
query,1509302621.0194778,1509302621.097495,11223
query,1509302621.0974991,1509302621.1857245,11232
query,1509302621.1857285,1509302621.28382,6760
query,1509302621.2838237,1509302621.3705354,7687
query,1509302621.3705397,1509302621.413069,127
query,1509302621.4130726,1509302621.4325023,2
query,1509302621.4325063,1509302621.5242708,15153
query,1509302621.524308,1509302621.600512,10251
query,1509302621.6133516,1509302621.6487498,940
query,1509302621.6487532,1509302621.7092519,6823
query,1509302621.7092552,1509302621.7682202,9122
query,1509302621.768224,1509302621.7953517,15
query,1509302621.7953556,1509302621.9172394,24228
query,1509302621.917243,1509302621.9502697,1792
query,1509302621.950274,1509302621.9752476,64
query,1509302621.975252,1509302622.0312762,8690
query,1509302622.0312805,1509302622.10543,13781
query,1509302622.105434,1509302622.1437478,2942
query,1509302622.143752,1509302622.225967,11063
query,1509302622.2259705,1509302622.260199,138
query,1509302622.2602031,1509302622.2917087,188
query,1509302622.291713,1509302622.3227308,22
query,1509302622.322735,1509302622.3964345,9252
query,1509302622.396438,1509302622.4503736,7149
query,1509302622.450378,1509302622.4756722,265
query,1509302622.4756765,1509302622.5252492,4410
query,1509302622.525253,1509302622.5572734,3
query,1509302622.557308,1509302622.6492455,4714
query,1509302622.6619854,1509302622.7068083,615
query,1509302622.706812,1509302622.7804976,10919
query,1509302622.780502,1509302622.8511016,12802
query,1509302622.8511052,1509302622.879997,707
query,1509302622.88,1509302623.025537,21663
query,1509302623.0255404,1509302623.2048788,18790
query,1509302623.2048833,1509302623.2886655,19836
query,1509302623.288669,1509302623.3504395,3104
query,1509302623.3504436,1509302623.370047,3
query,1509302623.3700504,1509302623.4157224,1240
query,1509302623.4157262,1509302623.457222,386
query,1509302623.4572256,1509302623.5018466,5505
query,1509302623.5018504,1509302623.5620391,7428
query,1509302623.562043,1509302623.5982525,5169
query,1509302623.598256,1509302623.6223767,60
query,1509302623.62238,1509302623.6409545,5
query,1509302623.640958,1509302623.7259974,14077
query,1509302623.726001,1509302623.7522779,13
query,1509302623.7522817,1509302623.7764409,649
query,1509302623.7764761,1509302623.872978,12020
query,1509302623.8858943,1509302623.9343839,337
query,1509302623.9343877,1509302623.9803214,481
query,1509302623.9803252,1509302624.035177,2548
query,1509302624.0351808,1509302624.0798864,1403
query,1509302624.07989,1509302624.1731508,10906
query,1509302624.1731553,1509302624.202489,655
query,1509302624.202493,1509302624.2567852,3833
query,1509302624.256821,1509302624.3111613,1349
query,1509302624.3111656,1509302624.3825395,8552
query,1509302624.382544,1509302624.485429,11555
query,1509302624.4854329,1509302624.5312872,19
query,1509302624.5312903,1509302624.6546462,15727
query,1509302624.6546507,1509302624.6821566,11
query,1509302624.6821609,1509302624.780092,16110
query,1509302624.7800963,1509302624.8960218,20720
query,1509302624.8960261,1509302625.0041072,16176
query,1509302625.0041115,1509302625.1194737,14499
query,1509302625.1194785,1509302625.1331313,3
query,1509302625.1331353,1509302625.414144,4907
query,1509302625.4141889,1509302625.5391314,8392
query,1509302625.5511596,1509302625.5889618,984
query,1509302625.5889661,1509302625.6163797,1636
query,1509302625.6163838,1509302625.6702082,3277
query,1509302625.6702118,1509302625.7198734,594
query,1509302625.719877,1509302625.8508623,13633
query,1509302625.850866,1509302625.995519,24893
query,1509302625.9955223,1509302626.064468,4658
query,1509302626.064472,1509302626.1039433,3089
query,1509302626.1039472,1509302626.1746264,3204
query,1509302626.1746304,1509302626.302073,11488
query,1509302626.302077,1509302626.3452048,2047
query,1509302626.3452091,1509302626.3784795,929
query,1509302626.3784838,1509302626.5304124,23139
query,1509302626.5304172,1509302626.556357,1062
query,1509302626.5563607,1509302626.6017427,2955
query,1509302626.6017468,1509302626.668352,6524
query,1509302626.668356,1509302626.6968234,1011
query,1509302626.6968272,1509302626.75176,5014
query,1509302626.751764,1509302626.7920048,5724
query,1509302626.792049,1509302626.9016812,20057
query,1509302626.9145374,1509302627.0011606,8311
query,1509302627.0011644,1509302627.0732741,10573
query,1509302627.073278,1509302627.148091,7217
query,1509302627.1480963,1509302627.1884308,5954
query,1509302627.188435,1509302627.229307,6256
query,1509302627.2293112,1509302627.2562284,6
query,1509302627.2562323,1509302627.288914,3037
query,1509302627.2889183,1509302627.3643346,12750
query,1509302627.3643394,1509302627.3949654,998
query,1509302627.39497,1509302627.466034,8571
query,1509302627.4660385,1509302627.506861,4596
query,1509302627.5068653,1509302627.6289535,20578
query,1509302627.628958,1509302627.6423512,2
query,1509302627.6423547,1509302627.67982,2731
query,1509302627.6798244,1509302627.8227568,15382
query,1509302627.8227608,1509302627.8713155,271
query,1509302627.8713195,1509302627.9600768,9376
query,1509302627.9600813,1509302628.0289974,8886
query,1509302628.0290017,1509302628.1422462,12070
query,1509302628.1422918,1509302628.192516,2
query,1509302628.200693,1509302628.2754226,9233
query,1509302628.2754264,1509302628.3153253,2464
query,1509302628.3153293,1509302628.3441103,1858
query,1509302628.344114,1509302628.3843038,4875
query,1509302628.3843076,1509302628.4191628,3067
query,1509302628.4191663,1509302628.4784002,9230
query,1509302628.4784043,1509302628.513158,3858
query,1509302628.5131621,1509302628.6194503,20720
query,1509302628.619454,1509302628.691769,4446
query,1509302628.6917727,1509302628.8079379,21576
query,1509302628.8079422,1509302628.9813254,15936
query,1509302628.9813297,1509302629.0272515,428
query,1509302629.0272558,1509302629.0737746,3036
query,1509302629.0737784,1509302629.116727,1164
query,1509302629.1167312,1509302629.2337816,22021
query,1509302629.233786,1509302629.364487,15232
query,1509302629.3644915,1509302629.4743953,21243
query,1509302629.4743993,1509302629.5095718,737
query,1509302629.5095758,1509302629.5650485,8574
query,1509302629.5650892,1509302629.6145098,7
query,1509302629.627476,1509302629.7335103,11821
query,1509302629.7335143,1509302629.7727692,3844
query,1509302629.772773,1509302629.8193266,960
query,1509302629.8193302,1509302629.8991098,8834
query,1509302629.8991144,1509302629.9429474,227
query,1509302629.9429512,1509302630.0352564,12361
query,1509302630.0352612,1509302630.0882232,644
query,1509302630.088227,1509302630.2393486,18913
query,1509302630.239353,1509302630.3215697,11183
query,1509302630.321574,1509302630.4027808,13771
query,1509302630.4027853,1509302630.5081153,20891
query,1509302630.5081198,1509302630.536452,59
query,1509302630.5364559,1509302630.6516743,21254
query,1509302630.6516783,1509302630.679656,1747
query,1509302630.6796596,1509302630.722151,6458
query,1509302630.722155,1509302630.7787402,5260
query,1509302630.7787442,1509302630.8034127,928
query,1509302630.8034167,1509302630.817774,3
query,1509302630.8177774,1509302630.8686426,10101
query,1509302630.868682,1509302630.937977,7545
query,1509302630.9504244,1509302631.0112329,2738
query,1509302631.0112364,1509302631.0908158,7612
query,1509302631.0908196,1509302631.1512089,5119
query,1509302631.1512127,1509302631.2108393,3418
query,1509302631.2108438,1509302631.219621,0
query,1509302631.2196248,1509302631.3095002,9816
query,1509302631.3095043,1509302631.381493,8072
query,1509302631.381497,1509302631.4972632,18387
query,1509302631.4972668,1509302631.5252984,1146
query,1509302631.5253024,1509302631.5620086,1578
query,1509302631.5620127,1509302631.604246,2452
query,1509302631.60425,1509302631.704591,20001
query,1509302631.7045949,1509302631.8295891,21826
query,1509302631.8295944,1509302631.8744235,365
query,1509302631.874427,1509302631.9253118,4594
query,1509302631.925316,1509302631.9731448,3910
query,1509302631.9731486,1509302632.0790484,10585
query,1509302632.0790524,1509302632.1203961,2610
query,1509302632.1204,1509302632.1495905,248
query,1509302632.1496294,1509302632.1938171,251
query,1509302632.2085643,1509302632.2477195,5186
query,1509302632.2477236,1509302632.3442335,13200
query,1509302632.3442376,1509302632.4130661,12096
query,1509302632.4130704,1509302632.4512846,2702
query,1509302632.4512887,1509302632.5499403,9869
query,1509302632.5499444,1509302632.5768394,133
query,1509302632.5768433,1509302632.681414,13660
query,1509302632.681418,1509302632.7187274,4183
query,1509302632.7187314,1509302632.7762103,8409
query,1509302632.7762146,1509302632.824491,5003
query,1509302632.8244958,1509302632.8729274,5036
query,1509302632.872932,1509302632.9227726,7408
query,1509302632.922777,1509302632.9889052,4098
query,1509302632.988909,1509302633.0760524,11037
query,1509302633.076057,1509302633.1739833,14417
query,1509302633.173988,1509302633.2322176,6193
query,1509302633.232222,1509302633.3462565,23040
query,1509302633.346261,1509302633.423491,5122
query,1509302633.4234953,1509302633.473564,1010
query,1509302633.4736187,1509302633.549203,77
query,1509302633.5649166,1509302633.5814536,2
query,1509302633.581457,1509302633.6154473,1846
query,1509302633.6154506,1509302633.6727247,2975
query,1509302633.6727285,1509302633.7232666,3076
query,1509302633.7232704,1509302633.7812421,2816
query,1509302633.7812457,1509302633.8231087,282
query,1509302633.823112,1509302633.8762798,4728
query,1509302633.8762834,1509302633.9136684,3263
query,1509302633.9136724,1509302633.9413571,5
query,1509302633.941361,1509302634.0815833,14550
query,1509302634.0815873,1509302634.132872,4474
query,1509302634.1328769,1509302634.173158,6
query,1509302634.1731627,1509302634.3068783,15465
query,1509302634.3068824,1509302634.3710248,4028
query,1509302634.371029,1509302634.4111009,72
query,1509302634.4111054,1509302634.4707344,4523
query,1509302634.4707386,1509302634.5147603,741
query,1509302634.514764,1509302634.5925794,8639
query,1509302634.5925837,1509302634.6500218,4059
query,1509302634.6500647,1509302634.7327523,2694
query,1509302634.7452621,1509302634.7882888,434
query,1509302634.7882926,1509302634.862002,10806
query,1509302634.862006,1509302634.9003427,3375
query,1509302634.9003468,1509302634.9287784,1022
query,1509302634.9287827,1509302634.9735758,115
query,1509302634.97358,1509302635.0188274,965
query,1509302635.0188322,1509302635.0610335,463
query,1509302635.0610378,1509302635.0996275,13
query,1509302635.0996315,1509302635.1392395,701
query,1509302635.1392434,1509302635.21627,11511
query,1509302635.2162743,1509302635.260957,714
query,1509302635.260961,1509302635.383037,12018
query,1509302635.383041,1509302635.4670904,6836
query,1509302635.467094,1509302635.5272818,4305
query,1509302635.5272858,1509302635.5550244,3
query,1509302635.5550282,1509302635.6389773,11640
query,1509302635.6389813,1509302635.7137785,10442
query,1509302635.7137825,1509302635.7629173,5780
query,1509302635.7629213,1509302635.8463573,3912
query,1509302635.8464038,1509302635.9108193,557
query,1509302635.9264617,1509302635.951549,1315
query,1509302635.9515543,1509302636.0270622,8933
query,1509302636.0270662,1509302636.0917594,5590
query,1509302636.0917633,1509302636.100865,0
query,1509302636.1008682,1509302636.2218359,19771
query,1509302636.2218406,1509302636.2545793,2602
query,1509302636.2545834,1509302636.2812114,1001
query,1509302636.2812152,1509302636.305751,19
query,1509302636.305755,1509302636.333203,2079
query,1509302636.3332071,1509302636.3582408,301
query,1509302636.3582444,1509302636.5285087,23246
query,1509302636.5285125,1509302636.6621716,22598
query,1509302636.6621757,1509302636.671097,0
query,1509302636.6711004,1509302636.6851904,4
query,1509302636.6851943,1509302636.7907677,9672
query,1509302636.7907712,1509302636.8796458,9408
query,1509302636.8796494,1509302636.949608,5261
query,1509302636.9496117,1509302636.9886158,8
query,1509302636.9886193,1509302637.0372624,1950
query,1509302637.0373077,1509302637.2152252,18151
query,1509302637.2273436,1509302637.3206136,10206
query,1509302637.3206172,1509302637.3707805,8400
query,1509302637.3707845,1509302637.4582505,13546
query,1509302637.4582546,1509302637.4992344,5195
query,1509302637.499238,1509302637.5676532,10386
query,1509302637.567658,1509302637.6124763,334
query,1509302637.6124804,1509302637.6633422,3583
query,1509302637.663346,1509302637.7528577,6809
query,1509302637.7528617,1509302637.8584142,11706
query,1509302637.8584187,1509302637.975462,14241
query,1509302637.975467,1509302638.0069108,901
query,1509302638.006915,1509302638.1129212,17759
query,1509302638.112925,1509302638.2132895,20908
query,1509302638.2132938,1509302638.3000731,17156
query,1509302638.3000774,1509302638.387732,14811
query,1509302638.387736,1509302638.4275503,3030
query,1509302638.4275544,1509302638.4754188,5392
query,1509302638.475423,1509302638.5043902,16
query,1509302638.504394,1509302638.569631,12624
query,1509302638.5696728,1509302638.6426196,9209
query,1509302638.658123,1509302638.7494276,16480
query,1509302638.749432,1509302638.775841,83
query,1509302638.7758453,1509302638.8204083,5018
query,1509302638.8204134,1509302638.8731573,4805
query,1509302638.8731623,1509302638.9287837,5907
query,1509302638.928788,1509302639.0134695,15743
query,1509302639.013474,1509302639.076715,9421
query,1509302639.0767195,1509302639.1626637,10743
query,1509302639.162668,1509302639.2306747,8442
query,1509302639.2306793,1509302639.3105166,3892
query,1509302639.3105216,1509302639.3531766,392
query,1509302639.353181,1509302639.3853207,596
query,1509302639.3853247,1509302639.4984398,18007
query,1509302639.498444,1509302639.5252836,2
query,1509302639.5252876,1509302639.6253176,16453
query,1509302639.6253214,1509302639.693467,7873
query,1509302639.6934717,1509302639.8183343,9635
query,1509302639.8183382,1509302639.9166822,12152
query,1509302639.9166863,1509302640.0067022,10981
query,1509302640.0067503,1509302640.173021,12247
query,1509302640.1855032,1509302640.231691,24
query,1509302640.2316947,1509302640.2785566,487
query,1509302640.27856,1509302640.3521874,10003
query,1509302640.3521914,1509302640.4411464,9428
query,1509302640.4411504,1509302640.537389,11162
query,1509302640.5373929,1509302640.656959,9104
query,1509302640.6569626,1509302640.7078755,4109
query,1509302640.7078795,1509302640.7635949,1606
query,1509302640.7635996,1509302640.807723,26
query,1509302640.8077269,1509302640.9073892,12824
query,1509302640.9073932,1509302640.9363196,3
query,1509302640.9363236,1509302640.9822745,700
query,1509302640.9822788,1509302641.1398528,15967
query,1509302641.1398563,1509302641.2295294,20179
query,1509302641.2295334,1509302641.363267,14264
query,1509302641.363271,1509302641.3900774,637
query,1509302641.3901305,1509302641.5339684,18677
query,1509302641.5339723,1509302641.6006973,4511
query,1509302641.6007018,1509302641.7077022,13504
query,1509302641.707747,1509302641.8638837,19195
query,1509302641.8759987,1509302641.9375708,3437
query,1509302641.937575,1509302642.0595715,16039
query,1509302642.059575,1509302642.1022284,975
query,1509302642.1022322,1509302642.1921918,6417
query,1509302642.192196,1509302642.2637782,8731
query,1509302642.2637818,1509302642.3563128,8915
query,1509302642.3563166,1509302642.4040663,387
query,1509302642.40407,1509302642.5890548,21338
query,1509302642.589059,1509302642.6679196,5362
query,1509302642.667924,1509302642.7093892,283
query,1509302642.709393,1509302642.814937,14378
query,1509302642.8149407,1509302642.905645,7592
query,1509302642.9056494,1509302643.0111334,20338
query,1509302643.0111377,1509302643.04146,29
query,1509302643.041464,1509302643.0739255,492
query,1509302643.0739298,1509302643.1119869,2839
query,1509302643.111991,1509302643.1430655,1741
query,1509302643.1430705,1509302643.2162404,8358
query,1509302643.216245,1509302643.3318052,13576
query,1509302643.3318498,1509302643.4142876,5429
query,1509302643.426781,1509302643.4913542,8433
query,1509302643.4913583,1509302643.5418906,6939
query,1509302643.5418947,1509302643.6135788,10339
query,1509302643.6135821,1509302643.6413877,1191
query,1509302643.641392,1509302643.6791275,1605
query,1509302643.679132,1509302643.731065,349
query,1509302643.7310693,1509302643.808591,7711
query,1509302643.808595,1509302643.9088793,10653
query,1509302643.9088836,1509302644.1041384,18736
query,1509302644.1041422,1509302644.2124076,15467
query,1509302644.2124119,1509302644.2683456,3430
query,1509302644.2683496,1509302644.4187558,17778
query,1509302644.4187596,1509302644.4626145,100
query,1509302644.4626186,1509302644.5294678,6396
query,1509302644.529472,1509302644.5895495,2465
query,1509302644.5895536,1509302644.7242968,14204
query,1509302644.7243004,1509302644.787087,6721
query,1509302644.7870913,1509302644.828777,111
query,1509302644.8287818,1509302644.8913496,6288
query,1509302644.891397,1509302644.9692338,1157
query,1509302644.9834986,1509302645.054943,8444
query,1509302645.0549471,1509302645.1267939,4693
query,1509302645.1267977,1509302645.2041588,8192
query,1509302645.2041626,1509302645.2480974,1029
query,1509302645.248102,1509302645.309709,3579
query,1509302645.3097131,1509302645.4214463,18539
query,1509302645.4214501,1509302645.4747002,6344
query,1509302645.4747043,1509302645.5616894,17000
query,1509302645.5616934,1509302645.5896535,10
query,1509302645.589657,1509302645.643913,7184
query,1509302645.6439173,1509302645.7000055,7457
query,1509302645.7000093,1509302645.7272635,1343
query,1509302645.7272668,1509302645.8067124,14609
query,1509302645.8067167,1509302645.8376822,7
query,1509302645.8376858,1509302645.863434,225
query,1509302645.863438,1509302645.9280913,13409
query,1509302645.9280958,1509302645.9575841,392
query,1509302645.9575882,1509302646.041723,14348
query,1509302646.0417268,1509302646.1390233,16999
query,1509302646.1390736,1509302646.212604,9856
query,1509302646.2280536,1509302646.2694588,315
query,1509302646.2694626,1509302646.3261986,4536
query,1509302646.3262024,1509302646.3545778,3006
query,1509302646.354582,1509302646.3785508,345
query,1509302646.3785546,1509302646.4017572,204
query,1509302646.4017615,1509302646.443061,5384
query,1509302646.4430664,1509302646.5103135,11253
query,1509302646.5103188,1509302646.521551,3
query,1509302646.5215545,1509302646.5562549,302
query,1509302646.5562587,1509302646.5803947,707
query,1509302646.5803983,1509302646.682934,12207
query,1509302646.682939,1509302646.828981,17825
query,1509302646.8289855,1509302646.8996294,11629
query,1509302646.8996334,1509302646.925379,294
query,1509302646.925383,1509302647.1050115,21139
query,1509302647.105016,1509302647.1808503,8139
query,1509302647.1808553,1509302647.2613018,6488
query,1509302647.2613063,1509302647.3273685,4983
query,1509302647.3273726,1509302647.45496,14169
query,1509302647.4550006,1509302647.5152311,4765
query,1509302647.5329525,1509302647.6239502,9771
query,1509302647.623954,1509302647.7450392,22375
query,1509302647.7450438,1509302647.7549806,0
query,1509302647.7549841,1509302647.8744824,18161
query,1509302647.8744864,1509302647.9284482,1752
query,1509302647.9284518,1509302648.0200856,6567
query,1509302648.0200899,1509302648.0716147,7165
query,1509302648.0716193,1509302648.1680534,11947
query,1509302648.168058,1509302648.2209387,7706
query,1509302648.2209435,1509302648.2497063,699
query,1509302648.249711,1509302648.2965524,2207
query,1509302648.296557,1509302648.4072711,20600
query,1509302648.407276,1509302648.4512,13
query,1509302648.4512038,1509302648.5378625,8078
query,1509302648.5378664,1509302648.6369221,11930
query,1509302648.6369264,1509302648.6865802,1201
query,1509302648.6865842,1509302648.729999,139
query,1509302648.7300029,1509302648.8687756,13220
query,1509302648.8687806,1509302648.8777049,0
query,1509302648.877742,1509302648.9798162,12263
query,1509302648.9952724,1509302649.087933,9791
query,1509302649.0879388,1509302649.1320293,1634
query,1509302649.1320333,1509302649.2680151,12710
query,1509302649.2680192,1509302649.2993631,26
query,1509302649.2993672,1509302649.4462123,15955
query,1509302649.4462168,1509302649.529535,7445
query,1509302649.5295396,1509302649.580323,1485
query,1509302649.5803273,1509302649.657784,8946
query,1509302649.6577883,1509302649.7006664,7121
query,1509302649.7006707,1509302649.7705257,3912
query,1509302649.77053,1509302649.8737125,18312
query,1509302649.8737166,1509302649.936678,2640
query,1509302649.936682,1509302650.0157962,4991
query,1509302650.015801,1509302650.0865276,6554
query,1509302650.0865316,1509302650.1468651,5635
query,1509302650.1468694,1509302650.22813,7148
query,1509302650.2281356,1509302650.260613,2002
query,1509302650.260617,1509302650.3128765,3798
query,1509302650.3128803,1509302650.3694022,2772
query,1509302650.3694437,1509302650.4120438,0
query,1509302650.4136045,1509302650.4628556,1777
query,1509302650.4628596,1509302650.5504737,3912
query,1509302650.5504777,1509302650.587113,3591
query,1509302650.587117,1509302650.6630547,11484
query,1509302650.663059,1509302650.7198088,8898
query,1509302650.7198124,1509302650.7847443,7478
query,1509302650.784748,1509302650.8166614,1052
query,1509302650.816665,1509302650.8428705,27
query,1509302650.8428748,1509302650.868777,227
query,1509302650.8687813,1509302650.9843042,20636
query,1509302650.9843082,1509302651.0465808,6357
query,1509302651.0465846,1509302651.1696649,21021
query,1509302651.1696694,1509302651.2535734,12881
query,1509302651.2535775,1509302651.3218746,12012
query,1509302651.3218787,1509302651.3902118,4522
query,1509302651.3902166,1509302651.510279,22498
query,1509302651.5102832,1509302651.5651827,5319
query,1509302651.5651867,1509302651.6069853,508
query,1509302651.606989,1509302651.7032118,20601
query,1509302651.7032518,1509302651.8043835,10995
query,1509302651.8168495,1509302651.898995,8761
query,1509302651.8989987,1509302651.9603326,4517
query,1509302651.9603367,1509302652.0203924,3562
query,1509302652.0203965,1509302652.0741732,8261
query,1509302652.0741768,1509302652.242078,22509
query,1509302652.2421281,1509302652.297903,2943
query,1509302652.2979074,1509302652.3427353,19
query,1509302652.342739,1509302652.4475133,21511
query,1509302652.447518,1509302652.5110867,7580
query,1509302652.5110912,1509302652.5467567,3188
query,1509302652.5467613,1509302652.5544875,0
query,1509302652.5544908,1509302652.5963895,13
query,1509302652.596393,1509302652.6842513,7031
query,1509302652.684255,1509302652.7727268,8474
query,1509302652.7727304,1509302652.839702,12427
query,1509302652.839706,1509302652.8751035,11
query,1509302652.8751075,1509302653.0350575,20960
query,1509302653.0350616,1509302653.0735579,2305
query,1509302653.0735617,1509302653.1386547,3520
query,1509302653.1386988,1509302653.182121,1430
query,1509302653.194983,1509302653.286188,15350
query,1509302653.2861915,1509302653.3143222,34
query,1509302653.314326,1509302653.345415,59
query,1509302653.3454187,1509302653.4044287,2718
query,1509302653.4044323,1509302653.4531286,1800
query,1509302653.4531324,1509302653.5682952,12726
query,1509302653.5682995,1509302653.6336062,8674
query,1509302653.6336117,1509302653.6647565,2180
query,1509302653.664762,1509302653.6978624,1998
query,1509302653.6978664,1509302653.738423,1794
query,1509302653.7384276,1509302653.7675238,27
query,1509302653.767528,1509302653.8768299,15005
query,1509302653.8768344,1509302653.9045854,301
query,1509302653.9045897,1509302653.9352987,88
query,1509302653.9353032,1509302653.9640126,135
query,1509302653.9640164,1509302654.0137358,4413
query,1509302654.0137405,1509302654.0525851,3881
query,1509302654.0525892,1509302654.1053662,8925
query,1509302654.10537,1509302654.1647744,9120
query,1509302654.1648371,1509302654.2269435,5314
query,1509302654.2395515,1509302654.2964697,5834
query,1509302654.296474,1509302654.3256583,1234
query,1509302654.3256621,1509302654.355804,2025
query,1509302654.3558095,1509302654.3833642,59
query,1509302654.383368,1509302654.4215589,3431
query,1509302654.4215634,1509302654.4637108,10
query,1509302654.4637148,1509302654.505103,12
query,1509302654.5051074,1509302654.548971,188
query,1509302654.5489748,1509302654.6035469,4802
query,1509302654.6035507,1509302654.6930928,8228
query,1509302654.693097,1509302654.7339566,48
query,1509302654.7339602,1509302654.7801776,1459
query,1509302654.7801814,1509302654.8066542,445
query,1509302654.8066583,1509302654.8428102,1923
query,1509302654.8428142,1509302654.8819828,2257
query,1509302654.8819864,1509302654.9472482,9989
query,1509302654.947252,1509302655.0588925,11297
query,1509302655.0588975,1509302655.150215,10568
query,1509302655.150219,1509302655.2566714,13427
query,1509302655.2567163,1509302655.4220514,13039
query,1509302655.4347794,1509302655.53876,16721
query,1509302655.5387647,1509302655.5679703,552
query,1509302655.5679743,1509302655.5946586,194
query,1509302655.5946627,1509302655.6265795,890
query,1509302655.6265833,1509302655.6540318,227
query,1509302655.6540358,1509302655.7480502,11138
query,1509302655.7480545,1509302655.831993,10373
query,1509302655.8319972,1509302655.8650572,1227
query,1509302655.8650613,1509302655.8925173,59
query,1509302655.8925214,1509302655.9307294,3586
query,1509302655.9307334,1509302655.9540508,4
query,1509302655.9540548,1509302656.0199392,8310
query,1509302656.019943,1509302656.0477946,5
query,1509302656.0477984,1509302656.1123147,6029
query,1509302656.1123185,1509302656.201111,20962
query,1509302656.2011154,1509302656.2951071,7394
query,1509302656.2951114,1509302656.37964,10594
query,1509302656.3796437,1509302656.441445,5007
query,1509302656.4414492,1509302656.4911683,730
query,1509302656.4912083,1509302656.668465,12775
query,1509302656.681157,1509302656.730398,750
query,1509302656.7304015,1509302656.7914875,10596
query,1509302656.7914915,1509302656.8484936,8831
query,1509302656.8484979,1509302656.8936033,995
query,1509302656.8936076,1509302656.978716,10480
query,1509302656.9787204,1509302657.1496468,19245
query,1509302657.1496508,1509302657.213922,4054
query,1509302657.2139256,1509302657.222883,1
query,1509302657.2228868,1509302657.3695674,14962
query,1509302657.369571,1509302657.3787122,0
query,1509302657.3787153,1509302657.3886251,1
query,1509302657.388628,1509302657.4053242,1
query,1509302657.4053273,1509302657.4143221,0
query,1509302657.4143257,1509302657.4934764,9983
query,1509302657.4934807,1509302657.5022924,0
query,1509302657.502296,1509302657.5755064,12136
query,1509302657.575511,1509302657.598065,5
query,1509302657.5980685,1509302657.726297,12578
query,1509302657.726301,1509302657.7833843,4224
query,1509302657.783426,1509302657.8618546,234
query,1509302657.873984,1509302657.9680724,10571
query,1509302657.9680765,1509302658.0085092,253
query,1509302658.0085132,1509302658.047954,177
query,1509302658.0479581,1509302658.1150558,6797
query,1509302658.1150603,1509302658.1630213,8762
query,1509302658.1630254,1509302658.2147899,8085
query,1509302658.2147942,1509302658.247441,1253
query,1509302658.2474449,1509302658.2942054,4511
query,1509302658.2942092,1509302658.3346896,4563
query,1509302658.3346937,1509302658.3892338,9220
query,1509302658.3892379,1509302658.4346738,3468
query,1509302658.434678,1509302658.4770203,6183
query,1509302658.4770243,1509302658.5215855,4050
query,1509302658.5215898,1509302658.564373,4312
query,1509302658.564377,1509302658.6075408,2607
query,1509302658.607545,1509302658.6749089,12404
query,1509302658.6749132,1509302658.7017279,674
query,1509302658.7017314,1509302658.7803507,9194
query,1509302658.7803547,1509302658.8091698,31
query,1509302658.8092067,1509302658.8865657,6272
query,1509302658.898799,1509302658.9108331,3
query,1509302658.9108367,1509302658.9470692,5023
query,1509302658.947073,1509302658.9748616,1583
query,1509302658.9748652,1509302659.0388486,6322
query,1509302659.0388522,1509302659.088491,3255
query,1509302659.0884945,1509302659.1280665,3733
query,1509302659.12807,1509302659.228846,14630
query,1509302659.2288496,1509302659.2846646,4093
query,1509302659.2846687,1509302659.3934987,16043
query,1509302659.3935025,1509302659.475445,7718
query,1509302659.4754496,1509302659.584845,11257
query,1509302659.584849,1509302659.666379,9325
query,1509302659.6663826,1509302659.7262301,10743
query,1509302659.726234,1509302659.7763793,6276
query,1509302659.7763832,1509302659.8079715,2437
query,1509302659.8079758,1509302659.8462238,3179
query,1509302659.8462276,1509302659.8801734,896
query,1509302659.8801773,1509302659.9133887,742
query,1509302659.9133925,1509302659.9621868,88
query,1509302659.962228,1509302660.0218194,510
query,1509302660.0339472,1509302660.1265283,9050
query,1509302660.1265335,1509302660.2049546,6762
query,1509302660.2049594,1509302660.2955885,12927
query,1509302660.2955928,1509302660.4164243,11547
query,1509302660.4164288,1509302660.5412312,20852
query,1509302660.541235,1509302660.5970533,9116
query,1509302660.5970576,1509302660.6088917,0
query,1509302660.608896,1509302660.6881847,11200
query,1509302660.6881888,1509302660.7336786,11
query,1509302660.7336824,1509302660.8135378,9393
query,1509302660.8135424,1509302660.8541644,4748
query,1509302660.8541682,1509302660.8823974,74
query,1509302660.8824015,1509302660.9797096,15609
query,1509302660.9797132,1509302660.9876382,0
query,1509302660.9876423,1509302661.0610957,8292
query,1509302661.0611002,1509302661.1473367,14483
query,1509302661.147341,1509302661.241342,16044
query,1509302661.2413466,1509302661.3146782,12051
query,1509302661.3146825,1509302661.4128516,7921
query,1509302661.4128985,1509302661.507452,3127
query,1509302661.5231962,1509302661.5510027,3
query,1509302661.5510066,1509302661.5679502,1
query,1509302661.5679545,1509302661.5782332,1
query,1509302661.578237,1509302661.6219745,97
query,1509302661.6219783,1509302661.6906614,6902
query,1509302661.6906664,1509302661.764588,12652
query,1509302661.764593,1509302661.8220685,7797
query,1509302661.8220727,1509302661.8916512,11403
query,1509302661.8916552,1509302661.9927616,13021
query,1509302661.9927654,1509302662.0163093,13
query,1509302662.0163136,1509302662.0555913,3039
query,1509302662.0555952,1509302662.082372,1354
query,1509302662.0823755,1509302662.1660593,10381
query,1509302662.166063,1509302662.2569108,11592
query,1509302662.2569156,1509302662.317389,3791
query,1509302662.317393,1509302662.428939,13649
query,1509302662.4289432,1509302662.4860477,1027
query,1509302662.486052,1509302662.5609288,1657
query,1509302662.5609324,1509302662.6564524,10694
query,1509302662.6564922,1509302662.7975147,10070
query,1509302662.8087583,1509302662.8687074,922
query,1509302662.8687117,1509302662.9718523,20344
query,1509302662.9718564,1509302663.0391936,8590
query,1509302663.0391977,1509302663.1723068,13904
query,1509302663.172311,1509302663.2697957,9336
query,1509302663.2698004,1509302663.3574498,8230
query,1509302663.357454,1509302663.3658643,0
query,1509302663.3658679,1509302663.425308,3144
query,1509302663.4253123,1509302663.4831877,2561
query,1509302663.4831915,1509302663.5173128,190
query,1509302663.517317,1509302663.545523,10
query,1509302663.5455267,1509302663.649297,20812
query,1509302663.6493015,1509302663.6989188,793
query,1509302663.6989233,1509302663.8210769,19147
query,1509302663.8210814,1509302663.9382586,10965
query,1509302663.938263,1509302664.0371678,11133
query,1509302664.037172,1509302664.0854216,1035
query,1509302664.0854256,1509302664.1376119,2765
query,1509302664.1376154,1509302664.2036095,6214
query,1509302664.2036502,1509302664.294983,4609
query,1509302664.3071005,1509302664.3707652,2733
query,1509302664.3707693,1509302664.4553978,6427
query,1509302664.4554014,1509302664.499876,68
query,1509302664.49988,1509302664.5092866,0
query,1509302664.5092914,1509302664.6006212,11530
query,1509302664.6006253,1509302664.7055707,13548
query,1509302664.7055748,1509302664.7487233,876
query,1509302664.7487276,1509302664.8401387,11236
query,1509302664.8401427,1509302664.8952534,2364
query,1509302664.895257,1509302664.9895535,10871
query,1509302664.9895575,1509302665.0894914,10605
query,1509302665.089495,1509302665.1805954,11756
query,1509302665.1805995,1509302665.211383,1455
query,1509302665.211387,1509302665.2657719,9784
query,1509302665.2657757,1509302665.3014126,6354
query,1509302665.3014166,1509302665.4328582,21638
query,1509302665.4328623,1509302665.5134113,6336
query,1509302665.513415,1509302665.5563598,10
query,1509302665.5563636,1509302665.601,154
query,1509302665.6010427,1509302665.7108512,4365
query,1509302665.7240083,1509302665.8158042,11724
query,1509302665.815808,1509302665.864186,6286
query,1509302665.86419,1509302665.8882349,20
query,1509302665.8882391,1509302665.9687662,13471
query,1509302665.9687707,1509302666.0474594,11486
query,1509302666.0474632,1509302666.1356368,12842
query,1509302666.1356406,1509302666.1759336,2422
query,1509302666.1759374,1509302666.237242,8874
query,1509302666.2372463,1509302666.2908006,2573
query,1509302666.2908049,1509302666.3351805,1186
query,1509302666.3351848,1509302666.3435197,0
query,1509302666.3435228,1509302666.529726,20794
query,1509302666.5297303,1509302666.6098504,5821
query,1509302666.609854,1509302666.7159495,16800
query,1509302666.715953,1509302666.7641032,2664
query,1509302666.7641077,1509302666.7931278,1203
query,1509302666.7931325,1509302666.8756182,8707
query,1509302666.8756223,1509302666.9747844,10065
query,1509302666.9747877,1509302667.0906844,12015
query,1509302667.0907328,1509302667.2172341,12642
query,1509302667.230836,1509302667.264807,2114
query,1509302667.264811,1509302667.3641675,13631
query,1509302667.3641715,1509302667.4117997,4548
query,1509302667.4118032,1509302667.4409435,72
query,1509302667.4409473,1509302667.4721577,715
query,1509302667.4721622,1509302667.4974444,234
query,1509302667.4974482,1509302667.521328,236
query,1509302667.5213315,1509302667.595807,12759
query,1509302667.595811,1509302667.6771917,8693
query,1509302667.677196,1509302667.6857789,0
query,1509302667.6857822,1509302667.7760034,8744
query,1509302667.776008,1509302667.829915,1457
query,1509302667.8299189,1509302667.8903527,1486
query,1509302667.890357,1509302668.007491,10006
query,1509302668.0074954,1509302668.0577707,3460
query,1509302668.057774,1509302668.2271545,22068
query,1509302668.2271583,1509302668.391249,17762
query,1509302668.391253,1509302668.475788,12345
query,1509302668.4757922,1509302668.520979,273
query,1509302668.521016,1509302668.6221428,4838
query,1509302668.6341777,1509302668.7112381,4660
query,1509302668.7112417,1509302668.7512662,122
query,1509302668.7512703,1509302668.8590627,16808
query,1509302668.8590667,1509302668.9136329,2158
query,1509302668.9136379,1509302668.963348,2483
query,1509302668.9633524,1509302668.9713147,0
query,1509302668.9713192,1509302669.0495586,10773
query,1509302669.049563,1509302669.0947042,1284
query,1509302669.0947092,1509302669.185252,12444
query,1509302669.185256,1509302669.2828753,9104
query,1509302669.2828798,1509302669.3874452,14966
query,1509302669.387449,1509302669.5213373,13239
query,1509302669.521341,1509302669.5455534,1
query,1509302669.545558,1509302669.6363583,7659
query,1509302669.636362,1509302669.6956725,3623
query,1509302669.695677,1509302669.7403386,345
query,1509302669.7403426,1509302669.8892877,14267
query,1509302669.889292,1509302669.988201,13681
query,1509302669.988205,1509302670.1366358,16185
query,1509302670.1366875,1509302670.210272,4691
query,1509302670.2228644,1509302670.2718394,1428
query,1509302670.2718441,1509302670.3277512,3027
query,1509302670.3277557,1509302670.4350045,13934
query,1509302670.4350083,1509302670.477969,484
query,1509302670.4779732,1509302670.5411108,3921
query,1509302670.5411146,1509302670.6371713,9995
query,1509302670.637175,1509302670.6499772,1
query,1509302670.6499803,1509302670.7422187,8970
query,1509302670.7422225,1509302670.915939,21644
query,1509302670.9159436,1509302670.967483,6691
query,1509302670.967487,1509302671.0075402,743
query,1509302671.0075438,1509302671.091876,8760
query,1509302671.0918803,1509302671.1860814,10775
query,1509302671.1861336,1509302671.229812,901
query,1509302671.2298152,1509302671.246038,2
query,1509302671.2460413,1509302671.2565863,1
query,1509302671.25659,1509302671.2915971,1232
query,1509302671.2916014,1509302671.4012814,9245
query,1509302671.4012856,1509302671.4894156,9175
query,1509302671.4894588,1509302671.5540786,92
query,1509302671.5661535,1509302671.6836362,17056
query,1509302671.68364,1509302671.794538,10839
query,1509302671.7945416,1509302671.8526118,11226
query,1509302671.8526156,1509302671.9051754,1753
query,1509302671.905179,1509302671.9458287,1479
query,1509302671.945832,1509302671.9866056,3915
query,1509302671.9866092,1509302672.0113544,99
query,1509302672.011358,1509302672.1099012,17814
query,1509302672.1099052,1509302672.203699,11748
query,1509302672.2037032,1509302672.2575312,5823
query,1509302672.257535,1509302672.2842443,566
query,1509302672.2842484,1509302672.3080873,73
query,1509302672.308091,1509302672.4015687,13554
query,1509302672.401573,1509302672.4119728,2
query,1509302672.411976,1509302672.4366465,504
query,1509302672.4366498,1509302672.4651217,477
query,1509302672.465126,1509302672.585674,14448
query,1509302672.5856776,1509302672.6315079,5604
query,1509302672.6315122,1509302672.6601436,1214
query,1509302672.6601794,1509302672.7076705,1462
query,1509302672.720072,1509302672.7582128,1042
query,1509302672.7582166,1509302672.9005601,17511
query,1509302672.9005642,1509302672.9093018,0
query,1509302672.9093761,1509302672.9380457,3
query,1509302672.938049,1509302672.9863946,59
query,1509302672.9863985,1509302673.1046,14814
query,1509302673.104604,1509302673.1493542,76
query,1509302673.149359,1509302673.2631547,13071
query,1509302673.2631586,1509302673.3055925,1107
query,1509302673.305596,1509302673.321263,3
query,1509302673.3212667,1509302673.3993533,15433
query,1509302673.3993568,1509302673.471761,3529
query,1509302673.4717648,1509302673.5224736,5140
query,1509302673.5224771,1509302673.5991867,8862
query,1509302673.5991912,1509302673.6714168,3836
query,1509302673.6714206,1509302673.786383,12112
query,1509302673.786387,1509302673.920352,12266
query,1509302673.9203563,1509302673.9737244,1043
query,1509302673.9737284,1509302674.0575814,9245
query,1509302674.0576198,1509302674.1538022,7808
query,1509302674.1662612,1509302674.2738795,10341
query,1509302674.2738838,1509302674.3411458,6683
query,1509302674.3411496,1509302674.3999567,6776
query,1509302674.3999608,1509302674.4383452,250
query,1509302674.4383495,1509302674.4996686,7309
query,1509302674.4996731,1509302674.5154464,2
query,1509302674.5154507,1509302674.5534527,232
query,1509302674.5534563,1509302674.7002926,13953
query,1509302674.7002969,1509302674.7682905,8974
query,1509302674.768295,1509302674.8538969,6500
query,1509302674.8539014,1509302674.911112,1845
query,1509302674.9111161,1509302675.0354867,18818
query,1509302675.0354922,1509302675.1649957,23602
query,1509302675.1650002,1509302675.2304354,11251
query,1509302675.23044,1509302675.2529254,1097
query,1509302675.2529294,1509302675.277091,1980
query,1509302675.2770958,1509302675.322813,7747
query,1509302675.3228168,1509302675.3347178,1
query,1509302675.3347216,1509302675.3817706,146
query,1509302675.381817,1509302675.4864771,5471
query,1509302675.4992652,1509302675.5469093,145
query,1509302675.5469131,1509302675.5947073,94
query,1509302675.5947115,1509302675.6417327,2025
query,1509302675.6417367,1509302675.7118483,8607
query,1509302675.7118523,1509302675.754924,84
query,1509302675.7549284,1509302675.8023782,1279
query,1509302675.802382,1509302675.8110247,0
query,1509302675.8110285,1509302675.9091473,15168
query,1509302675.9091513,1509302675.9917247,16005
query,1509302675.991729,1509302676.0205867,495
query,1509302676.020591,1509302676.0490048,144
query,1509302676.0490084,1509302676.087616,4082
query,1509302676.08762,1509302676.1608832,9172
query,1509302676.1608875,1509302676.2008808,212
query,1509302676.200885,1509302676.2591443,6221
query,1509302676.2591484,1509302676.2997746,82
query,1509302676.2997792,1509302676.3147335,2
query,1509302676.3147368,1509302676.4035094,10114
query,1509302676.403514,1509302676.444529,145
query,1509302676.4445717,1509302676.5229924,5616
query,1509302676.5354993,1509302676.572563,2129
query,1509302676.5725665,1509302676.6574621,11794
query,1509302676.6574657,1509302676.745753,14099
query,1509302676.7457578,1509302676.7934837,2873
query,1509302676.7934883,1509302676.841942,8143
query,1509302676.8419456,1509302676.8944993,2730
query,1509302676.8945029,1509302676.9612522,11898
query,1509302676.9612565,1509302677.0314026,10793
query,1509302677.0314062,1509302677.0883288,7790
query,1509302677.0883322,1509302677.2613025,27040
query,1509302677.2613065,1509302677.313731,6088
query,1509302677.3137352,1509302677.3505304,3539
query,1509302677.3505344,1509302677.4496853,13130
query,1509302677.449689,1509302677.4980342,6292
query,1509302677.498038,1509302677.5888388,14393
query,1509302677.5888429,1509302677.6682758,12678
query,1509302677.6682796,1509302677.7238162,9353
query,1509302677.7238204,1509302677.7645397,2611
query,1509302677.7645435,1509302677.79328,274
query,1509302677.7933183,1509302677.8374903,62
query,1509302677.849968,1509302677.908051,7913
query,1509302677.9080548,1509302677.953387,288
query,1509302677.9533906,1509302678.053212,14383
query,1509302678.0532155,1509302678.175612,14758
query,1509302678.175616,1509302678.201972,68
query,1509302678.2019763,1509302678.2428665,4888
query,1509302678.2428703,1509302678.2925997,3230
query,1509302678.2926035,1509302678.3580692,12251
query,1509302678.3580728,1509302678.4424767,8711
query,1509302678.4424813,1509302678.4869256,861
query,1509302678.4869294,1509302678.5836573,21143
query,1509302678.5836613,1509302678.6189523,2439
query,1509302678.6189563,1509302678.6494029,48
query,1509302678.6494071,1509302678.7299254,11702
query,1509302678.7299297,1509302678.8406532,23353
query,1509302678.8406572,1509302678.950583,18172
query,1509302678.9505873,1509302679.0323596,10605
query,1509302679.0323637,1509302679.1297936,20714
query,1509302679.1297977,1509302679.1538532,132
query,1509302679.1538918,1509302679.1815856,2
query,1509302679.189409,1509302679.1988177,0
query,1509302679.1988215,1509302679.2984018,12620
query,1509302679.2984054,1509302679.3071473,0
query,1509302679.3071516,1509302679.3548343,1790
query,1509302679.3548377,1509302679.363694,0
query,1509302679.3636973,1509302679.43236,9524
query,1509302679.4323645,1509302679.4600716,24
query,1509302679.4600754,1509302679.5387943,12966
query,1509302679.5387993,1509302679.6123788,7145
query,1509302679.612383,1509302679.6710567,4716
query,1509302679.67106,1509302679.743446,5103
query,1509302679.7434502,1509302679.819607,5184
query,1509302679.8196108,1509302679.86373,804
query,1509302679.8637345,1509302679.9719908,10080
query,1509302679.9719954,1509302680.0242167,1260
query,1509302680.0242205,1509302680.176349,21706
query,1509302680.1763532,1509302680.18331,0
query,1509302680.1833134,1509302680.222576,3205
query,1509302680.2225802,1509302680.329749,11961
query,1509302680.3297873,1509302680.413452,823
query,1509302680.4257724,1509302680.500439,3933
query,1509302680.5004432,1509302680.626958,12874
query,1509302680.6269627,1509302680.6359327,0
query,1509302680.6359363,1509302680.7145915,9095
query,1509302680.714595,1509302680.831751,13654
query,1509302680.8317552,1509302680.909205,8947
query,1509302680.9092097,1509302680.9713113,3019
query,1509302680.971315,1509302681.058559,3910
query,1509302681.0585628,1509302681.2270894,21523
query,1509302681.2270947,1509302681.3389316,11556
query,1509302681.3389354,1509302681.4393778,8781
query,1509302681.4393814,1509302681.5450935,11072
query,1509302681.5450974,1509302681.6922255,10406
query,1509302681.6922295,1509302681.7539387,693
query,1509302681.7539425,1509302681.8038394,1459
query,1509302681.8038437,1509302681.875165,6964
query,1509302681.8751686,1509302681.923129,2728
query,1509302681.9231327,1509302682.0540714,11962
query,1509302682.0540755,1509302682.106578,204
query,1509302682.106617,1509302682.2272766,10807
query,1509302682.2395868,1509302682.3443785,9684
query,1509302682.3443828,1509302682.4001276,1423
query,1509302682.400132,1509302682.472881,4447
query,1509302682.4728854,1509302682.5793188,9290
query,1509302682.579323,1509302682.5968995,2
query,1509302682.5969036,1509302682.6263754,138
query,1509302682.626379,1509302682.6393948,1
query,1509302682.6393986,1509302682.656839,3
query,1509302682.6568427,1509302682.664263,0
query,1509302682.6642663,1509302682.7957275,26017
query,1509302682.7957318,1509302682.8536265,2691
query,1509302682.8536308,1509302682.8988068,9
query,1509302682.898811,1509302682.9612796,7000
query,1509302682.9612842,1509302683.1000938,14317
query,1509302683.100098,1509302683.1649187,4420
query,1509302683.1649232,1509302683.2208953,1689
query,1509302683.2208993,1509302683.2685053,285
query,1509302683.2685091,1509302683.3400724,8633
query,1509302683.340077,1509302683.4070106,8975
query,1509302683.4070566,1509302683.4898245,5644
query,1509302683.5024521,1509302683.579179,11038
query,1509302683.5791829,1509302683.6408682,2733
query,1509302683.6408727,1509302683.7796912,14966
query,1509302683.7796957,1509302683.8438573,2302
query,1509302683.8438613,1509302683.8537517,0
query,1509302683.8537548,1509302683.9495053,10786
query,1509302683.9495087,1509302683.9892046,589
query,1509302683.9892082,1509302684.0276284,2479
query,1509302684.0276322,1509302684.0864089,2377
query,1509302684.0864124,1509302684.1529698,3400
query,1509302684.1529741,1509302684.2131188,2431
query,1509302684.2131224,1509302684.2485535,902
query,1509302684.2485573,1509302684.3098295,7224
query,1509302684.309833,1509302684.4084232,19951
query,1509302684.408427,1509302684.4420779,378
query,1509302684.442081,1509302684.4527519,2
query,1509302684.452755,1509302684.5291963,12360
query,1509302684.5292006,1509302684.6121397,14757
query,1509302684.612144,1509302684.7093086,12745
query,1509302684.709349,1509302684.7906375,13670
query,1509302684.8028443,1509302684.8317754,444
query,1509302684.8317788,1509302684.8763525,5248
query,1509302684.8763564,1509302684.934772,7445
query,1509302684.9347758,1509302685.0380487,12228
query,1509302685.0380523,1509302685.1173537,7069
query,1509302685.1173582,1509302685.183452,4807
query,1509302685.1834555,1509302685.253637,9766
query,1509302685.2536414,1509302685.295532,5569
query,1509302685.2955356,1509302685.3443139,3637
query,1509302685.3443177,1509302685.466819,20822
query,1509302685.4668233,1509302685.4993432,1446
query,1509302685.4993472,1509302685.554305,7789
query,1509302685.5543091,1509302685.572246,1
query,1509302685.57225,1509302685.711509,14192
query,1509302685.7115126,1509302685.7574093,406
query,1509302685.7574131,1509302685.868273,16883
query,1509302685.868277,1509302685.9123397,650
query,1509302685.9123433,1509302686.0369258,19767
query,1509302686.0369303,1509302686.0611382,5
query,1509302686.0611734,1509302686.175703,11990
query,1509302686.1885383,1509302686.2859006,9814
query,1509302686.2859046,1509302686.3501518,3979
query,1509302686.3501565,1509302686.358606,0
query,1509302686.3586094,1509302686.4059281,78
query,1509302686.4059322,1509302686.4615307,5815
query,1509302686.4615345,1509302686.4859495,7
query,1509302686.4859536,1509302686.5493653,11559
query,1509302686.549369,1509302686.644714,16905
query,1509302686.6447184,1509302686.6636791,1
query,1509302686.6636832,1509302686.7134628,8445
query,1509302686.7134664,1509302686.751877,4559
query,1509302686.7518818,1509302686.7933087,4550
query,1509302686.793313,1509302686.8200073,1341
query,1509302686.8200114,1509302686.845936,16
query,1509302686.8459396,1509302686.9131975,9115
query,1509302686.9132018,1509302686.9411416,478
query,1509302686.9411457,1509302686.9968724,4898
query,1509302686.996876,1509302687.0287623,5
query,1509302687.0287662,1509302687.0968878,10322
query,1509302687.0969307,1509302687.1493065,6272
query,1509302687.161434,1509302687.21668,4501
query,1509302687.216684,1509302687.3214736,7283
query,1509302687.321478,1509302687.4025571,8423
query,1509302687.4025612,1509302687.4555032,1713
query,1509302687.4555073,1509302687.5401545,12051
query,1509302687.5401587,1509302687.591788,2283
query,1509302687.5917916,1509302687.6008294,0
query,1509302687.6008325,1509302687.6797292,8241
query,1509302687.6797335,1509302687.7048333,908
query,1509302687.7048368,1509302687.7203887,2
query,1509302687.7203918,1509302687.7483685,1471
query,1509302687.748372,1509302687.8199627,5136
query,1509302687.819967,1509302687.8521454,2192
query,1509302687.8521492,1509302687.987142,21208
query,1509302687.9871466,1509302688.0415866,168
query,1509302688.0415902,1509302688.116565,11255
query,1509302688.1165693,1509302688.195045,10863
query,1509302688.1950486,1509302688.2560894,3869
query,1509302688.256093,1509302688.315025,4487
query,1509302688.3150625,1509302688.445614,13664
query,1509302688.4586496,1509302688.5268128,9188
query,1509302688.5268161,1509302688.5700366,6559
query,1509302688.5700405,1509302688.6061811,732
query,1509302688.6061852,1509302688.6367576,216
query,1509302688.6367614,1509302688.6805546,95
query,1509302688.6805587,1509302688.712127,299
query,1509302688.7121303,1509302688.7396092,571
query,1509302688.739613,1509302688.8348362,10606
query,1509302688.8348417,1509302688.9619248,20953
query,1509302688.9619288,1509302688.9931843,2778
query,1509302688.9931877,1509302689.0155637,21
query,1509302689.0155675,1509302689.0588512,7676
query,1509302689.0588553,1509302689.1542578,21924
query,1509302689.1542623,1509302689.2049744,7161
query,1509302689.204979,1509302689.2617064,7777
query,1509302689.26171,1509302689.2950585,1814
query,1509302689.295062,1509302689.3678453,11243
query,1509302689.3678498,1509302689.3973696,379
query,1509302689.3973737,1509302689.427624,1559
query,1509302689.4276624,1509302689.5296156,15630
query,1509302689.5431557,1509302689.607931,10606
query,1509302689.607935,1509302689.6830769,9669
query,1509302689.6830807,1509302689.7416291,2839
query,1509302689.7416327,1509302689.89218,19943
query,1509302689.8921843,1509302690.0312123,20530
query,1509302690.0312166,1509302690.1058307,8664
query,1509302690.1058347,1509302690.1512394,3262
query,1509302690.151243,1509302690.2229393,7620
query,1509302690.2229435,1509302690.3030136,9493
query,1509302690.303018,1509302690.3369641,1360
query,1509302690.3369684,1509302690.3858461,4584
query,1509302690.3858502,1509302690.39495,0
query,1509302690.3949542,1509302690.5108714,12140
query,1509302690.5108755,1509302690.6516514,20531
query,1509302690.6516554,1509302690.6596873,1
query,1509302690.659691,1509302690.6910768,1979
query,1509302690.6910806,1509302690.817773,18018
query,1509302690.8177764,1509302690.895057,7317
query,1509302690.8950613,1509302691.0079215,11643
query,1509302691.00796,1509302691.0898733,8072
query,1509302691.1023,1509302691.2005818,16191
query,1509302691.2005856,1509302691.2353785,3104
query,1509302691.2353823,1509302691.2828693,3380
query,1509302691.2828732,1509302691.39752,20422
query,1509302691.3975246,1509302691.4253948,455
query,1509302691.4253986,1509302691.5180407,14880
query,1509302691.5180447,1509302691.5608692,108
query,1509302691.5608735,1509302691.6123033,1999
query,1509302691.6123073,1509302691.70576,8021
query,1509302691.705764,1509302691.7663743,3204
query,1509302691.7663786,1509302691.8186955,4243
query,1509302691.8186996,1509302691.8899462,7705
query,1509302691.8899505,1509302691.9933817,20874
query,1509302691.993386,1509302692.0490012,6972
query,1509302692.0490053,1509302692.0739286,10
query,1509302692.0739322,1509302692.111815,6
query,1509302692.1118188,1509302692.136668,143
query,1509302692.136672,1509302692.1903846,3601
query,1509302692.1903887,1509302692.2372594,396
query,1509302692.237302,1509302692.332621,5859
query,1509302692.3450096,1509302692.4026976,2373
query,1509302692.4027016,1509302692.4481826,399
query,1509302692.4481866,1509302692.5019662,6070
query,1509302692.5019703,1509302692.582174,11487
query,1509302692.5821779,1509302692.589672,0
query,1509302692.5896757,1509302692.615169,399
query,1509302692.6151729,1509302692.6645575,4757
query,1509302692.6645615,1509302692.7018476,1047
query,1509302692.7018516,1509302692.761284,2474
query,1509302692.761288,1509302692.8390076,9717
query,1509302692.8390121,1509302692.86372,569
query,1509302692.8637238,1509302692.9364185,7591
query,1509302692.936422,1509302692.973028,2808
query,1509302692.9730318,1509302693.033603,6086
query,1509302693.0336068,1509302693.0793161,268
query,1509302693.07932,1509302693.1043892,5
query,1509302693.1043937,1509302693.1673052,5001
query,1509302693.1673098,1509302693.2541487,9281
query,1509302693.254153,1509302693.3013053,190
query,1509302693.30135,1509302693.4048193,7889
query,1509302693.4170232,1509302693.4268143,1
query,1509302693.4268174,1509302693.4969847,11801
query,1509302693.4969883,1509302693.522322,540
query,1509302693.5223255,1509302693.5560596,3300
query,1509302693.5560634,1509302693.6515512,7964
query,1509302693.651555,1509302693.700251,4262
query,1509302693.7002547,1509302693.7833433,7458
query,1509302693.783347,1509302693.834382,7367
query,1509302693.8343863,1509302693.946848,14610
query,1509302693.9468517,1509302694.0014753,6710
query,1509302694.001479,1509302694.1391242,22585
query,1509302694.1391284,1509302694.2104797,6751
query,1509302694.2104843,1509302694.2710867,6626
query,1509302694.2710903,1509302694.356436,10182
query,1509302694.3564398,1509302694.4527504,17421
query,1509302694.4527543,1509302694.482077,146
query,1509302694.4820814,1509302694.5902476,17593
query,1509302694.5902512,1509302694.6625495,6150
query,1509302694.6625538,1509302694.7079434,16
query,1509302694.7079833,1509302694.8695226,13323
query,1509302694.8821063,1509302694.928138,1485
query,1509302694.9281428,1509302694.973461,4996
query,1509302694.9734652,1509302695.0119784,4401
query,1509302695.0119832,1509302695.064586,6944
query,1509302695.0645902,1509302695.1272912,5716
query,1509302695.1272948,1509302695.244164,20275
query,1509302695.2441685,1509302695.327598,9088
query,1509302695.327602,1509302695.3593268,1287
query,1509302695.3593304,1509302695.4079719,785
query,1509302695.4079757,1509302695.4811165,7067
query,1509302695.4811203,1509302695.5454452,9233
query,1509302695.5454493,1509302695.5522876,0
query,1509302695.5522907,1509302695.6755908,20422
query,1509302695.6755943,1509302695.76654,10618
query,1509302695.7665439,1509302695.7994285,111
query,1509302695.799432,1509302695.8413117,4087
query,1509302695.841317,1509302695.9218192,6208
query,1509302695.9218235,1509302695.9975057,5807
query,1509302695.9975102,1509302696.0060544,0
query,1509302696.0061457,1509302696.0586512,3003
query,1509302696.0737715,1509302696.08379,0
query,1509302696.0837936,1509302696.1614072,5964
query,1509302696.1614115,1509302696.2150939,3206
query,1509302696.215098,1509302696.3051803,6570
query,1509302696.3051844,1509302696.3895752,9039
query,1509302696.389579,1509302696.4730382,9540
query,1509302696.473042,1509302696.5344622,7186
query,1509302696.534466,1509302696.5661814,1586
query,1509302696.5661855,1509302696.6017072,810
query,1509302696.601711,1509302696.7753372,22215
query,1509302696.775341,1509302696.79982,177
query,1509302696.7998238,1509302696.8424795,5909
query,1509302696.8424828,1509302696.8507843,1
query,1509302696.8507874,1509302696.9796762,14343
query,1509302696.9796798,1509302697.0716355,9419
query,1509302697.07164,1509302697.1800306,10633
query,1509302697.1800349,1509302697.2924876,12307
query,1509302697.2924914,1509302697.3432965,6689
query,1509302697.3433003,1509302697.3652997,7
query,1509302697.3653374,1509302697.4037678,13
query,1509302697.4165795,1509302697.5277061,13247
query,1509302697.52771,1509302697.5857959,4778
query,1509302697.5858,1509302697.6995673,21814
query,1509302697.699571,1509302697.7761042,10342
query,1509302697.7761087,1509302697.836449,7604
query,1509302697.8364532,1509302697.8644137,58
query,1509302697.8644183,1509302697.9032335,1417
query,1509302697.9032373,1509302697.938826,1377
query,1509302697.9388294,1509302697.966621,55
query,1509302697.9666245,1509302698.026306,4802
query,1509302698.0263093,1509302698.0801032,5765
query,1509302698.0801067,1509302698.1783576,13136
query,1509302698.1783617,1509302698.2872927,20646
query,1509302698.2872963,1509302698.3302722,1078
query,1509302698.3302758,1509302698.4148033,11432
query,1509302698.4148068,1509302698.465504,5654
query,1509302698.4655077,1509302698.513053,2097
query,1509302698.5130568,1509302698.551568,2621
query,1509302698.5515718,1509302698.6378887,13233
query,1509302698.6379316,1509302698.6991925,2536
query,1509302698.711737,1509302698.7647028,7455
query,1509302698.7647066,1509302698.8051798,5054
query,1509302698.8051834,1509302698.8489466,2940
query,1509302698.8489506,1509302698.943522,17653
query,1509302698.943526,1509302698.9907234,5512
query,1509302698.9907274,1509302699.0792625,11212
query,1509302699.079266,1509302699.0898833,0
query,1509302699.0898876,1509302699.1477122,2926
query,1509302699.1477158,1509302699.282722,21198
query,1509302699.2827258,1509302699.3270576,15
query,1509302699.3270617,1509302699.3981686,8930
query,1509302699.3981721,1509302699.4899762,9143
query,1509302699.4899805,1509302699.5468853,6712
query,1509302699.546889,1509302699.5909271,4137
query,1509302699.590932,1509302699.6316347,2968
query,1509302699.6316383,1509302699.6846204,7740
query,1509302699.684624,1509302699.7144825,1650
query,1509302699.7144861,1509302699.7424989,509
query,1509302699.7425027,1509302699.8442156,17131
query,1509302699.844252,1509302699.8903582,3168
query,1509302699.9029548,1509302699.9696074,5054
query,1509302699.969612,1509302700.0194123,6498
query,1509302700.019417,1509302700.0980136,11125
query,1509302700.0980253,1509302700.1959252,16143
query,1509302700.1959293,1509302700.2787044,8605
query,1509302700.278708,1509302700.3572717,7634
query,1509302700.357276,1509302700.460158,14932
query,1509302700.4601626,1509302700.5105472,4516
query,1509302700.5105512,1509302700.5350866,41
query,1509302700.5350904,1509302700.6531155,20416
query,1509302700.6531193,1509302700.683547,864
query,1509302700.6835506,1509302700.7661488,11373
query,1509302700.766153,1509302700.8714948,12339
query,1509302700.8714986,1509302700.9039094,5
query,1509302700.903913,1509302701.0065355,24669
query,1509302701.0065398,1509302701.0384202,457
query,1509302701.0384238,1509302701.1775522,21640
query,1509302701.1775563,1509302701.2338603,6901
query,1509302701.2338643,1509302701.3675592,21047
query,1509302701.3676028,1509302701.4189782,1715
query,1509302701.4320107,1509302701.4772203,97
query,1509302701.477225,1509302701.525415,392
query,1509302701.525419,1509302701.5332813,0
query,1509302701.533285,1509302701.606735,10920
query,1509302701.6067398,1509302701.7822688,23741
query,1509302701.782273,1509302701.8271768,177
query,1509302701.8271809,1509302701.8881617,4784
query,1509302701.888166,1509302702.0531142,21344
query,1509302702.0531187,1509302702.0945978,529
query,1509302702.094602,1509302702.1792462,11077
query,1509302702.1792505,1509302702.233961,5037
query,1509302702.233965,1509302702.2834902,1246
query,1509302702.283494,1509302702.3397186,6059
query,1509302702.3397226,1509302702.378011,717
query,1509302702.3780148,1509302702.4198825,24
query,1509302702.4198864,1509302702.5146074,11088
query,1509302702.5146124,1509302702.5494654,2180
query,1509302702.5494695,1509302702.6207147,10312
query,1509302702.6207206,1509302702.6645358,617
query,1509302702.664598,1509302702.7151613,2791
query,1509302702.730489,1509302702.7785769,62
query,1509302702.7785807,1509302702.901707,17990
query,1509302702.9017105,1509302703.027152,17194
query,1509302703.0271556,1509302703.1291757,10270
query,1509302703.12918,1509302703.2125595,11154
query,1509302703.2125633,1509302703.23358,1
query,1509302703.2335837,1509302703.275824,9
query,1509302703.2758272,1509302703.3175328,271
query,1509302703.3175366,1509302703.3905714,7883
query,1509302703.390576,1509302703.445027,3507
query,1509302703.4450307,1509302703.5555208,14090
query,1509302703.5555246,1509302703.6083345,1389
query,1509302703.6083384,1509302703.6505365,1108
query,1509302703.6505406,1509302703.7266366,8958
query,1509302703.7266402,1509302703.7743876,205
query,1509302703.7743914,1509302703.7876048,5
query,1509302703.7876081,1509302703.8319726,151
query,1509302703.8319767,1509302703.8737686,125
query,1509302703.8737724,1509302703.9412508,10742
query,1509302703.9412913,1509302704.0096366,4458
query,1509302704.0226922,1509302704.150339,20070
query,1509302704.1503427,1509302704.1894038,22
query,1509302704.1894073,1509302704.2306364,733
query,1509302704.23064,1509302704.2771764,3001
query,1509302704.2771807,1509302704.3107183,200
query,1509302704.3107224,1509302704.3375075,501
query,1509302704.3375113,1509302704.3907142,1583
query,1509302704.390718,1509302704.3995478,0
query,1509302704.3995519,1509302704.4596636,6654
query,1509302704.4596674,1509302704.501862,1120
query,1509302704.5018659,1509302704.6326745,13592
query,1509302704.6326785,1509302704.7340746,10604
query,1509302704.7340784,1509302704.7769308,6046
query,1509302704.7769346,1509302704.8309064,2156
query,1509302704.8309104,1509302704.9218998,9547
query,1509302704.9219038,1509302705.0321047,16094
query,1509302705.0321088,1509302705.132732,13038
query,1509302705.1327362,1509302705.2043214,12757
query,1509302705.2043254,1509302705.2974975,20219
query,1509302705.297536,1509302705.3692555,10260
query,1509302705.381694,1509302705.5186815,14697
query,1509302705.518685,1509302705.617781,13875
query,1509302705.6177847,1509302705.6949217,8839
query,1509302705.6949258,1509302705.7794056,10084
query,1509302705.7794092,1509302705.8293848,6665
query,1509302705.829389,1509302705.9092143,12903
query,1509302705.9092183,1509302706.0065315,8896
query,1509302706.006536,1509302706.0758367,4555
query,1509302706.0758405,1509302706.1564543,6873
query,1509302706.1564589,1509302706.2651982,18700
query,1509302706.265202,1509302706.3202937,5621
query,1509302706.3202977,1509302706.3654962,686
query,1509302706.3655005,1509302706.3755019,0
query,1509302706.375505,1509302706.4181705,257
query,1509302706.4181743,1509302706.47437,9919
query,1509302706.4743736,1509302706.5075455,748
query,1509302706.5075498,1509302706.5772824,11636
query,1509302706.5772862,1509302706.627504,7668
query,1509302706.6275074,1509302706.6629834,2948
query,1509302706.6630175,1509302706.7096813,1052
query,1509302706.7221816,1509302706.7890608,8339
query,1509302706.7890644,1509302706.8664756,15179
query,1509302706.8664792,1509302706.8943589,1585
query,1509302706.8943627,1509302706.9247675,1758
query,1509302706.924771,1509302707.0213356,13162
query,1509302707.0213394,1509302707.1177995,10298
query,1509302707.1178029,1509302707.159877,27
query,1509302707.1598809,1509302707.2063534,143
query,1509302707.2063572,1509302707.2847874,9141
query,1509302707.2850235,1509302707.326402,35
query,1509302707.3264074,1509302707.381448,2535
query,1509302707.3814518,1509302707.401291,2
query,1509302707.4012942,1509302707.4663928,6650
query,1509302707.466396,1509302707.5679169,15650
query,1509302707.5679204,1509302707.6306784,4481
query,1509302707.630682,1509302707.75287,15980
query,1509302707.7528746,1509302707.7887661,2451
query,1509302707.78877,1509302707.8440576,5270
query,1509302707.8440619,1509302707.8833227,81
query,1509302707.8833601,1509302707.9494896,147
query,1509302707.9631596,1509302707.9746034,0
query,1509302707.9746077,1509302707.9811332,0
query,1509302707.981137,1509302708.084195,18087
query,1509302708.0841992,1509302708.109516,38
query,1509302708.1095264,1509302708.1730077,8882
query,1509302708.1730115,1509302708.2451713,10681
query,1509302708.2451758,1509302708.2532005,0
query,1509302708.2532039,1509302708.2948487,544
query,1509302708.2948523,1509302708.356949,3063
query,1509302708.3569527,1509302708.398653,3600
query,1509302708.398657,1509302708.4617307,8455
query,1509302708.4617343,1509302708.5008314,5963
query,1509302708.5008352,1509302708.5433426,7521
query,1509302708.5433464,1509302708.5805027,4257
query,1509302708.5805066,1509302708.5907247,1
query,1509302708.5907283,1509302708.6249673,3060
query,1509302708.624971,1509302708.6507537,822
query,1509302708.650757,1509302708.7669208,20266
query,1509302708.7669246,1509302708.8035107,6
query,1509302708.803553,1509302708.8844988,7676
query,1509302708.8970702,1509302708.9225855,72
query,1509302708.9225898,1509302708.9697726,3113
query,1509302708.969777,1509302709.0893507,15443
query,1509302709.0893555,1509302709.117393,33
query,1509302709.1173966,1509302709.194566,14443
query,1509302709.1945703,1509302709.2404423,4965
query,1509302709.2404466,1509302709.3203228,10935
query,1509302709.320327,1509302709.367656,4279
query,1509302709.36766,1509302709.401055,215
query,1509302709.401059,1509302709.4591465,6741
query,1509302709.459151,1509302709.507999,4618
query,1509302709.5080032,1509302709.592289,11781
query,1509302709.5922928,1509302709.6289694,3394
query,1509302709.628973,1509302709.7001722,6580
query,1509302709.7001762,1509302709.7310069,3
query,1509302709.7310107,1509302709.7761092,1564
query,1509302709.7761133,1509302709.8242862,37
query,1509302709.82429,1509302709.8592536,1597
query,1509302709.8592575,1509302709.9855552,19946
query,1509302709.9855897,1509302710.0327861,579
query,1509302710.0455244,1509302710.1074927,11020
query,1509302710.1074967,1509302710.140704,945
query,1509302710.1407082,1509302710.1928914,3548
query,1509302710.1928952,1509302710.2489536,4686
query,1509302710.2489574,1509302710.303022,2552
query,1509302710.3030255,1509302710.3458114,35
query,1509302710.345815,1509302710.3535492,0
query,1509302710.3535526,1509302710.3961182,196
query,1509302710.396122,1509302710.4415865,2097
query,1509302710.44159,1509302710.4639187,17
query,1509302710.4639223,1509302710.5478382,6700
query,1509302710.547842,1509302710.5880985,14
query,1509302710.588103,1509302710.68695,18355
query,1509302710.686954,1509302710.7685397,15729
query,1509302710.7685432,1509302710.8309145,9211
query,1509302710.8309183,1509302710.8645363,3368
query,1509302710.8645399,1509302710.927374,4870
query,1509302710.9273772,1509302711.0375917,12324
query,1509302711.0375957,1509302711.0832536,76
query,1509302711.083291,1509302711.2082834,13038
query,1509302711.2231276,1509302711.2671213,599
query,1509302711.2671251,1509302711.3145142,2664
query,1509302711.314518,1509302711.3811417,9456
query,1509302711.3811455,1509302711.486706,10246
query,1509302711.4867103,1509302711.494809,1
query,1509302711.4948125,1509302711.5029638,0
query,1509302711.502967,1509302711.5462232,23
query,1509302711.5462272,1509302711.5995343,4226
query,1509302711.5995386,1509302711.6324804,61
query,1509302711.6324842,1509302711.6611948,1358
query,1509302711.6611986,1509302711.7612576,22637
query,1509302711.761262,1509302711.863713,18351
query,1509302711.8637178,1509302712.0021877,13406
query,1509302712.0021927,1509302712.116787,21745
query,1509302712.1168325,1509302712.1722336,6442
query,1509302712.1722376,1509302712.2143176,900
query,1509302712.2143214,1509302712.2599561,1083
query,1509302712.25996,1509302712.3844287,13353
query,1509302712.3844323,1509302712.436714,7142
query,1509302712.4367557,1509302712.4900308,5384
query,1509302712.5061204,1509302712.557715,5721
query,1509302712.557719,1509302712.632688,9655
query,1509302712.6326919,1509302712.7105305,9418
query,1509302712.7105348,1509302712.7902167,11275
query,1509302712.7902203,1509302712.8242483,38
query,1509302712.824252,1509302712.8516407,606
query,1509302712.8516443,1509302712.8933465,3780
query,1509302712.8933504,1509302712.941769,6306
query,1509302712.9417734,1509302712.9718852,842
query,1509302712.9718897,1509302713.0621521,16565
query,1509302713.0621557,1509302713.0870125,663
query,1509302713.0870173,1509302713.1948884,20660
query,1509302713.1948924,1509302713.3011734,14665
query,1509302713.3011775,1509302713.3285353,1962
query,1509302713.3285394,1509302713.390713,5633
query,1509302713.3907168,1509302713.433053,3080
query,1509302713.433057,1509302713.503453,10261
query,1509302713.5034568,1509302713.5845044,9816
query,1509302713.5845084,1509302713.6274316,4827
query,1509302713.627471,1509302713.6471467,0
query,1509302713.6485114,1509302713.7214837,12684
query,1509302713.7214882,1509302713.8050218,13996
query,1509302713.805026,1509302713.835377,362
query,1509302713.8353808,1509302713.880504,3224
query,1509302713.8805075,1509302714.0336647,20233
query,1509302714.033669,1509302714.1204598,9924
query,1509302714.1204638,1509302714.160058,3595
query,1509302714.1600626,1509302714.20924,6836
query,1509302714.209244,1509302714.2445414,1033
query,1509302714.2445457,1509302714.2893052,1298
query,1509302714.289309,1509302714.3620088,4003
query,1509302714.3620133,1509302714.4466588,6502
query,1509302714.4466627,1509302714.494298,15
query,1509302714.4943023,1509302714.5957506,10120
query,1509302714.5957544,1509302714.6159775,3
query,1509302714.6159813,1509302714.6643314,911
query,1509302714.6643355,1509302714.7329295,7237
query,1509302714.732934,1509302714.839188,13377
query,1509302714.8391926,1509302714.9331808,3912
query,1509302714.9332194,1509302715.0865037,11175
query,1509302715.0999985,1509302715.1839879,11122
query,1509302715.1839914,1509302715.2890162,20742
query,1509302715.2890198,1509302715.337543,6955
query,1509302715.3375468,1509302715.3977811,9423
query,1509302715.3977852,1509302715.442446,72
query,1509302715.4424498,1509302715.48859,722
query,1509302715.4885938,1509302715.5794666,9282
query,1509302715.5794706,1509302715.6254227,2480
query,1509302715.6254272,1509302715.6664717,4220
query,1509302715.6664758,1509302715.6975765,1041
query,1509302715.69758,1509302715.7949991,16228
query,1509302715.7950032,1509302715.8378978,3291
query,1509302715.8379018,1509302715.9033785,9973
query,1509302715.9033825,1509302715.9471273,3176
query,1509302715.947131,1509302716.0718963,12187
query,1509302716.0719001,1509302716.1198325,47
query,1509302716.119836,1509302716.1607513,49
query,1509302716.1607547,1509302716.2202976,6001
query,1509302716.220301,1509302716.329294,21748
query,1509302716.32933,1509302716.3867671,4788
query,1509302716.3992984,1509302716.4343307,2362
query,1509302716.434334,1509302716.4773521,12
query,1509302716.4773564,1509302716.6227348,13287
query,1509302716.6227386,1509302716.6313212,0
query,1509302716.6313248,1509302716.6798854,2827
query,1509302716.6798887,1509302716.737201,3669
query,1509302716.7372062,1509302716.7976127,4132
query,1509302716.797617,1509302716.846625,2498
query,1509302716.8466296,1509302716.8961284,1688
query,1509302716.8961332,1509302717.0729861,19988
query,1509302717.0729907,1509302717.1403143,7976
query,1509302717.1403182,1509302717.2000957,4977
query,1509302717.2000995,1509302717.3543365,24008
query,1509302717.3543406,1509302717.4250355,5068
query,1509302717.425039,1509302717.517644,12868
query,1509302717.517648,1509302717.5999746,6569
query,1509302717.5999792,1509302717.659125,5495
query,1509302717.6591296,1509302717.7318938,9475
query,1509302717.7318974,1509302717.7732437,2946
query,1509302717.7732794,1509302717.8243067,3224
query,1509302717.8367207,1509302717.877606,1404
query,1509302717.8776095,1509302717.9242578,2017
query,1509302717.9242613,1509302717.988174,3791
query,1509302717.9881778,1509302718.032409,5304
query,1509302718.032413,1509302718.0506513,2
query,1509302718.050655,1509302718.0970972,5495
query,1509302718.0971012,1509302718.1416407,6863
query,1509302718.1416445,1509302718.200931,7019
query,1509302718.200935,1509302718.2260678,43
query,1509302718.2260716,1509302718.2741535,2264
query,1509302718.274157,1509302718.3214679,2084
query,1509302718.3214722,1509302718.4091306,8713
query,1509302718.4091353,1509302718.5133667,13332
query,1509302718.5133705,1509302718.5681627,5288
query,1509302718.568167,1509302718.638066,5128
query,1509302718.63807,1509302718.701302,3361
query,1509302718.701306,1509302718.8053005,18147
query,1509302718.805304,1509302718.8438702,2719
query,1509302718.8438737,1509302718.926008,8781
query,1509302718.9260461,1509302719.0124774,4248
query,1509302719.0282612,1509302719.1032705,9119
query,1509302719.1032746,1509302719.170072,6116
query,1509302719.1700761,1509302719.228439,2341
query,1509302719.2284427,1509302719.3885818,16742
query,1509302719.3885856,1509302719.4045246,2
query,1509302719.404528,1509302719.5603118,21111
query,1509302719.5603166,1509302719.6466215,10113
query,1509302719.6466262,1509302719.6528778,0
query,1509302719.652881,1509302719.7088578,10026
query,1509302719.7088616,1509302719.7657769,11883
query,1509302719.7657807,1509302719.8399506,8877
query,1509302719.8399546,1509302719.8726156,1486
query,1509302719.872619,1509302719.935366,11720
query,1509302719.93537,1509302719.9541306,2
query,1509302719.9541352,1509302719.9876797,3832
query,1509302719.9876833,1509302720.0375793,7719
query,1509302720.0375834,1509302720.09032,4700
query,1509302720.0903237,1509302720.1646185,11288
query,1509302720.1646228,1509302720.2196736,10662
query,1509302720.2197142,1509302720.2858415,9082
query,1509302720.298134,1509302720.4197657,17539
query,1509302720.4197693,1509302720.4874136,3525
query,1509302720.4874175,1509302720.673405,22325
query,1509302720.6734092,1509302720.798313,12968
query,1509302720.798317,1509302720.8073611,0
query,1509302720.8073645,1509302720.8535864,1267
query,1509302720.8535903,1509302720.8975027,1068
query,1509302720.8975062,1509302720.9906404,6923
query,1509302720.9906437,1509302721.0944874,13938
query,1509302721.0944912,1509302721.1508322,2190
query,1509302721.150836,1509302721.2918966,17429
query,1509302721.2919002,1509302721.3004875,0
query,1509302721.3004909,1509302721.3605468,2155
query,1509302721.3605514,1509302721.4514315,8865
query,1509302721.4514353,1509302721.5026014,3161
query,1509302721.5026052,1509302721.6082678,12597
query,1509302721.6082726,1509302721.65924,2626
query,1509302721.6592445,1509302721.706708,249
query,1509302721.7067118,1509302721.7679212,5810
query,1509302721.7679558,1509302721.9510286,19788
query,1509302721.9633446,1509302722.0071228,1339
query,1509302722.0071266,1509302722.01539,0
query,1509302722.0153933,1509302722.0632472,2104
query,1509302722.0632505,1509302722.087301,530
query,1509302722.087304,1509302722.15914,8608
query,1509302722.1591437,1509302722.2532976,10656
query,1509302722.2533011,1509302722.2977016,10520
query,1509302722.2977052,1509302722.3232882,1682
query,1509302722.3232915,1509302722.3616397,3149
query,1509302722.361643,1509302722.4113994,11009
query,1509302722.411403,1509302722.4401073,1645
query,1509302722.4401107,1509302722.5351489,10028
query,1509302722.5351524,1509302722.5693088,302
query,1509302722.5693133,1509302722.629881,9932
query,1509302722.629885,1509302722.6382132,0
query,1509302722.6382167,1509302722.7073908,8007
query,1509302722.7073946,1509302722.7918336,9977
query,1509302722.7918372,1509302722.8254743,188
query,1509302722.825478,1509302722.872654,3243
query,1509302722.872692,1509302722.9412577,4871
query,1509302722.9536667,1509302722.9905748,785
query,1509302722.9905791,1509302723.063716,13293
query,1509302723.0637197,1509302723.1370823,13060
query,1509302723.137086,1509302723.2091317,11668
query,1509302723.2091353,1509302723.247484,3413
query,1509302723.2474885,1509302723.323501,14742
query,1509302723.3235054,1509302723.3653817,5022
query,1509302723.365386,1509302723.3704667,0
query,1509302723.37047,1509302723.4335265,7802
query,1509302723.4335303,1509302723.4633393,2251
query,1509302723.4633436,1509302723.5370162,13744
query,1509302723.5370197,1509302723.5654297,958
query,1509302723.5654337,1509302723.6546469,10775
query,1509302723.6546512,1509302723.7982225,14653
query,1509302723.7982268,1509302723.8520603,1409
query,1509302723.8520641,1509302723.8960183,459
query,1509302723.8960226,1509302723.905523,0
query,1509302723.9055266,1509302723.9523072,770
query,1509302723.9523115,1509302724.0005023,6537
query,1509302724.0005438,1509302724.0604022,4660
query,1509302724.0732894,1509302724.0997117,1041
query,1509302724.099715,1509302724.1293526,3
query,1509302724.1293557,1509302724.1760445,983
query,1509302724.1760476,1509302724.279838,9070
query,1509302724.2798421,1509302724.2932942,1
query,1509302724.2932978,1509302724.365541,7564
query,1509302724.365545,1509302724.4560242,9786
query,1509302724.4560275,1509302724.4895418,193
query,1509302724.489546,1509302724.615337,20584
query,1509302724.6153407,1509302724.6779401,7534
query,1509302724.6779442,1509302724.7170231,4290
query,1509302724.7170267,1509302724.7720132,7097
query,1509302724.7720168,1509302724.8269236,2900
query,1509302724.826928,1509302724.9388022,17303
query,1509302724.9388063,1509302724.9935188,3639
query,1509302724.9935224,1509302725.0339406,7
query,1509302725.0339446,1509302725.0782926,590
query,1509302725.0782967,1509302725.1238508,252
query,1509302725.1238549,1509302725.1650214,162
query,1509302725.1650612,1509302725.2869165,14819
query,1509302725.2997036,1509302725.3636577,8162
query,1509302725.363662,1509302725.4729183,10944
query,1509302725.472923,1509302725.485009,1
query,1509302725.485012,1509302725.5319464,1922
query,1509302725.5319498,1509302725.5928755,5319
query,1509302725.5928795,1509302725.657372,5690
query,1509302725.6573756,1509302725.7052839,1015
query,1509302725.705288,1509302725.7349503,1502
query,1509302725.7349539,1509302725.8011446,6698
query,1509302725.8011487,1509302725.8470068,3903
query,1509302725.8470104,1509302725.8760092,691
query,1509302725.876013,1509302725.9646208,19867
query,1509302725.9646244,1509302726.0750227,20372
query,1509302726.0750263,1509302726.1778872,3912
query,1509302726.1778917,1509302726.2186174,3428
query,1509302726.218623,1509302726.2519476,207
query,1509302726.2519526,1509302726.3923702,20409
query,1509302726.3923748,1509302726.4711835,11606
query,1509302726.4711878,1509302726.567407,10643
