tables,1509007736.311267,1509012310.0311399
query,1509012310.032175,1509012311.9372046,7132
query,1509012311.948561,1509012312.8858104,10842
query,1509012312.8858147,1509012313.345275,5889
query,1509012313.3452785,1509012313.4772546,1966
query,1509012313.477259,1509012313.8229623,5248
query,1509012313.822966,1509012314.0330465,1973
query,1509012314.0330563,1509012314.1111233,113
query,1509012314.1111271,1509012315.6494696,6795
query,1509012315.649474,1509012315.846471,4355
query,1509012315.8464751,1509012315.9630556,1193
query,1509012315.9630594,1509012315.9966514,0
query,1509012315.9966547,1509012316.16004,104
query,1509012316.1600437,1509012316.674692,7907
query,1509012316.6746957,1509012317.314245,6773
query,1509012317.3142486,1509012317.6010802,5433
query,1509012317.6010835,1509012317.8717594,7789
query,1509012317.8717635,1509012318.156041,7814
query,1509012318.156045,1509012318.713006,10838
query,1509012318.7130108,1509012319.4384577,6804
query,1509012319.4384613,1509012319.5243292,897
query,1509012319.5245228,1509012319.7852547,6731
query,1509012319.7974405,1509012320.5442927,6813
query,1509012320.5442967,1509012320.6991324,1336
query,1509012320.6991365,1509012321.4060829,10844
query,1509012321.4060872,1509012321.756101,6716
query,1509012321.756105,1509012321.8243492,1963
query,1509012321.8243532,1509012322.2414696,5630
query,1509012322.2414742,1509012322.3444815,1361
query,1509012322.3444855,1509012322.5302916,1561
query,1509012322.5302958,1509012323.1243448,7960
query,1509012323.1243489,1509012323.7462604,8479
query,1509012323.746265,1509012324.043831,5430
query,1509012324.0438354,1509012324.3114269,6241
query,1509012324.311432,1509012324.7730966,7955
query,1509012324.773101,1509012325.0382736,4792
query,1509012325.0382779,1509012325.6961696,6795
query,1509012325.6961737,1509012325.811188,1838
query,1509012325.811193,1509012326.5161362,8189
query,1509012326.5161405,1509012326.8901253,6738
query,1509012326.89013,1509012327.3116724,8414
query,1509012327.311712,1509012327.6545691,7611
query,1509012327.6676602,1509012327.9833186,5449
query,1509012327.9833224,1509012328.1491556,6720
query,1509012328.1491609,1509012328.5734355,5930
query,1509012328.5734396,1509012329.3464956,6794
query,1509012329.3465004,1509012329.9950132,6808
query,1509012329.9950173,1509012330.1055734,2510
query,1509012330.1055775,1509012330.2894855,4514
query,1509012330.2894893,1509012330.446585,2381
query,1509012330.4465888,1509012330.8341537,6735
query,1509012330.8341577,1509012331.0830412,7845
query,1509012331.083046,1509012331.18143,32
query,1509012331.1814353,1509012331.53965,7990
query,1509012331.5396545,1509012331.6852465,1467
query,1509012331.6852508,1509012331.731648,13
query,1509012331.731652,1509012332.1113398,5552
query,1509012332.1113439,1509012332.4576259,4327
query,1509012332.4576313,1509012332.5147893,6
query,1509012332.5147934,1509012332.5721223,2
query,1509012332.572127,1509012332.8309176,5130
query,1509012332.8309698,1509012333.1013932,6575
query,1509012333.1142812,1509012333.5786545,7936
query,1509012333.5786588,1509012333.8504353,5446
query,1509012333.8504403,1509012334.4093232,7856
query,1509012334.409327,1509012335.1931148,10836
query,1509012335.1931183,1509012335.348105,3761
query,1509012335.348109,1509012336.310389,10859
query,1509012336.3103929,1509012336.7757258,7959
query,1509012336.7757297,1509012337.0946102,5483
query,1509012337.0946143,1509012337.743078,10833
query,1509012337.7430825,1509012338.2638693,6798
query,1509012338.2638736,1509012338.8307402,12385
query,1509012338.8307445,1509012339.0751002,2893
query,1509012339.0751045,1509012339.4469619,4999
query,1509012339.446966,1509012339.961812,9356
query,1509012339.9618165,1509012340.0603354,1667
query,1509012340.0603397,1509012341.2501993,12863
query,1509012341.250203,1509012341.733478,5677
query,1509012341.7334824,1509012341.8683114,128
query,1509012341.8683155,1509012342.0677083,755
query,1509012342.067747,1509012342.3216977,70
query,1509012342.3347948,1509012342.4845707,958
query,1509012342.4845748,1509012342.8336346,1892
query,1509012342.8336384,1509012343.6497567,9216
query,1509012343.6497607,1509012344.1509826,9315
query,1509012344.1509864,1509012345.0426252,9681
query,1509012345.042629,1509012345.663734,6856
query,1509012345.6637385,1509012345.7158906,0
query,1509012345.715895,1509012346.336912,12500
query,1509012346.336916,1509012346.446399,346
query,1509012346.446403,1509012347.4033039,12391
query,1509012347.4033082,1509012348.143001,7006
query,1509012348.1430051,1509012348.260474,967
query,1509012348.2604778,1509012348.2969053,0
query,1509012348.2969093,1509012348.6636298,3139
query,1509012348.6636336,1509012349.6512666,11587
query,1509012349.6512706,1509012349.8721874,2412
query,1509012349.8721912,1509012350.0579998,1363
query,1509012350.0580044,1509012350.1700168,14
query,1509012350.1700208,1509012350.4492073,2023
query,1509012350.4492495,1509012350.7094326,2760
query,1509012350.7220252,1509012350.7898228,274
query,1509012350.7898264,1509012351.6183667,7284
query,1509012351.6183708,1509012351.8202682,5356
query,1509012351.820272,1509012352.288197,10738
query,1509012352.288201,1509012352.5257576,2333
query,1509012352.5257614,1509012353.2663555,12449
query,1509012353.2663596,1509012353.5912516,2321
query,1509012353.5912554,1509012353.6635928,228
query,1509012353.663597,1509012354.117081,5405
query,1509012354.117085,1509012354.2565165,4112
query,1509012354.256521,1509012354.3512347,153
query,1509012354.351239,1509012355.2959733,7988
query,1509012355.2959774,1509012355.3901513,161
query,1509012355.390155,1509012356.1417727,6396
query,1509012356.1417766,1509012356.4454129,1688
query,1509012356.4454172,1509012356.5332873,111
query,1509012356.533291,1509012356.5716248,1
query,1509012356.5716286,1509012357.0039768,4229
query,1509012357.0039809,1509012357.07346,583
query,1509012357.0735102,1509012357.5685472,7669
query,1509012357.5812426,1509012358.0066755,3811
query,1509012358.0066795,1509012358.5005133,4219
query,1509012358.5005174,1509012359.010321,3151
query,1509012359.010325,1509012359.5572193,10839
query,1509012359.557224,1509012360.2449675,5910
query,1509012360.2449715,1509012360.554664,4848
query,1509012360.5546682,1509012360.7004294,1074
query,1509012360.7004335,1509012360.9683142,1849
query,1509012360.9683182,1509012361.78719,7422
query,1509012361.787194,1509012362.1734915,6857
query,1509012362.173496,1509012362.6316514,8719
query,1509012362.6316555,1509012362.7312894,163
query,1509012362.7312934,1509012363.0832174,6858
query,1509012363.0832214,1509012363.381068,5913
query,1509012363.3810728,1509012363.5175052,597
query,1509012363.517509,1509012363.9648912,12374
query,1509012363.9648952,1509012364.2707138,2351
query,1509012364.2707179,1509012365.06964,7011
query,1509012365.0696447,1509012365.1339843,974
query,1509012365.134023,1509012365.2362778,1352
query,1509012365.2485738,1509012365.5395522,4627
query,1509012365.5395558,1509012365.7351246,2931
query,1509012365.7351286,1509012365.7790549,4
query,1509012365.7790587,1509012366.2575753,10487
query,1509012366.2575796,1509012366.494825,3248
query,1509012366.4948294,1509012366.5414946,0
query,1509012366.5414991,1509012366.6180072,1288
query,1509012366.6180112,1509012366.7596965,199
query,1509012366.759701,1509012367.287866,11529
query,1509012367.2878704,1509012368.0933049,11411
query,1509012368.0933084,1509012368.2056696,883
query,1509012368.2056735,1509012368.5204341,3388
query,1509012368.5204384,1509012368.8941164,4142
query,1509012368.8941202,1509012368.99867,1313
query,1509012368.9986744,1509012369.5845659,12444
query,1509012369.5845697,1509012369.6925473,995
query,1509012369.6925514,1509012369.781835,616
query,1509012369.7818398,1509012370.062546,3860
query,1509012370.0625517,1509012370.5321553,6881
query,1509012370.5322053,1509012371.3263898,8643
query,1509012371.3416932,1509012372.169399,11519
query,1509012372.1694026,1509012372.5603828,2844
query,1509012372.5603862,1509012373.0632021,5619
query,1509012373.0632064,1509012374.0807328,13797
query,1509012374.0807366,1509012374.4581,5254
query,1509012374.4581044,1509012374.5204284,500
query,1509012374.5204322,1509012374.926668,5766
query,1509012374.926672,1509012375.2926133,3162
query,1509012375.2926173,1509012375.670045,7151
query,1509012375.6700492,1509012375.7859755,1898
query,1509012375.7859797,1509012375.8608863,2
query,1509012375.86089,1509012375.964308,7
query,1509012375.9643118,1509012376.0511029,762
query,1509012376.0511072,1509012376.1295328,1309
query,1509012376.1295369,1509012376.4114566,4324
query,1509012376.4114604,1509012376.523905,953
query,1509012376.5239096,1509012376.7990906,2988
query,1509012376.799095,1509012377.0415342,3330
query,1509012377.0415387,1509012377.2623208,4105
query,1509012377.2623696,1509012377.3030946,0
query,1509012377.3047826,1509012378.2221282,11489
query,1509012378.2221322,1509012378.2911723,6
query,1509012378.291176,1509012378.7845168,9636
query,1509012378.7845209,1509012379.1598537,6723
query,1509012379.1598575,1509012379.4321582,4852
query,1509012379.432163,1509012379.6010857,1576
query,1509012379.6010897,1509012379.8015397,1888
query,1509012379.8015442,1509012380.0048683,5877
query,1509012380.0048723,1509012380.2466545,4722
query,1509012380.2466593,1509012380.848027,6688
query,1509012380.8480318,1509012380.9073112,1
query,1509012380.9073155,1509012380.979504,181
query,1509012380.979509,1509012381.0386868,714
query,1509012381.0386913,1509012382.0165865,10829
query,1509012382.0165906,1509012382.4916463,5850
query,1509012382.4916506,1509012382.5656934,1182
query,1509012382.5656986,1509012382.833531,1985
query,1509012382.8335352,1509012383.4244683,6612
query,1509012383.4244726,1509012384.2370934,12495
query,1509012384.237138,1509012384.3529913,9
query,1509012384.365401,1509012384.7321444,3355
query,1509012384.7321482,1509012385.2176573,5689
query,1509012385.2176616,1509012385.5182264,3257
query,1509012385.5182316,1509012385.8255875,3611
query,1509012385.8255923,1509012386.7742188,12940
query,1509012386.7742236,1509012386.8283467,142
query,1509012386.8283503,1509012387.0018857,2765
query,1509012387.0018895,1509012387.3468592,3720
query,1509012387.3468633,1509012387.9765244,7124
query,1509012387.9765282,1509012388.109007,1023
query,1509012388.1090107,1509012388.1951714,0
query,1509012388.195176,1509012388.253911,41
query,1509012388.253915,1509012389.1237597,14353
query,1509012389.1237638,1509012390.178877,18661
query,1509012390.1788816,1509012390.255616,104
query,1509012390.2556195,1509012391.2566721,3882
query,1509012391.2566767,1509012391.341219,243
query,1509012391.341223,1509012391.4204912,85
query,1509012391.4204955,1509012391.6357863,4296
query,1509012391.635831,1509012392.6820579,14399
query,1509012392.6944222,1509012392.7763743,1542
query,1509012392.776379,1509012393.0519998,3826
query,1509012393.0520034,1509012393.3987052,5371
query,1509012393.3987095,1509012394.0617487,3783
query,1509012394.0617526,1509012394.5592628,12614
query,1509012394.5592668,1509012394.9786842,13798
query,1509012394.9786887,1509012395.2337189,4401
query,1509012395.233723,1509012395.260154,1
query,1509012395.2601576,1509012395.5320137,6051
query,1509012395.5320187,1509012396.0875092,11541
query,1509012396.0875142,1509012396.3870716,3329
query,1509012396.3870766,1509012396.948597,7672
query,1509012396.948601,1509012397.6027992,9431
query,1509012397.602804,1509012398.6908581,10836
query,1509012398.6908622,1509012398.7847104,837
query,1509012398.7847142,1509012398.9048784,823
query,1509012398.9048831,1509012398.9844856,1082
query,1509012398.9844897,1509012399.119019,4833
query,1509012399.1190228,1509012399.2303731,30
query,1509012399.2304168,1509012399.8338766,7006
query,1509012399.8463252,1509012400.5892942,11896
query,1509012400.589299,1509012400.8380148,3324
query,1509012400.8380187,1509012401.203717,6204
query,1509012401.203722,1509012401.763893,10774
query,1509012401.763897,1509012401.954834,3726
query,1509012401.9548383,1509012402.0386114,258
query,1509012402.0386162,1509012402.7508328,9437
query,1509012402.7508366,1509012403.7429256,14194
query,1509012403.7429302,1509012404.1834188,7134
query,1509012404.1834228,1509012404.3188016,486
query,1509012404.3188055,1509012405.1447496,8030
query,1509012405.1447537,1509012405.4214962,4290
query,1509012405.4215,1509012405.6134725,3414
query,1509012405.6134765,1509012405.6718998,0
query,1509012405.671904,1509012405.7609055,2
query,1509012405.7609093,1509012406.3770542,9765
query,1509012406.377058,1509012406.4118237,3
query,1509012406.4118278,1509012406.4594483,6
query,1509012406.4594533,1509012407.028874,7411
query,1509012407.0289173,1509012407.847184,13882
query,1509012407.8597054,1509012408.0874789,3327
query,1509012408.087483,1509012408.3958173,3329
query,1509012408.395821,1509012408.4385066,0
query,1509012408.4385107,1509012408.5565255,288
query,1509012408.5565293,1509012409.2075403,11096
query,1509012409.2075446,1509012409.3377662,2410
query,1509012409.3377705,1509012409.3908558,724
query,1509012409.3908596,1509012409.484454,11
query,1509012409.484458,1509012409.7702575,3137
query,1509012409.7702615,1509012410.7672465,12693
query,1509012410.7672505,1509012411.1019866,3797
query,1509012411.1019912,1509012411.132202,2
query,1509012411.1322057,1509012411.4124117,3803
query,1509012411.4124234,1509012411.4609418,2
query,1509012411.460946,1509012412.5325346,13610
query,1509012412.5325394,1509012413.202156,7899
query,1509012413.202161,1509012413.3326423,215
query,1509012413.3326464,1509012413.4442146,500
query,1509012413.4442189,1509012414.1905892,9220
query,1509012414.190641,1509012414.7895803,9286
query,1509012414.8023345,1509012414.9363706,1128
query,1509012414.9363751,1509012415.200405,4811
query,1509012415.200409,1509012415.306384,13
query,1509012415.3063881,1509012415.4452572,2808
query,1509012415.445261,1509012415.6098726,2166
query,1509012415.6098769,1509012415.996629,2365
query,1509012415.9966338,1509012416.0303464,4
query,1509012416.0303507,1509012416.0504432,0
query,1509012416.050447,1509012416.444762,5914
query,1509012416.4447663,1509012416.547436,1191
query,1509012416.5474403,1509012416.6239862,53
query,1509012416.6239903,1509012417.315126,11882
query,1509012417.31513,1509012418.1060832,9608
query,1509012418.1060874,1509012418.1803572,44
query,1509012418.1803613,1509012418.7595217,9968
query,1509012418.7595258,1509012419.45832,6948
query,1509012419.458325,1509012419.576163,1075
query,1509012419.576168,1509012420.0033154,4043
query,1509012420.0033195,1509012420.4706838,6374
query,1509012420.4707298,1509012421.745011,11532
query,1509012421.7574065,1509012421.9572399,4189
query,1509012421.9572437,1509012422.2154546,3962
query,1509012422.2154593,1509012422.4294665,2231
query,1509012422.4294708,1509012422.5454178,705
query,1509012422.5454218,1509012422.7312908,2086
query,1509012422.731295,1509012423.2492907,7554
query,1509012423.2492948,1509012423.3735137,1401
query,1509012423.3735185,1509012424.1046927,8222
query,1509012424.104697,1509012424.239165,1039
query,1509012424.2391691,1509012424.37251,1187
query,1509012424.3725145,1509012425.3485096,9688
query,1509012425.3485138,1509012425.4233465,881
query,1509012425.4233508,1509012425.5479703,3
query,1509012425.5479748,1509012426.111967,6889
query,1509012426.111971,1509012426.142166,2
query,1509012426.14217,1509012426.6878552,8504
query,1509012426.687862,1509012426.7629738,129
query,1509012426.7629778,1509012426.8234184,209
query,1509012426.8234224,1509012427.0266833,4173
query,1509012427.0267239,1509012427.62328,9274
query,1509012427.6366298,1509012428.6163116,12899
query,1509012428.6163158,1509012428.7028224,1331
query,1509012428.7028267,1509012429.3806784,7691
query,1509012429.3806822,1509012429.5927057,2152
query,1509012429.5927098,1509012429.678192,13
query,1509012429.678196,1509012430.0928836,4604
query,1509012430.092888,1509012430.1427941,4
query,1509012430.1427984,1509012430.5360868,1970
query,1509012430.5360916,1509012431.1734302,13954
query,1509012431.1734345,1509012431.4619975,5748
query,1509012431.462002,1509012432.0230403,8584
query,1509012432.0230443,1509012432.7057254,8110
query,1509012432.7057297,1509012433.7412465,10405
query,1509012433.7412517,1509012433.984282,3132
query,1509012433.9842863,1509012434.0680556,532
query,1509012434.0680604,1509012434.5461376,7194
query,1509012434.546142,1509012434.582232,0
query,1509012434.582237,1509012435.459545,11956
query,1509012435.4595497,1509012435.5420783,1338
query,1509012435.542115,1509012435.6236851,16
query,1509012435.637665,1509012436.2000182,12529
query,1509012436.2000227,1509012436.281743,218
query,1509012436.2817476,1509012436.3120942,0
query,1509012436.3120985,1509012436.3766692,725
query,1509012436.376674,1509012436.7242377,1887
query,1509012436.724242,1509012437.1843197,7544
query,1509012437.1843235,1509012437.4010184,1809
query,1509012437.4010224,1509012437.446627,0
query,1509012437.4466312,1509012437.7639003,6870
query,1509012437.7639043,1509012438.2157261,6910
query,1509012438.2157304,1509012439.324715,14631
query,1509012439.324719,1509012439.736385,4959
query,1509012439.7363892,1509012440.2912452,11647
query,1509012440.2912493,1509012440.7275534,5164
query,1509012440.7275577,1509012440.8067782,194
query,1509012440.8067822,1509012441.042097,3809
query,1509012441.0421011,1509012441.9106214,10556
query,1509012441.9106252,1509012442.0277066,4
query,1509012442.0277114,1509012442.2273066,3306
query,1509012442.2273571,1509012442.9980004,12908
query,1509012443.0055587,1509012443.0973375,15
query,1509012443.0973418,1509012443.3147874,2147
query,1509012443.3147914,1509012444.3292384,12741
query,1509012444.3292444,1509012444.3567088,0
query,1509012444.3567128,1509012444.4051447,6
query,1509012444.4051492,1509012444.537371,1183
query,1509012444.5373764,1509012444.6652281,2437
query,1509012444.6652322,1509012445.4558058,13854
query,1509012445.4558098,1509012445.7046146,3527
query,1509012445.7046185,1509012446.076335,5579
query,1509012446.0763392,1509012446.3901286,5489
query,1509012446.390133,1509012446.588519,2798
query,1509012446.5885234,1509012446.679833,273
query,1509012446.6798375,1509012446.7512019,19
query,1509012446.751207,1509012447.0564208,2292
query,1509012447.0564253,1509012447.6073163,4954
query,1509012447.60732,1509012448.7642715,13405
query,1509012448.7642765,1509012449.0866647,6870
query,1509012449.0866687,1509012449.725658,9661
query,1509012449.725703,1509012450.207639,6658
query,1509012450.2239137,1509012450.5408251,2895
query,1509012450.5408306,1509012450.9723716,6858
query,1509012450.9723756,1509012451.2465637,4812
query,1509012451.246569,1509012451.695738,5251
query,1509012451.695742,1509012452.1005602,3820
query,1509012452.1005642,1509012452.3878179,3465
query,1509012452.3878222,1509012453.6706207,14471
query,1509012453.670625,1509012453.7587638,3
query,1509012453.7587686,1509012454.4678512,11526
query,1509012454.4678552,1509012454.5873473,112
query,1509012454.5873516,1509012454.7019114,1068
query,1509012454.7019153,1509012455.2017887,4157
query,1509012455.2017932,1509012455.7029438,4306
query,1509012455.702948,1509012455.7988033,1225
query,1509012455.7988074,1509012456.2117896,8010
query,1509012456.2117937,1509012456.3083808,12
query,1509012456.3083851,1509012456.7954023,11206
query,1509012456.7954063,1509012457.0735698,2372
query,1509012457.073574,1509012457.3272657,3605
query,1509012457.3273053,1509012457.4448433,332
query,1509012457.4609842,1509012457.9855065,8886
query,1509012457.9855106,1509012458.4824207,4266
query,1509012458.4824247,1509012459.6389866,14391
query,1509012459.6389909,1509012460.2592869,9671
query,1509012460.2592914,1509012460.779836,6857
query,1509012460.7798405,1509012461.276126,4382
query,1509012461.2761302,1509012461.7401657,6767
query,1509012461.7401698,1509012461.8469772,1257
query,1509012461.8469813,1509012462.1369011,3469
query,1509012462.1369052,1509012462.1979923,67
query,1509012462.197997,1509012462.5697405,6062
query,1509012462.5697453,1509012463.0047417,4298
query,1509012463.0047464,1509012463.1890244,1817
query,1509012463.189029,1509012463.8338768,5517
query,1509012463.8338819,1509012464.6567328,9581
query,1509012464.6567373,1509012465.6533484,15550
query,1509012465.6533527,1509012465.7868545,1747
query,1509012465.7868588,1509012466.0703454,3617
query,1509012466.0703504,1509012466.1821334,360
query,1509012466.1821923,1509012466.8499587,11654
query,1509012466.8628216,1509012466.9489174,14
query,1509012466.9489217,1509012467.5738273,16550
query,1509012467.5738316,1509012468.5641809,13955
query,1509012468.5641851,1509012468.8132284,2764
query,1509012468.8132324,1509012469.1843467,6017
query,1509012469.1843507,1509012469.695363,11634
query,1509012469.6953676,1509012469.8735728,1738
query,1509012469.8735774,1509012469.9261944,5
query,1509012469.9261985,1509012470.0010376,1061
query,1509012470.001042,1509012470.958512,13692
query,1509012470.9585166,1509012471.6800945,12687
query,1509012471.6800985,1509012471.9188411,3375
query,1509012471.9188452,1509012471.9605875,0
query,1509012471.9605918,1509012472.264885,5592
query,1509012472.264889,1509012472.8153973,11551
query,1509012472.8154018,1509012473.2544045,8595
query,1509012473.2544088,1509012473.3762298,568
query,1509012473.3762333,1509012473.4667177,70
query,1509012473.466722,1509012473.9772944,9816
query,1509012473.977344,1509012474.318927,4388
query,1509012474.3316455,1509012474.8951962,7902
query,1509012474.8952003,1509012475.5824122,6306
query,1509012475.582416,1509012476.1662302,6437
query,1509012476.1662345,1509012476.2353039,4
query,1509012476.2353077,1509012476.42681,4600
query,1509012476.4268143,1509012476.4942205,3
query,1509012476.4942248,1509012476.998567,10230
query,1509012476.9985714,1509012477.0708234,1507
query,1509012477.0708277,1509012477.1469018,987
query,1509012477.1469061,1509012477.7121398,12509
query,1509012477.7121441,1509012477.913551,4820
query,1509012477.913555,1509012478.0669332,4009
query,1509012478.0669372,1509012478.3245492,2863
query,1509012478.3245533,1509012478.3836021,496
query,1509012478.383606,1509012478.7016943,5677
query,1509012478.7016985,1509012479.13413,4226
query,1509012479.1341343,1509012479.4975905,6681
query,1509012479.4975946,1509012479.6388,32
query,1509012479.6388044,1509012480.0313618,4001
query,1509012480.0314057,1509012480.8631258,11675
query,1509012480.8755245,1509012481.014306,38
query,1509012481.014311,1509012481.4893003,11505
query,1509012481.4893048,1509012482.1441479,10505
query,1509012482.144152,1509012482.7176836,7336
query,1509012482.7176876,1509012483.0870206,4211
query,1509012483.0870247,1509012483.5168917,7858
query,1509012483.5168967,1509012483.6687207,4650
query,1509012483.6687248,1509012483.7405672,1117
query,1509012483.740572,1509012483.943721,2114
query,1509012483.9437258,1509012484.6244686,7208
query,1509012484.6244726,1509012485.0912354,6568
query,1509012485.0912402,1509012485.1639369,455
query,1509012485.163941,1509012485.2517366,29
query,1509012485.2517405,1509012486.087039,5584
query,1509012486.087043,1509012486.1992404,1642
query,1509012486.199244,1509012486.2435608,0
query,1509012486.2435646,1509012486.377123,399
query,1509012486.3771276,1509012486.9566755,6860
query,1509012486.9566798,1509012487.4283764,6885
query,1509012487.4284203,1509012487.7140932,6434
query,1509012487.727301,1509012488.1565857,3565
query,1509012488.1565902,1509012488.300576,583
query,1509012488.300581,1509012488.6317403,6266
query,1509012488.6317449,1509012488.9187565,3484
query,1509012488.918762,1509012489.485095,10539
query,1509012489.4851031,1509012490.1467988,10459
query,1509012490.1468036,1509012490.727577,9836
query,1509012490.7275815,1509012490.7837,1
query,1509012490.7837043,1509012491.278975,12374
query,1509012491.2789798,1509012491.4716978,4844
query,1509012491.4717019,1509012492.6405823,14263
query,1509012492.6405869,1509012492.8011584,532
query,1509012492.801163,1509012493.267234,3527
query,1509012493.26724,1509012493.7446177,9904
query,1509012493.7446222,1509012494.4412096,12380
query,1509012494.441214,1509012494.800176,6856
query,1509012494.80018,1509012495.3959367,3623
query,1509012495.3959405,1509012495.5810668,3567
query,1509012495.5810711,1509012495.662499,251
query,1509012495.6625528,1509012496.6750937,3883
query,1509012496.6874561,1509012496.8316784,471
query,1509012496.8316827,1509012497.1127079,3199
query,1509012497.1127124,1509012497.4680724,4295
query,1509012497.468077,1509012497.546992,119
query,1509012497.5469956,1509012497.6681988,80
query,1509012497.6682026,1509012498.0353115,7297
query,1509012498.0353158,1509012498.444673,7082
query,1509012498.4446769,1509012498.5435894,300
query,1509012498.5435934,1509012498.5972297,0
query,1509012498.5972342,1509012499.0244942,7490
query,1509012499.0244987,1509012499.4881303,10834
query,1509012499.4881353,1509012500.7634373,13938
query,1509012500.7634416,1509012500.9092119,10
query,1509012500.9092162,1509012501.5801222,7156
query,1509012501.5801265,1509012501.9355361,5392
query,1509012501.9355404,1509012502.2107027,3151
query,1509012502.2107072,1509012502.8356736,12440
query,1509012502.8356779,1509012503.2571952,7255
query,1509012503.2571998,1509012503.9145253,12495
query,1509012503.914569,1509012504.431259,6870
query,1509012504.443753,1509012504.7646763,3650
query,1509012504.7646806,1509012505.377523,8327
query,1509012505.377527,1509012505.604091,3055
query,1509012505.6040952,1509012506.1796846,11358
query,1509012506.1796885,1509012507.0926354,12983
query,1509012507.0926392,1509012507.2250001,1547
query,1509012507.225005,1509012507.2600398,0
query,1509012507.2600439,1509012507.3551981,553
query,1509012507.3552024,1509012507.5836775,2830
query,1509012507.5836816,1509012508.5690339,13928
query,1509012508.5690384,1509012508.8125863,2291
query,1509012508.8125913,1509012509.0225132,3404
query,1509012509.0225172,1509012509.865561,13442
query,1509012509.8655648,1509012510.1358817,3608
query,1509012510.1358862,1509012510.2825563,3724
query,1509012510.2825606,1509012511.1701927,11534
query,1509012511.1701975,1509012511.4958823,3595
query,1509012511.495886,1509012511.7414877,3415
query,1509012511.7414918,1509012512.6376665,13046
query,1509012512.637709,1509012513.1737504,14264
query,1509012513.1862915,1509012513.398726,5243
query,1509012513.3987298,1509012513.4709167,166
query,1509012513.4709206,1509012513.5470932,865
query,1509012513.5470974,1509012514.2692206,8900
query,1509012514.2692254,1509012514.3921766,613
query,1509012514.3921807,1509012515.2081325,16611
query,1509012515.208137,1509012515.4904032,3333
query,1509012515.4904077,1509012515.7479024,2870
query,1509012515.7479062,1509012515.915775,2763
query,1509012515.915779,1509012516.0492818,2792
query,1509012516.049286,1509012516.6570802,7762
query,1509012516.6570845,1509012516.8895164,3822
query,1509012516.8895204,1509012517.559453,12953
query,1509012517.559458,1509012518.1529803,4808
query,1509012518.1529844,1509012519.0165703,9427
query,1509012519.0165753,1509012519.8556948,11319
query,1509012519.855699,1509012520.213645,8163
query,1509012520.2136493,1509012521.132266,13855
query,1509012521.13227,1509012521.427414,5670
query,1509012521.427455,1509012521.92341,9152
query,1509012521.936047,1509012522.3111587,4509
query,1509012522.3111637,1509012522.3713589,221
query,1509012522.3713632,1509012523.0535297,6191
query,1509012523.0535336,1509012523.6369953,9243
query,1509012523.6369994,1509012524.4201186,11854
query,1509012524.4201229,1509012524.7833908,4625
query,1509012524.7833946,1509012525.1340404,9156
query,1509012525.1340444,1509012525.1758194,1
query,1509012525.1758232,1509012526.1157691,9840
query,1509012526.1157734,1509012526.1558883,0
query,1509012526.1558924,1509012526.8825586,10457
query,1509012526.8825634,1509012527.0985272,2729
query,1509012527.0985312,1509012527.398052,955
query,1509012527.398057,1509012527.8290484,7236
query,1509012527.8290546,1509012527.930855,1412
query,1509012527.9308596,1509012528.665115,6871
query,1509012528.6651194,1509012529.1119037,6856
query,1509012529.1119082,1509012529.3203351,2899
query,1509012529.32034,1509012529.6424067,4383
query,1509012529.6424396,1509012530.016259,5558
query,1509012530.0297456,1509012530.5029514,6158
query,1509012530.5029554,1509012530.538675,0
query,1509012530.5386796,1509012530.6515706,9
query,1509012530.6515744,1509012531.1203594,7067
query,1509012531.1203632,1509012531.3207176,2433
query,1509012531.3207219,1509012531.3694043,3
query,1509012531.3694081,1509012531.4345596,23
query,1509012531.4345636,1509012531.4777296,2
query,1509012531.4777336,1509012532.4730551,3861
query,1509012532.4730592,1509012532.7839677,4984
query,1509012532.7839723,1509012533.5573132,9336
query,1509012533.5573177,1509012533.6799846,461
query,1509012533.6799884,1509012533.7157638,0
query,1509012533.7157674,1509012534.1560915,6064
query,1509012534.1560962,1509012534.248032,597
query,1509012534.248036,1509012535.2829235,10116
query,1509012535.2829285,1509012535.9967113,12847
query,1509012535.996715,1509012536.3772056,7785
query,1509012536.3772101,1509012536.4730892,169
query,1509012536.4731321,1509012536.618859,129
query,1509012536.631354,1509012536.706739,33
query,1509012536.706743,1509012537.1531992,6283
query,1509012537.153203,1509012538.0104706,11499
query,1509012538.010475,1509012538.3720102,9203
query,1509012538.3720138,1509012538.9548893,11708
query,1509012538.9548934,1509012539.790803,13890
query,1509012539.790807,1509012539.8997502,1392
query,1509012539.899754,1509012540.290827,7408
query,1509012540.2908323,1509012540.908087,3685
query,1509012540.908091,1509012540.9579165,3
query,1509012540.9579203,1509012541.1358442,3812
query,1509012541.135848,1509012541.378705,1799
query,1509012541.378709,1509012542.0597074,11249
query,1509012542.0597112,1509012542.4976537,3855
query,1509012542.497658,1509012542.691711,4122
query,1509012542.691715,1509012543.4158854,12652
query,1509012543.4158895,1509012543.9477959,12382
query,1509012543.9478002,1509012544.5995846,7554
query,1509012544.5995884,1509012544.675877,633
query,1509012544.6759164,1509012545.0311842,4743
query,1509012545.0441918,1509012545.3150623,2819
query,1509012545.315066,1509012545.6190927,4726
query,1509012545.6190975,1509012545.6398408,0
query,1509012545.6398447,1509012546.0790637,6541
query,1509012546.0790675,1509012546.414843,5198
query,1509012546.4148471,1509012546.4744954,493
query,1509012546.4744995,1509012546.5262666,357
query,1509012546.5262706,1509012547.3022563,11685
query,1509012547.3022606,1509012547.3918834,1147
query,1509012547.3918872,1509012547.8147101,7000
query,1509012547.814714,1509012548.148911,4332
query,1509012548.1489146,1509012548.2599375,106
query,1509012548.259942,1509012548.344165,748
query,1509012548.3441691,1509012548.6202831,5321
query,1509012548.620288,1509012548.8695974,2420
query,1509012548.869602,1509012549.2014196,4075
query,1509012549.201424,1509012549.3255656,2008
query,1509012549.3255696,1509012549.4075491,1183
query,1509012549.407553,1509012549.5552306,87
query,1509012549.5552752,1509012549.6335537,0
query,1509012549.6350782,1509012550.1017728,4847
query,1509012550.101777,1509012550.1752913,38
query,1509012550.1752954,1509012551.2272553,11318
query,1509012551.2272594,1509012551.2760556,7
query,1509012551.2760599,1509012551.3820326,805
query,1509012551.3820367,1509012551.8006775,5107
query,1509012551.8006818,1509012552.0329027,3678
query,1509012552.032907,1509012552.5076194,4823
query,1509012552.507624,1509012553.1442096,9583
query,1509012553.1442134,1509012554.062142,12319
query,1509012554.062146,1509012554.9122038,9609
query,1509012554.912208,1509012555.5900795,13864
query,1509012555.5900834,1509012555.7826962,2485
query,1509012555.7827003,1509012555.8150408,0
query,1509012555.8150456,1509012556.5017536,7727
query,1509012556.5017576,1509012556.775364,3302
query,1509012556.7753682,1509012556.8875816,1779
query,1509012556.8875856,1509012557.3828633,5983
query,1509012557.3828673,1509012557.7228007,5461
query,1509012557.722841,1509012558.9505534,12862
query,1509012558.962748,1509012559.4469361,7211
query,1509012559.4469404,1509012559.4897597,1
query,1509012559.4897642,1509012559.5839288,526
query,1509012559.583933,1509012559.7528393,3949
query,1509012559.7528436,1509012559.7950096,0
query,1509012559.7950134,1509012559.84338,0
query,1509012559.843384,1509012560.0084026,6221
query,1509012560.0084066,1509012560.0716155,9
query,1509012560.0716193,1509012560.1327806,1429
query,1509012560.1327846,1509012560.1959891,107
query,1509012560.1959937,1509012560.5762901,4472
query,1509012560.5762947,1509012560.8563395,3488
query,1509012560.8563437,1509012561.15891,5941
query,1509012561.1589139,1509012561.9613602,13927
query,1509012561.9613647,1509012562.245357,3226
query,1509012562.2453613,1509012562.6231847,6860
query,1509012562.6231897,1509012563.03387,3353
query,1509012563.033874,1509012563.078735,0
query,1509012563.0787392,1509012563.1212776,1
query,1509012563.1214716,1509012563.9114645,14261
query,1509012563.9236102,1509012564.365343,6022
query,1509012564.3653474,1509012564.4627101,131
query,1509012564.4627142,1509012564.93865,12781
query,1509012564.9386537,1509012565.5302942,9975
query,1509012565.5302982,1509012566.253134,10910
query,1509012566.2531383,1509012567.1980743,3857
query,1509012567.1980784,1509012567.2902412,1008
query,1509012567.2902455,1509012567.7898974,6630
query,1509012567.7899013,1509012568.3886511,14210
query,1509012568.3886554,1509012569.344341,10920
query,1509012569.344345,1509012569.9199772,12693
query,1509012569.9199812,1509012570.7781758,6608
query,1509012570.7781801,1509012570.8250036,3
query,1509012570.8250072,1509012570.9311097,1328
query,1509012570.9311137,1509012571.556066,5335
query,1509012571.5560699,1509012571.8781047,4279
query,1509012571.8781087,1509012572.5483825,7465
query,1509012572.5483868,1509012573.7604196,11944
query,1509012573.7604241,1509012573.8548706,711
query,1509012573.8549151,1509012574.724255,11562
query,1509012574.7364457,1509012574.986827,3550
query,1509012574.9868314,1509012575.0846102,478
query,1509012575.0846143,1509012575.1766188,802
query,1509012575.176623,1509012575.271344,240
query,1509012575.271348,1509012575.7710056,8623
query,1509012575.7710097,1509012576.689091,12347
query,1509012576.6890948,1509012576.785017,465
query,1509012576.7850208,1509012577.1652107,4480
query,1509012577.1652148,1509012577.395882,2437
query,1509012577.395887,1509012577.4686313,176
query,1509012577.4686358,1509012578.2481863,11516
query,1509012578.2481909,1509012578.5390778,5654
query,1509012578.5390825,1509012578.6243782,1039
query,1509012578.6243823,1509012579.6165128,11916
query,1509012579.616517,1509012579.706352,31
query,1509012579.7063563,1509012579.815952,900
query,1509012579.815956,1509012580.6605031,11539
query,1509012580.6605074,1509012581.297605,14481
query,1509012581.2976093,1509012581.4283996,30
query,1509012581.428451,1509012582.3401499,13843
query,1509012582.3530722,1509012582.4354587,1305
query,1509012582.4354632,1509012583.0221949,10825
query,1509012583.0221987,1509012583.66106,6931
query,1509012583.6610641,1509012584.1372411,7251
query,1509012584.1372454,1509012584.7230685,9556
query,1509012584.7230728,1509012585.4736576,14344
query,1509012585.4736621,1509012586.0916636,7880
query,1509012586.0916677,1509012586.1536736,5
query,1509012586.1536775,1509012586.71444,6950
query,1509012586.7144446,1509012587.1235888,6034
query,1509012587.123593,1509012588.0610316,14655
query,1509012588.0610354,1509012588.1881185,6
query,1509012588.1881223,1509012588.389771,4536
query,1509012588.3897755,1509012588.4289906,0
query,1509012588.428996,1509012588.5521777,1313
query,1509012588.5521822,1509012588.6420774,119
query,1509012588.6420815,1509012588.7505007,453
query,1509012588.7505045,1509012589.2225568,9158
query,1509012589.2225614,1509012590.4008803,13930
query,1509012590.4009194,1509012590.5072663,34
query,1509012590.5240095,1509012591.09705,3828
query,1509012591.0970538,1509012591.654379,14123
query,1509012591.6544423,1509012591.9550235,6871
query,1509012591.9550276,1509012592.0089195,2
query,1509012592.008924,1509012592.1269474,154
query,1509012592.1269515,1509012592.6736639,6916
query,1509012592.6736689,1509012592.7759926,24
query,1509012592.7759967,1509012593.0194435,3897
query,1509012593.0194476,1509012593.9901571,8718
query,1509012593.9901612,1509012594.123716,657
query,1509012594.1237204,1509012594.9392748,14341
query,1509012594.939279,1509012595.2082496,5721
query,1509012595.2082546,1509012595.3117926,1689
query,1509012595.311797,1509012595.3725882,213
query,1509012595.372593,1509012596.2877774,11622
query,1509012596.2877815,1509012596.9911575,9465
query,1509012596.9911618,1509012597.389587,4934
query,1509012597.3895907,1509012597.7929223,6361
query,1509012597.792926,1509012597.8743575,1777
query,1509012597.87446,1509012598.0852053,3617
query,1509012598.1021295,1509012598.3548298,3380
query,1509012598.3548336,1509012598.8325562,11281
query,1509012598.8325598,1509012599.0914214,2520
query,1509012599.0914252,1509012599.2061017,238
query,1509012599.206106,1509012599.8267014,7529
query,1509012599.8267055,1509012600.5345285,9463
query,1509012600.534533,1509012601.3541,11550
query,1509012601.354105,1509012602.1718817,11424
query,1509012602.1718857,1509012603.2597666,14535
query,1509012603.2597709,1509012603.3037853,1
query,1509012603.3037894,1509012603.3438485,0
query,1509012603.3438523,1509012603.8712811,5659
query,1509012603.8712852,1509012604.4082882,7408
query,1509012604.408293,1509012604.8393066,3181
query,1509012604.8393111,1509012604.9721186,109
query,1509012604.972124,1509012605.6402345,5961
query,1509012605.640239,1509012606.0101953,6600
query,1509012606.0101998,1509012606.6508646,9845
query,1509012606.6508684,1509012606.7659209,409
query,1509012606.7659628,1509012607.8401222,9269
query,1509012607.8526614,1509012608.200361,4664
query,1509012608.2003653,1509012608.3866434,3437
query,1509012608.386647,1509012608.4491677,10
query,1509012608.4491718,1509012608.5721564,1526
query,1509012608.5721605,1509012609.3633914,11322
query,1509012609.3633957,1509012609.7589142,6335
query,1509012609.758918,1509012609.8411405,2244
query,1509012609.841144,1509012610.3149602,7886
query,1509012610.3149648,1509012611.3622983,14203
query,1509012611.3623028,1509012611.421407,769
query,1509012611.4214115,1509012611.5515838,2383
query,1509012611.5515878,1509012612.0958252,7553
query,1509012612.0958297,1509012612.9167867,12536
query,1509012612.9168155,1509012613.959504,8756
query,1509012613.959508,1509012614.891002,10826
query,1509012614.8910062,1509012614.956108,1144
query,1509012614.9561121,1509012615.24231,3035
query,1509012615.2423143,1509012615.342709,1750
query,1509012615.3427136,1509012615.4023013,841
query,1509012615.4023426,1509012616.117369,9613
query,1509012616.130544,1509012616.4679239,6861
query,1509012616.4679291,1509012616.5159605,1
query,1509012616.515965,1509012617.4852831,11894
query,1509012617.4852877,1509012617.58587,1292
query,1509012617.5858748,1509012617.8331966,2357
query,1509012617.8332014,1509012618.6677299,9594
query,1509012618.6677353,1509012619.9393625,12469
query,1509012619.9393668,1509012620.0373147,43
query,1509012620.0373185,1509012620.9115763,10382
query,1509012620.9115806,1509012621.1112936,1884
query,1509012621.1112976,1509012621.6830268,10208
query,1509012621.6830316,1509012622.463085,11523
query,1509012622.4630902,1509012622.7091775,1984
query,1509012622.7091815,1509012623.4570591,9929
query,1509012623.457064,1509012624.1878383,11816
query,1509012624.1878436,1509012624.898998,7827
query,1509012624.8990037,1509012625.1204917,3464
query,1509012625.1204965,1509012625.4612265,6856
query,1509012625.461231,1509012626.855506,12960
query,1509012626.855553,1509012627.9871235,12858
query,1509012627.9991338,1509012628.3397324,7171
query,1509012628.339737,1509012628.4253018,909
query,1509012628.4253058,1509012628.5438874,1288
query,1509012628.5438917,1509012628.65921,48
query,1509012628.659214,1509012629.1748924,7842
query,1509012629.1748965,1509012629.2495868,1190
query,1509012629.2495906,1509012629.6936226,3357
query,1509012629.6936266,1509012630.1336598,4936
query,1509012630.1336648,1509012630.547541,4010
query,1509012630.547545,1509012631.047645,4765
query,1509012631.0476499,1509012631.982507,9194
query,1509012631.982512,1509012632.0516083,8
query,1509012632.0516121,1509012632.8926969,10838
query,1509012632.8927014,1509012633.0091617,1212
query,1509012633.009166,1509012633.1448321,674
query,1509012633.1448371,1509012633.6251915,7558
query,1509012633.6251962,1509012634.429679,9645
query,1509012634.429683,1509012634.5436046,28
query,1509012634.5436087,1509012634.8116329,2293
query,1509012634.8116758,1509012635.3266277,7541
query,1509012635.3387897,1509012635.413211,143
query,1509012635.4132159,1509012635.5799565,2118
query,1509012635.5799608,1509012636.3773317,7537
query,1509012636.3773365,1509012636.4728887,416
query,1509012636.4728928,1509012636.8264897,6192
query,1509012636.8264942,1509012636.8682494,2
query,1509012636.868254,1509012637.5881348,11542
query,1509012637.5881398,1509012638.089176,4437
query,1509012638.0891802,1509012638.691047,12424
query,1509012638.6910515,1509012639.106974,6378
query,1509012639.1069782,1509012639.1387584,0
query,1509012639.1387632,1509012639.2986808,558
query,1509012639.2986848,1509012639.8565526,4819
query,1509012639.8565574,1509012640.3766987,13846
query,1509012640.3767035,1509012640.576924,3692
query,1509012640.5769289,1509012641.0394561,9872
query,1509012641.0394607,1509012641.1598313,2650
query,1509012641.1598356,1509012641.2347167,1006
query,1509012641.2347214,1509012641.315535,1714
query,1509012641.315586,1509012642.1000342,9504
query,1509012642.1155024,1509012642.4580333,6233
query,1509012642.458038,1509012642.7489982,2844
query,1509012642.749002,1509012644.2421293,17189
query,1509012644.2421336,1509012644.9634602,14384
query,1509012644.9634643,1509012645.1163385,440
query,1509012645.1163423,1509012645.6412003,11333
query,1509012645.641204,1509012646.1126068,5233
query,1509012646.1126113,1509012646.4446702,4425
query,1509012646.444674,1509012646.6526682,5228
query,1509012646.6526723,1509012647.4526849,12941
query,1509012647.4526896,1509012648.2689664,11552
query,1509012648.2689705,1509012648.6634116,3356
query,1509012648.6634157,1509012648.9249945,6391
query,1509012648.9249985,1509012649.3356674,4956
query,1509012649.3356712,1509012649.4359896,926
query,1509012649.4359937,1509012649.5142815,82
query,1509012649.5142858,1509012650.6251729,9460
query,1509012650.6251771,1509012651.3774967,7865
query,1509012651.3775017,1509012651.6155107,5744
query,1509012651.6155555,1509012652.4722996,12509
query,1509012652.4843242,1509012652.6173387,1568
query,1509012652.6173427,1509012653.5673528,11774
query,1509012653.5673566,1509012654.2077744,6503
query,1509012654.2077792,1509012655.148959,13525
query,1509012655.148963,1509012655.2931528,103
query,1509012655.2931585,1509012656.0589519,9629
query,1509012656.058956,1509012656.2617671,3346
query,1509012656.2617712,1509012656.359077,1241
query,1509012656.359081,1509012656.9525127,10757
query,1509012656.952517,1509012657.0577958,947
query,1509012657.0577998,1509012658.1884334,18659
query,1509012658.1884375,1509012658.2938194,1476
query,1509012658.293823,1509012658.624742,2605
query,1509012658.6247463,1509012659.066955,6857
query,1509012659.0669596,1509012659.840468,5801
query,1509012659.840472,1509012660.1796243,2316
query,1509012660.1796286,1509012660.830366,6416
query,1509012660.8303697,1509012660.969392,5355
query,1509012660.9693966,1509012661.4778185,4422
query,1509012661.477862,1509012661.7958648,2618
query,1509012661.8094933,1509012662.0651069,3155
query,1509012662.0651107,1509012662.5291238,6079
query,1509012662.529128,1509012663.6341875,3883
query,1509012663.6341918,1509012664.009856,6858
query,1509012664.00986,1509012664.9174984,11021
query,1509012664.9175024,1509012665.0788422,3649
query,1509012665.078847,1509012665.4972825,3733
query,1509012665.4972863,1509012665.5659225,3
query,1509012665.5659263,1509012665.6688914,68
query,1509012665.668896,1509012665.971602,3103
query,1509012665.9716072,1509012667.4138575,8888
query,1509012667.4138615,1509012667.8290863,6681
query,1509012667.829091,1509012667.873619,4
query,1509012667.873623,1509012667.9579809,444
query,1509012667.9579852,1509012668.1588504,4105
query,1509012668.1588545,1509012669.016953,11029
query,1509012669.0169573,1509012669.099038,1235
query,1509012669.099042,1509012669.1287587,0
query,1509012669.1287622,1509012669.158262,1
query,1509012669.1582997,1509012669.8518858,10847
query,1509012669.8640783,1509012670.5609381,11505
query,1509012670.560942,1509012670.598478,0
query,1509012670.5984828,1509012671.480734,12547
query,1509012671.4807394,1509012671.7924418,7409
query,1509012671.7924464,1509012672.3313859,12410
query,1509012672.33139,1509012672.3838964,1699
query,1509012672.3839004,1509012672.442055,652
query,1509012672.4420593,1509012672.612138,3345
query,1509012672.612143,1509012672.6740324,86
query,1509012672.6740365,1509012673.4532566,9694
query,1509012673.453261,1509012673.562624,474
query,1509012673.5626285,1509012673.6430016,3
query,1509012673.6430058,1509012675.0780277,14384
query,1509012675.078032,1509012675.7595837,14014
query,1509012675.759588,1509012675.8199003,971
query,1509012675.8199043,1509012675.8799458,386
query,1509012675.87995,1509012675.9593067,732
query,1509012675.959311,1509012676.7755785,11926
query,1509012676.7755823,1509012676.8313184,26
query,1509012676.8313596,1509012677.0705926,1804
query,1509012677.0826247,1509012677.641702,11655
query,1509012677.641706,1509012678.305622,12731
query,1509012678.3056262,1509012679.0005455,6520
query,1509012679.00055,1509012679.847482,12763
query,1509012679.8474867,1509012680.0806248,2622
query,1509012680.0806293,1509012680.5261889,7095
query,1509012680.5261931,1509012680.6249304,1083
query,1509012680.624935,1509012681.341991,10855
query,1509012681.341995,1509012681.7246292,6556
query,1509012681.724633,1509012681.8461294,520
query,1509012681.846134,1509012682.6181684,10959
query,1509012682.6181774,1509012683.0650532,9172
query,1509012683.0650585,1509012683.477233,3580
query,1509012683.4772375,1509012683.6020508,1750
query,1509012683.602055,1509012683.647157,1
query,1509012683.6471605,1509012683.7510977,1804
query,1509012683.7511015,1509012683.9073737,1983
query,1509012683.9073777,1509012683.9769967,468
query,1509012683.977001,1509012684.6312993,9502
query,1509012684.6313422,1509012685.1448982,11295
query,1509012685.1557477,1509012685.294749,755
query,1509012685.2947536,1509012686.0714564,11828
query,1509012686.0714607,1509012686.1524289,775
query,1509012686.152433,1509012686.8948123,10687
query,1509012686.8948164,1509012687.322904,5348
query,1509012687.3229084,1509012687.379925,19
query,1509012687.3799288,1509012687.55608,3303
query,1509012687.5560844,1509012687.6400266,26
query,1509012687.6400309,1509012687.7200165,772
query,1509012687.7200203,1509012688.0759137,4811
query,1509012688.075918,1509012688.3817937,4135
query,1509012688.3817985,1509012688.840756,7833
query,1509012688.8407602,1509012689.1566727,7499
query,1509012689.1566768,1509012689.2358575,42
query,1509012689.2358615,1509012689.9982471,12593
query,1509012689.9982512,1509012690.1752148,3410
query,1509012690.1752193,1509012690.2114377,1
query,1509012690.2114418,1509012690.8371198,11536
query,1509012690.8371236,1509012690.9140515,458
query,1509012690.9140906,1509012691.6165454,12419
query,1509012691.6289592,1509012691.8860044,2164
query,1509012691.886008,1509012692.1493208,3781
query,1509012692.149325,1509012692.2300513,113
query,1509012692.2300556,1509012692.2647147,0
query,1509012692.2647188,1509012692.5626087,5724
query,1509012692.5626132,1509012692.6364262,36
query,1509012692.6364307,1509012692.9805183,4801
query,1509012692.9805224,1509012693.1729074,2229
query,1509012693.1729114,1509012693.2532718,1546
query,1509012693.2532759,1509012693.670177,4844
query,1509012693.6701818,1509012693.7291656,2
query,1509012693.7291698,1509012693.7648344,0
query,1509012693.7648396,1509012694.278395,3784
query,1509012694.278399,1509012694.3581152,9
query,1509012694.3581197,1509012694.9792635,12141
query,1509012694.9792676,1509012695.052352,61
query,1509012695.0523558,1509012695.520684,4899
query,1509012695.520688,1509012696.5559182,3880
query,1509012696.555922,1509012696.6479678,72
query,1509012696.6480064,1509012697.5172741,11527
query,1509012697.529898,1509012697.8297734,2891
query,1509012697.8297772,1509012697.9055057,0
query,1509012697.90551,1509012697.9415982,1
query,1509012697.9416022,1509012698.6176686,7605
query,1509012698.617673,1509012699.1198573,6861
query,1509012699.1198623,1509012700.0008528,11539
query,1509012700.000857,1509012700.691339,9636
query,1509012700.6913433,1509012701.636386,10826
query,1509012701.6363907,1509012701.714075,10
query,1509012701.7140787,1509012701.8136387,11
query,1509012701.813643,1509012702.5966482,10819
query,1509012702.596652,1509012702.8845866,4382
query,1509012702.8845906,1509012703.589201,10953
query,1509012703.5892048,1509012703.693698,218
query,1509012703.6937022,1509012704.0549657,4079
query,1509012704.0549707,1509012704.3171718,7489
query,1509012704.3171756,1509012704.3921156,550
query,1509012704.39212,1509012704.7385144,4015
query,1509012704.7385182,1509012705.289866,8233
query,1509012705.289919,1509012706.1251519,10122
query,1509012706.1374636,1509012706.581708,12375
query,1509012706.5817125,1509012706.872205,3607
query,1509012706.87221,1509012707.3082511,4804
query,1509012707.3082554,1509012708.3114262,10827
query,1509012708.3114302,1509012708.4542375,3546
query,1509012708.4542418,1509012708.8014624,3449
query,1509012708.8014665,1509012708.8523557,1687
query,1509012708.8523598,1509012709.4446898,10620
query,1509012709.4446938,1509012709.4747205,2
query,1509012709.4747245,1509012710.2758298,12892
query,1509012710.2758338,1509012710.9870117,10911
query,1509012710.987016,1509012711.2913384,3155
query,1509012711.2913427,1509012711.8902218,14340
query,1509012711.890226,1509012712.595215,14075
query,1509012712.5952196,1509012713.4133089,11555
query,1509012713.413313,1509012713.951605,7621
query,1509012713.9516094,1509012714.5246706,7832
query,1509012714.5246747,1509012715.0998998,10047
query,1509012715.0999038,1509012715.4607844,3376
query,1509012715.4610682,1509012715.546225,38
query,1509012715.5583792,1509012716.2691445,11681
query,1509012716.2691488,1509012716.7032583,12374
query,1509012716.703262,1509012717.0877187,5271
query,1509012717.0877233,1509012717.5003922,2337
query,1509012717.5003967,1509012718.1130738,11132
query,1509012718.113078,1509012718.1518037,0
query,1509012718.1518078,1509012718.2079382,0
query,1509012718.2079434,1509012718.2985058,1286
query,1509012718.2985108,1509012718.347093,0
query,1509012718.3470984,1509012718.7016926,4690
query,1509012718.7016969,1509012719.696347,12697
query,1509012719.6963508,1509012719.816146,363
query,1509012719.81615,1509012720.472298,11058
query,1509012720.4723024,1509012721.6085265,9593
query,1509012721.6085305,1509012722.7222874,18692
query,1509012722.7222915,1509012723.092167,4406
query,1509012723.0921707,1509012723.6110206,9258
query,1509012723.6110246,1509012724.2015786,7644
query,1509012724.2015824,1509012724.4335725,4609
query,1509012724.4336126,1509012724.6714237,1829
query,1509012724.6884189,1509012724.8510008,5065
query,1509012724.851005,1509012725.0990336,8257
query,1509012725.099038,1509012725.3143108,4984
query,1509012725.3143148,1509012726.2789435,9859
query,1509012726.2789476,1509012726.548098,4594
query,1509012726.5481033,1509012726.9775434,4479
query,1509012726.9775474,1509012728.061076,11911
query,1509012728.0610797,1509012728.1985767,216
query,1509012728.198581,1509012728.5321958,5891
query,1509012728.5321999,1509012728.993578,6027
query,1509012728.9935822,1509012729.11431,145
query,1509012729.114314,1509012729.3041334,1699
query,1509012729.3041384,1509012729.528907,1319
query,1509012729.5289116,1509012729.5962093,136
query,1509012729.596213,1509012730.128398,3246
query,1509012730.1284025,1509012730.23483,32
query,1509012730.234834,1509012730.2814574,1
query,1509012730.2814615,1509012730.9283948,6959
query,1509012730.9283993,1509012731.2215133,29
query,1509012731.2216861,1509012731.6747937,5032
query,1509012731.6878793,1509012732.4261475,10040
query,1509012732.4261515,1509012732.6620731,4214
query,1509012732.662077,1509012732.9231117,4885
query,1509012732.9231157,1509012733.2167752,4167
query,1509012733.216779,1509012733.5217443,2800
query,1509012733.5217485,1509012734.370537,7874
query,1509012734.370541,1509012734.815654,2256
query,1509012734.815659,1509012735.2416046,3095
query,1509012735.2416086,1509012736.2826316,10161
query,1509012736.2826357,1509012737.1359088,7690
query,1509012737.1359131,1509012737.9494495,8370
query,1509012737.949454,1509012738.1593828,2602
query,1509012738.1593869,1509012739.3324938,10122
query,1509012739.3325064,1509012740.0230083,10840
query,1509012740.0230129,1509012740.5477426,5953
query,1509012740.547747,1509012740.9138858,4867
query,1509012740.9138904,1509012741.6040854,7888
query,1509012741.6040895,1509012741.6733267,1187
query,1509012741.6733313,1509012741.7572806,993
query,1509012741.757323,1509012742.3861518,4585
query,1509012742.3989625,1509012742.990201,4075
query,1509012742.990205,1509012743.9224496,9799
query,1509012743.922454,1509012744.170195,5658
query,1509012744.1701999,1509012745.2499657,6464
query,1509012745.2499692,1509012745.4109657,1314
query,1509012745.4109695,1509012747.3180838,12500
query,1509012747.3180878,1509012747.8768759,3248
query,1509012747.876881,1509012748.0179477,1724
query,1509012748.0179522,1509012748.0863762,1491
query,1509012748.0863812,1509012748.832527,11520
query,1509012748.8325312,1509012749.252896,4876
query,1509012749.2529,1509012749.3583412,164
query,1509012749.3583455,1509012749.741667,3495
query,1509012749.7416716,1509012750.4034207,7735
query,1509012750.4034247,1509012751.1057098,14961
query,1509012751.1057136,1509012751.5429358,8273
query,1509012751.5429397,1509012751.5945935,6
query,1509012751.594598,1509012752.7896593,11335
query,1509012752.7896638,1509012753.2063308,9171
query,1509012753.2063713,1509012753.6894326,4563
query,1509012753.701617,1509012754.07363,7629
query,1509012754.073634,1509012754.2768257,963
query,1509012754.2768302,1509012754.3828874,344
query,1509012754.3828917,1509012754.5970573,747
query,1509012754.5970612,1509012754.6529386,1
query,1509012754.6529422,1509012755.1872146,7960
query,1509012755.1872191,1509012755.2618303,2
query,1509012755.2618344,1509012755.3797903,6
query,1509012755.3797941,1509012756.8430765,10159
query,1509012756.843081,1509012757.4942036,3803
query,1509012757.4942074,1509012757.587368,1417
query,1509012757.5873725,1509012757.7821238,3033
query,1509012757.7821279,1509012758.4933002,9892
query,1509012758.4933043,1509012758.5848746,668
query,1509012758.5848784,1509012759.1556373,6260
query,1509012759.1556416,1509012759.912605,9244
query,1509012759.912609,1509012760.0096755,1280
query,1509012760.0096803,1509012760.1387165,1533
query,1509012760.1387205,1509012760.3529167,2193
query,1509012760.3529608,1509012761.0590484,7233
query,1509012761.071936,1509012762.325835,13884
query,1509012762.3258386,1509012762.5230036,1404
query,1509012762.5230136,1509012763.0080242,3361
query,1509012763.0080285,1509012763.2530892,3265
query,1509012763.2530937,1509012763.564969,4291
query,1509012763.5649734,1509012764.0391214,4563
query,1509012764.0391254,1509012764.7920263,10769
query,1509012764.7920306,1509012765.5180037,9135
query,1509012765.518008,1509012765.9266174,5780
query,1509012765.9266217,1509012767.0256584,11283
query,1509012767.0256631,1509012767.1221561,105
query,1509012767.1221602,1509012767.6784537,4872
query,1509012767.6784577,1509012768.295101,10230
query,1509012768.2951047,1509012768.5331714,4973
query,1509012768.5331757,1509012769.376305,10738
query,1509012769.3763096,1509012770.173219,13024
query,1509012770.1732235,1509012770.9306386,6752
query,1509012770.9306424,1509012771.9607327,12941
query,1509012771.960737,1509012772.683879,12476
query,1509012772.6839287,1509012773.2873535,5194
query,1509012773.3001547,1509012773.416475,117
query,1509012773.4164793,1509012773.7648854,4736
query,1509012773.76489,1509012773.8679237,1451
query,1509012773.8679276,1509012774.700956,9874
query,1509012774.7009604,1509012774.778422,611
query,1509012774.7784266,1509012774.8695073,1095
query,1509012774.8695116,1509012774.9033015,1
query,1509012774.9033058,1509012775.7086074,4811
query,1509012775.7086115,1509012775.822835,70
query,1509012775.8228393,1509012776.0612717,2596
query,1509012776.061276,1509012776.2782447,2147
query,1509012776.2782493,1509012776.7724266,7023
query,1509012776.7724304,1509012777.3782406,6459
query,1509012777.3782446,1509012778.109221,11810
query,1509012778.109225,1509012778.970695,9982
query,1509012778.970699,1509012779.075018,12
query,1509012779.075023,1509012779.2197886,74
query,1509012779.2197921,1509012779.6744502,7558
query,1509012779.674454,1509012780.3680475,13134
query,1509012780.368086,1509012780.4708483,1754
query,1509012780.4830177,1509012780.867563,4230
query,1509012780.8675668,1509012781.5534747,5853
query,1509012781.5534787,1509012782.1826265,5484
query,1509012782.1826305,1509012782.3606973,2042
query,1509012782.360701,1509012782.4348128,864
query,1509012782.4348166,1509012783.053914,9907
query,1509012783.0539181,1509012783.8252063,8121
query,1509012783.82521,1509012784.1495342,2169
query,1509012784.1495388,1509012784.4955308,4300
query,1509012784.4955356,1509012785.0908968,11437
query,1509012785.0909007,1509012785.1636071,150
query,1509012785.1636114,1509012785.8375828,9423
query,1509012785.837587,1509012786.2914302,5070
query,1509012786.2914343,1509012787.3593535,12952
query,1509012787.3593574,1509012787.4472308,1488
query,1509012787.4472365,1509012787.5002024,39
query,1509012787.5002074,1509012788.0856376,14272
query,1509012788.0856411,1509012789.1694183,13159
query,1509012789.1694226,1509012789.7716959,6595
query,1509012789.7717361,1509012790.1018126,4560
query,1509012790.1141334,1509012790.1456647,0
query,1509012790.1456685,1509012791.2103233,14348
query,1509012791.210327,1509012791.2472882,0
query,1509012791.2472918,1509012791.5209758,4779
query,1509012791.5209804,1509012791.5879314,605
query,1509012791.587936,1509012791.838298,4713
query,1509012791.8383021,1509012792.7741141,9461
query,1509012792.7741184,1509012793.308638,11902
query,1509012793.3086421,1509012794.185326,11569
query,1509012794.1853306,1509012794.2900915,195
query,1509012794.2900958,1509012794.8351376,4559
query,1509012794.8351421,1509012795.2450597,11961
query,1509012795.245064,1509012795.326732,174
query,1509012795.326736,1509012795.565211,4047
query,1509012795.5652153,1509012796.9855819,13926
query,1509012796.9855857,1509012797.7841933,12920
query,1509012797.7841976,1509012798.0405276,4591
query,1509012798.040532,1509012798.8668566,9462
query,1509012798.8668606,1509012799.209258,7215
query,1509012799.2092972,1509012799.981865,7284
query,1509012799.9946349,1509012800.2246087,4189
query,1509012800.2246134,1509012800.8049557,9918
query,1509012800.8049605,1509012802.1273556,10811
query,1509012802.1273599,1509012802.7234268,14090
query,1509012802.7234309,1509012803.0551043,4261
query,1509012803.0551085,1509012803.1588705,376
query,1509012803.1588748,1509012803.259901,4
query,1509012803.2599053,1509012803.3858552,9
query,1509012803.3858593,1509012803.4625483,901
query,1509012803.4625523,1509012804.6001394,3883
query,1509012804.6001434,1509012805.6682403,11450
query,1509012805.6682444,1509012805.7853684,1135
query,1509012805.7853723,1509012806.3405068,6364
query,1509012806.3405116,1509012806.6755981,4196
query,1509012806.675602,1509012807.1650982,5961
query,1509012807.1651018,1509012807.5405843,6858
query,1509012807.5405884,1509012807.598221,0
query,1509012807.5982256,1509012808.215249,11537
query,1509012808.2152543,1509012808.8206723,6521
query,1509012808.8207126,1509012809.530142,12730
query,1509012809.542889,1509012810.1271434,10035
query,1509012810.1271474,1509012810.9400685,12264
query,1509012810.940073,1509012811.3414116,6262
query,1509012811.3414154,1509012811.9406643,6617
query,1509012811.9406686,1509012812.1290882,2242
query,1509012812.1290922,1509012812.8582478,7777
query,1509012812.8582518,1509012812.94126,763
query,1509012812.941265,1509012813.2381322,7208
query,1509012813.2381365,1509012813.8571148,7559
query,1509012813.8571188,1509012814.1246004,2171
query,1509012814.1246045,1509012814.5892508,4170
query,1509012814.5892549,1509012814.8154836,2518
query,1509012814.8154876,1509012814.9572787,2461
query,1509012814.9572828,1509012815.6403103,12549
query,1509012815.640315,1509012815.9594324,5072
query,1509012815.9594364,1509012816.0430772,1570
query,1509012816.043081,1509012816.8011272,7157
query,1509012816.8011312,1509012817.6726856,9874
query,1509012817.67269,1509012818.2760339,10378
query,1509012818.276076,1509012818.3532186,1246
query,1509012818.3653235,1509012818.5910287,4288
query,1509012818.5910325,1509012818.6829634,1141
query,1509012818.682968,1509012819.3909814,8985
query,1509012819.390986,1509012819.9509363,12142
query,1509012819.9509404,1509012820.285102,7742
query,1509012820.2851057,1509012821.2683914,12531
query,1509012821.2683957,1509012822.0113378,11216
query,1509012822.0113418,1509012822.9060102,11680
query,1509012822.9060144,1509012823.7355,10816
query,1509012823.7355042,1509012824.3880208,4054
query,1509012824.388025,1509012824.418341,0
query,1509012824.4183457,1509012824.6654835,2770
query,1509012824.6654875,1509012825.7326872,3883
query,1509012825.7326915,1509012826.605371,3881
query,1509012826.6053753,1509012827.442781,10901
query,1509012827.4427853,1509012827.6448786,2056
query,1509012827.6448827,1509012827.9810355,3047
query,1509012827.9810393,1509012828.0390058,5
query,1509012828.03901,1509012828.412718,4392
query,1509012828.4127567,1509012829.0658364,13993
query,1509012829.0780222,1509012829.2491565,2719
query,1509012829.2491608,1509012830.0051954,9680
query,1509012830.0051997,1509012830.1764808,3135
query,1509012830.1764848,1509012830.9839668,11951
query,1509012830.9839709,1509012831.1386168,1101
query,1509012831.1386206,1509012831.3287218,233
query,1509012831.3287263,1509012831.97939,6144
query,1509012831.9793947,1509012833.2663298,10904
query,1509012833.2663338,1509012833.6128333,3797
query,1509012833.612839,1509012833.6928895,44
query,1509012833.6928935,1509012834.3539886,6337
query,1509012834.353993,1509012835.393787,13375
query,1509012835.3937907,1509012835.5767715,1456
query,1509012835.5767756,1509012836.2856674,12581
query,1509012836.2856717,1509012836.3358762,19
query,1509012836.3358803,1509012837.0535686,11118
query,1509012837.0535727,1509012837.0933344,1
query,1509012837.0933383,1509012837.39089,4510
query,1509012837.390894,1509012837.4665778,43
query,1509012837.4666224,1509012838.4641242,18651
query,1509012838.4765122,1509012838.9644334,7779
query,1509012838.9644377,1509012839.0027735,1
query,1509012839.0027776,1509012839.648116,10796
query,1509012839.6481204,1509012839.8837245,3848
query,1509012839.8837297,1509012840.5935266,11530
query,1509012840.5935304,1509012840.747875,2202
query,1509012840.747879,1509012841.234729,7457
query,1509012841.234734,1509012841.9799938,6615
query,1509012841.9799988,1509012842.0978854,1547
query,1509012842.0978892,1509012842.895057,9458
query,1509012842.8950615,1509012842.9398258,2
query,1509012842.9398296,1509012843.0328753,235
query,1509012843.03288,1509012843.1991596,2750
query,1509012843.1991637,1509012843.4150398,3343
query,1509012843.4150438,1509012844.324828,8869
query,1509012844.3248324,1509012844.6186912,1484
query,1509012844.6186967,1509012844.7253382,672
query,1509012844.7253423,1509012844.8235638,273
query,1509012844.8235686,1509012845.340376,9337
query,1509012845.3404176,1509012845.4533215,24
query,1509012845.465827,1509012846.4555273,11648
query,1509012846.4555311,1509012846.87182,8135
query,1509012846.871824,1509012847.2271028,5259
query,1509012847.2271066,1509012847.3200054,140
query,1509012847.3200104,1509012847.4155934,243
query,1509012847.4155974,1509012847.588384,2064
query,1509012847.588388,1509012847.8468566,3109
query,1509012847.8468604,1509012847.9336019,38
query,1509012847.9336057,1509012848.266148,4444
query,1509012848.2661524,1509012848.3644326,393
query,1509012848.3644369,1509012848.446431,184
query,1509012848.4464347,1509012848.501721,615
query,1509012848.5017254,1509012848.7683117,4065
query,1509012848.7683158,1509012849.0752332,5832
query,1509012849.0752375,1509012849.4492705,4673
query,1509012849.4492748,1509012849.8061078,4196
query,1509012849.8061118,1509012850.3083634,5636
query,1509012850.3083673,1509012851.2982163,12358
query,1509012851.2982206,1509012851.3954208,120
query,1509012851.3954704,1509012852.588073,16659
query,1509012852.6016028,1509012852.6409125,0
query,1509012852.6409166,1509012852.7360556,528
query,1509012852.7360594,1509012852.9670198,4198
query,1509012852.967024,1509012853.3232281,9462
query,1509012853.3232322,1509012853.8847668,10600
query,1509012853.8847709,1509012853.9335983,2
query,1509012853.933602,1509012854.0726562,1177
query,1509012854.0726602,1509012854.4471562,4293
query,1509012854.4471602,1509012854.4898264,0
query,1509012854.4898303,1509012854.6337886,9
query,1509012854.6337926,1509012855.0360298,8163
query,1509012855.0360334,1509012855.1243327,515
query,1509012855.124337,1509012855.5174937,3034
query,1509012855.5174987,1509012856.5093179,13027
query,1509012856.509322,1509012856.6927342,2641
query,1509012856.692741,1509012857.3246737,12377
query,1509012857.324678,1509012857.5727496,4206
query,1509012857.5727537,1509012857.8573303,2174
query,1509012857.857336,1509012857.9749737,1219
query,1509012857.975019,1509012858.8746269,8603
query,1509012858.8874702,1509012859.6736465,7258
query,1509012859.6736503,1509012859.7809644,0
query,1509012859.7809684,1509012860.3988404,9432
query,1509012860.3988452,1509012860.5050938,8
query,1509012860.5050983,1509012860.5945742,1
query,1509012860.5945785,1509012861.4416425,10861
query,1509012861.4416468,1509012862.3716025,14261
query,1509012862.3716068,1509012862.5411265,985
query,1509012862.541131,1509012862.7390578,4418
query,1509012862.7390618,1509012862.843166,382
query,1509012862.8431704,1509012863.0552564,7389
query,1509012863.0552602,1509012863.3204813,2239
query,1509012863.3204856,1509012863.7676733,5112
query,1509012863.7676778,1509012864.1287315,5748
query,1509012864.1287353,1509012865.4180417,10122
query,1509012865.4180458,1509012865.9040878,5206
query,1509012865.9040916,1509012866.4957197,5390
query,1509012866.4957242,1509012866.5871756,1
query,1509012866.5871797,1509012866.9045625,5967
query,1509012866.9046125,1509012867.0520475,305
query,1509012867.0642605,1509012867.7224221,12574
query,1509012867.7224262,1509012868.337097,8003
query,1509012868.3371022,1509012868.588421,3625
query,1509012868.5884252,1509012868.7417424,1815
query,1509012868.7417462,1509012869.0961752,4459
query,1509012869.096179,1509012869.4400585,3599
query,1509012869.4400625,1509012869.6557157,466
query,1509012869.6557193,1509012869.930206,4689
query,1509012869.9302104,1509012871.5096126,7373
query,1509012871.509617,1509012871.5992458,111
query,1509012871.5992503,1509012872.6137404,13692
query,1509012872.6137447,1509012872.8346503,2788
query,1509012872.8346548,1509012872.8974223,222
query,1509012872.8974261,1509012874.1680415,14471
query,1509012874.168046,1509012874.9577062,10850
query,1509012874.95771,1509012875.3339162,4393
query,1509012875.3339214,1509012876.094359,9825
query,1509012876.0943627,1509012876.246807,386
query,1509012876.246811,1509012876.3550737,966
query,1509012876.3551137,1509012876.4437785,4
query,1509012876.4556644,1509012876.637361,2912
query,1509012876.6373656,1509012877.1161504,8062
query,1509012877.116155,1509012877.2179031,2973
query,1509012877.2179074,1509012877.6326528,3705
query,1509012877.6326568,1509012878.1556292,6172
query,1509012878.1556332,1509012878.738684,3332
query,1509012878.738688,1509012878.7950456,0
query,1509012878.79505,1509012878.9804986,2624
query,1509012878.980503,1509012879.0704215,1472
query,1509012879.0704257,1509012879.2404866,1725
query,1509012879.2404912,1509012879.7437007,6871
query,1509012879.743705,1509012880.1600845,3521
query,1509012880.1600885,1509012880.7084332,7866
query,1509012880.7084377,1509012881.2447083,7255
query,1509012881.244712,1509012881.4278562,12305
query,1509012881.4278605,1509012881.4869754,3
query,1509012881.48698,1509012881.594577,1539
query,1509012881.5945814,1509012882.0203006,5816
query,1509012882.020305,1509012882.1777234,696
query,1509012882.177771,1509012882.364518,1587
query,1509012882.3775306,1509012882.863456,9167
query,1509012882.863461,1509012883.0927424,2758
query,1509012883.0927465,1509012883.2388823,5199
query,1509012883.2388859,1509012883.8079545,14009
query,1509012883.8079588,1509012884.0936885,3099
query,1509012884.0936923,1509012884.7188237,9165
query,1509012884.7188282,1509012884.8671749,700
query,1509012884.867179,1509012885.1034825,9174
query,1509012885.1034868,1509012885.4236119,1988
query,1509012885.4236162,1509012886.6190152,11611
query,1509012886.61902,1509012886.7072084,44
query,1509012886.7072127,1509012887.894394,8248
query,1509012887.894398,1509012888.3723974,9946
query,1509012888.3724012,1509012889.0415342,6387
query,1509012889.0415385,1509012889.3542426,4108
query,1509012889.3542464,1509012889.5528502,2724
query,1509012889.552854,1509012890.6781468,13109
query,1509012890.678151,1509012891.5358372,11705
query,1509012891.5358412,1509012891.8185954,4744
query,1509012891.8186395,1509012892.050367,2718
query,1509012892.0639873,1509012892.1027277,0
query,1509012892.1027312,1509012892.7994182,6066
query,1509012892.799422,1509012893.8671389,11512
query,1509012893.867143,1509012893.9672608,27
query,1509012893.9672647,1509012894.8962865,6867
query,1509012894.8962908,1509012895.3331597,9096
query,1509012895.3331637,1509012895.5744216,2664
query,1509012895.5744271,1509012896.1120842,6860
query,1509012896.1120877,1509012896.6827266,5875
query,1509012896.6827312,1509012896.9139805,2014
query,1509012896.913985,1509012897.3851364,9450
query,1509012897.3851404,1509012897.7797298,3505
query,1509012897.779734,1509012898.4355114,3875
query,1509012898.4355156,1509012898.5806215,1187
query,1509012898.580627,1509012899.5177138,10769
query,1509012899.5177183,1509012899.6373014,0
query,1509012899.637306,1509012900.075662,4936
query,1509012900.075666,1509012900.8302245,5769
query,1509012900.8302283,1509012901.785858,14032
query,1509012901.785896,1509012901.9114773,32
query,1509012901.9242074,1509012902.3829954,6255
query,1509012902.3829994,1509012903.1958852,6481
query,1509012903.1958897,1509012904.6741447,10122
query,1509012904.6741552,1509012904.7331474,132
query,1509012904.733152,1509012905.110842,3188
query,1509012905.1108463,1509012905.3899095,3356
query,1509012905.3899138,1509012905.478266,1411
query,1509012905.4782698,1509012905.6340709,2123
query,1509012905.6340747,1509012906.1363022,11531
query,1509012906.1363065,1509012907.007571,13959
query,1509012907.0075755,1509012907.6802275,7360
query,1509012907.680232,1509012908.427601,14372
query,1509012908.4276052,1509012908.808575,6995
query,1509012908.8085787,1509012909.0054715,2498
query,1509012909.0054755,1509012909.1205637,1229
query,1509012909.1205678,1509012909.2183764,955
query,1509012909.2183802,1509012909.7200089,7846
query,1509012909.720013,1509012910.1856449,10014
query,1509012910.1856492,1509012910.292103,1353
query,1509012910.2921445,1509012910.6271217,4187
query,1509012910.6394782,1509012911.3366442,11532
query,1509012911.3366487,1509012912.3145194,11657
query,1509012912.314562,1509012912.5413804,2049
query,1509012912.541385,1509012913.2131958,10153
query,1509012913.2131999,1509012914.0395336,7360
query,1509012914.0395381,1509012914.6739855,13799
query,1509012914.6739898,1509012915.291209,9766
query,1509012915.291213,1509012916.221223,8031
query,1509012916.2212274,1509012916.2971523,38
query,1509012916.2971566,1509012916.3995922,887
query,1509012916.3995965,1509012916.5061905,1677
query,1509012916.506195,1509012916.6169317,1497
query,1509012916.616936,1509012916.7041311,79
query,1509012916.704135,1509012917.4066172,11402
query,1509012917.4066215,1509012918.2160916,11555
query,1509012918.2160964,1509012918.66423,4614
query,1509012918.6642342,1509012918.7051892,0
query,1509012918.7051933,1509012918.776121,591
query,1509012918.776125,1509012918.900006,1368
query,1509012918.9000447,1509012919.0134008,1
query,1509012919.016064,1509012919.0827937,1631
query,1509012919.0827978,1509012919.2853348,2165
query,1509012919.2853389,1509012919.9865105,9336
query,1509012919.9865146,1509012920.8527248,11270
query,1509012920.8527288,1509012920.9346194,104
query,1509012920.9346244,1509012921.3525136,5758
query,1509012921.35252,1509012921.485145,419
query,1509012921.4851494,1509012921.6918683,3507
query,1509012921.6918716,1509012921.9845054,4500
query,1509012921.9845095,1509012922.5971565,7449
query,1509012922.597161,1509012922.6433005,0
query,1509012922.6433048,1509012923.0686781,4699
query,1509012923.0686824,1509012923.1478472,103
query,1509012923.1478512,1509012923.2222805,366
query,1509012923.2222857,1509012923.6857336,4557
query,1509012923.6857374,1509012923.7915823,690
query,1509012923.7915862,1509012924.217042,5383
query,1509012924.2170458,1509012924.663215,7705
query,1509012924.663219,1509012925.7663283,11804
query,1509012925.7663722,1509012925.8561425,2
query,1509012925.864577,1509012926.6773448,14344
query,1509012926.6773489,1509012926.9253929,1922
query,1509012926.9253972,1509012927.0012012,1034
query,1509012927.0012052,1509012927.4670925,8681
query,1509012927.467097,1509012927.8475604,7005
query,1509012927.8475645,1509012927.9957132,1309
query,1509012927.995717,1509012928.7573407,11429
query,1509012928.7573445,1509012929.6176174,12315
query,1509012929.6176221,1509012929.9594266,3452
query,1509012929.9594305,1509012930.022753,749
query,1509012930.022757,1509012930.201905,3058
query,1509012930.2019095,1509012930.4507456,6392
query,1509012930.4507494,1509012930.5091956,0
query,1509012930.5091996,1509012930.669886,4801
query,1509012930.6698904,1509012930.9006507,6682
query,1509012930.9006557,1509012931.217735,5043
query,1509012931.217739,1509012931.5718446,7408
query,1509012931.571849,1509012931.6191888,4
query,1509012931.6191926,1509012931.7497458,409
query,1509012931.7497861,1509012933.1522684,3882
query,1509012933.1652555,1509012933.342165,1881
query,1509012933.3421693,1509012933.4069004,439
query,1509012933.4069047,1509012933.4729576,3
query,1509012933.4729621,1509012933.5397205,9
query,1509012933.5397246,1509012933.6146228,446
query,1509012933.614627,1509012933.6867676,87
query,1509012933.6867716,1509012933.8693125,3315
query,1509012933.8693173,1509012934.131198,5358
query,1509012934.131202,1509012934.4670646,8009
query,1509012934.4670687,1509012935.2241793,14343
query,1509012935.2241833,1509012935.2902486,96
query,1509012935.2902527,1509012935.7457383,11604
query,1509012935.7457423,1509012935.8851266,1268
query,1509012935.8851306,1509012936.2763758,12407
query,1509012936.2763798,1509012936.3920443,247
query,1509012936.3920484,1509012936.482776,4
query,1509012936.4827802,1509012936.6104372,785
query,1509012936.6104417,1509012937.3536952,7402
query,1509012937.3536992,1509012937.7627916,8275
query,1509012937.7628343,1509012938.213722,7394
query,1509012938.2268393,1509012938.7254255,4747
query,1509012938.7254298,1509012939.222861,8216
query,1509012939.2228656,1509012939.2952332,1436
query,1509012939.2952373,1509012940.2121005,11359
query,1509012940.2121046,1509012940.2610226,0
query,1509012940.2610276,1509012940.8618963,10522
query,1509012940.8619006,1509012941.61835,6379
query,1509012941.618354,1509012941.8759668,5042
query,1509012941.8759708,1509012941.9872684,1399
query,1509012941.9872725,1509012942.3829076,3747
query,1509012942.382912,1509012942.5260146,140
query,1509012942.5260189,1509012943.0636148,8695
query,1509012943.063619,1509012943.256073,493
query,1509012943.256077,1509012943.4034715,1711
query,1509012943.4034762,1509012943.9773397,7159
query,1509012943.977345,1509012944.7434347,10500
query,1509012944.743439,1509012945.5508556,10237
query,1509012945.5508597,1509012946.1411743,10816
query,1509012946.1411784,1509012947.4534721,12844
query,1509012947.4535143,1509012947.5412478,747
query,1509012947.553206,1509012948.1672792,8323
query,1509012948.1672835,1509012948.3767154,4659
query,1509012948.3767192,1509012948.680607,3316
query,1509012948.680612,1509012949.1676376,4691
query,1509012949.167642,1509012950.0004845,14031
query,1509012950.0004885,1509012950.2197495,2664
query,1509012950.2197537,1509012950.70187,5603
query,1509012950.701874,1509012951.0771852,7497
query,1509012951.07719,1509012951.198425,1749
query,1509012951.1984293,1509012951.2895248,369
query,1509012951.2895298,1509012951.6830263,5382
query,1509012951.6830308,1509012952.1320534,7493
query,1509012952.1320581,1509012953.1731715,16759
query,1509012953.1731758,1509012953.478224,6063
query,1509012953.478228,1509012953.782326,4900
query,1509012953.7823308,1509012954.0301225,2888
query,1509012954.0301273,1509012954.1526995,1742
query,1509012954.1527038,1509012954.1983442,1
query,1509012954.1983495,1509012954.698954,11244
query,1509012954.6989992,1509012955.371779,13932
query,1509012955.3840482,1509012955.4901328,67
query,1509012955.490138,1509012955.8652022,5479
query,1509012955.8652065,1509012955.919521,1
query,1509012955.9195254,1509012956.231815,3809
query,1509012956.2318196,1509012956.3770032,99
query,1509012956.377008,1509012957.4702635,8724
query,1509012957.4702673,1509012958.222616,9450
query,1509012958.222619,1509012958.8757799,8645
query,1509012958.8757837,1509012959.3315256,13854
query,1509012959.3315299,1509012959.4031613,247
query,1509012959.4031653,1509012959.8450398,4622
query,1509012959.845044,1509012960.4961793,7242
query,1509012960.4961834,1509012960.866528,5775
query,1509012960.8665318,1509012961.3412929,4995
query,1509012961.3412971,1509012961.3851185,0
query,1509012961.385123,1509012962.1645594,7050
query,1509012962.164563,1509012962.5727174,4073
query,1509012962.5727215,1509012963.4418118,10835
query,1509012963.4418166,1509012963.7008586,5705
query,1509012963.7008996,1509012963.7598515,0
query,1509012963.7612693,1509012964.4443076,11542
query,1509012964.4443114,1509012964.8214047,2121
query,1509012964.8214092,1509012964.856419,0
query,1509012964.856423,1509012965.3191977,4700
query,1509012965.319202,1509012965.7961109,13799
query,1509012965.7961144,1509012966.1344304,4706
query,1509012966.1344352,1509012966.20367,904
query,1509012966.2036746,1509012966.2672124,26
query,1509012966.2672167,1509012966.343275,49
query,1509012966.3432794,1509012967.1126392,14212
query,1509012967.1126435,1509012967.4003468,7795
query,1509012967.400352,1509012968.0701046,10821
query,1509012968.0701096,1509012968.7417476,9302
query,1509012968.7417521,1509012968.8655286,18
query,1509012968.8655329,1509012969.2503712,5560
query,1509012969.2503757,1509012969.6727269,7260
query,1509012969.6727312,1509012969.8056815,694
query,1509012969.8056855,1509012969.9248528,272
query,1509012969.9248579,1509012970.001888,89
query,1509012970.001931,1509012970.0928447,654
query,1509012970.1052554,1509012970.8079717,11847
query,1509012970.8079765,1509012971.1701057,5851
query,1509012971.1701105,1509012971.4054582,2004
query,1509012971.4054625,1509012972.374227,13693
query,1509012972.3742306,1509012973.506701,9636
query,1509012973.5067053,1509012974.006072,7235
query,1509012974.0060766,1509012974.4552069,12380
query,1509012974.455212,1509012974.9698124,7195
query,1509012974.9698164,1509012975.4560747,4764
query,1509012975.4560797,1509012975.5733087,136
query,1509012975.573313,1509012975.7520514,4747
query,1509012975.7520552,1509012976.155904,6135
query,1509012976.155909,1509012976.188933,0
query,1509012976.1889367,1509012977.2637086,12668
query,1509012977.2637131,1509012977.7353055,5993
query,1509012977.7353098,1509012978.0270033,4075
query,1509012978.0270073,1509012978.6721454,6891
query,1509012978.6721504,1509012979.0388832,7176
query,1509012979.0388875,1509012979.358831,5804
query,1509012979.3588755,1509012979.4625382,0
query,1509012979.464056,1509012979.5637255,8
query,1509012979.5637298,1509012979.9141076,6864
query,1509012979.9141116,1509012980.2692308,3876
query,1509012980.2692354,1509012980.8117893,7111
query,1509012980.8117936,1509012981.2778692,9203
query,1509012981.277873,1509012981.6286175,6767
query,1509012981.6286218,1509012982.387566,7197
query,1509012982.38757,1509012983.2317116,12459
query,1509012983.231716,1509012983.9279387,11516
query,1509012983.9279435,1509012983.9652033,0
query,1509012983.9652078,1509012984.2151408,7121
query,1509012984.215145,1509012984.3121316,6
query,1509012984.312136,1509012984.5764728,4443
query,1509012984.576477,1509012985.5561094,10627
query,1509012985.5561137,1509012986.1928856,11292
query,1509012986.1928902,1509012986.706299,9371
query,1509012986.7063034,1509012986.7349713,2
query,1509012986.734975,1509012986.7682893,0
query,1509012986.7682939,1509012987.8962498,13283
query,1509012987.896293,1509012987.9767363,37
query,1509012987.9897473,1509012988.087493,108
query,1509012988.0874975,1509012988.5035727,7782
query,1509012988.503576,1509012988.9925208,7333
query,1509012988.9925253,1509012989.369552,6901
query,1509012989.369556,1509012989.8552759,9883
query,1509012989.8552797,1509012989.9361897,20
query,1509012989.9361935,1509012990.9015377,12425
query,1509012990.901542,1509012991.5066714,4376
query,1509012991.5066752,1509012991.720095,2603
query,1509012991.7200994,1509012991.9794736,2357
query,1509012991.9794784,1509012992.0832798,1539
query,1509012992.0832834,1509012992.5381331,11510
query,1509012992.5381377,1509012993.3759327,6354
query,1509012993.3759372,1509012993.5406551,163
query,1509012993.5406592,1509012994.2822294,7319
query,1509012994.2822337,1509012994.5336611,565
query,1509012994.5336654,1509012995.1949322,14269
query,1509012995.1949363,1509012995.838063,7192
query,1509012995.838067,1509012996.6886477,9352
query,1509012996.6886866,1509012996.9815435,2098
query,1509012996.9940913,1509012998.0075223,12687
query,1509012998.0075266,1509012998.668856,8873
query,1509012998.66886,1509012998.7696698,7
query,1509012998.7696745,1509012999.000863,2043
query,1509012999.0008693,1509012999.3725657,5191
query,1509012999.3725698,1509012999.476019,1083
query,1509012999.4760234,1509013000.1850982,10673
query,1509013000.1851022,1509013000.3580112,1236
query,1509013000.3580153,1509013000.8386123,10682
query,1509013000.8386166,1509013001.0676475,2757
query,1509013001.0676515,1509013001.5068257,5061
query,1509013001.5068307,1509013001.7727861,1257
query,1509013001.7728324,1509013002.024732,3725
query,1509013002.024736,1509013002.130264,915
query,1509013002.1302686,1509013002.1677632,3
query,1509013002.167767,1509013002.2724342,17
query,1509013002.2724388,1509013002.374478,484
query,1509013002.3744824,1509013002.7059033,6855
query,1509013002.7059078,1509013002.8037744,1179
query,1509013002.8038135,1509013003.5221314,12374
query,1509013003.5382748,1509013003.8290095,3387
query,1509013003.8290136,1509013004.8194351,9297
query,1509013004.81944,1509013005.6050155,5022
query,1509013005.6050203,1509013006.2662606,6125
query,1509013006.2662647,1509013006.9742377,14260
query,1509013006.9742417,1509013007.5809631,7328
query,1509013007.5809672,1509013007.7029078,284
query,1509013007.702912,1509013008.294301,12505
query,1509013008.2943048,1509013008.992961,12389
query,1509013008.9929657,1509013009.5619822,7835
query,1509013009.5619862,1509013009.8938265,4379
query,1509013009.8938303,1509013010.0964222,2697
query,1509013010.0964274,1509013010.429386,4810
query,1509013010.4293904,1509013011.145576,7754
query,1509013011.1455805,1509013011.4517484,9766
query,1509013011.4517524,1509013012.5070426,9853
query,1509013012.507047,1509013012.876838,3359
query,1509013012.876842,1509013013.7028856,4843
query,1509013013.7028897,1509013014.3736687,11313
query,1509013014.3737125,1509013014.4291875,0
query,1509013014.4307566,1509013014.519503,1078
query,1509013014.519507,1509013014.6096828,5
query,1509013014.6096873,1509013014.7437196,1994
query,1509013014.743724,1509013015.4605813,14354
query,1509013015.4605854,1509013015.8764923,3533
query,1509013015.8764963,1509013016.0317822,1717
query,1509013016.0317862,1509013016.6171005,6514
query,1509013016.6171048,1509013017.1334445,3836
query,1509013017.1334486,1509013017.3910058,6417
query,1509013017.3910103,1509013017.431643,0
query,1509013017.4316468,1509013017.7237833,6875
query,1509013017.7237873,1509013017.7991667,1
query,1509013017.7991714,1509013017.8766747,4
query,1509013017.8766787,1509013018.668073,8231
query,1509013018.668077,1509013018.749492,1064
query,1509013018.7494962,1509013018.890052,436
query,1509013018.8900561,1509013019.5702522,13047
query,1509013019.5702558,1509013019.7323246,349
query,1509013019.7323287,1509013020.194271,3309
query,1509013020.1943164,1509013021.756049,11320
query,1509013021.7696888,1509013022.309964,10818
query,1509013022.3099682,1509013022.6798296,3340
query,1509013022.679834,1509013022.7194862,0
query,1509013022.7194905,1509013023.3043654,10859
query,1509013023.3043697,1509013023.9772162,7388
query,1509013023.97722,1509013024.0588622,56
query,1509013024.058867,1509013024.3103979,2122
query,1509013024.3104022,1509013024.6373832,4197
query,1509013024.6373873,1509013024.977118,3704
query,1509013024.977122,1509013025.0265262,0
query,1509013025.0265305,1509013025.4969018,5570
query,1509013025.4969063,1509013025.5512576,0
query,1509013025.5512626,1509013025.651857,864
query,1509013025.6518617,1509013025.7237744,205
query,1509013025.7237787,1509013025.8766155,1289
query,1509013025.8766208,1509013026.2104845,3165
query,1509013026.2104893,1509013026.4774594,6438
query,1509013026.4774635,1509013026.6233444,1478
query,1509013026.6233485,1509013027.5270863,9445
query,1509013027.5271375,1509013027.616919,345
query,1509013027.629491,1509013027.6999454,0
query,1509013027.6999495,1509013027.8766396,1103
query,1509013027.8766437,1509013028.5190094,9428
query,1509013028.5190136,1509013028.654373,17
query,1509013028.654377,1509013029.893339,5433
query,1509013029.893343,1509013030.0606694,1379
query,1509013030.0606735,1509013030.4574096,11226
query,1509013030.4574137,1509013030.8797204,7787
query,1509013030.8797247,1509013031.3229034,4744
query,1509013031.3229072,1509013031.7734191,6964
query,1509013031.7734237,1509013032.3486195,6977
query,1509013032.3486245,1509013032.5962465,4525
query,1509013032.5962505,1509013033.2094774,8175
query,1509013033.2094815,1509013033.2462926,0
query,1509013033.246297,1509013034.5479314,8137
query,1509013034.5479355,1509013034.771788,3743
query,1509013034.7717924,1509013035.2969332,4290
query,1509013035.2969372,1509013035.4438848,1777
query,1509013035.4438896,1509013036.2183585,6519
query,1509013036.2183995,1509013037.3563838,13870
query,1509013037.37217,1509013038.008328,6129
query,1509013038.008332,1509013038.8819964,10816
query,1509013038.8820004,1509013039.3674166,5198
query,1509013039.3674219,1509013039.649797,5771
query,1509013039.649801,1509013039.8973413,772
query,1509013039.8973453,1509013039.9699492,0
query,1509013039.9699535,1509013040.7091463,6653
query,1509013040.7091508,1509013042.2061825,14490
query,1509013042.2061863,1509013042.5755794,4790
query,1509013042.5755835,1509013043.5758567,11115
query,1509013043.5758605,1509013044.1483128,10108
query,1509013044.1483166,1509013045.085167,10924
query,1509013045.085171,1509013045.2335885,182
query,1509013045.2335935,1509013045.8130279,6880
query,1509013045.8130317,1509013046.7181857,11168
query,1509013046.7181895,1509013047.9259183,14340
query,1509013047.9259226,1509013048.3175895,4612
query,1509013048.3175943,1509013049.298229,10405
query,1509013049.2982342,1509013049.4814572,1979
query,1509013049.4815106,1509013050.0641258,11648
query,1509013050.0766733,1509013051.1446583,13629
query,1509013051.1446621,1509013051.449269,5860
query,1509013051.449273,1509013052.2604818,10223
query,1509013052.260486,1509013052.3051567,2
query,1509013052.305161,1509013052.5937283,4154
query,1509013052.5937324,1509013053.0922961,6389
query,1509013053.0923007,1509013053.1441524,1
query,1509013053.1441567,1509013053.5139477,6428
query,1509013053.5139523,1509013054.3230078,12877
query,1509013054.3230124,1509013054.4258406,832
query,1509013054.425845,1509013054.7715027,3980
query,1509013054.7715073,1509013054.8337924,523
query,1509013054.8337977,1509013055.4240298,5005
query,1509013055.424034,1509013056.2977386,12534
query,1509013056.297743,1509013056.3958113,31
query,1509013056.3958154,1509013056.8214324,3951
query,1509013056.8214364,1509013056.953457,3030
query,1509013056.953461,1509013057.859735,13951
query,1509013057.8597398,1509013058.1847394,4459
query,1509013058.1847866,1509013058.8713439,8281
query,1509013058.8834767,1509013059.4389093,13846
query,1509013059.4389133,1509013059.686142,3390
query,1509013059.6861465,1509013059.9627023,4650
query,1509013059.9627063,1509013060.1059787,817
query,1509013060.1059833,1509013060.2344773,827
query,1509013060.2344818,1509013061.1750896,14415
query,1509013061.1750944,1509013061.462307,4593
query,1509013061.4623113,1509013061.890372,7031
query,1509013061.8903763,1509013061.9486563,587
query,1509013061.94866,1509013062.3641846,11429
query,1509013062.364189,1509013063.2587497,10661
query,1509013063.2587535,1509013063.556357,2489
query,1509013063.5563612,1509013063.7116013,807
query,1509013063.7116058,1509013064.416644,7284
query,1509013064.4166489,1509013065.0602834,7226
query,1509013065.0602875,1509013065.4442356,2928
query,1509013065.4442399,1509013065.8630974,7110
query,1509013065.863102,1509013066.1324532,2289
query,1509013066.132457,1509013066.5686018,2864
query,1509013066.5686457,1509013067.2508805,6783
query,1509013067.2631974,1509013067.5696511,5263
query,1509013067.5696552,1509013067.8273563,2253
query,1509013067.8273606,1509013068.010935,4167
query,1509013068.0109398,1509013068.100763,1346
query,1509013068.100767,1509013068.1681235,64
query,1509013068.1681278,1509013068.248092,1623
query,1509013068.248096,1509013068.9286308,6667
query,1509013068.9286351,1509013069.4015079,7195
query,1509013069.4015124,1509013069.6625252,4333
query,1509013069.66253,1509013070.7998648,14402
query,1509013070.799869,1509013071.323901,6526
query,1509013071.3239052,1509013071.552123,6376
query,1509013071.5521274,1509013071.9235463,5461
query,1509013071.9235508,1509013071.9835823,3
query,1509013071.9835863,1509013072.4526463,10163
query,1509013072.4526503,1509013072.4960003,3
query,1509013072.496004,1509013072.7176306,2124
query,1509013072.7176344,1509013073.5014713,9224
query,1509013073.5014756,1509013073.6125324,151
query,1509013073.612574,1509013073.790346,4281
query,1509013073.8031595,1509013074.0181725,3737
query,1509013074.018177,1509013074.3561778,4158
query,1509013074.3561816,1509013075.0158114,11566
query,1509013075.0158155,1509013075.162384,89
query,1509013075.162388,1509013075.3036942,65
query,1509013075.3036988,1509013075.3392365,1
query,1509013075.3392413,1509013075.4210107,5
query,1509013075.4210157,1509013075.719868,4198
query,1509013075.7198727,1509013076.2969096,9310
query,1509013076.2969139,1509013076.7521262,3595
query,1509013076.7521381,1509013077.3873913,6885
query,1509013077.3873954,1509013077.9080908,6546
query,1509013077.9080958,1509013077.970638,7
query,1509013077.9706423,1509013078.9299703,11535
query,1509013078.9299746,1509013079.255462,4113
query,1509013079.255466,1509013079.7600436,4762
query,1509013079.7600474,1509013080.1281037,6598
query,1509013080.128108,1509013080.1606836,0
query,1509013080.1606872,1509013080.3438888,2382
query,1509013080.3439367,1509013080.477959,58
query,1509013080.4900098,1509013080.8451788,4573
query,1509013080.8451834,1509013081.5215616,13840
query,1509013081.5215657,1509013081.8203795,6934
query,1509013081.8203838,1509013081.8743796,0
query,1509013081.874384,1509013082.2327673,3028
query,1509013082.2327714,1509013082.886534,6039
query,1509013082.8865383,1509013083.6231735,9201
query,1509013083.6231785,1509013083.6853492,132
query,1509013083.6853535,1509013084.000773,2430
query,1509013084.000778,1509013084.096774,1521
query,1509013084.0967782,1509013084.173808,199
query,1509013084.1738122,1509013084.246659,2
query,1509013084.2466633,1509013084.628815,5518
query,1509013084.6288204,1509013085.0191178,5032
query,1509013085.019122,1509013085.1865594,2588
query,1509013085.1865637,1509013085.2583504,25
query,1509013085.2583556,1509013085.3649151,1538
query,1509013085.3649197,1509013085.961465,5607
query,1509013085.961469,1509013086.0756958,1784
query,1509013086.0757394,1509013086.9540393,9302
query,1509013086.9661934,1509013087.3275273,6453
query,1509013087.3275313,1509013087.3610613,0
query,1509013087.3610654,1509013087.9896479,8862
query,1509013087.9896522,1509013088.4530232,6479
query,1509013088.4530275,1509013088.5701447,386
query,1509013088.570149,1509013089.1207106,11531
query,1509013089.1207166,1509013089.1862986,629
query,1509013089.186303,1509013089.3694606,6
query,1509013089.3694649,1509013089.4581347,864
query,1509013089.4581382,1509013090.2089086,10817
query,1509013090.2089124,1509013090.3516092,1184
query,1509013090.3516133,1509013090.506136,3014
query,1509013090.5061398,1509013091.08886,12901
query,1509013091.088864,1509013091.2891107,3371
query,1509013091.2891147,1509013091.6150353,3160
query,1509013091.615039,1509013092.3781075,7777
query,1509013092.3781118,1509013092.4699664,443
query,1509013092.4699705,1509013092.5581093,201
query,1509013092.558113,1509013092.6903253,12
query,1509013092.6903834,1509013093.5212517,12361
query,1509013093.5384245,1509013093.5999415,1128
query,1509013093.5999453,1509013093.877276,2489
query,1509013093.8772802,1509013094.2753015,2547
query,1509013094.2753062,1509013094.4550886,1096
query,1509013094.4550927,1509013095.5213425,9594
query,1509013095.5213466,1509013096.078179,9493
query,1509013096.0781827,1509013096.1749086,1399
query,1509013096.1749125,1509013096.5405383,3695
query,1509013096.5405421,1509013096.958319,6269
query,1509013096.958323,1509013097.0705233,953
query,1509013097.0705276,1509013097.149032,196
query,1509013097.1490364,1509013097.5726402,8070
query,1509013097.572645,1509013098.220785,12292
query,1509013098.220847,1509013098.2652354,0
query,1509013098.2652397,1509013098.5110095,3624
query,1509013098.5110133,1509013100.0381367,16911
query,1509013100.0381408,1509013100.2450202,3229
query,1509013100.245024,1509013100.9994538,9087
query,1509013100.999458,1509013101.3860788,5914
query,1509013101.3861248,1509013102.6008685,14217
query,1509013102.6135314,1509013102.7296827,17
query,1509013102.7296875,1509013103.2576125,3628
query,1509013103.2576165,1509013103.357954,636
query,1509013103.357958,1509013103.446686,1509
query,1509013103.44669,1509013103.866788,5814
query,1509013103.8667922,1509013104.5892756,8826
query,1509013104.5892801,1509013105.0809503,11309
query,1509013105.0809546,1509013105.8388653,10953
query,1509013105.8388698,1509013106.1204646,9170
query,1509013106.1204686,1509013106.6246743,6013
query,1509013106.6246784,1509013106.8879805,6858
query,1509013106.8879843,1509013107.1355932,2226
query,1509013107.1355972,1509013107.9436545,14012
query,1509013107.943659,1509013108.6218114,9507
query,1509013108.6218162,1509013108.694762,1
query,1509013108.6947663,1509013108.987626,7435
query,1509013108.9876304,1509013109.142956,1742
query,1509013109.1429598,1509013109.2128835,3
query,1509013109.2128878,1509013109.2452328,0
query,1509013109.2452722,1509013109.3089075,358
query,1509013109.3221903,1509013109.6531942,2398
query,1509013109.6531982,1509013110.4947598,18646
query,1509013110.494764,1509013111.2617836,12412
query,1509013111.2617881,1509013111.893609,10341
query,1509013111.8936133,1509013112.2351155,6051
query,1509013112.2351198,1509013112.309187,610
query,1509013112.3091915,1509013112.379026,2
query,1509013112.3790302,1509013112.82632,5984
query,1509013112.826324,1509013112.9458358,1459
query,1509013112.9458401,1509013113.2948716,3791
query,1509013113.2948754,1509013113.69316,11508
query,1509013113.6931643,1509013113.9397902,3173
query,1509013113.9397948,1509013114.519864,11691
query,1509013114.5198681,1509013115.5669436,11847
query,1509013115.5669482,1509013115.6743011,1340
query,1509013115.674306,1509013115.741739,251
query,1509013115.7417428,1509013116.329115,5646
query,1509013116.3291192,1509013116.9035368,11506
query,1509013116.9035418,1509013117.807888,13720
