tables,1509025000.3842587,1509028044.4385676
query,1509028044.439124,1509028047.433362,5946
query,1509028047.447295,1509028048.0797796,6363
query,1509028048.0797837,1509028048.399523,4757
query,1509028048.399527,1509028048.6555715,3003
query,1509028048.6555762,1509028049.2080688,6151
query,1509028049.208073,1509028049.2892065,1288
query,1509028049.289211,1509028049.3705208,288
query,1509028049.3705246,1509028050.5748622,7054
query,1509028050.574866,1509028050.715493,947
query,1509028050.7154973,1509028050.8659,6352
query,1509028050.8659043,1509028050.915952,0
query,1509028050.9159553,1509028051.0754986,14
query,1509028051.0755029,1509028051.4522157,7592
query,1509028051.4522195,1509028051.962023,7027
query,1509028051.9620268,1509028052.1929889,5596
query,1509028052.192993,1509028052.3158598,4444
query,1509028052.3158638,1509028052.5525832,4843
query,1509028052.552588,1509028052.9416945,6362
query,1509028052.9416983,1509028053.6525507,7042
query,1509028053.652555,1509028053.766306,1185
query,1509028053.766352,1509028054.0729642,7238
query,1509028054.084985,1509028054.9375198,7069
query,1509028054.9375238,1509028055.0591905,986
query,1509028055.0591948,1509028055.546552,6280
query,1509028055.5465567,1509028055.89017,6978
query,1509028055.8901746,1509028055.977635,1439
query,1509028055.9776387,1509028056.2535872,6081
query,1509028056.2535918,1509028056.3556392,2223
query,1509028056.3556437,1509028056.430726,265
query,1509028056.4307306,1509028057.0043998,8107
query,1509028057.0044045,1509028057.353702,6428
query,1509028057.3537064,1509028057.6031039,8052
query,1509028057.603109,1509028057.8321126,6681
query,1509028057.8321164,1509028058.116973,5339
query,1509028058.1169772,1509028058.3735974,8033
query,1509028058.373602,1509028058.893593,7031
query,1509028058.8935971,1509028059.000775,2540
query,1509028059.0007787,1509028059.5068846,8404
query,1509028059.5068893,1509028059.7808309,7029
query,1509028059.7808352,1509028060.140377,6432
query,1509028060.1404214,1509028060.5001178,4503
query,1509028060.51247,1509028060.9867556,7530
query,1509028060.9867597,1509028061.3287144,6399
query,1509028061.3287194,1509028061.624152,8080
query,1509028061.624156,1509028062.095731,7053
query,1509028062.095735,1509028062.7227988,7052
query,1509028062.7228034,1509028062.8592868,2652
query,1509028062.859291,1509028062.977803,2292
query,1509028062.977807,1509028063.083276,4434
query,1509028063.0832808,1509028063.6068943,7033
query,1509028063.6068985,1509028063.9110138,4691
query,1509028063.911018,1509028063.9950206,2
query,1509028063.995025,1509028064.5201683,8968
query,1509028064.5201726,1509028064.6100318,576
query,1509028064.610036,1509028064.6552334,3
query,1509028064.6552372,1509028065.0105536,5294
query,1509028065.0105581,1509028065.1383479,3033
query,1509028065.1383522,1509028065.1969662,1
query,1509028065.1969707,1509028065.2473052,5
query,1509028065.247309,1509028065.5832915,5053
query,1509028065.5833387,1509028065.8715901,6726
query,1509028065.8845346,1509028066.3016634,6668
query,1509028066.3016677,1509028066.5814674,8021
query,1509028066.5814714,1509028066.8913343,6556
query,1509028066.891339,1509028067.227383,6052
query,1509028067.2273872,1509028067.4396608,8026
query,1509028067.4396653,1509028067.9558218,6319
query,1509028067.9558263,1509028068.3134005,8268
query,1509028068.3134048,1509028068.590984,8266
query,1509028068.5909884,1509028069.0177922,6653
query,1509028069.0177965,1509028069.5424726,7050
query,1509028069.5424767,1509028069.727765,3373
query,1509028069.7277722,1509028069.8112915,578
query,1509028069.8112955,1509028070.0532508,3390
query,1509028070.0532548,1509028070.4007874,5897
query,1509028070.400822,1509028070.5057898,687
query,1509028070.5057936,1509028071.0163856,7657
query,1509028071.0163894,1509028071.4041958,6085
query,1509028071.4041998,1509028071.455374,7
query,1509028071.455378,1509028071.5549097,1024
query,1509028071.5549552,1509028071.695864,18
query,1509028071.7084343,1509028071.772322,765
query,1509028071.772326,1509028071.879634,2275
query,1509028071.879638,1509028072.7131534,9371
query,1509028072.7131577,1509028073.169026,9193
query,1509028073.16903,1509028073.558164,3600
query,1509028073.5581677,1509028073.6355827,1162
query,1509028073.635588,1509028073.6656733,0
query,1509028073.6656768,1509028073.8747945,3623
query,1509028073.8747985,1509028073.9883049,157
query,1509028073.9883087,1509028074.0988595,1875
query,1509028074.0988634,1509028074.2697647,2092
query,1509028074.2697682,1509028074.3794475,332
query,1509028074.3794515,1509028074.4187562,0
query,1509028074.4187605,1509028074.5196278,2480
query,1509028074.519632,1509028074.8829558,5086
query,1509028074.8829598,1509028075.1792758,2057
query,1509028075.1792798,1509028075.27995,1426
query,1509028075.2799542,1509028075.3298917,4
query,1509028075.3298955,1509028075.548445,1939
query,1509028075.5484934,1509028075.8847606,1984
query,1509028075.900606,1509028075.9603975,6
query,1509028075.9604013,1509028076.4151592,6519
query,1509028076.4151633,1509028076.5269833,627
query,1509028076.5269878,1509028077.0409098,6017
query,1509028077.0409145,1509028077.1442785,1839
query,1509028077.1442828,1509028077.5263815,4201
query,1509028077.5263863,1509028077.909998,2069
query,1509028077.910002,1509028078.0032425,33
query,1509028078.0032468,1509028078.959382,6696
query,1509028078.959386,1509028079.0756643,2928
query,1509028079.075669,1509028079.1018434,3
query,1509028079.1018467,1509028079.3031304,3843
query,1509028079.3031342,1509028079.3547003,190
query,1509028079.3547037,1509028079.7644567,4597
query,1509028079.764461,1509028079.9212687,2763
query,1509028079.9212728,1509028080.0721874,55
query,1509028080.0721917,1509028080.1073842,0
query,1509028080.1073885,1509028080.1835132,806
query,1509028080.1835182,1509028080.2641966,924
query,1509028080.2642398,1509028080.7555583,9405
query,1509028080.7708454,1509028081.1105466,5533
query,1509028081.1105509,1509028081.207424,1427
query,1509028081.2074282,1509028081.6059558,3784
query,1509028081.6059597,1509028081.9836054,6664
query,1509028081.9836102,1509028082.0860555,1694
query,1509028082.0860593,1509028082.5516107,7544
query,1509028082.5516148,1509028082.6155949,48
query,1509028082.6155987,1509028082.7147431,788
query,1509028082.7147474,1509028083.1851861,6478
query,1509028083.1851904,1509028083.4795265,2785
query,1509028083.4795306,1509028084.2148337,9336
query,1509028084.214838,1509028084.3221774,193
query,1509028084.3221822,1509028084.5844529,2392
query,1509028084.5844572,1509028084.7741315,2098
query,1509028084.7741356,1509028084.88356,462
query,1509028084.8835647,1509028084.9496117,835
query,1509028084.949615,1509028085.0381,514
query,1509028085.038105,1509028085.5125844,4040
query,1509028085.5125885,1509028085.689312,3687
query,1509028085.6893551,1509028085.8855767,46
query,1509028085.89793,1509028086.1725936,3534
query,1509028086.172598,1509028086.2744622,372
query,1509028086.2744675,1509028086.3132162,1
query,1509028086.3132205,1509028086.8843355,4222
query,1509028086.8843403,1509028087.113808,5469
query,1509028087.1138117,1509028087.1629796,0
query,1509028087.1629837,1509028087.4357982,6625
query,1509028087.435802,1509028087.5432794,127
query,1509028087.5432835,1509028087.6913018,2273
query,1509028087.691306,1509028088.0638864,8203
query,1509028088.0638905,1509028088.298451,1940
query,1509028088.2984555,1509028088.4981878,4416
query,1509028088.4981923,1509028089.0556645,5046
query,1509028089.0556688,1509028089.1519837,1486
query,1509028089.1519878,1509028089.6228783,6482
query,1509028089.6228824,1509028089.7127051,1464
query,1509028089.71271,1509028089.8151605,258
query,1509028089.8151648,1509028090.0282016,3461
query,1509028090.028213,1509028090.1103845,985
query,1509028090.1104276,1509028090.5647137,5261
query,1509028090.5768654,1509028091.4254618,9244
query,1509028091.425478,1509028091.5349581,1353
query,1509028091.534963,1509028091.9879704,2227
query,1509028091.987975,1509028092.855816,9401
query,1509028092.8558204,1509028093.205002,4468
query,1509028093.2050066,1509028093.3021421,386
query,1509028093.3021464,1509028093.596287,3795
query,1509028093.596291,1509028093.7146375,225
query,1509028093.7146416,1509028093.9520323,3357
query,1509028093.9520364,1509028094.0452332,1987
query,1509028094.0452373,1509028094.096638,0
query,1509028094.0966427,1509028094.1733167,2
query,1509028094.1733205,1509028094.2689133,575
query,1509028094.2689178,1509028094.348431,1520
query,1509028094.3484352,1509028094.649331,3703
query,1509028094.6493356,1509028094.7266634,6
query,1509028094.7266672,1509028094.941936,4792
query,1509028094.94194,1509028095.037488,1444
query,1509028095.0374918,1509028095.2423615,3487
query,1509028095.2424006,1509028095.2967744,0
query,1509028095.2982273,1509028095.8592691,10763
query,1509028095.8592732,1509028095.903171,1
query,1509028095.903175,1509028096.374818,9306
query,1509028096.3748226,1509028096.6310244,3542
query,1509028096.6310284,1509028096.9255993,8028
query,1509028096.925604,1509028097.1005087,26
query,1509028097.100513,1509028097.2771742,1357
query,1509028097.2771783,1509028097.6116827,6401
query,1509028097.611687,1509028097.86198,3579
query,1509028097.8619838,1509028098.3838034,6640
query,1509028098.3838074,1509028098.4378932,4
query,1509028098.4378967,1509028098.4982514,171
query,1509028098.498255,1509028098.6069894,547
query,1509028098.6069932,1509028099.877783,10948
query,1509028099.8777874,1509028100.1213663,2435
query,1509028100.1213703,1509028100.219389,1431
query,1509028100.2193933,1509028100.3046675,1679
query,1509028100.3046718,1509028100.6503348,3073
query,1509028100.6503396,1509028101.0149636,5701
query,1509028101.0150034,1509028101.1298594,24
query,1509028101.146017,1509028101.233628,1293
query,1509028101.2336316,1509028101.6755273,4368
query,1509028101.6755314,1509028102.0519447,4940
query,1509028102.0519502,1509028102.2993114,3224
query,1509028102.2993157,1509028102.9298604,6213
query,1509028102.9298642,1509028103.0421305,165
query,1509028103.0421348,1509028103.1112425,317
query,1509028103.1112468,1509028103.2073274,1666
query,1509028103.2073314,1509028103.9958403,7114
query,1509028103.9958446,1509028104.0855494,15
query,1509028104.0855532,1509028104.11581,0
query,1509028104.1158133,1509028104.1761422,31
query,1509028104.1761463,1509028104.6989996,6238
query,1509028104.6990042,1509028105.3994381,9315
query,1509028105.399442,1509028105.5032084,95
query,1509028105.503212,1509028106.633243,4823
query,1509028106.6332471,1509028106.8174293,197
query,1509028106.8174336,1509028106.8792424,43
query,1509028106.8792472,1509028107.274834,3960
query,1509028107.2748766,1509028108.5186894,6850
query,1509028108.5305152,1509028108.915128,2583
query,1509028108.9151323,1509028109.16101,2200
query,1509028109.161014,1509028109.9493437,8051
query,1509028109.9493475,1509028110.5043142,4796
query,1509028110.5043185,1509028110.9940581,4740
query,1509028110.994062,1509028111.4418437,5676
query,1509028111.441848,1509028111.7559683,3908
query,1509028111.755972,1509028111.7846954,0
query,1509028111.7846994,1509028112.2703748,4442
query,1509028112.2703788,1509028112.9574385,5636
query,1509028112.957443,1509028113.0431945,121
query,1509028113.0431993,1509028113.7511528,9519
query,1509028113.7511566,1509028114.235298,5645
query,1509028114.2353022,1509028115.0755765,9947
query,1509028115.0755804,1509028115.197376,31
query,1509028115.1973805,1509028115.4095974,1668
query,1509028115.409602,1509028115.4946823,380
query,1509028115.4946866,1509028115.6889977,4117
query,1509028115.6890018,1509028115.7899406,9
query,1509028115.7899868,1509028116.0973697,3004
query,1509028116.109258,1509028116.6383977,7065
query,1509028116.6384017,1509028116.973107,5640
query,1509028116.9731112,1509028117.432755,2397
query,1509028117.4327588,1509028117.9914286,7946
query,1509028117.9914327,1509028118.1310024,294
query,1509028118.1310065,1509028118.2603278,387
query,1509028118.260332,1509028118.9399896,6147
query,1509028118.9399934,1509028119.9699285,8032
query,1509028119.9699323,1509028120.3757486,5689
query,1509028120.375753,1509028120.4941607,5
query,1509028120.4941645,1509028120.9449346,5166
query,1509028120.9449391,1509028121.0898292,2419
query,1509028121.089833,1509028121.4259336,2391
query,1509028121.4259377,1509028121.5197058,0
query,1509028121.5197098,1509028121.5656114,1
query,1509028121.5656154,1509028121.9070215,3545
query,1509028121.9070253,1509028121.9812984,38
query,1509028121.9813025,1509028122.054627,40
query,1509028122.0546308,1509028122.487491,5730
query,1509028122.4875329,1509028122.9793787,4849
query,1509028122.992159,1509028123.187827,2052
query,1509028123.1878314,1509028123.264463,397
query,1509028123.264467,1509028123.2995656,0
query,1509028123.2995703,1509028123.3937356,169
query,1509028123.3937397,1509028123.8230298,8325
query,1509028123.823034,1509028124.4044142,3588
query,1509028124.404419,1509028124.494521,71
query,1509028124.4945254,1509028124.544009,6
query,1509028124.5440133,1509028124.7831416,4794
query,1509028124.7831454,1509028125.8834007,10750
query,1509028125.883405,1509028126.3267708,4788
query,1509028126.3267748,1509028126.3741949,1
query,1509028126.3741992,1509028126.930147,7609
query,1509028126.9301512,1509028126.9786458,1
query,1509028126.9786499,1509028127.5635688,5628
query,1509028127.563574,1509028128.1372278,9343
query,1509028128.1372325,1509028128.2419186,140
query,1509028128.241922,1509028128.3510597,152
query,1509028128.351063,1509028128.9270694,5519
query,1509028128.927109,1509028129.3523672,4583
query,1509028129.364378,1509028129.4633126,531
query,1509028129.4633164,1509028129.716008,3369
query,1509028129.7160122,1509028129.7566388,3
query,1509028129.7566428,1509028129.8438036,119
query,1509028129.8438084,1509028130.0570178,1059
query,1509028130.0570219,1509028130.3188913,1941
query,1509028130.3188963,1509028130.3518734,2
query,1509028130.3518772,1509028130.4044812,0
query,1509028130.4044852,1509028130.6434,3532
query,1509028130.6434042,1509028130.6984754,923
query,1509028130.6984792,1509028130.789929,154
query,1509028130.7899334,1509028131.5474923,9114
query,1509028131.5474966,1509028132.1213155,6995
query,1509028132.1213193,1509028132.1812463,4
query,1509028132.1812503,1509028132.3130503,743
query,1509028132.3130548,1509028132.792739,4431
query,1509028132.7927434,1509028133.150059,3841
query,1509028133.150063,1509028133.2181685,445
query,1509028133.2181726,1509028133.6777022,5980
query,1509028133.6777463,1509028134.7228415,6940
query,1509028134.7348962,1509028134.786879,198
query,1509028134.7868829,1509028135.487857,5008
query,1509028135.4878614,1509028135.7827036,2797
query,1509028135.7827084,1509028135.942752,52
query,1509028135.9427557,1509028136.0308852,128
query,1509028136.030889,1509028136.5123467,9213
query,1509028136.5123508,1509028136.7200527,2569
query,1509028136.7200565,1509028137.8297477,10474
query,1509028137.829752,1509028137.919748,219
query,1509028137.9197524,1509028138.0023668,141
query,1509028138.002371,1509028139.1701734,6083
query,1509028139.1701784,1509028139.3824224,1582
query,1509028139.3824272,1509028139.4409263,0
query,1509028139.4409304,1509028140.0101888,4343
query,1509028140.010193,1509028140.0533698,1
query,1509028140.0533736,1509028140.5478942,9600
query,1509028140.5478985,1509028140.679017,402
query,1509028140.6790211,1509028140.8015454,470
query,1509028140.8015497,1509028140.9271688,226
query,1509028140.9272108,1509028141.3793967,4336
query,1509028141.3914056,1509028142.224633,9912
query,1509028142.224637,1509028142.3621833,30
query,1509028142.3621879,1509028142.8240037,5193
query,1509028142.824008,1509028142.9710116,1730
query,1509028142.9710152,1509028143.1335244,14
query,1509028143.133529,1509028143.4385452,2504
query,1509028143.4385502,1509028143.4915097,4
query,1509028143.4915137,1509028143.5712438,280
query,1509028143.5712488,1509028144.1341739,6183
query,1509028144.1341777,1509028144.4337766,4215
query,1509028144.4337807,1509028145.0104003,6658
query,1509028145.0104046,1509028145.7560966,9985
query,1509028145.756101,1509028146.9192386,9274
query,1509028146.9192424,1509028147.0010293,1367
query,1509028147.0010335,1509028147.1636515,1754
query,1509028147.1636558,1509028147.6170032,8805
query,1509028147.6170077,1509028147.6486614,0
query,1509028147.6486652,1509028148.3015983,6107
query,1509028148.3016024,1509028148.3823333,1361
query,1509028148.3823822,1509028148.497663,8
query,1509028148.5134103,1509028148.911211,2415
query,1509028148.9112155,1509028149.033514,318
query,1509028149.0335188,1509028149.093339,0
query,1509028149.0933433,1509028149.153769,151
query,1509028149.1537733,1509028149.2913117,1089
query,1509028149.2913165,1509028150.3062513,7383
query,1509028150.3062556,1509028150.4307404,1760
query,1509028150.4307451,1509028150.4573972,0
query,1509028150.4574013,1509028150.691786,1877
query,1509028150.6917903,1509028151.1348152,3822
query,1509028151.1348197,1509028151.4851406,5822
query,1509028151.4851456,1509028151.848195,4995
query,1509028151.8482,1509028152.2975795,4917
query,1509028152.297584,1509028152.58416,3504
query,1509028152.5841649,1509028152.6516805,132
query,1509028152.6516845,1509028152.950997,5271
query,1509028152.9510012,1509028154.0186498,9880
query,1509028154.0186539,1509028154.0756395,2
query,1509028154.0756438,1509028154.2172031,1695
query,1509028154.2172477,1509028154.7354815,6262
query,1509028154.7476642,1509028154.784604,1
query,1509028154.784608,1509028155.030186,2766
query,1509028155.03019,1509028155.7354991,5681
query,1509028155.7355037,1509028155.779475,0
query,1509028155.7794797,1509028155.826057,2
query,1509028155.8260674,1509028155.9377933,1261
query,1509028155.9377983,1509028156.0174873,275
query,1509028156.017491,1509028156.9375415,9591
query,1509028156.9375458,1509028157.4419358,2929
query,1509028157.4419396,1509028157.5573766,427
query,1509028157.557381,1509028157.634686,1413
query,1509028157.63469,1509028157.9545288,1901
query,1509028157.9545329,1509028158.0385158,863
query,1509028158.0385199,1509028158.2221377,4
query,1509028158.2221422,1509028158.58354,1960
query,1509028158.5835438,1509028158.8741055,2806
query,1509028158.8741095,1509028159.6097112,10763
query,1509028159.6097152,1509028159.8383622,1957
query,1509028159.838366,1509028160.0605087,2439
query,1509028160.0605512,1509028161.063983,9367
query,1509028161.0767465,1509028161.30373,2155
query,1509028161.3037357,1509028161.3889024,415
query,1509028161.3889067,1509028161.4670792,573
query,1509028161.467083,1509028161.807943,5618
query,1509028161.8079474,1509028162.1996186,4090
query,1509028162.1996224,1509028162.4731746,3831
query,1509028162.4731789,1509028163.0751195,9339
query,1509028163.0751233,1509028163.144237,2
query,1509028163.1442413,1509028163.641258,6161
query,1509028163.641262,1509028163.7026494,186
query,1509028163.7026532,1509028163.9426858,3011
query,1509028163.9426904,1509028164.0203433,1405
query,1509028164.020347,1509028164.3794336,2179
query,1509028164.379438,1509028164.498806,650
query,1509028164.498811,1509028164.8288507,4907
query,1509028164.828855,1509028164.8737814,3
query,1509028164.8737855,1509028164.985628,621
query,1509028164.9856322,1509028165.0994067,1496
query,1509028165.099411,1509028165.6074157,6620
query,1509028165.6074567,1509028165.716617,287
query,1509028165.7294445,1509028166.1557348,8819
query,1509028166.1557395,1509028166.4022734,2146
query,1509028166.4022775,1509028166.9076893,4078
query,1509028166.9076936,1509028167.501056,7171
query,1509028167.5010612,1509028167.797978,2969
query,1509028167.7979841,1509028167.9553614,1673
query,1509028167.9553657,1509028168.3736134,5962
query,1509028168.373618,1509028168.5272703,859
query,1509028168.5272748,1509028169.0337281,4779
query,1509028169.033733,1509028169.075713,5
query,1509028169.0757174,1509028169.4461515,5571
query,1509028169.446156,1509028169.5539973,1294
query,1509028169.5540018,1509028169.6717772,570
query,1509028169.6717818,1509028170.1460135,7944
query,1509028170.1460183,1509028170.9236877,8241
query,1509028170.9236922,1509028171.6736047,7801
query,1509028171.673609,1509028172.0208886,3602
query,1509028172.0208929,1509028172.0987108,748
query,1509028172.098715,1509028172.1866293,41
query,1509028172.1866777,1509028172.8757155,5291
query,1509028172.891227,1509028172.944766,2
query,1509028172.9447708,1509028173.3339667,8809
query,1509028173.3339717,1509028173.6841993,4865
query,1509028173.6842031,1509028173.8871286,2052
query,1509028173.8871324,1509028174.369353,5829
query,1509028174.369357,1509028174.8237648,5663
query,1509028174.8237689,1509028174.9401696,1268
query,1509028174.9401731,1509028174.986215,0
query,1509028174.986219,1509028175.215317,1789
query,1509028175.215321,1509028175.6985219,5685
query,1509028175.698526,1509028176.0022328,3677
query,1509028176.0022373,1509028176.1542456,1634
query,1509028176.1542494,1509028176.2046916,0
query,1509028176.204695,1509028176.5125349,2403
query,1509028176.5125399,1509028176.7947326,3229
query,1509028176.7947373,1509028177.1552076,5311
query,1509028177.1552122,1509028177.3081014,1646
query,1509028177.3081057,1509028177.4404662,445
query,1509028177.4404702,1509028177.8179781,4115
query,1509028177.8180213,1509028178.397231,4899
query,1509028178.4125812,1509028179.188687,5608
query,1509028179.188692,1509028179.5295136,7413
query,1509028179.5295184,1509028179.6688168,1353
query,1509028179.668823,1509028179.7224689,1
query,1509028179.7224731,1509028179.9239774,2802
query,1509028179.9239817,1509028180.0072408,2
query,1509028180.0072455,1509028180.1317446,1736
query,1509028180.1317492,1509028180.2292652,1296
query,1509028180.2292702,1509028180.3308852,305
query,1509028180.3308897,1509028180.7483323,4506
query,1509028180.7483363,1509028180.9992,3153
query,1509028180.9992046,1509028181.2305818,5201
query,1509028181.2305858,1509028181.4274414,877
query,1509028181.4274454,1509028181.55649,359
query,1509028181.5564942,1509028181.6612113,1653
query,1509028181.6612155,1509028181.985787,5066
query,1509028181.9857914,1509028182.066042,596
query,1509028182.0660462,1509028182.1707952,27
query,1509028182.170799,1509028182.2995408,609
query,1509028182.2995815,1509028182.83497,4423
query,1509028182.8506403,1509028182.9682407,2
query,1509028182.968246,1509028183.2614949,1975
query,1509028183.261499,1509028184.0055208,4993
query,1509028184.005526,1509028184.3114667,3857
query,1509028184.311471,1509028184.5475097,1830
query,1509028184.5475135,1509028184.660952,1883
query,1509028184.6609564,1509028184.7954745,321
query,1509028184.7954783,1509028184.8920763,622
query,1509028184.8920803,1509028184.989308,269
query,1509028184.9893122,1509028185.5656703,5673
query,1509028185.5656753,1509028185.9782863,5202
query,1509028185.978293,1509028186.0551076,242
query,1509028186.0551116,1509028186.3745062,2366
query,1509028186.3745108,1509028186.7992566,5767
query,1509028186.7992604,1509028187.0174842,439
query,1509028187.017489,1509028187.0856125,0
query,1509028187.0856166,1509028187.1899264,179
query,1509028187.1899302,1509028187.514952,5784
query,1509028187.514956,1509028187.9219053,4095
query,1509028187.9219487,1509028188.6788619,7155
query,1509028188.6908152,1509028189.0844676,3283
query,1509028189.084472,1509028189.2447364,412
query,1509028189.2447407,1509028189.8635898,9400
query,1509028189.863594,1509028190.1031911,2547
query,1509028190.1031954,1509028190.4071245,3646
query,1509028190.4071293,1509028191.202394,14128
query,1509028191.2023988,1509028191.5856056,4804
query,1509028191.5856097,1509028191.6582043,1
query,1509028191.6582086,1509028191.8084464,192
query,1509028191.8084512,1509028191.969431,275
query,1509028191.9694352,1509028192.3900418,7976
query,1509028192.3900468,1509028192.5456505,487
query,1509028192.5456548,1509028192.9629643,4733
query,1509028192.9629688,1509028193.2157679,2377
query,1509028193.215772,1509028193.5160925,3535
query,1509028193.516097,1509028193.5874681,1054
query,1509028193.5874722,1509028194.2934802,3449
query,1509028194.2934842,1509028194.6690643,5271
query,1509028194.6690683,1509028194.8399043,58
query,1509028194.8399513,1509028195.8747575,4822
query,1509028195.8873408,1509028195.944362,900
query,1509028195.9443657,1509028196.4084284,3374
query,1509028196.4084322,1509028196.561689,1807
query,1509028196.561693,1509028196.6518745,8
query,1509028196.6518786,1509028196.714683,15
query,1509028196.7146878,1509028196.9986477,3568
query,1509028196.9986522,1509028197.07474,777
query,1509028197.0747445,1509028197.168415,125
query,1509028197.168419,1509028197.2021835,0
query,1509028197.2021875,1509028197.4493728,3680
query,1509028197.449377,1509028197.693307,6291
query,1509028197.6933115,1509028198.9393718,9797
query,1509028198.9393766,1509028199.029876,3
query,1509028199.029881,1509028199.5780354,3689
query,1509028199.57804,1509028199.7367465,3380
query,1509028199.7367506,1509028199.8662696,1389
query,1509028199.866274,1509028200.1489422,3316
query,1509028200.1489468,1509028200.508884,3197
query,1509028200.5088887,1509028200.903248,3592
query,1509028200.9032998,1509028201.5140016,5734
query,1509028201.5261383,1509028201.7494912,2937
query,1509028201.7494962,1509028202.4859817,8005
query,1509028202.4859867,1509028202.6055307,417
query,1509028202.6055353,1509028203.0427022,4891
query,1509028203.0427072,1509028203.710071,6661
query,1509028203.7100768,1509028203.843605,1414
query,1509028203.8436096,1509028203.8905437,0
query,1509028203.8905475,1509028204.0725057,57
query,1509028204.0725095,1509028204.3556855,3970
query,1509028204.3556898,1509028205.091284,5863
query,1509028205.0912879,1509028205.42727,4083
query,1509028205.4272745,1509028205.7795627,3590
query,1509028205.7795672,1509028206.1003265,3545
query,1509028206.1003313,1509028206.785436,9469
query,1509028206.7854404,1509028206.9683175,8002
query,1509028206.9683218,1509028207.8295414,7398
query,1509028207.8295457,1509028208.0956929,4501
query,1509028208.095697,1509028208.5460503,4880
query,1509028208.5460546,1509028209.0709245,6380
query,1509028209.0709686,1509028209.2043536,1357
query,1509028209.2164874,1509028209.3016214,1115
query,1509028209.3016255,1509028209.375689,78
query,1509028209.3756928,1509028209.4710758,204
query,1509028209.4710793,1509028209.8419883,5385
query,1509028209.8419929,1509028209.9928381,2392
query,1509028209.9928422,1509028211.387056,11540
query,1509028211.387061,1509028211.6373005,5465
query,1509028211.6373045,1509028211.8762245,3577
query,1509028211.8762283,1509028212.1527767,4918
query,1509028212.152781,1509028212.2638888,1281
query,1509028212.2638931,1509028212.5366106,3062
query,1509028212.5366147,1509028212.7350144,1862
query,1509028212.7350187,1509028213.0323749,3804
query,1509028213.0323792,1509028213.185739,1725
query,1509028213.185743,1509028214.027199,7352
query,1509028214.027203,1509028214.7130306,4973
query,1509028214.7130353,1509028215.1670942,3271
query,1509028215.1670985,1509028215.6430967,4953
query,1509028215.6431005,1509028215.7504258,182
query,1509028215.7504816,1509028216.2455175,5023
query,1509028216.2576547,1509028216.6541998,9404
query,1509028216.6542044,1509028216.761443,1650
query,1509028216.7614472,1509028217.0557053,3309
query,1509028217.0557091,1509028217.8163512,9374
query,1509028217.8163557,1509028218.6163223,9117
query,1509028218.6163266,1509028218.6984596,510
query,1509028218.698464,1509028218.7600873,182
query,1509028218.7600913,1509028218.8028867,2
query,1509028218.802891,1509028219.6383615,11811
query,1509028219.6383657,1509028219.6606207,0
query,1509028219.6606247,1509028220.10742,9176
query,1509028220.1074243,1509028220.1664934,893
query,1509028220.1664975,1509028220.4111536,4700
query,1509028220.4111578,1509028220.8170912,3499
query,1509028220.8170958,1509028220.9300508,486
query,1509028220.9300551,1509028221.3078766,3654
query,1509028221.3078814,1509028221.4018002,1281
query,1509028221.4018042,1509028221.5177593,1052
query,1509028221.5177631,1509028221.6920831,3660
query,1509028221.692131,1509028221.9775596,3549
query,1509028221.9905183,1509028222.0546021,1675
query,1509028222.0546064,1509028222.08015,0
query,1509028222.080154,1509028222.1527584,83
query,1509028222.1527627,1509028222.521518,3430
query,1509028222.5215223,1509028222.8685005,4674
query,1509028222.8685043,1509028222.9255252,5
query,1509028222.925529,1509028223.0656054,33
query,1509028223.0656097,1509028223.1306112,2
query,1509028223.1306152,1509028224.011592,4812
query,1509028224.011596,1509028224.235593,3236
query,1509028224.2355976,1509028224.727253,5809
query,1509028224.7272573,1509028224.8533926,1062
query,1509028224.8533971,1509028224.9041636,0
query,1509028224.9041677,1509028225.2230768,3588
query,1509028225.223081,1509028225.4885132,3041
query,1509028225.4885175,1509028226.2269764,8090
query,1509028226.2269807,1509028226.7368393,4767
query,1509028226.7368443,1509028227.199328,5873
query,1509028227.1993322,1509028227.292537,338
query,1509028227.2925808,1509028227.3803518,251
query,1509028227.3925998,1509028227.542755,54
query,1509028227.5427587,1509028228.2995076,9527
query,1509028228.299512,1509028229.0155122,10381
query,1509028229.0155163,1509028229.0820584,911
query,1509028229.0820622,1509028229.4258838,3664
query,1509028229.4258878,1509028230.331241,9410
query,1509028230.3312447,1509028230.542927,3795
query,1509028230.542931,1509028230.9569366,5638
query,1509028230.9569407,1509028231.547986,4805
query,1509028231.5479906,1509028231.6221948,1
query,1509028231.6221988,1509028231.8887525,2497
query,1509028231.8887565,1509028232.1715991,3797
query,1509028232.171603,1509028232.7404375,8692
query,1509028232.7404423,1509028232.9553764,2314
query,1509028232.9553816,1509028233.0740576,870
query,1509028233.0740626,1509028233.7701316,8041
query,1509028233.7701364,1509028233.858706,1183
query,1509028233.8587105,1509028234.2777205,5374
query,1509028234.277725,1509028234.4007518,353
query,1509028234.4008267,1509028234.8145342,3695
query,1509028234.8265738,1509028235.0240304,2190
query,1509028235.024035,1509028235.1305132,290
query,1509028235.1305172,1509028235.164956,0
query,1509028235.16496,1509028235.44346,3374
query,1509028235.4434643,1509028235.810728,3712
query,1509028235.8107324,1509028236.0230699,228
query,1509028236.0230737,1509028236.0666819,2
query,1509028236.0666857,1509028236.5515387,4785
query,1509028236.5515425,1509028236.727077,1475
query,1509028236.7270818,1509028237.2669902,4070
query,1509028237.2669945,1509028237.5657756,3492
query,1509028237.5657802,1509028237.6481867,1180
query,1509028237.648191,1509028237.7314634,115
query,1509028237.7314677,1509028238.115338,3609
query,1509028238.1153424,1509028238.583415,4778
query,1509028238.583419,1509028238.893636,5575
query,1509028238.8936403,1509028238.9404356,3
query,1509028238.94044,1509028239.1009662,887
query,1509028239.1009703,1509028239.1817582,72
query,1509028239.181803,1509028239.2437243,0
query,1509028239.245226,1509028239.7937799,7418
query,1509028239.7937844,1509028239.906655,22
query,1509028239.9066591,1509028241.139793,10948
query,1509028241.1397982,1509028241.2289321,23
query,1509028241.2289362,1509028241.3310845,1223
query,1509028241.3310885,1509028241.6307268,2920
query,1509028241.6307313,1509028241.8241453,1164
query,1509028241.8241498,1509028242.1013958,3154
query,1509028242.1014009,1509028242.5728602,9191
query,1509028242.5728645,1509028243.5267396,9128
query,1509028243.5267437,1509028244.1009407,6666
query,1509028244.100944,1509028245.0009315,9306
query,1509028245.0009363,1509028245.1072388,51
query,1509028245.1072428,1509028245.163639,0
query,1509028245.1636438,1509028245.7381399,10171
query,1509028245.7381437,1509028246.0224333,5359
query,1509028246.0224376,1509028246.1370962,959
query,1509028246.1371,1509028246.6207297,4266
query,1509028246.6207337,1509028246.9624503,2685
query,1509028246.9624903,1509028247.8602414,6735
query,1509028247.8729575,1509028248.2769797,5246
query,1509028248.2769842,1509028248.3373756,1
query,1509028248.337381,1509028248.503759,129
query,1509028248.5037637,1509028248.9433959,8600
query,1509028248.9434001,1509028248.975499,0
query,1509028248.9755032,1509028249.0047562,0
query,1509028249.0047605,1509028249.131083,3945
query,1509028249.1310873,1509028249.1705756,2
query,1509028249.1706114,1509028249.2517092,269
query,1509028249.2517133,1509028249.3069947,5
query,1509028249.3069997,1509028249.534799,1925
query,1509028249.5348039,1509028250.0004075,3751
query,1509028250.000412,1509028250.0954323,1391
query,1509028250.095456,1509028250.4754317,3630
query,1509028250.4754376,1509028250.9096847,4706
query,1509028250.9096892,1509028251.0352144,39
query,1509028251.0352204,1509028251.1157372,1629
query,1509028251.1157415,1509028251.15597,0
query,1509028251.1559756,1509028251.1972284,0
query,1509028251.1972961,1509028251.8590543,6624
query,1509028251.871292,1509028252.2830527,7227
query,1509028252.2830572,1509028252.4061148,1539
query,1509028252.4061196,1509028252.7953835,2169
query,1509028252.7953875,1509028253.4345956,5485
query,1509028253.4345994,1509028253.8159041,4692
query,1509028253.815908,1509028254.513939,4813
query,1509028254.5139432,1509028254.585093,1434
query,1509028254.585097,1509028254.9273531,5665
query,1509028254.9273572,1509028255.1677043,5611
query,1509028255.1677084,1509028255.8635812,9945
query,1509028255.863586,1509028256.248592,5277
query,1509028256.248596,1509028256.8151896,4448
query,1509028256.815199,1509028256.8589783,1
query,1509028256.8589823,1509028257.0259745,328
query,1509028257.0259786,1509028257.3833907,3391
query,1509028257.3833947,1509028257.6996324,4108
query,1509028257.6996362,1509028257.8189392,921
query,1509028257.818944,1509028258.3426557,6163
query,1509028258.3426602,1509028258.6396942,2549
query,1509028258.639792,1509028259.0234838,5649
query,1509028259.035554,1509028259.214421,2252
query,1509028259.2144253,1509028259.2885635,143
query,1509028259.2885675,1509028259.3670635,887
query,1509028259.3670676,1509028259.436606,385
query,1509028259.4366105,1509028260.0707107,9830
query,1509028260.0707147,1509028261.2174404,10579
query,1509028261.2174456,1509028261.3193693,5
query,1509028261.3193738,1509028261.6305916,3011
query,1509028261.630596,1509028261.7277057,754
query,1509028261.72771,1509028261.9300191,2787
query,1509028261.9300232,1509028262.3908734,5620
query,1509028262.3908782,1509028262.6803248,4877
query,1509028262.6803296,1509028262.7900147,56
query,1509028262.790019,1509028263.6425822,10068
query,1509028263.6425862,1509028263.7302258,5
query,1509028263.7302296,1509028263.789585,182
query,1509028263.7895885,1509028264.3428855,9109
query,1509028264.3428903,1509028264.7830944,5687
query,1509028264.7830987,1509028264.821692,2
query,1509028264.8217585,1509028265.3324964,6232
query,1509028265.3447344,1509028265.4472444,1105
query,1509028265.4472492,1509028265.9090889,9483
query,1509028265.9090934,1509028266.264716,3784
query,1509028266.26472,1509028266.5853412,2051
query,1509028266.585346,1509028267.0358632,5989
query,1509028267.0358672,1509028267.599723,4902
query,1509028267.5997276,1509028268.445981,9499
query,1509028268.4459848,1509028268.529888,2
query,1509028268.529892,1509028269.031185,4855
query,1509028269.031189,1509028269.1072078,1912
query,1509028269.107212,1509028269.822422,4919
query,1509028269.82243,1509028269.9911954,44
query,1509028269.9911997,1509028270.253645,5166
query,1509028270.253649,1509028270.3195133,0
query,1509028270.3195179,1509028270.4507053,50
query,1509028270.450709,1509028270.5232577,3
query,1509028270.523262,1509028270.6437478,756
query,1509028270.6437516,1509028271.0820508,5030
query,1509028271.0820544,1509028272.2109485,9324
query,1509028272.211002,1509028272.3486753,8
query,1509028272.361955,1509028272.7586265,4793
query,1509028272.7586305,1509028273.2869601,5504
query,1509028273.286965,1509028273.417026,905
query,1509028273.41703,1509028273.4768496,1
query,1509028273.4768531,1509028273.5696385,34
query,1509028273.5696428,1509028273.9336543,3814
query,1509028273.9336584,1509028274.0192478,6
query,1509028274.0192516,1509028274.1443758,1247
query,1509028274.14438,1509028274.6702824,6588
query,1509028274.6702862,1509028274.7797678,179
query,1509028274.779772,1509028275.42308,5234
query,1509028275.4230845,1509028276.148265,9336
query,1509028276.1482694,1509028276.241339,1054
query,1509028276.241344,1509028276.3432188,8
query,1509028276.3432233,1509028277.0494459,6995
query,1509028277.0494502,1509028277.6987495,5768
query,1509028277.6987534,1509028277.9010148,2002
query,1509028277.9010193,1509028278.2728956,2289
query,1509028278.2728999,1509028278.4594586,1714
query,1509028278.459516,1509028278.7772825,3606
query,1509028278.7904794,1509028278.8943737,487
query,1509028278.894378,1509028279.116024,3926
query,1509028279.116028,1509028279.4466016,2357
query,1509028279.4466062,1509028279.5599976,20
query,1509028279.5600014,1509028280.1064253,6093
query,1509028280.1064296,1509028280.458355,5666
query,1509028280.4583595,1509028280.9636443,9306
query,1509028280.9636493,1509028281.693852,10064
query,1509028281.6938562,1509028282.1853907,5809
query,1509028282.1853945,1509028282.2698338,10
query,1509028282.2698376,1509028282.3137767,0
query,1509028282.3137808,1509028282.598363,3533
query,1509028282.5983672,1509028283.4632583,10287
query,1509028283.4632626,1509028283.6195579,1960
query,1509028283.6195624,1509028283.6923833,96
query,1509028283.692388,1509028284.5037515,8051
query,1509028284.5037558,1509028285.0470593,6012
query,1509028285.0470636,1509028285.4991212,7468
query,1509028285.4991252,1509028285.608996,1049
query,1509028285.6090467,1509028286.0280025,5703
query,1509028286.040327,1509028286.323802,5575
query,1509028286.3238065,1509028286.3900578,595
query,1509028286.390062,1509028286.4378505,36
query,1509028286.437855,1509028286.571192,2127
query,1509028286.5711966,1509028287.937285,11128
query,1509028287.93729,1509028288.4923837,6131
query,1509028288.492388,1509028288.7653625,3087
query,1509028288.7653666,1509028289.320341,7642
query,1509028289.3203456,1509028290.1975603,7983
query,1509028290.197565,1509028290.2761385,565
query,1509028290.2761433,1509028290.64014,5000
query,1509028290.6401446,1509028291.1468437,4447
query,1509028291.1468477,1509028292.559512,10948
query,1509028292.5595157,1509028293.8475394,11161
query,1509028293.8475435,1509028294.585631,6957
query,1509028294.5856352,1509028294.7291267,1229
query,1509028294.7291307,1509028295.1389563,1844
query,1509028295.1389604,1509028295.454174,4140
query,1509028295.4541779,1509028295.543497,617
query,1509028295.543544,1509028296.3146594,7979
query,1509028296.3275733,1509028296.480627,616
query,1509028296.480633,1509028296.5159526,1
query,1509028296.5159566,1509028297.464025,11952
query,1509028297.464029,1509028297.53155,149
query,1509028297.531554,1509028297.6001565,756
query,1509028297.6001608,1509028298.2686777,8058
query,1509028298.2686827,1509028298.6705277,5579
query,1509028298.6705322,1509028298.757392,20
query,1509028298.7573962,1509028299.284212,9565
query,1509028299.2842166,1509028299.3724022,1096
query,1509028299.3724065,1509028299.6339314,3901
query,1509028299.633937,1509028300.2875352,6314
query,1509028300.2875397,1509028300.6948302,3302
query,1509028300.694835,1509028301.0809646,5838
query,1509028301.0809693,1509028301.5382292,5769
query,1509028301.538234,1509028302.1599631,5638
query,1509028302.159968,1509028302.2883723,159
query,1509028302.288377,1509028302.4300926,376
query,1509028302.4300976,1509028302.9748204,6215
query,1509028302.9748678,1509028303.4738445,4179
query,1509028303.4891946,1509028303.8162305,2255
query,1509028303.8162355,1509028303.9597702,330
query,1509028303.9597757,1509028304.0720966,861
query,1509028304.0721014,1509028304.1916997,104
query,1509028304.191704,1509028304.7821314,6878
query,1509028304.782136,1509028304.864603,477
query,1509028304.8646078,1509028305.3408177,4777
query,1509028305.3408232,1509028305.702386,2919
query,1509028305.7023916,1509028306.105359,3745
query,1509028306.1053631,1509028306.7095726,6247
query,1509028306.7095764,1509028307.3072076,5366
query,1509028307.3072116,1509028307.3855665,0
query,1509028307.385571,1509028308.1799436,9507
query,1509028308.1799476,1509028308.291374,156
query,1509028308.291378,1509028308.3931615,637
query,1509028308.3931653,1509028308.786787,3443
query,1509028308.7867913,1509028309.500222,9912
query,1509028309.5002267,1509028309.5997734,14
query,1509028309.5997784,1509028309.7399135,1665
query,1509028309.7399547,1509028310.3716364,5735
query,1509028310.3841271,1509028310.4736307,13
query,1509028310.4736352,1509028310.5499153,1371
query,1509028310.54992,1509028310.9670308,6527
query,1509028310.9670353,1509028311.0433547,549
query,1509028311.0433593,1509028311.2295804,3670
query,1509028311.2295847,1509028311.3059652,0
query,1509028311.3059695,1509028311.7469783,8863
query,1509028311.7469823,1509028312.0104637,2412
query,1509028312.0104675,1509028312.6006625,7226
query,1509028312.6006665,1509028313.104966,5856
query,1509028313.1049707,1509028313.1461883,0
query,1509028313.146192,1509028313.31107,1325
query,1509028313.3110745,1509028313.466213,1398
query,1509028313.4662168,1509028313.8287435,4715
query,1509028313.8287475,1509028314.1401956,3117
query,1509028314.1402,1509028314.3822815,2885
query,1509028314.3822856,1509028314.4846232,314
query,1509028314.4846275,1509028314.5903044,669
query,1509028314.590309,1509028314.6856542,873
query,1509028314.6856978,1509028315.1591258,5758
query,1509028315.1716325,1509028315.4741194,7588
query,1509028315.4741237,1509028315.5969417,786
query,1509028315.5969512,1509028316.5981228,9316
query,1509028316.5981271,1509028317.2382512,9373
query,1509028317.2382555,1509028317.3363085,300
query,1509028317.3363125,1509028317.6539574,2810
query,1509028317.6539621,1509028318.0280707,7384
query,1509028318.0280752,1509028318.3039865,3796
query,1509028318.3039913,1509028318.4007668,149
query,1509028318.4007711,1509028318.719659,3470
query,1509028318.719664,1509028319.0614605,4255
query,1509028319.061465,1509028319.3163722,3578
query,1509028319.3163764,1509028319.4889383,2782
query,1509028319.488943,1509028319.7213333,3807
query,1509028319.721338,1509028319.7971883,50
query,1509028319.7971923,1509028319.8613853,6
query,1509028319.8613899,1509028320.9640043,11131
query,1509028320.9640129,1509028321.631737,5649
query,1509028321.6317418,1509028321.8196137,1906
query,1509028321.8196862,1509028322.3799114,6093
query,1509028322.3925977,1509028322.4885302,361
query,1509028322.488535,1509028323.1653495,6995
query,1509028323.1653535,1509028323.61814,4361
query,1509028323.618145,1509028323.8201125,3287
query,1509028323.820117,1509028323.9653063,2340
query,1509028323.9653103,1509028324.7175848,11812
query,1509028324.717589,1509028324.814064,1395
query,1509028324.8140688,1509028324.9076207,865
query,1509028324.9076247,1509028325.3481848,9772
query,1509028325.3481889,1509028325.5064538,88
query,1509028325.506458,1509028326.0467978,6160
query,1509028326.0468018,1509028326.1239083,11
query,1509028326.1239128,1509028326.4818172,3151
query,1509028326.4818218,1509028326.8133585,2568
query,1509028326.8133628,1509028327.1875408,7698
query,1509028327.1875448,1509028327.599154,4192
query,1509028327.599158,1509028328.2535837,9443
query,1509028328.2535877,1509028328.3194888,255
query,1509028328.3194926,1509028328.4020445,629
query,1509028328.4020832,1509028328.507715,2044
query,1509028328.5214274,1509028328.808751,7344
query,1509028328.8087552,1509028329.0355284,3238
query,1509028329.0355325,1509028330.0886307,4823
query,1509028330.0886347,1509028330.1927123,592
query,1509028330.1927161,1509028330.9053714,9419
query,1509028330.9053755,1509028331.0396338,241
query,1509028331.0396383,1509028331.3626678,6088
query,1509028331.3626726,1509028331.4478397,1
query,1509028331.447844,1509028331.5898776,5
query,1509028331.5898824,1509028331.956597,2126
query,1509028331.9566014,1509028332.679929,7327
query,1509028332.6799333,1509028332.8658524,3268
query,1509028332.8658566,1509028332.9042583,1
query,1509028332.9042628,1509028332.9740188,491
query,1509028332.9740229,1509028333.061357,358
query,1509028333.061361,1509028333.9277809,10948
query,1509028333.927785,1509028334.035283,41
query,1509028334.0352871,1509028334.0700476,0
query,1509028334.070052,1509028334.1423137,233
query,1509028334.1423583,1509028334.5924907,6047
query,1509028334.6051497,1509028334.9378583,3292
query,1509028334.937863,1509028335.0073528,0
query,1509028335.0073571,1509028335.4166965,8325
query,1509028335.4167008,1509028335.6380084,2472
query,1509028335.638013,1509028335.8814476,4759
query,1509028335.8814516,1509028336.0428426,1789
query,1509028336.0428464,1509028336.098885,219
query,1509028336.0988889,1509028336.1548986,298
query,1509028336.154903,1509028336.2482455,17
query,1509028336.2482493,1509028336.6306872,4400
query,1509028336.6306915,1509028336.7091901,716
query,1509028336.709194,1509028336.762077,1
query,1509028336.762081,1509028337.7666624,9798
query,1509028337.766667,1509028338.2248297,5197
query,1509028338.2248347,1509028338.4397604,2784
query,1509028338.4397655,1509028338.5295713,159
query,1509028338.5295753,1509028338.598058,508
query,1509028338.5980623,1509028339.4245875,7339
query,1509028339.4245918,1509028339.4747055,4
query,1509028339.4747467,1509028339.5528944,625
query,1509028339.5651402,1509028339.7781634,1916
query,1509028339.7781677,1509028340.6770043,14556
query,1509028340.6770082,1509028340.8924909,3760
query,1509028340.8924952,1509028341.4607685,6341
query,1509028341.4607723,1509028341.54439,1253
query,1509028341.544394,1509028341.793404,3046
query,1509028341.7934082,1509028342.1521525,3022
query,1509028342.1521566,1509028342.646022,7458
query,1509028342.646026,1509028343.1487646,9303
query,1509028343.1487687,1509028343.2268467,599
query,1509028343.2268515,1509028343.8069274,5964
query,1509028343.8069317,1509028344.3095374,4704
query,1509028344.3095412,1509028344.6359031,5086
query,1509028344.6359072,1509028344.7481177,1079
query,1509028344.7481222,1509028344.789866,0
query,1509028344.78987,1509028344.865853,1056
query,1509028344.8658571,1509028344.9565575,153
query,1509028344.9565616,1509028345.0173063,457
query,1509028345.017311,1509028346.1277916,10121
query,1509028346.1278288,1509028346.4599805,4894
query,1509028346.4721055,1509028346.6166573,1656
query,1509028346.616661,1509028347.3857787,8837
query,1509028347.3857832,1509028347.5049257,643
query,1509028347.5049298,1509028348.292342,7801
query,1509028348.2923465,1509028348.7670758,7562
query,1509028348.7670798,1509028348.9110823,7
query,1509028348.9110866,1509028349.059447,499
query,1509028349.0594509,1509028349.1593268,10
query,1509028349.1593304,1509028349.4743235,3014
query,1509028349.4743278,1509028349.7316935,2313
query,1509028349.7316978,1509028350.0573463,2745
query,1509028350.0573506,1509028350.3910236,5013
query,1509028350.3910277,1509028350.46848,1172
query,1509028350.4684834,1509028350.5876646,13
query,1509028350.5876682,1509028351.070462,3949
query,1509028351.0704665,1509028351.4039752,3570
query,1509028351.4039793,1509028351.4475856,0
query,1509028351.4475896,1509028351.5509791,914
query,1509028351.5509834,1509028351.6133795,842
query,1509028351.613419,1509028352.0622458,3277
query,1509028352.0745027,1509028352.227832,1388
query,1509028352.227836,1509028352.5882502,1937
query,1509028352.5882542,1509028352.7796915,254
query,1509028352.7796957,1509028352.8142443,0
query,1509028352.8142483,1509028353.2724962,3870
query,1509028353.2725003,1509028353.3578868,26
query,1509028353.3578908,1509028353.7451782,5519
query,1509028353.745183,1509028354.0433848,2904
query,1509028354.0433886,1509028354.1065867,503
query,1509028354.1065905,1509028354.6942236,7353
query,1509028354.6942291,1509028354.7356973,0
query,1509028354.7357016,1509028354.7678597,0
query,1509028354.7678638,1509028355.2117844,4797
query,1509028355.211789,1509028355.2866921,3
query,1509028355.286697,1509028355.5859435,5616
query,1509028355.5859475,1509028355.7432482,14
query,1509028355.7432528,1509028356.038848,2271
query,1509028356.0388517,1509028357.1645746,4824
query,1509028357.1645784,1509028357.2209141,10
query,1509028357.2209532,1509028357.5843058,5365
query,1509028357.591821,1509028357.8794,2157
query,1509028357.879404,1509028357.9580238,0
query,1509028357.958028,1509028358.0038493,0
query,1509028358.003854,1509028358.3891351,4734
query,1509028358.3891394,1509028358.8564746,2833
query,1509028358.8564792,1509028359.3993034,6982
query,1509028359.3993075,1509028359.6588159,3849
query,1509028359.65882,1509028360.2723875,5820
query,1509028360.2723913,1509028360.3262851,1
query,1509028360.326289,1509028360.374722,5
query,1509028360.3747256,1509028361.0106056,9335
query,1509028361.01061,1509028361.0776763,120
query,1509028361.0776808,1509028361.3240867,3737
query,1509028361.3240912,1509028361.4525068,104
query,1509028361.4525113,1509028361.572179,1704
query,1509028361.5721836,1509028361.6542745,243
query,1509028361.6542785,1509028361.7108853,580
query,1509028361.7108896,1509028362.2216341,4519
query,1509028362.2216387,1509028362.5101628,5128
query,1509028362.5102065,1509028363.1868036,7955
query,1509028363.1988957,1509028363.2995288,460
query,1509028363.2995336,1509028363.5112584,5683
query,1509028363.5112636,1509028363.6816378,2272
query,1509028363.6816423,1509028364.4797869,9920
query,1509028364.4797912,1509028364.5495138,1389
query,1509028364.549518,1509028364.8734057,2372
query,1509028364.87341,1509028364.9417236,640
query,1509028364.941728,1509028365.5240388,5437
query,1509028365.5240428,1509028365.6181645,8
query,1509028365.6181686,1509028365.9735506,3636
query,1509028365.9735548,1509028366.6056876,5391
query,1509028366.605693,1509028366.9233968,4710
query,1509028366.9234016,1509028367.2791247,7397
query,1509028367.2791293,1509028367.7236137,4936
query,1509028367.7236183,1509028368.3802798,6317
query,1509028368.3802848,1509028369.0991888,9381
query,1509028369.0991926,1509028369.4554796,5898
query,1509028369.4554842,1509028369.7453666,4577
query,1509028369.7453709,1509028370.0320487,5064
query,1509028370.0320914,1509028370.0760193,1
query,1509028370.079824,1509028370.9757185,7146
query,1509028370.9757226,1509028371.2837934,1788
query,1509028371.2837975,1509028371.8580549,6017
query,1509028371.8580587,1509028372.134157,2943
query,1509028372.134161,1509028373.4292245,10412
query,1509028373.4292288,1509028373.4675262,0
query,1509028373.46753,1509028373.5034313,0
query,1509028373.5034356,1509028373.593916,439
query,1509028373.5939198,1509028373.6246834,0
query,1509028373.6246872,1509028373.7538636,1102
query,1509028373.7538679,1509028374.6533396,10948
query,1509028374.6533437,1509028374.7333384,673
query,1509028374.733343,1509028375.0726469,9893
query,1509028375.0726514,1509028375.8139474,9387
query,1509028375.8139515,1509028376.5158222,9311
query,1509028376.515827,1509028376.9174569,3744
query,1509028376.9174614,1509028377.811843,7188
query,1509028377.8118477,1509028378.1463177,3100
query,1509028378.146322,1509028378.229779,52
query,1509028378.2298288,1509028378.3386688,254
query,1509028378.351102,1509028378.6023378,824
query,1509028378.6023424,1509028378.801581,3454
query,1509028378.8015857,1509028379.2428966,5291
query,1509028379.242901,1509028380.155065,9797
query,1509028380.1550696,1509028380.3177505,2369
query,1509028380.3177552,1509028380.8599117,5859
query,1509028380.8599164,1509028381.6923335,7984
query,1509028381.6923382,1509028381.844327,150
query,1509028381.844332,1509028382.1362147,4676
query,1509028382.1362193,1509028382.4285088,4000
query,1509028382.4285142,1509028382.4690275,1
query,1509028382.4690318,1509028382.5316222,908
query,1509028382.5316284,1509028382.604969,1703
query,1509028382.6049733,1509028382.6981447,33
query,1509028382.698149,1509028383.2394028,4905
query,1509028383.239407,1509028383.365382,4
query,1509028383.3653867,1509028383.4117153,0
query,1509028383.4117196,1509028383.8914833,3503
query,1509028383.8914883,1509028383.9970944,30
query,1509028383.9971638,1509028384.2379856,7351
query,1509028384.250734,1509028384.5659473,4563
query,1509028384.565951,1509028384.712239,950
query,1509028384.7122433,1509028384.8320274,1965
query,1509028384.832032,1509028385.4059894,7159
query,1509028385.405994,1509028385.5194273,245
query,1509028385.5194316,1509028385.7614307,2556
query,1509028385.7614346,1509028385.8478494,1307
query,1509028385.8478532,1509028386.0642543,2230
query,1509028386.0642583,1509028386.5197425,5009
query,1509028386.5197463,1509028386.915761,3889
query,1509028386.915765,1509028387.8682697,6085
query,1509028387.8682737,1509028388.2480495,3884
query,1509028388.2480545,1509028388.9474347,6602
query,1509028388.9474387,1509028389.3788543,6678
query,1509028389.3788598,1509028390.0316148,7616
query,1509028390.0316226,1509028390.6010258,4473
query,1509028390.60103,1509028391.2752874,10753
query,1509028391.275292,1509028391.4357455,1323
query,1509028391.4357493,1509028391.5134647,594
query,1509028391.5135107,1509028392.0471478,7536
query,1509028392.0593796,1509028392.2052019,2860
query,1509028392.2052062,1509028392.7897568,9579
query,1509028392.789761,1509028393.1494238,2062
query,1509028393.1494286,1509028393.4784496,4086
query,1509028393.4784536,1509028393.6872327,2037
query,1509028393.6872368,1509028394.1375186,3570
query,1509028394.1375227,1509028394.2320406,2362
query,1509028394.232045,1509028394.2993038,52
query,1509028394.2993078,1509028394.6746633,1937
query,1509028394.6746671,1509028394.927665,4747
query,1509028394.927669,1509028395.0939534,2134
query,1509028395.0939572,1509028395.1598904,143
query,1509028395.1598947,1509028395.4432664,5065
query,1509028395.4432714,1509028396.294418,10933
query,1509028396.2944221,1509028396.7336712,3922
query,1509028396.733676,1509028397.2716904,9200
query,1509028397.2716954,1509028397.3465557,2
query,1509028397.3465602,1509028398.0197446,5964
query,1509028398.0197484,1509028398.2845533,1970
query,1509028398.2845933,1509028398.7173455,4146
query,1509028398.7293563,1509028399.1903038,6770
query,1509028399.1903079,1509028399.2882845,917
query,1509028399.2882888,1509028399.405572,862
query,1509028399.4055767,1509028399.5594563,385
query,1509028399.5594609,1509028399.6103234,1
query,1509028399.610328,1509028400.1331637,7657
query,1509028400.1331677,1509028400.168279,0
query,1509028400.1682827,1509028400.2188241,4
query,1509028400.2188277,1509028400.7913685,10053
query,1509028400.7913733,1509028401.0574908,3586
query,1509028401.0575006,1509028401.1390498,480
query,1509028401.1390536,1509028401.226689,469
query,1509028401.2266932,1509028401.493827,4827
query,1509028401.4938314,1509028401.5633738,463
query,1509028401.5633786,1509028402.091881,7556
query,1509028402.091885,1509028402.3848417,3689
query,1509028402.3848457,1509028402.4842553,72
query,1509028402.4842594,1509028402.7264533,878
query,1509028402.726457,1509028402.8140998,6
query,1509028402.814143,1509028403.2114189,3819
query,1509028403.2235808,1509028404.9817398,9798
query,1509028404.981745,1509028405.132561,4083
query,1509028405.132565,1509028405.2802773,2326
query,1509028405.280281,1509028405.3701775,177
query,1509028405.3701813,1509028405.4432623,1428
query,1509028405.4432664,1509028406.1870327,3832
query,1509028406.1870368,1509028406.5517652,3021
query,1509028406.5517695,1509028407.1952975,7412
query,1509028407.1953022,1509028407.7319596,7542
query,1509028407.7319639,1509028408.3284996,10044
query,1509028408.3285038,1509028408.401949,25
query,1509028408.401953,1509028408.9158618,6866
query,1509028408.9158657,1509028409.5424056,7952
query,1509028409.5424097,1509028409.8659186,2813
query,1509028409.8659232,1509028410.3059497,5388
query,1509028410.305954,1509028410.64277,3558
query,1509028410.6427813,1509028411.1880481,7398
query,1509028411.188052,1509028411.7592444,4918
query,1509028411.7592485,1509028412.050092,4772
query,1509028412.0501368,1509028412.8303602,7429
query,1509028412.84252,1509028412.9068158,79
query,1509028412.9068203,1509028413.408631,5591
query,1509028413.408636,1509028413.476852,70
query,1509028413.4768565,1509028414.2990873,6501
query,1509028414.2990928,1509028414.5710757,1369
query,1509028414.5710802,1509028414.788125,608
query,1509028414.7881298,1509028414.821937,0
query,1509028414.8219416,1509028415.3997312,5133
query,1509028415.3997355,1509028415.5251484,21
query,1509028415.5251524,1509028415.9265285,2703
query,1509028415.9265323,1509028416.0981553,836
query,1509028416.09816,1509028416.5838132,3679
query,1509028416.5838175,1509028417.3685598,9468
query,1509028417.368564,1509028417.8377583,3767
query,1509028417.8377626,1509028418.1833038,3804
query,1509028418.183308,1509028418.2479525,3
query,1509028418.247956,1509028418.3694987,15
query,1509028418.369503,1509028418.7833273,3145
query,1509028418.7833314,1509028419.423223,8261
query,1509028419.4232707,1509028419.5678258,1273
query,1509028419.5798428,1509028419.6902595,1243
query,1509028419.6902637,1509028420.3282313,9961
query,1509028420.3282354,1509028420.748123,8426
query,1509028420.748127,1509028420.8071594,660
query,1509028420.8071635,1509028420.9176092,16
query,1509028420.9176195,1509028421.3998744,4744
query,1509028421.3998802,1509028421.8581417,6129
query,1509028421.858146,1509028421.9001088,3
query,1509028421.9001124,1509028422.299214,5939
query,1509028422.2992182,1509028423.0433657,6680
query,1509028423.0433698,1509028423.1293762,343
query,1509028423.1293805,1509028423.6997662,5577
query,1509028423.6997702,1509028423.8171616,2633
query,1509028423.8171656,1509028424.3982012,6400
query,1509028424.3982055,1509028424.5393386,67
query,1509028424.5393426,1509028424.6321502,3
query,1509028424.6321542,1509028424.8992212,2894
query,1509028424.8992336,1509028425.5211601,9624
query,1509028425.5211647,1509028425.8100607,3361
query,1509028425.8101015,1509028426.1921453,3360
query,1509028426.2045503,1509028426.2937164,1
query,1509028426.2937212,1509028427.0071945,6455
query,1509028427.0071988,1509028427.0464418,0
query,1509028427.046446,1509028427.2851331,3581
query,1509028427.2851374,1509028427.3876116,138
query,1509028427.3876157,1509028427.501444,1160
query,1509028427.5014484,1509028427.957373,5686
query,1509028427.957378,1509028428.7749527,6738
query,1509028428.7749572,1509028429.4434588,9119
query,1509028429.4434633,1509028429.540255,199
query,1509028429.5402598,1509028429.991418,3641
query,1509028429.991422,1509028430.4300191,5143
query,1509028430.4300237,1509028430.5146604,14
query,1509028430.5146646,1509028430.9422693,5885
query,1509028430.9422739,1509028431.8273695,5666
query,1509028431.8273737,1509028432.5435967,6224
query,1509028432.543602,1509028432.715011,48
query,1509028432.7150152,1509028433.388782,8891
query,1509028433.3887863,1509028433.5298724,2352
query,1509028433.5299215,1509028434.0553198,4154
query,1509028434.0673366,1509028434.1712985,250
query,1509028434.1713033,1509028434.7984004,4541
query,1509028434.7984045,1509028435.9881055,10948
query,1509028435.9881098,1509028436.246915,1800
query,1509028436.2469196,1509028436.3338006,1771
query,1509028436.3338053,1509028436.4524517,187
query,1509028436.452456,1509028436.5023859,1
query,1509028436.50239,1509028436.5401232,0
query,1509028436.540127,1509028436.6454647,1404
query,1509028436.645469,1509028437.827896,4826
query,1509028437.8279002,1509028438.8119333,10474
query,1509028438.8119373,1509028439.0300508,2144
query,1509028439.0300553,1509028439.1000485,1631
query,1509028439.1000526,1509028439.2060416,1900
query,1509028439.2060456,1509028440.0897658,7429
query,1509028440.0897698,1509028440.2553673,1852
query,1509028440.2553716,1509028440.2919073,0
query,1509028440.2919111,1509028440.571656,4054
query,1509028440.5716617,1509028440.855388,3694
query,1509028440.8554423,1509028441.3602457,5926
query,1509028441.3723252,1509028441.7668006,4943
query,1509028441.766805,1509028442.4587357,7489
query,1509028442.45874,1509028442.8632896,6139
query,1509028442.8632936,1509028443.5123782,7610
query,1509028443.512382,1509028443.6629965,1270
query,1509028443.6630006,1509028444.350655,5812
query,1509028444.3506591,1509028444.46029,483
query,1509028444.4602942,1509028445.022559,10058
query,1509028445.0225627,1509028445.7604527,9919
query,1509028445.760457,1509028445.8756979,292
query,1509028445.875702,1509028446.4984546,9381
query,1509028446.4984589,1509028446.5677383,11
query,1509028446.5677426,1509028447.0127327,3092
query,1509028447.012737,1509028447.5534241,9624
query,1509028447.5534291,1509028448.1906912,7694
query,1509028448.1906955,1509028448.3252676,904
query,1509028448.3252718,1509028448.8041615,3642
query,1509028448.8041658,1509028449.909693,8080
query,1509028449.9096975,1509028450.3556273,4566
query,1509028450.3556724,1509028450.5112221,21
query,1509028450.5234935,1509028450.9241793,4844
query,1509028450.9241843,1509028451.1756995,3606
query,1509028451.175704,1509028451.8472726,10141
query,1509028451.8472784,1509028452.6137447,9274
query,1509028452.6137493,1509028452.8003893,3123
query,1509028452.800393,1509028453.6373653,9633
query,1509028453.6373696,1509028453.8838663,4085
query,1509028453.8838706,1509028455.0545886,10852
query,1509028455.054593,1509028455.7594168,9912
query,1509028455.759421,1509028456.1980007,3909
query,1509028456.1980052,1509028456.2439783,0
query,1509028456.2439823,1509028456.6142035,5560
query,1509028456.6142073,1509028457.234459,4820
query,1509028457.234463,1509028457.8693757,4825
query,1509028457.8693798,1509028458.4134429,9380
query,1509028458.4134471,1509028458.5175412,901
query,1509028458.5175455,1509028458.9435635,2282
query,1509028458.943568,1509028459.0526576,7
query,1509028459.0526614,1509028459.1755068,1704
query,1509028459.1755538,1509028459.7014334,4659
query,1509028459.713779,1509028459.8546586,2181
query,1509028459.854663,1509028460.5273318,6107
query,1509028460.527337,1509028460.7011483,537
query,1509028460.701152,1509028461.350854,10156
query,1509028461.3508582,1509028461.4101672,99
query,1509028461.4101708,1509028461.5159292,34
query,1509028461.5159342,1509028462.1673744,7616
query,1509028462.167379,1509028462.6657786,4864
query,1509028462.665783,1509028462.772333,1594
query,1509028462.772338,1509028462.8456182,17
query,1509028462.845622,1509028463.399544,7754
query,1509028463.399548,1509028464.020957,7927
query,1509028464.0209618,1509028464.1061265,323
query,1509028464.1061323,1509028464.9418347,6352
query,1509028464.9418392,1509028465.005187,4
query,1509028465.0051913,1509028465.779591,10310
query,1509028465.7795963,1509028465.8181593,1
query,1509028465.818164,1509028466.0632253,3616
query,1509028466.0632298,1509028466.1509423,96
query,1509028466.1509972,1509028466.684076,9379
query,1509028466.6963632,1509028467.1162694,5165
query,1509028467.1162736,1509028467.1542788,0
query,1509028467.154283,1509028467.6260297,6714
query,1509028467.6260343,1509028467.716355,548
query,1509028467.7163587,1509028468.1989193,6131
query,1509028468.1989236,1509028468.2939184,185
query,1509028468.293922,1509028468.607007,5178
query,1509028468.6070108,1509028469.356115,8049
query,1509028469.356119,1509028469.7001812,7694
query,1509028469.700185,1509028470.8041992,8241
query,1509028470.8042042,1509028470.850218,1
query,1509028470.850222,1509028470.9592578,262
query,1509028470.9592624,1509028471.1206129,788
query,1509028471.120617,1509028471.3065243,2274
query,1509028471.3065283,1509028472.2262666,7275
query,1509028472.2262704,1509028472.4037726,2426
query,1509028472.403777,1509028472.5402448,477
query,1509028472.5402496,1509028472.640355,710
query,1509028472.64036,1509028472.9265082,2896
query,1509028472.9265482,1509028473.1216562,74
query,1509028473.1338613,1509028473.803094,6995
query,1509028473.8030987,1509028474.5066211,10300
query,1509028474.506625,1509028474.9123356,7693
query,1509028474.9123397,1509028475.0213025,76
query,1509028475.0213587,1509028475.095517,7
query,1509028475.095521,1509028475.216269,1373
query,1509028475.2162733,1509028475.6519709,3878
query,1509028475.651975,1509028475.7088916,9
query,1509028475.7088957,1509028475.8156898,1670
query,1509028475.815694,1509028475.9116323,127
query,1509028475.9116368,1509028476.3317657,7379
query,1509028476.3317702,1509028476.442001,629
query,1509028476.442005,1509028476.9688826,5093
query,1509028476.9688869,1509028477.296054,2461
query,1509028477.2960582,1509028477.485382,2673
query,1509028477.4853868,1509028477.547144,1462
query,1509028477.5471482,1509028477.8245378,3598
query,1509028477.8245416,1509028478.239887,7061
query,1509028478.239892,1509028478.3131912,7
query,1509028478.313274,1509028479.0239913,7414
query,1509028479.035873,1509028479.103452,0
query,1509028479.103457,1509028479.475593,4786
query,1509028479.4755976,1509028479.587036,971
query,1509028479.58704,1509028480.0965805,6081
query,1509028480.0965846,1509028481.0183904,11268
query,1509028481.0183945,1509028481.0711138,3
query,1509028481.0711174,1509028481.1627455,713
query,1509028481.1627498,1509028481.272552,1629
query,1509028481.272556,1509028481.3059409,0
query,1509028481.3059447,1509028481.350181,3
query,1509028481.3501844,1509028481.74727,4519
query,1509028481.7472749,1509028481.8578143,24
query,1509028481.8578181,1509028481.9923394,396
query,1509028481.9923434,1509028482.540932,5655
query,1509028482.5409367,1509028483.0314713,7615
query,1509028483.0314755,1509028483.2724016,3068
query,1509028483.2724059,1509028483.3873453,1459
query,1509028483.3873496,1509028483.672627,3091
query,1509028483.6726313,1509028483.80878,888
query,1509028483.808854,1509028484.5190663,9402
query,1509028484.5313818,1509028485.1191442,5688
query,1509028485.1191483,1509028485.1684592,0
query,1509028485.1684637,1509028486.448846,9797
query,1509028486.4488504,1509028486.5463536,6
query,1509028486.5463574,1509028486.6114902,1
query,1509028486.6114948,1509028486.9249914,6265
query,1509028486.9249954,1509028487.6513383,6550
query,1509028487.6513429,1509028487.7833393,718
query,1509028487.7833433,1509028487.8983002,312
query,1509028487.898305,1509028488.0303814,1518
query,1509028488.0303857,1509028488.196221,80
query,1509028488.1962254,1509028488.3468044,1986
query,1509028488.346809,1509028488.579025,3197
query,1509028488.579029,1509028489.065615,7370
query,1509028489.065619,1509028490.0584338,11161
query,1509028490.0584385,1509028490.3047218,3610
query,1509028490.3047266,1509028491.012096,7321
query,1509028491.0121007,1509028491.0913942,1
query,1509028491.0913987,1509028491.297564,3892
query,1509028491.297606,1509028491.4068267,14
query,1509028491.413662,1509028491.6299446,4116
query,1509028491.6299484,1509028492.0120614,5135
query,1509028492.0120656,1509028492.2546208,3823
query,1509028492.254625,1509028492.3283942,1333
query,1509028492.3283985,1509028492.6207695,4310
query,1509028492.6207736,1509028492.9346845,4147
query,1509028492.9346888,1509028493.082181,384
query,1509028493.0821846,1509028493.2269804,287
query,1509028493.2269845,1509028493.7366407,4777
query,1509028493.7366447,1509028493.798847,152
query,1509028493.7988513,1509028494.298182,5574
query,1509028494.298186,1509028494.3614204,84
query,1509028494.361425,1509028494.453052,243
query,1509028494.4530563,1509028495.171542,9590
query,1509028495.1715465,1509028495.3838236,6300
query,1509028495.3838274,1509028495.6371849,2748
query,1509028495.6371884,1509028495.8055775,2548
query,1509028495.8055806,1509028495.8911707,43
query,1509028495.8911753,1509028495.9637883,127
query,1509028495.963832,1509028496.0274978,2
query,1509028496.033377,1509028496.0962782,1010
query,1509028496.0962822,1509028496.5601962,5019
query,1509028496.5602002,1509028496.726623,1567
query,1509028496.7266264,1509028497.119675,9330
query,1509028497.1196787,1509028497.5165458,3154
query,1509028497.51655,1509028498.045196,5544
query,1509028498.0451999,1509028498.0843673,0
query,1509028498.0843713,1509028498.6279376,9608
query,1509028498.6279418,1509028498.8641393,2275
query,1509028498.8641434,1509028499.0952904,2202
query,1509028499.0952945,1509028499.1861184,981
query,1509028499.186123,1509028499.5512087,5090
query,1509028499.5512128,1509028500.1652777,5077
query,1509028500.1652825,1509028500.2412598,1055
query,1509028500.2412639,1509028500.296065,1
query,1509028500.2960691,1509028500.3340914,3
query,1509028500.3340948,1509028500.4052389,1393
query,1509028500.405243,1509028500.949221,7620
query,1509028500.9492254,1509028501.0900211,223
query,1509028501.0900643,1509028501.373144,2856
query,1509028501.3857322,1509028502.1494842,13792
query,1509028502.1494884,1509028502.502264,2963
query,1509028502.5022686,1509028502.5703864,794
query,1509028502.5703907,1509028503.2280972,6140
query,1509028503.2281015,1509028503.301619,1062
query,1509028503.3016233,1509028503.5944912,4813
query,1509028503.5944963,1509028503.6714594,52
query,1509028503.6714642,1509028503.7819042,1267
query,1509028503.7819085,1509028503.9353278,1777
query,1509028503.9353323,1509028504.7592604,9168
query,1509028504.759265,1509028504.8066437,1
query,1509028504.8066483,1509028505.6368916,7327
query,1509028505.6368964,1509028506.0578973,4111
query,1509028506.057902,1509028506.1449845,1600
query,1509028506.1449888,1509028506.3275788,3348
query,1509028506.3275828,1509028506.4105964,1390
query,1509028506.4106007,1509028506.989977,7782
query,1509028506.9899814,1509028507.6807709,10012
query,1509028507.680775,1509028508.137774,3592
query,1509028508.1378431,1509028508.2891598,458
query,1509028508.3018615,1509028508.342278,0
query,1509028508.342282,1509028508.7722294,3667
query,1509028508.772234,1509028509.1155386,4947
query,1509028509.1155431,1509028509.2238367,16
query,1509028509.223841,1509028509.6795003,4180
query,1509028509.6795046,1509028509.9080315,2684
query,1509028509.9080353,1509028510.3466837,2152
query,1509028510.3466878,1509028510.5130694,1775
query,1509028510.513074,1509028511.3538904,5579
query,1509028511.3538945,1509028511.4705503,1484
query,1509028511.470554,1509028511.775976,6148
query,1509028511.7759802,1509028511.9666853,48
query,1509028511.9666896,1509028512.163933,3296
query,1509028512.163937,1509028512.4397736,2552
query,1509028512.439779,1509028513.1510732,4925
query,1509028513.1510775,1509028513.2056265,0
query,1509028513.2056308,1509028513.7448456,3642
query,1509028513.7448502,1509028514.5690038,7541
query,1509028514.569008,1509028514.9663944,4009
query,1509028514.9664361,1509028515.1438284,3568
query,1509028515.1559684,1509028515.6841295,9331
query,1509028515.6841342,1509028516.1439097,2756
query,1509028516.143914,1509028516.9255445,7997
query,1509028516.9255493,1509028517.080575,60
query,1509028517.080579,1509028517.5597477,3589
query,1509028517.5597522,1509028518.7385244,7106
query,1509028518.7385292,1509028518.8553994,886
query,1509028518.855404,1509028518.924485,1909
query,1509028518.9244893,1509028519.3999045,6396
query,1509028519.399909,1509028519.8995953,2885
query,1509028519.8995998,1509028520.4836323,6665
query,1509028520.4836366,1509028521.4914007,9355
query,1509028521.4914057,1509028521.5846305,1475
query,1509028521.5846357,1509028521.768685,2553
query,1509028521.7686899,1509028521.8499205,25
query,1509028521.8499248,1509028522.0215278,1021
query,1509028522.0215325,1509028522.271924,5229
query,1509028522.2719283,1509028522.731047,3697
query,1509028522.7310517,1509028522.7932396,46
query,1509028522.7932923,1509028522.927435,1988
query,1509028522.9397058,1509028523.3576918,4608
query,1509028523.3576968,1509028523.6644437,5760
query,1509028523.664449,1509028524.1344192,7342
query,1509028524.1344235,1509028524.6915822,9464
query,1509028524.6915872,1509028525.2174628,8620
query,1509028525.2174673,1509028526.0167322,6466
query,1509028526.016736,1509028526.4771514,3614
query,1509028526.4771557,1509028527.1974242,9641
query,1509028527.1974287,1509028527.2911065,4
query,1509028527.2911105,1509028527.3547904,299
query,1509028527.3547947,1509028527.551443,1028
query,1509028527.5514472,1509028527.6412373,1479
query,1509028527.6412413,1509028527.7510746,94
query,1509028527.7510788,1509028528.5986311,7069
query,1509028528.598635,1509028529.316017,6903
query,1509028529.3160207,1509028529.7324617,5793
query,1509028529.732466,1509028529.7757862,0
query,1509028529.7757905,1509028529.8824093,126
query,1509028529.8824131,1509028529.9940312,445
query,1509028529.994073,1509028530.0767374,6
query,1509028530.0915942,1509028530.188389,1000
query,1509028530.188393,1509028530.3040373,340
query,1509028530.3040411,1509028531.1204827,5213
query,1509028531.1204867,1509028531.910857,8752
query,1509028531.9108613,1509028532.0068536,177
query,1509028532.0068579,1509028532.367235,2392
query,1509028532.3672397,1509028532.4969141,88
query,1509028532.496919,1509028532.5895002,122
query,1509028532.5895045,1509028532.8360667,3120
query,1509028532.8360708,1509028533.1509173,2252
query,1509028533.1509216,1509028533.2037985,0
query,1509028533.2038028,1509028533.7155898,3666
query,1509028533.715594,1509028533.8364673,60
query,1509028533.8364713,1509028533.9285638,437
query,1509028533.928568,1509028534.375836,3692
query,1509028534.37584,1509028534.8274875,4788
query,1509028534.8274915,1509028535.2790663,3607
query,1509028535.279071,1509028535.810963,3273
query,1509028535.8109665,1509028537.069311,10589
query,1509028537.0694144,1509028537.2704208,1
query,1509028537.274012,1509028537.9681134,6659
query,1509028537.9681175,1509028538.0750568,1324
query,1509028538.0750608,1509028538.3762262,3689
query,1509028538.37623,1509028538.8728728,5194
query,1509028538.872877,1509028539.431283,9259
query,1509028539.4312873,1509028539.58908,871
query,1509028539.5890849,1509028540.0868735,4124
query,1509028540.0868776,1509028541.1193562,9196
query,1509028541.119361,1509028541.5503073,4893
query,1509028541.5503116,1509028541.616576,10
query,1509028541.61658,1509028541.798013,1963
query,1509028541.7980177,1509028541.8552115,253
query,1509028541.8552158,1509028541.9054387,1
query,1509028541.9054425,1509028542.1472359,1654
query,1509028542.14724,1509028542.3404703,332
query,1509028542.3404748,1509028542.7209907,2118
query,1509028542.7209947,1509028542.8880231,4233
query,1509028542.8880274,1509028542.9173188,1
query,1509028542.9173222,1509028543.1074746,1940
query,1509028543.1075125,1509028544.356437,4825
query,1509028544.3685174,1509028544.4703104,1080
query,1509028544.4703145,1509028544.6235802,103
query,1509028544.6235847,1509028544.7073154,3
query,1509028544.7073193,1509028544.7746673,4
query,1509028544.774671,1509028544.8676805,36
query,1509028544.8676844,1509028544.983211,26
query,1509028544.9832156,1509028545.059412,322
query,1509028545.0594158,1509028545.1480758,2103
query,1509028545.1480796,1509028545.5775821,3848
query,1509028545.5775867,1509028546.4079337,6680
query,1509028546.407938,1509028546.5096061,136
query,1509028546.5096102,1509028546.9313831,4785
query,1509028546.9313877,1509028547.1145284,1438
query,1509028547.1145327,1509028547.2144065,140
query,1509028547.214411,1509028547.3559206,18
query,1509028547.3559253,1509028547.4540887,2
query,1509028547.4540927,1509028547.5385582,45
query,1509028547.5385623,1509028548.220897,5411
query,1509028548.2209015,1509028548.8595512,9588
query,1509028548.8595958,1509028549.3900948,4888
query,1509028549.4027965,1509028549.9515324,4531
query,1509028549.9515364,1509028550.3682263,9254
query,1509028550.3682303,1509028550.4866254,1102
query,1509028550.4866292,1509028551.359654,10459
query,1509028551.3596578,1509028551.4040587,0
query,1509028551.404063,1509028552.191055,7986
query,1509028552.1910594,1509028552.5963023,3793
query,1509028552.5963068,1509028552.8549461,3156
query,1509028552.8549511,1509028552.9675105,582
query,1509028552.967515,1509028553.3925188,4782
query,1509028553.392523,1509028553.48655,4
query,1509028553.486554,1509028553.6258197,784
query,1509028553.6258235,1509028553.6873853,4
query,1509028553.6873899,1509028554.0177119,4850
query,1509028554.0177166,1509028554.3397605,3609
query,1509028554.339765,1509028554.9256294,5272
query,1509028554.925634,1509028555.350804,5130
query,1509028555.3508096,1509028555.9851801,9306
query,1509028555.9851847,1509028556.4111116,6304
query,1509028556.41116,1509028556.6299818,5904
query,1509028556.6434803,1509028556.9826732,5019
query,1509028556.9826772,1509028557.3396223,2847
query,1509028557.339627,1509028557.4721508,502
query,1509028557.4721549,1509028557.8442986,7389
query,1509028557.8443024,1509028558.8511672,6527
query,1509028558.8511715,1509028559.2903564,4801
query,1509028559.2903605,1509028560.0816772,7937
query,1509028560.0816815,1509028560.7338626,6793
query,1509028560.7338672,1509028560.9042718,685
query,1509028560.904276,1509028561.053597,520
query,1509028561.053601,1509028561.440781,5091
query,1509028561.4407854,1509028561.7344124,6150
query,1509028561.7344165,1509028562.0667286,4656
query,1509028562.0667326,1509028562.3279283,3232
query,1509028562.3279328,1509028562.6511204,3923
query,1509028562.6511247,1509028562.9804854,4538
query,1509028562.9804895,1509028563.0845141,941
query,1509028563.084519,1509028563.1105487,0
query,1509028563.1105533,1509028563.2910483,1858
query,1509028563.2910893,1509028563.8732927,4995
query,1509028563.885675,1509028563.9772563,23
query,1509028563.977261,1509028564.325796,3038
query,1509028564.3257997,1509028564.410963,1
query,1509028564.4109666,1509028564.535633,1645
query,1509028564.535637,1509028564.630588,49
query,1509028564.6305923,1509028565.0303028,5593
query,1509028565.0303066,1509028565.692665,7414
query,1509028565.6926699,1509028566.3896923,9377
query,1509028566.3896964,1509028566.5032609,1413
query,1509028566.5032656,1509028566.6212976,30
query,1509028566.6213021,1509028566.9904423,2817
query,1509028566.990447,1509028567.4540577,5577
query,1509028567.4540622,1509028567.831025,3159
query,1509028567.8310292,1509028568.285963,4192
query,1509028568.2859674,1509028568.3405476,0
query,1509028568.3405516,1509028568.7581227,3972
query,1509028568.7581267,1509028569.0468946,3761
query,1509028569.0468986,1509028569.970773,9679
query,1509028569.970777,1509028570.3762739,5595
query,1509028570.3763258,1509028570.5593987,0
query,1509028570.5608485,1509028570.9354672,3551
query,1509028570.9354718,1509028571.2236066,3029
query,1509028571.2236109,1509028571.2786822,0
query,1509028571.2786872,1509028571.8102808,4293
query,1509028571.8102844,1509028572.1633968,3717
query,1509028572.163401,1509028572.6921637,7164
query,1509028572.6921678,1509028572.7533083,1111
query,1509028572.7533126,1509028572.809558,47
query,1509028572.809562,1509028572.919031,48
query,1509028572.9190354,1509028573.432204,5141
query,1509028573.432208,1509028573.8674843,4209
query,1509028573.8674889,1509028574.2431014,4270
query,1509028574.2431056,1509028574.8358338,5458
query,1509028574.8358386,1509028574.9635434,17
query,1509028574.963548,1509028575.3396192,6853
query,1509028575.339623,1509028575.4825315,1762
query,1509028575.4825354,1509028575.6042972,878
query,1509028575.6043015,1509028575.71921,157
query,1509028575.7192142,1509028575.8060634,3
query,1509028575.8061092,1509028575.9555175,358
query,1509028575.9678447,1509028576.455954,8845
query,1509028576.4559584,1509028576.5268893,1106
query,1509028576.5268934,1509028577.023314,5972
query,1509028577.0233183,1509028577.4810731,5636
query,1509028577.481078,1509028578.1754208,7942
query,1509028578.1754246,1509028578.7870197,5573
query,1509028578.787024,1509028579.201048,5065
query,1509028579.2010522,1509028579.2753944,1281
query,1509028579.275399,1509028579.3744423,930
query,1509028579.3744464,1509028579.5526974,4758
query,1509028579.5527017,1509028579.6616247,1062
query,1509028579.661629,1509028579.9275088,4777
query,1509028579.9275134,1509028579.9620564,0
query,1509028579.9620605,1509028580.6587503,6267
query,1509028580.6587558,1509028581.0728464,9320
query,1509028581.0728507,1509028581.153198,851
query,1509028581.1532025,1509028581.6561506,4047
query,1509028581.656155,1509028582.158678,3847
query,1509028582.158682,1509028582.2462075,1448
query,1509028582.246247,1509028582.2964385,0
query,1509028582.2979848,1509028582.3584657,2
query,1509028582.3584702,1509028582.519611,1784
query,1509028582.5196154,1509028582.885488,9315
query,1509028582.885492,1509028583.1936529,3773
query,1509028583.1936567,1509028583.7152057,5578
query,1509028583.71521,1509028584.0419314,6458
query,1509028584.0419357,1509028584.5105772,5661
query,1509028584.5105817,1509028584.9187622,6242
query,1509028584.9187665,1509028585.6223242,6135
query,1509028585.622329,1509028585.6755147,0
query,1509028585.6755195,1509028585.9057267,5981
query,1509028585.9057307,1509028585.9958055,5
query,1509028585.9958098,1509028586.7614512,3599
query,1509028586.7614553,1509028587.2166374,6019
query,1509028587.2166414,1509028587.8975415,10076
query,1509028587.8975465,1509028588.317432,4725
query,1509028588.317437,1509028588.3795292,1
query,1509028588.3795335,1509028588.4417372,1
query,1509028588.4417415,1509028589.3696392,10171
query,1509028589.369683,1509028589.4497435,3
query,1509028589.462017,1509028589.5306523,221
query,1509028589.5306566,1509028589.8629951,3816
query,1509028589.862999,1509028590.263243,5024
query,1509028590.2632477,1509028590.5850453,3479
query,1509028590.5850496,1509028590.818895,4146
query,1509028590.8188992,1509028590.8579843,3
query,1509028590.8579879,1509028591.028206,1932
query,1509028591.0282104,1509028591.4566176,7937
query,1509028591.456622,1509028591.5627182,501
query,1509028591.5627224,1509028591.6348386,541
query,1509028591.6348436,1509028591.7037778,827
query,1509028591.703782,1509028592.2531593,5495
query,1509028592.2531633,1509028592.5984974,2432
query,1509028592.5985017,1509028592.7006526,151
query,1509028592.7006571,1509028593.2847745,5889
query,1509028593.284779,1509028593.4598377,2413
query,1509028593.4598427,1509028593.82188,3107
query,1509028593.821892,1509028594.1301816,4760
query,1509028594.1301866,1509028595.0476577,9947
query,1509028595.0477006,1509028595.3655493,1909
query,1509028595.3773384,1509028596.0676565,6343
query,1509028596.067661,1509028596.317591,3709
query,1509028596.317594,1509028596.3654518,3
query,1509028596.3654556,1509028596.5339024,1385
query,1509028596.5339065,1509028597.0784876,9328
query,1509028597.0784917,1509028597.403403,3020
query,1509028597.4034073,1509028597.5746186,2464
query,1509028597.5746226,1509028597.986873,1814
query,1509028597.986877,1509028598.1818552,4031
query,1509028598.1818588,1509028598.428962,898
query,1509028598.4289663,1509028598.8040287,6570
query,1509028598.8040328,1509028598.96054,204
query,1509028598.960544,1509028599.2101436,2332
query,1509028599.2101474,1509028599.2960405,274
query,1509028599.2960446,1509028599.3317325,0
query,1509028599.3317363,1509028599.432995,9
query,1509028599.4329998,1509028599.5222166,25
query,1509028599.5222208,1509028599.8736973,2585
query,1509028599.873701,1509028599.9780788,1299
query,1509028599.9781172,1509028600.3981035,2168
query,1509028600.4102755,1509028600.4870384,422
query,1509028600.487042,1509028601.2428393,14260
query,1509028601.2428434,1509028601.563018,3579
query,1509028601.563023,1509028602.0279195,7342
query,1509028602.0279245,1509028602.7362316,9347
query,1509028602.7362354,1509028603.1628335,5047
query,1509028603.1628375,1509028603.2270164,62
query,1509028603.2270205,1509028603.6794178,7536
query,1509028603.679422,1509028603.9403894,2687
query,1509028603.9403934,1509028604.251122,6883
query,1509028604.2511258,1509028604.6713398,7379
query,1509028604.6713443,1509028604.7612739,1866
query,1509028604.761278,1509028605.1443894,5670
query,1509028605.1443937,1509028605.2822998,2342
query,1509028605.2823045,1509028605.4499862,703
query,1509028605.44999,1509028606.458862,11812
query,1509028606.458866,1509028606.5535705,1541
query,1509028606.5535743,1509028606.9392457,3102
query,1509028606.9392498,1509028607.4860582,9417
query,1509028607.486096,1509028607.5893385,0
query,1509028607.590784,1509028607.7609222,1987
query,1509028607.7609272,1509028607.8663983,7
query,1509028607.8664024,1509028608.1558754,3022
query,1509028608.15588,1509028608.5559504,4848
query,1509028608.555954,1509028609.0809693,5067
query,1509028609.0809739,1509028609.1773489,674
query,1509028609.1773534,1509028609.8100054,9494
query,1509028609.8100095,1509028610.4817224,4637
query,1509028610.4817264,1509028610.5846062,1199
query,1509028610.5846105,1509028610.6261365,0
query,1509028610.6261404,1509028610.696735,1696
query,1509028610.6967385,1509028610.728243,1
query,1509028610.7282474,1509028610.8025162,1
query,1509028610.8025215,1509028611.3252366,5142
query,1509028611.3252406,1509028611.411444,734
query,1509028611.4114485,1509028611.5811572,191
query,1509028611.5811615,1509028612.0509715,6287
query,1509028612.0509758,1509028612.1872873,462
query,1509028612.187292,1509028612.2721279,703
query,1509028612.2721672,1509028613.6755204,14557
query,1509028613.6881754,1509028614.5522764,9506
query,1509028614.552281,1509028614.8598847,3822
query,1509028614.859889,1509028614.884416,0
query,1509028614.8844202,1509028615.3474898,9304
query,1509028615.3474944,1509028615.7376027,9662
query,1509028615.7376065,1509028615.7898762,1478
query,1509028615.7898815,1509028616.024068,3684
query,1509028616.024073,1509028616.1272001,487
query,1509028616.1272042,1509028616.3785462,3691
query,1509028616.3785503,1509028616.4360578,0
query,1509028616.4360623,1509028616.724484,4804
query,1509028616.7244885,1509028616.7680676,0
query,1509028616.768072,1509028616.870708,1067
query,1509028616.8707123,1509028616.9783795,354
query,1509028616.9783833,1509028617.088738,390
query,1509028617.088742,1509028617.3796341,4790
query,1509028617.3796382,1509028617.6916378,5616
query,1509028617.6916418,1509028617.8636127,869
query,1509028617.8636162,1509028618.8525717,11204
query,1509028618.8527284,1509028618.9543345,130
query,1509028618.9668543,1509028619.0046806,0
query,1509028619.0046844,1509028619.0697274,1041
query,1509028619.0697312,1509028619.4406302,5640
query,1509028619.4406343,1509028619.5268342,3
query,1509028619.5268383,1509028620.1672444,3895
query,1509028620.1672485,1509028620.514134,2638
query,1509028620.5141385,1509028620.7447743,3162
query,1509028620.7447786,1509028620.8519385,1618
query,1509028620.8519423,1509028621.2378154,4423
query,1509028621.23782,1509028621.8650453,4737
query,1509028621.8650496,1509028622.013682,2312
query,1509028622.0136862,1509028622.1222613,725
query,1509028622.1222658,1509028622.9138706,9337
query,1509028622.913875,1509028622.9753027,0
query,1509028622.9753072,1509028623.5578299,9378
query,1509028623.5578344,1509028624.1213589,8065
query,1509028624.121363,1509028624.3885162,2168
query,1509028624.3885202,1509028624.4692006,404
query,1509028624.4692042,1509028625.1472857,9427
query,1509028625.1473315,1509028625.8491402,4984
query,1509028625.8610017,1509028626.2382162,4898
query,1509028626.238221,1509028626.7427554,9486
query,1509028626.7427597,1509028627.4191904,3893
query,1509028627.4191945,1509028627.9152036,8059
query,1509028627.9152076,1509028628.0271964,151
query,1509028628.0272005,1509028628.0940163,0
query,1509028628.09402,1509028628.6113055,7205
query,1509028628.6113098,1509028629.981069,9797
query,1509028629.9810731,1509028630.256297,3597
query,1509028630.2563012,1509028631.185485,13902
query,1509028631.185489,1509028631.4296308,2249
query,1509028631.4296348,1509028632.181356,6749
query,1509028632.1813602,1509028632.280261,26
query,1509028632.280265,1509028632.9795299,8602
query,1509028632.9795344,1509028633.5037599,9953
query,1509028633.5037642,1509028633.9720592,3834
query,1509028633.9720633,1509028634.1409318,2571
query,1509028634.140936,1509028634.7411766,5821
query,1509028634.7411816,1509028634.859007,409
query,1509028634.8590553,1509028635.228904,3042
query,1509028635.2410798,1509028635.8783588,6429
query,1509028635.8783622,1509028636.108696,3029
query,1509028636.1086998,1509028636.690829,6300
query,1509028636.6908329,1509028636.7437677,1
query,1509028636.7437735,1509028636.964176,2591
query,1509028636.9641802,1509028637.1963942,3607
query,1509028637.1963983,1509028637.2586246,1
query,1509028637.2586286,1509028637.6356936,4710
query,1509028637.635698,1509028638.3911014,6450
query,1509028638.3911054,1509028638.4769368,300
query,1509028638.4769404,1509028638.6735113,2208
query,1509028638.673516,1509028638.7616606,368
query,1509028638.7616649,1509028639.296248,5260
query,1509028639.296252,1509028639.847025,5625
query,1509028639.8470292,1509028640.029499,10
query,1509028640.029503,1509028640.3035178,2819
query,1509028640.3035223,1509028640.56315,1753
query,1509028640.563154,1509028641.303508,9163
query,1509028641.3035123,1509028641.5981538,4009
query,1509028641.5981948,1509028642.2203822,5331
query,1509028642.2325344,1509028642.630035,3810
query,1509028642.6300392,1509028642.8221526,1257
query,1509028642.8221567,1509028643.1248853,4559
query,1509028643.1248896,1509028643.2670288,78
query,1509028643.267033,1509028643.4445577,2847
query,1509028643.4445617,1509028644.1718323,6851
query,1509028644.171837,1509028644.2746356,1657
query,1509028644.2746398,1509028644.5398674,2579
query,1509028644.5398715,1509028644.5880702,38
query,1509028644.5880737,1509028644.960552,4495
query,1509028644.960556,1509028645.304034,4543
query,1509028645.3040383,1509028645.587188,3147
query,1509028645.5871925,1509028645.65383,351
query,1509028645.6538343,1509028646.1455607,4332
query,1509028646.145565,1509028646.6866095,3810
query,1509028646.6866136,1509028647.012522,2988
query,1509028647.012526,1509028647.4979382,4711
query,1509028647.4979427,1509028647.6062179,1392
query,1509028647.606222,1509028647.6790943,2693
query,1509028647.6791348,1509028648.1997397,6203
query,1509028648.21295,1509028648.5543714,4801
query,1509028648.5543754,1509028648.6760185,644
query,1509028648.676023,1509028648.8125594,555
query,1509028648.8125637,1509028648.9169505,509
query,1509028648.9169545,1509028649.0245159,83
query,1509028649.0245202,1509028649.157901,1669
query,1509028649.157905,1509028649.939567,8422
query,1509028649.9395728,1509028650.352218,3663
query,1509028650.352222,1509028650.7275226,4670
query,1509028650.7275267,1509028651.2998338,8433
query,1509028651.2998393,1509028651.8830068,7353
query,1509028651.883011,1509028652.156486,4949
query,1509028652.15649,1509028652.5076869,5566
query,1509028652.5076907,1509028652.5758932,2
query,1509028652.5758972,1509028653.2709692,7192
query,1509028653.270973,1509028653.339113,1
query,1509028653.3391173,1509028653.4230201,65
query,1509028653.423024,1509028654.4256968,8241
query,1509028654.4257014,1509028654.6611407,1940
query,1509028654.6611836,1509028655.246716,4401
query,1509028655.2594872,1509028655.5449386,3499
query,1509028655.5449426,1509028656.1838126,7259
query,1509028656.1838167,1509028656.5278792,2949
query,1509028656.5278833,1509028656.605631,11
query,1509028656.6056352,1509028656.6396475,4
query,1509028656.6396515,1509028656.6691864,1
query,1509028656.6691911,1509028656.7152314,7
query,1509028656.715235,1509028656.7942967,623
query,1509028656.7943008,1509028657.1777172,3355
query,1509028657.1777215,1509028657.7053392,4933
query,1509028657.7053435,1509028658.4192078,4570
query,1509028658.4192119,1509028658.9804192,6309
query,1509028658.9804235,1509028659.053176,5
query,1509028659.0531797,1509028659.2828584,4858
query,1509028659.2828636,1509028659.5026047,3071
query,1509028659.5026097,1509028660.0750475,5247
query,1509028660.0750513,1509028660.4068317,2534
query,1509028660.4068365,1509028660.461438,0
query,1509028660.4614425,1509028660.6181765,2448
query,1509028660.6182256,1509028660.7010217,6
query,1509028660.7164655,1509028661.2024536,5043
query,1509028661.202458,1509028661.7243993,6298
query,1509028661.7244036,1509028661.8671343,2029
query,1509028661.8671386,1509028661.9140723,0
query,1509028661.914076,1509028662.1863275,4275
query,1509028662.1863313,1509028662.6232345,4047
query,1509028662.6232388,1509028663.343243,7420
query,1509028663.3432472,1509028663.507322,71
query,1509028663.5073266,1509028663.9042363,2027
query,1509028663.9042401,1509028664.011443,321
query,1509028664.0114472,1509028664.109862,75
query,1509028664.1098664,1509028664.1619728,0
query,1509028664.1619775,1509028664.7496464,3833
query,1509028664.7496517,1509028664.8989434,1539
query,1509028664.8989482,1509028665.261505,3865
query,1509028665.2615094,1509028665.314896,4
query,1509028665.3149004,1509028665.402526,852
query,1509028665.4025297,1509028666.0353532,7942
query,1509028666.035357,1509028666.2069378,242
query,1509028666.2069855,1509028666.7977958,4464
query,1509028666.8097453,1509028667.570203,9488
query,1509028667.5702074,1509028667.6082366,0
query,1509028667.608241,1509028668.2495751,5831
query,1509028668.249581,1509028668.7065296,9393
query,1509028668.706536,1509028668.7852747,99
query,1509028668.7852793,1509028669.2064087,5056
query,1509028669.2064128,1509028669.556833,3578
query,1509028669.5568385,1509028669.6547058,4
query,1509028669.6547098,1509028669.7778826,352
query,1509028669.7778876,1509028670.3903592,5813
query,1509028670.390364,1509028670.5330002,866
query,1509028670.5330048,1509028670.6480043,530
query,1509028670.6480086,1509028670.9162257,2388
query,1509028670.9162307,1509028671.3581388,3687
query,1509028671.358143,1509028671.539018,2162
query,1509028671.5390224,1509028672.0776267,5568
query,1509028672.0776317,1509028672.1861038,99
query,1509028672.186108,1509028672.3464754,13
query,1509028672.3464801,1509028672.4837673,5
query,1509028672.4838147,1509028674.096331,10677
query,1509028674.1118565,1509028674.2019055,406
query,1509028674.2019098,1509028674.6996841,3693
query,1509028674.6996882,1509028674.8976607,1621
query,1509028674.8976648,1509028675.008328,978
query,1509028675.0083325,1509028675.9014635,7959
query,1509028675.9014678,1509028676.5664396,5412
query,1509028676.5664434,1509028676.689668,496
query,1509028676.689672,1509028677.0035446,2772
query,1509028677.0035493,1509028677.6830068,7668
query,1509028677.6830113,1509028677.841354,2119
query,1509028677.8413582,1509028677.930488,117
query,1509028677.9304917,1509028678.5713859,10295
query,1509028678.57139,1509028679.351467,8016
query,1509028679.3514712,1509028679.3860908,0
query,1509028679.3860955,1509028679.7085874,3404
query,1509028679.7085915,1509028680.8308363,10112
query,1509028680.8308408,1509028680.9955957,1466
query,1509028680.9955995,1509028681.8222563,9309
query,1509028681.8222606,1509028682.5913184,5571
query,1509028682.591371,1509028683.3955908,9391
query,1509028683.4083784,1509028683.511701,91
query,1509028683.5117064,1509028683.8312318,4762
query,1509028683.8312361,1509028683.9595082,353
query,1509028683.9595127,1509028684.092696,204
query,1509028684.0927007,1509028684.4264119,5838
query,1509028684.4264157,1509028684.967669,4606
query,1509028684.967673,1509028685.70334,10077
query,1509028685.7033446,1509028686.237717,6830
query,1509028686.2377212,1509028686.3446107,887
query,1509028686.3446152,1509028686.723615,3276
query,1509028686.7236197,1509028686.7882857,296
query,1509028686.78829,1509028686.9081712,1194
query,1509028686.9081752,1509028688.4080987,9798
query,1509028688.408103,1509028688.9782803,5905
query,1509028688.9782853,1509028689.0190287,1
query,1509028689.019033,1509028689.2834637,3607
query,1509028689.283468,1509028689.3524656,1448
query,1509028689.3524704,1509028689.3945887,1
query,1509028689.3945928,1509028689.4278004,0
query,1509028689.4278479,1509028689.523369,230
query,1509028689.5359795,1509028689.7730422,2734
query,1509028689.773047,1509028690.5547268,9926
query,1509028690.5547316,1509028690.9029667,1999
query,1509028690.9029717,1509028691.1620762,4126
query,1509028691.1620803,1509028691.5673063,7143
query,1509028691.5673108,1509028691.6403155,13
query,1509028691.64032,1509028691.703391,1
query,1509028691.703395,1509028692.05522,2039
query,1509028692.0552244,1509028692.1547403,1298
query,1509028692.1547444,1509028692.446617,4787
query,1509028692.4466212,1509028692.8322015,4327
query,1509028692.8322058,1509028692.9364092,1432
query,1509028692.936413,1509028693.4386802,6817
query,1509028693.4386845,1509028694.243707,10076
query,1509028694.2437112,1509028694.3458855,260
query,1509028694.3458898,1509028694.4497297,12
query,1509028694.4497337,1509028694.973497,7186
query,1509028694.973501,1509028695.2029092,6291
query,1509028695.202914,1509028695.80008,5919
