tables,1508954745.615415,1508961785.7865
query,1508961785.787263,1508961786.3509371,1943
query,1508961786.3685308,1508961786.989417,3683
query,1508961786.9894223,1508961787.2349503,3327
query,1508961787.2349548,1508961787.5096714,1902
query,1508961787.5096765,1508961787.587212,331
query,1508961787.5872164,1508961787.8945923,5370
query,1508961787.8945963,1508961787.9483757,137
query,1508961787.9483795,1508961788.0174704,211
query,1508961788.0174747,1508961788.296055,1129
query,1508961788.2960591,1508961788.4493823,720
query,1508961788.4493866,1508961789.8351269,1933
query,1508961789.8351312,1508961790.2052765,1638
query,1508961790.2052805,1508961790.602996,1924
query,1508961790.6030006,1508961790.995377,3988
query,1508961790.9953809,1508961791.1392837,1130
query,1508961791.1392868,1508961791.6199713,3798
query,1508961791.6199756,1508961791.658979,123
query,1508961791.6589828,1508961791.9459937,1923
query,1508961791.9459982,1508961792.0065,207
query,1508961792.006504,1508961792.21447,93
query,1508961792.214531,1508961792.3403876,1261
query,1508961792.3528929,1508961792.4710975,3109
query,1508961792.471102,1508961792.5868537,418
query,1508961792.586858,1508961793.0838492,5820
query,1508961793.0838542,1508961793.2019265,967
query,1508961793.2019315,1508961793.526166,1929
query,1508961793.5261703,1508961793.7769969,1891
query,1508961793.7770011,1508961794.0036535,306
query,1508961794.0036573,1508961794.2804608,1921
query,1508961794.2804651,1508961794.5103092,1451
query,1508961794.5103133,1508961794.5657277,42
query,1508961794.565732,1508961794.6142428,63
query,1508961794.6142466,1508961795.302858,14792
query,1508961795.3028622,1508961795.3815975,549
query,1508961795.3816557,1508961795.8753223,13459
query,1508961795.8753266,1508961796.1585202,3799
query,1508961796.158524,1508961796.1956742,8
query,1508961796.1956782,1508961796.4830506,11489
query,1508961796.483055,1508961796.836955,5933
query,1508961796.8369596,1508961796.9685404,2865
query,1508961796.968584,1508961797.7784615,17354
query,1508961797.79093,1508961798.3207362,14464
query,1508961798.32074,1508961799.0083535,14166
query,1508961799.0083582,1508961800.1200752,13010
query,1508961800.120079,1508961800.2506115,692
query,1508961800.2506156,1508961800.7876585,13049
query,1508961800.7876623,1508961801.2898695,5345
query,1508961801.2898738,1508961802.2430127,13709
query,1508961802.2430167,1508961802.283345,1
query,1508961802.2833493,1508961802.337315,37
query,1508961802.3373191,1508961802.6780345,6099
query,1508961802.6780384,1508961802.7560883,0
query,1508961802.7560928,1508961803.8321402,18157
query,1508961803.8321443,1508961804.1290107,13403
query,1508961804.129015,1508961804.218121,1001
query,1508961804.2181253,1508961804.335306,1975
query,1508961804.3353107,1508961804.5221229,6003
query,1508961804.5221276,1508961804.9713514,13464
query,1508961804.9713554,1508961805.2924519,4447
query,1508961805.2924569,1508961805.3508575,42
query,1508961805.3508992,1508961805.4230483,6
query,1508961805.4363368,1508961805.5942292,2007
query,1508961805.5942333,1508961806.4029686,14479
query,1508961806.4029737,1508961806.8068678,13269
query,1508961806.806872,1508961806.8438036,336
query,1508961806.8438077,1508961807.0770652,2470
query,1508961807.077068,1508961807.153981,1170
query,1508961807.1539848,1508961808.1370742,16332
query,1508961808.1370785,1508961808.402443,4334
query,1508961808.4024475,1508961808.4648495,80
query,1508961808.4648535,1508961808.938839,9517
query,1508961808.938843,1508961809.567307,7230
query,1508961809.5673108,1508961809.6289701,1
query,1508961809.6289742,1508961809.7821696,2980
query,1508961809.7821732,1508961810.1682038,4144
query,1508961810.1682076,1508961810.5569367,3508
query,1508961810.5569408,1508961810.582939,0
query,1508961810.5829427,1508961810.6654615,215
query,1508961810.6654718,1508961810.7571242,746
query,1508961810.7571285,1508961810.8116355,347
query,1508961810.8116698,1508961811.1554842,8943
query,1508961811.1675067,1508961811.3503633,824
query,1508961811.3503673,1508961811.5708094,9359
query,1508961811.5708134,1508961811.606871,196
query,1508961811.6068745,1508961812.098457,11965
query,1508961812.098461,1508961812.1547046,1089
query,1508961812.1547081,1508961812.193308,0
query,1508961812.1933122,1508961812.8487055,9216
query,1508961812.8487103,1508961812.9691398,856
query,1508961812.9691434,1508961813.0508769,613
query,1508961813.0508804,1508961813.3226304,3417
query,1508961813.3226342,1508961813.4356618,1113
query,1508961813.4356654,1508961813.5016909,84
query,1508961813.5016944,1508961813.6134398,355
query,1508961813.6134436,1508961813.6724532,23
query,1508961813.6724565,1508961814.3475056,10177
query,1508961814.3475096,1508961814.5646126,1859
query,1508961814.5646167,1508961815.281924,9437
query,1508961815.2819276,1508961815.6589825,13956
query,1508961815.6589863,1508961816.1627796,9991
query,1508961816.1628246,1508961816.213263,40
query,1508961816.2258787,1508961816.7828722,8011
query,1508961816.7828765,1508961816.9825428,3196
query,1508961816.9825468,1508961817.0670443,416
query,1508961817.067049,1508961817.148222,448
query,1508961817.1482267,1508961817.5000775,3495
query,1508961817.5000818,1508961818.3493283,23277
query,1508961818.349333,1508961818.4940362,6520
query,1508961818.4940405,1508961818.5505955,117
query,1508961818.5505996,1508961819.3113384,16245
query,1508961819.311343,1508961819.3956673,1094
query,1508961819.3956726,1508961819.6545713,5952
query,1508961819.6545756,1508961819.770499,1251
query,1508961819.7705035,1508961819.8662496,2740
query,1508961819.8662531,1508961819.9650292,1541
query,1508961819.9650333,1508961820.034346,510
query,1508961820.0343504,1508961820.2330415,13015
query,1508961820.2330458,1508961820.863255,9867
query,1508961820.8632596,1508961820.9625125,1285
query,1508961820.9625165,1508961821.0230606,283
query,1508961821.0231037,1508961821.2342765,6360
query,1508961821.2466352,1508961821.3881667,3014
query,1508961821.3881705,1508961822.1088862,18232
query,1508961822.1088903,1508961822.1324558,12
query,1508961822.13246,1508961822.2492838,2315
query,1508961822.2492883,1508961822.6339898,14793
query,1508961822.6339936,1508961822.6859357,190
query,1508961822.6859398,1508961823.5650876,18136
query,1508961823.5650918,1508961823.6222832,626
query,1508961823.6222873,1508961824.462933,21681
query,1508961824.462937,1508961824.618856,3768
query,1508961824.6188598,1508961825.1418006,6930
query,1508961825.1418042,1508961825.2026906,400
query,1508961825.2026954,1508961825.3147204,1111
query,1508961825.3147254,1508961826.2465546,16807
query,1508961826.2465591,1508961826.3057125,102
query,1508961826.3057156,1508961826.4140959,2795
query,1508961826.4140987,1508961826.7603264,7941
query,1508961826.7603326,1508961826.7859735,153
query,1508961826.7859774,1508961827.0039663,3303
query,1508961827.003998,1508961827.209728,4163
query,1508961827.2223418,1508961827.4380884,7185
query,1508961827.4380913,1508961827.6703072,2311
query,1508961827.6703103,1508961828.0486875,3307
query,1508961828.0486915,1508961828.443606,10349
query,1508961828.443611,1508961829.659172,21068
query,1508961829.6591759,1508961829.7567053,2034
query,1508961829.7567089,1508961829.8634706,4487
query,1508961829.8634744,1508961830.4239016,10928
query,1508961830.4239054,1508961830.6533034,12927
query,1508961830.6533077,1508961830.7752855,4356
query,1508961830.7752893,1508961830.8077838,0
query,1508961830.8077881,1508961830.9270787,1987
query,1508961830.927083,1508961830.9784474,480
query,1508961830.978451,1508961831.0589647,2552
query,1508961831.0589683,1508961831.1326728,465
query,1508961831.1326764,1508961831.3857763,12496
query,1508961831.3857808,1508961831.6264362,4727
query,1508961831.6264408,1508961832.3731809,15184
query,1508961832.3731852,1508961832.9161136,21191
query,1508961832.9161525,1508961833.0794675,4444
query,1508961833.0919456,1508961833.3917844,9740
query,1508961833.3917887,1508961833.7431045,4586
query,1508961833.7431092,1508961833.927926,3003
query,1508961833.9279296,1508961833.9525685,30
query,1508961833.9525728,1508961834.0037324,117
query,1508961834.003737,1508961834.1752214,4303
query,1508961834.1752253,1508961835.0264304,12900
query,1508961835.0264344,1508961835.1910136,2242
query,1508961835.1910176,1508961835.2259653,177
query,1508961835.225969,1508961835.608615,8079
query,1508961835.6086192,1508961835.8083215,2825
query,1508961835.8083255,1508961836.0013855,11523
query,1508961836.0013895,1508961836.570212,6933
query,1508961836.570216,1508961837.0785394,12130
query,1508961837.078544,1508961837.4236088,8478
query,1508961837.423613,1508961837.548915,5242
query,1508961837.548919,1508961837.5947254,200
query,1508961837.5947292,1508961837.7462106,5865
query,1508961837.7462158,1508961837.9389896,5107
query,1508961837.9390297,1508961838.066858,2590
query,1508961838.078797,1508961838.275425,4243
query,1508961838.2754288,1508961838.5157702,7290
query,1508961838.5157743,1508961838.979013,12122
query,1508961838.979017,1508961839.3312736,5194
query,1508961839.3312778,1508961839.4672387,2804
query,1508961839.467243,1508961839.581506,973
query,1508961839.5815098,1508961839.630028,31
query,1508961839.6300323,1508961839.7079487,543
query,1508961839.7079532,1508961840.3422742,21194
query,1508961840.3422773,1508961840.4117548,1279
query,1508961840.411759,1508961840.4968858,1761
query,1508961840.4968905,1508961840.537823,4
query,1508961840.5378273,1508961840.7691073,3174
query,1508961840.7691126,1508961840.794346,0
query,1508961840.7943506,1508961841.3264725,12233
query,1508961841.3264768,1508961841.9163558,6705
query,1508961841.9163606,1508961842.0345936,3860
query,1508961842.0345974,1508961842.4941478,7962
query,1508961842.494152,1508961843.158034,11146
query,1508961843.1580765,1508961843.3189251,1952
query,1508961843.3310719,1508961843.363272,34
query,1508961843.363276,1508961843.692579,5962
query,1508961843.692583,1508961843.9014468,5281
query,1508961843.9014516,1508961844.4031725,8765
query,1508961844.4031763,1508961844.6996088,4763
query,1508961844.6996136,1508961845.1725533,9526
query,1508961845.1725576,1508961845.2359715,588
query,1508961845.2359757,1508961845.265091,0
query,1508961845.2650952,1508961845.535565,4544
query,1508961845.535569,1508961845.5863786,245
query,1508961845.5863826,1508961845.8081574,4072
query,1508961845.8081615,1508961846.8489316,16039
query,1508961846.8489363,1508961846.9289987,894
query,1508961846.9290028,1508961847.0662138,2508
query,1508961847.066218,1508961847.3435884,4980
query,1508961847.3435931,1508961847.4016557,1017
query,1508961847.40166,1508961847.502846,3828
query,1508961847.5028498,1508961847.6771784,6374
query,1508961847.6771822,1508961847.790984,1231
query,1508961847.7910337,1508961847.918187,1912
query,1508961847.9304078,1508961847.9961033,222
query,1508961847.996107,1508961848.103289,2545
query,1508961848.1032927,1508961848.226683,5689
query,1508961848.226687,1508961848.5637856,10604
query,1508961848.5637898,1508961849.3406234,14884
query,1508961849.3406277,1508961849.8998222,15967
query,1508961849.8998263,1508961850.59421,10807
query,1508961850.594214,1508961850.672956,1223
query,1508961850.6729608,1508961850.691537,0
query,1508961850.691541,1508961850.8754127,3951
query,1508961850.8754165,1508961851.12412,13050
query,1508961851.1241248,1508961851.3393455,12788
query,1508961851.3393495,1508961851.5350466,3802
query,1508961851.5350504,1508961851.9489596,5992
query,1508961851.9489636,1508961851.9810135,0
query,1508961851.9810176,1508961852.8083637,14330
query,1508961852.8083682,1508961853.6411755,21544
query,1508961853.6411796,1508961853.7384315,14
query,1508961853.7384353,1508961853.793811,155
query,1508961853.7938528,1508961854.0926032,5862
query,1508961854.105154,1508961854.801828,12736
query,1508961854.801832,1508961854.9076273,2261
query,1508961854.9076316,1508961855.1805234,5698
query,1508961855.1805272,1508961856.0571933,16838
query,1508961856.0571973,1508961856.372871,7537
query,1508961856.3728747,1508961856.6431136,4131
query,1508961856.6431177,1508961856.6882586,0
query,1508961856.6882634,1508961856.7241037,51
query,1508961856.7241085,1508961857.2908454,20932
query,1508961857.2908497,1508961857.3915732,928
query,1508961857.3915772,1508961857.445706,10
query,1508961857.4457097,1508961858.1840084,16601
query,1508961858.1840122,1508961858.226173,52
query,1508961858.226177,1508961858.7870233,17088
query,1508961858.7870274,1508961859.0403173,7002
query,1508961859.0403209,1508961860.0259242,16667
query,1508961860.0259285,1508961860.0620203,1
query,1508961860.0620246,1508961860.072246,0
query,1508961860.0722501,1508961860.2144766,2474
query,1508961860.214531,1508961860.7256892,10268
query,1508961860.7377617,1508961860.805296,613
query,1508961860.8053,1508961860.8357015,0
query,1508961860.835706,1508961861.2484272,14815
query,1508961861.2484322,1508961861.621834,20772
query,1508961861.621838,1508961861.7227714,1621
query,1508961861.7227752,1508961861.7433128,0
query,1508961861.7433176,1508961861.7974167,548
query,1508961861.797421,1508961862.5761638,14306
query,1508961862.5761678,1508961862.6146288,14
query,1508961862.6146326,1508961862.6734486,3
query,1508961862.673453,1508961862.7705202,897
query,1508961862.7705243,1508961862.7768986,0
query,1508961862.7769027,1508961862.8651168,2647
query,1508961862.865121,1508961863.4192512,8240
query,1508961863.4192553,1508961864.070042,15939
query,1508961864.0700464,1508961864.1804898,1290
query,1508961864.1804938,1508961864.7251296,14500
query,1508961864.725134,1508961864.7702656,31
query,1508961864.77027,1508961865.0910645,9756
query,1508961865.0911171,1508961865.1289127,34
query,1508961865.1414528,1508961865.826717,12023
query,1508961865.8267212,1508961865.969596,3385
query,1508961865.9695997,1508961866.073545,2996
query,1508961866.0735497,1508961866.2026663,1798
query,1508961866.2026703,1508961866.306683,2744
query,1508961866.306687,1508961866.5048141,13193
query,1508961866.5048196,1508961866.799697,5313
query,1508961866.7997012,1508961867.0140975,3932
query,1508961867.0141017,1508961867.0967734,1024
query,1508961867.0967777,1508961867.2742922,3441
query,1508961867.2742975,1508961867.4450092,5517
query,1508961867.445015,1508961868.2738929,21924
query,1508961868.2738976,1508961868.3322082,453
query,1508961868.332213,1508961868.3526807,0
query,1508961868.3526855,1508961868.4561234,2317
query,1508961868.4561274,1508961868.5001342,24
query,1508961868.5001385,1508961868.9773138,7385
query,1508961868.9773178,1508961869.3888767,13386
query,1508961869.388881,1508961870.096839,15956
query,1508961870.0968828,1508961870.1873577,683
query,1508961870.200204,1508961870.587563,20805
query,1508961870.5875673,1508961870.8752568,13089
query,1508961870.8752615,1508961871.3433478,12460
query,1508961871.3433523,1508961871.80637,7287
query,1508961871.8063743,1508961871.8664334,519
query,1508961871.8664382,1508961872.1197658,3457
query,1508961872.11977,1508961872.4315581,6112
query,1508961872.431562,1508961872.684903,3264
query,1508961872.6849074,1508961873.415599,21080
query,1508961873.4156103,1508961873.4313853,2
query,1508961873.43139,1508961873.6432946,3217
query,1508961873.6432989,1508961873.6796708,0
query,1508961873.679675,1508961873.756573,37
query,1508961873.756577,1508961874.17448,12155
query,1508961874.174484,1508961874.2081404,186
query,1508961874.2081442,1508961874.8563309,6069
query,1508961874.856335,1508961875.2252886,7386
query,1508961875.225293,1508961875.2722566,1
query,1508961875.2722611,1508961875.3223019,123
query,1508961875.322342,1508961876.1037517,9939
query,1508961876.116265,1508961876.1826193,727
query,1508961876.1826236,1508961877.7014987,21841
query,1508961877.701503,1508961878.6978884,21047
query,1508961878.6978922,1508961878.8444643,2504
query,1508961878.8444688,1508961879.4418333,12670
query,1508961879.441838,1508961880.4521089,22530
query,1508961880.4521132,1508961880.6636944,5473
query,1508961880.663699,1508961880.8626971,5549
query,1508961880.862703,1508961881.3117816,13250
query,1508961881.3117862,1508961882.3271577,15366
query,1508961882.3271616,1508961883.2010398,13145
query,1508961883.2010436,1508961883.2403781,2
query,1508961883.2403817,1508961883.3131802,968
query,1508961883.313184,1508961883.5925198,2692
query,1508961883.5925245,1508961883.7702634,2382
query,1508961883.7702684,1508961883.8621576,538
query,1508961883.8621626,1508961884.1775746,12986
query,1508961884.1775787,1508961884.3303528,514
query,1508961884.3303568,1508961885.0185616,14529
query,1508961885.018604,1508961885.154812,6297
query,1508961885.1675055,1508961885.8900256,14864
query,1508961885.8900301,1508961885.9888177,733
query,1508961885.9888222,1508961886.0421808,28
query,1508961886.0421855,1508961886.8225665,14180
query,1508961886.8225708,1508961886.9755461,5968
query,1508961886.9755504,1508961887.159979,5378
query,1508961887.1599836,1508961887.4691167,14761
query,1508961887.4691207,1508961887.5788736,620
query,1508961887.5788782,1508961888.0826888,9804
query,1508961888.0826936,1508961889.0244887,14559
query,1508961889.0244932,1508961889.1841235,6360
query,1508961889.1841276,1508961889.3584118,5485
query,1508961889.3584158,1508961889.4033625,40
query,1508961889.4033666,1508961889.797569,5880
query,1508961889.7975729,1508961890.0628986,3324
query,1508961890.0629025,1508961890.1793704,2955
query,1508961890.1793745,1508961890.270337,823
query,1508961890.2703412,1508961890.3157966,0
query,1508961890.3158011,1508961890.3745172,27
query,1508961890.3745606,1508961891.1980996,12332
query,1508961891.2107773,1508961891.9312012,12668
query,1508961891.9312057,1508961891.9938967,17
query,1508961891.9939015,1508961892.0275557,5
query,1508961892.0275598,1508961892.2717917,8567
query,1508961892.271796,1508961892.7204967,9252
query,1508961892.7205014,1508961892.9095156,3935
query,1508961892.9095201,1508961893.021063,1889
query,1508961893.0210676,1508961893.2425334,2229
query,1508961893.242538,1508961893.983973,20008
query,1508961893.9839773,1508961894.30058,3163
query,1508961894.3005846,1508961894.485255,4918
query,1508961894.4852588,1508961894.5830715,2655
query,1508961894.5830758,1508961895.1881585,15298
query,1508961895.1881628,1508961895.2500718,127
query,1508961895.250076,1508961895.3930745,2336
query,1508961895.393079,1508961895.6038656,7999
query,1508961895.6038766,1508961896.303751,13902
query,1508961896.3037555,1508961896.3414106,0
query,1508961896.341415,1508961896.4904623,5816
query,1508961896.490509,1508961896.5404139,1
query,1508961896.5452104,1508961896.657486,1568
query,1508961896.6574907,1508961896.7397122,621
query,1508961896.7397165,1508961896.9479902,3030
query,1508961896.9479942,1508961897.7554696,13076
query,1508961897.7554736,1508961897.8717673,1181
query,1508961897.871772,1508961897.9625657,81
query,1508961897.9625697,1508961898.2699952,3760
query,1508961898.2699993,1508961898.3965023,1607
query,1508961898.3965065,1508961898.4415205,0
query,1508961898.4415252,1508961898.8674374,6465
query,1508961898.8674414,1508961898.9975407,1136
query,1508961898.9975445,1508961899.2390654,2742
query,1508961899.2390704,1508961899.7992542,8180
query,1508961899.7992592,1508961900.4569082,6371
query,1508961900.4569123,1508961900.7770133,5664
query,1508961900.7770174,1508961901.3562112,15200
query,1508961901.3562155,1508961901.4070652,28
query,1508961901.40707,1508961901.4394884,9
query,1508961901.4394934,1508961901.974438,13270
query,1508961901.9744775,1508961902.4926653,11928
query,1508961902.506319,1508961902.591191,785
query,1508961902.591195,1508961902.959607,14806
query,1508961902.9596112,1508961903.3363023,7403
query,1508961903.3363068,1508961903.3819308,13
query,1508961903.3819356,1508961904.616319,22006
query,1508961904.6163237,1508961904.7545257,3666
query,1508961904.7545302,1508961904.8067055,14
query,1508961904.8067102,1508961905.2336996,9480
query,1508961905.2337034,1508961905.6801667,10827
query,1508961905.680171,1508961905.8564794,3082
query,1508961905.8564837,1508961906.315567,7457
query,1508961906.3155713,1508961906.4220471,2407
query,1508961906.4220512,1508961906.4707642,329
query,1508961906.4707682,1508961906.5435715,256
query,1508961906.5435758,1508961907.192227,15279
query,1508961907.1922312,1508961907.7002056,13724
query,1508961907.7002096,1508961907.7501476,8
query,1508961907.7501516,1508961908.011044,12829
query,1508961908.0110483,1508961908.0743723,6
query,1508961908.0744123,1508961908.5849624,12754
query,1508961908.5959015,1508961908.7019548,603
query,1508961908.7019591,1508961909.1227403,5970
query,1508961909.122745,1508961909.4390411,11929
query,1508961909.4390454,1508961909.5359511,781
query,1508961909.5359557,1508961910.4103894,21511
query,1508961910.4103944,1508961911.1850107,21913
query,1508961911.1850152,1508961911.7302423,20781
query,1508961911.7302473,1508961911.9550056,2967
query,1508961911.95501,1508961911.9948347,76
query,1508961911.994839,1508961912.238838,6299
query,1508961912.2388415,1508961912.2944188,185
query,1508961912.2944233,1508961912.7282534,5366
query,1508961912.7282577,1508961913.1982555,7386
query,1508961913.1982605,1508961913.3757763,5058
query,1508961913.3757825,1508961913.435476,18
query,1508961913.4354808,1508961913.4944448,148
query,1508961913.4944491,1508961914.355875,14632
query,1508961914.35588,1508961914.3911207,67
query,1508961914.3911247,1508961914.4508152,240
query,1508961914.4508724,1508961914.89082,6023
query,1508961914.9039783,1508961914.9634411,1037
query,1508961914.9634452,1508961915.0375423,507
query,1508961915.0375464,1508961915.1775625,7250
query,1508961915.1775668,1508961915.3024142,1564
query,1508961915.3024187,1508961915.4707565,5838
query,1508961915.4707606,1508961915.567344,795
query,1508961915.5673485,1508961915.8942554,20937
query,1508961915.894261,1508961915.9913168,3281
query,1508961915.9913218,1508961916.182417,8454
query,1508961916.182422,1508961916.6471741,6264
query,1508961916.6471791,1508961916.6940084,15
query,1508961916.6940129,1508961917.5493588,16370
query,1508961917.5493639,1508961917.6034086,17
query,1508961917.6034129,1508961918.0558558,11913
query,1508961918.0558605,1508961918.770063,21246
query,1508961918.7700675,1508961919.5859962,22068
query,1508961919.5860007,1508961920.1828105,12474
query,1508961920.182815,1508961920.2028718,1
query,1508961920.2028756,1508961920.406467,2139
query,1508961920.4065075,1508961920.821484,13983
query,1508961920.8340163,1508961920.910621,1296
query,1508961920.9106266,1508961921.0024405,1439
query,1508961921.0024445,1508961921.1910768,10344
query,1508961921.191081,1508961921.3054118,2825
query,1508961921.305416,1508961921.7729177,20926
query,1508961921.772922,1508961922.5589397,10690
query,1508961922.5589442,1508961922.829342,13054
query,1508961922.8293462,1508961923.0117698,4604
query,1508961923.011774,1508961923.2098222,5433
query,1508961923.2098272,1508961923.4258273,3519
query,1508961923.4258316,1508961923.526402,2619
query,1508961923.5264058,1508961923.6590474,1639
query,1508961923.6590517,1508961924.2508812,11580
query,1508961924.2508855,1508961924.3582945,880
query,1508961924.3582995,1508961924.746094,6204
query,1508961924.7461,1508961924.9192297,5364
query,1508961924.9192345,1508961925.040534,3219
query,1508961925.040538,1508961925.1357784,1772
query,1508961925.1357844,1508961925.3949792,6464
query,1508961925.39502,1508961925.6327474,6618
query,1508961925.6474187,1508961926.0385485,3520
query,1508961926.0385525,1508961926.4420774,6076
query,1508961926.4420824,1508961926.5922623,3479
query,1508961926.5922663,1508961926.8842301,5321
query,1508961926.8842347,1508961927.170372,20916
query,1508961927.1703763,1508961927.191048,4
query,1508961927.1910527,1508961927.285998,1752
query,1508961927.2860022,1508961927.7547786,12788
query,1508961927.7547836,1508961927.886558,1152
query,1508961927.8865619,1508961928.7361267,12105
query,1508961928.736131,1508961929.0481324,3196
query,1508961929.0481372,1508961930.0022097,21519
query,1508961930.0022142,1508961930.0494924,15
query,1508961930.0494971,1508961930.0717077,288
query,1508961930.0717115,1508961930.7015884,12442
query,1508961930.7015924,1508961930.7820568,606
query,1508961930.782061,1508961931.2125971,5975
query,1508961931.2126012,1508961931.5113034,9263
query,1508961931.5113077,1508961932.0272849,7906
query,1508961932.02734,1508961932.0661278,1
query,1508961932.071868,1508961932.5511048,15977
query,1508961932.5511088,1508961932.7123523,4640
query,1508961932.7123566,1508961932.7588468,392
query,1508961932.7588513,1508961932.921294,3623
query,1508961932.9212985,1508961933.0270112,1623
query,1508961933.0270152,1508961933.7943158,17478
query,1508961933.7943199,1508961933.8794744,2573
query,1508961933.8794794,1508961934.5581033,21277
query,1508961934.5581076,1508961934.7042184,4633
query,1508961934.7042227,1508961935.3703551,21239
query,1508961935.3703592,1508961935.9066594,13488
query,1508961935.9066634,1508961935.9596982,84
query,1508961935.9597023,1508961936.0237322,647
query,1508961936.0237362,1508961936.081229,388
query,1508961936.081233,1508961937.0911021,21036
query,1508961937.0911067,1508961937.7451012,11026
query,1508961937.7451053,1508961938.0382752,10308
query,1508961938.0382793,1508961938.0821567,353
query,1508961938.0821607,1508961938.3235571,4893
query,1508961938.323597,1508961938.3576622,6
query,1508961938.3694212,1508961938.9549737,13964
query,1508961938.9549787,1508961939.1394227,5116
query,1508961939.1394274,1508961939.201075,1556
query,1508961939.2010794,1508961939.8569605,18591
query,1508961939.8569646,1508961939.9090812,997
query,1508961939.909085,1508961940.143186,4582
query,1508961940.1431909,1508961940.1896753,434
query,1508961940.1896794,1508961940.7451434,12962
query,1508961940.7451475,1508961941.477939,16218
query,1508961941.4779432,1508961941.7524,5317
query,1508961941.7524042,1508961942.364412,23274
query,1508961942.3644166,1508961942.390823,262
query,1508961942.390827,1508961942.9723203,21265
query,1508961942.9723248,1508961943.0074277,405
query,1508961943.007432,1508961943.138033,3173
query,1508961943.1380367,1508961943.3735433,2911
query,1508961943.3735478,1508961943.3983457,332
query,1508961943.3983493,1508961943.421547,2
query,1508961943.4215508,1508961943.5760434,6437
query,1508961943.5760822,1508961943.6943305,3364
query,1508961943.7080057,1508961944.1114984,15042
query,1508961944.1115024,1508961944.3824306,6036
query,1508961944.3824348,1508961944.5454764,3108
query,1508961944.5454805,1508961944.613889,826
query,1508961944.613894,1508961944.6203704,0
query,1508961944.6203742,1508961944.9501529,4971
query,1508961944.950157,1508961945.1114314,3456
query,1508961945.1114352,1508961945.9428473,23627
query,1508961945.9428518,1508961946.0438364,802
query,1508961946.0438402,1508961946.113436,550
query,1508961946.1134405,1508961946.2010036,1152
query,1508961946.2010074,1508961946.8036582,17988
query,1508961946.803663,1508961947.3010633,16545
query,1508961947.301068,1508961947.391992,2785
query,1508961947.3919964,1508961947.5362463,5070
query,1508961947.536251,1508961947.7398973,3444
query,1508961947.7399385,1508961948.4466763,16145
query,1508961948.4466805,1508961948.6586847,5547
query,1508961948.6586893,1508961948.7596176,4408
query,1508961948.7596629,1508961948.7926495,81
query,1508961948.8065917,1508961948.9561617,3188
query,1508961948.956166,1508961949.3493376,8234
query,1508961949.3493414,1508961949.837,12394
query,1508961949.8370047,1508961949.996096,2241
query,1508961949.9961,1508961950.469497,6756
query,1508961950.469501,1508961950.4987075,203
query,1508961950.4987116,1508961951.626272,18476
query,1508961951.6262763,1508961951.750249,3103
query,1508961951.7502537,1508961952.0264158,6203
query,1508961952.0264199,1508961952.1246865,1349
query,1508961952.1246908,1508961952.482598,13207
query,1508961952.4826024,1508961952.7538395,6086
query,1508961952.753844,1508961953.0983963,13904
query,1508961953.0984013,1508961953.542987,6798
query,1508961953.5429928,1508961954.1979392,15114
query,1508961954.1979432,1508961954.4649992,7292
query,1508961954.465004,1508961954.883865,11794
query,1508961954.883869,1508961955.1712842,3103
query,1508961955.1712887,1508961955.2068677,33
query,1508961955.2069106,1508961955.2514281,47
query,1508961955.2667801,1508961955.293127,2
query,1508961955.2931314,1508961955.414475,3340
query,1508961955.4144797,1508961955.658823,1762
query,1508961955.6588278,1508961955.715145,1291
query,1508961955.7151494,1508961955.7760448,791
query,1508961955.7760494,1508961955.8643386,2001
query,1508961955.8643434,1508961956.0694096,3981
query,1508961956.0694137,1508961956.2072706,2411
query,1508961956.2072759,1508961956.2499616,7
query,1508961956.2499738,1508961956.4662387,4681
query,1508961956.4662433,1508961956.7231598,8079
query,1508961956.7231653,1508961956.7803857,20
query,1508961956.78039,1508961957.0963628,9464
query,1508961957.0963671,1508961957.2027245,4215
query,1508961957.202729,1508961957.2387357,97
query,1508961957.2387393,1508961957.6984866,15057
query,1508961957.6984906,1508961957.8023357,2039
query,1508961957.80234,1508961958.1292605,12289
query,1508961958.1292644,1508961958.3607485,8611
query,1508961958.3610556,1508961958.6466587,13211
query,1508961958.6591432,1508961958.709233,239
query,1508961958.7092366,1508961959.0225914,7357
query,1508961959.022596,1508961959.2867908,20775
query,1508961959.2867951,1508961959.4366214,5648
query,1508961959.4366255,1508961959.470202,132
query,1508961959.4702063,1508961959.5384665,418
query,1508961959.5384712,1508961959.6898997,5309
query,1508961959.689904,1508961959.7300434,6
query,1508961959.730048,1508961959.7854502,1316
query,1508961959.7854545,1508961960.3113904,5528
query,1508961960.3113947,1508961960.3674304,864
query,1508961960.3674347,1508961961.164521,18994
query,1508961961.1645253,1508961961.3835647,3670
query,1508961961.3835702,1508961961.5039296,4489
query,1508961961.5039334,1508961961.543869,3
query,1508961961.543873,1508961962.0050647,7305
query,1508961962.0050714,1508961962.2087343,3977
query,1508961962.2087383,1508961962.5747225,12327
query,1508961962.5747266,1508961963.2866962,3353
query,1508961963.2867413,1508961963.414302,6836
query,1508961963.4299138,1508961963.504002,1105
query,1508961963.5040061,1508961963.9383087,9114
query,1508961963.938313,1508961964.2431414,9874
query,1508961964.243146,1508961964.2718747,0
query,1508961964.2718787,1508961965.1636066,15653
query,1508961965.1636107,1508961965.2650573,1170
query,1508961965.2650616,1508961965.3571584,1078
query,1508961965.3571625,1508961965.3941789,39
query,1508961965.3941824,1508961965.547393,3090
query,1508961965.5473976,1508961965.6123495,688
query,1508961965.6123536,1508961966.289763,13851
query,1508961966.2897675,1508961967.1518621,12957
query,1508961967.1518672,1508961967.168147,0
query,1508961967.168151,1508961967.2082982,4
query,1508961967.2083015,1508961967.6650493,13198
query,1508961967.6650534,1508961968.0058463,5961
query,1508961968.00585,1508961968.2478583,6455
query,1508961968.2478626,1508961968.2851353,30
query,1508961968.2851396,1508961968.3977349,1846
query,1508961968.397778,1508961968.828474,21109
query,1508961968.8405454,1508961969.7529461,17499
query,1508961969.7529504,1508961969.8413796,1261
query,1508961969.8413844,1508961970.7401085,15834
query,1508961970.7401125,1508961970.8766677,3090
query,1508961970.876672,1508961971.2695856,13448
query,1508961971.2695897,1508961971.3525412,1813
query,1508961971.352545,1508961971.4138005,243
query,1508961971.4138052,1508961971.6726003,5727
query,1508961971.6726046,1508961972.2453654,12706
query,1508961972.2453692,1508961973.0475864,15422
query,1508961973.0475907,1508961973.1653678,3355
query,1508961973.1653721,1508961973.7752836,14295
query,1508961973.7752879,1508961974.5737915,20935
query,1508961974.573796,1508961975.1989255,10585
query,1508961975.1989295,1508961975.896993,17078
query,1508961975.896997,1508961976.0223105,3089
query,1508961976.0223143,1508961976.4120417,4806
query,1508961976.412046,1508961976.4507296,65
query,1508961976.4507337,1508961976.9639795,16717
query,1508961976.964016,1508961977.1157515,1553
query,1508961977.1279156,1508961977.7266278,21040
query,1508961977.7266328,1508961977.766237,128
query,1508961977.7662408,1508961978.0577178,4267
query,1508961978.0577228,1508961978.2965748,9718
query,1508961978.2965791,1508961978.6284792,7006
query,1508961978.6284833,1508961979.3116076,22153
query,1508961979.3116124,1508961979.8506327,8634
query,1508961979.8506367,1508961980.4464862,14194
query,1508961980.4464905,1508961980.9322858,13694
query,1508961980.9322898,1508961981.534484,3351
query,1508961981.534488,1508961981.5863688,296
query,1508961981.586373,1508961981.6784604,421
query,1508961981.6784647,1508961982.491493,12558
query,1508961982.491497,1508961982.5299644,1
query,1508961982.5299685,1508961983.108867,9418
query,1508961983.108871,1508961983.3975663,5636
query,1508961983.3975716,1508961983.8367686,9538
query,1508961983.836773,1508961984.6598418,14193
query,1508961984.6598463,1508961985.0902033,10939
query,1508961985.0902529,1508961986.3841734,16625
query,1508961986.3963583,1508961986.4549885,388
query,1508961986.454994,1508961986.5039759,138
query,1508961986.5039804,1508961986.825119,8792
query,1508961986.825123,1508961987.3441162,13047
query,1508961987.3441203,1508961988.052493,14183
query,1508961988.0524974,1508961988.5896974,13711
query,1508961988.5897024,1508961988.6799088,3944
query,1508961988.6799128,1508961988.820464,3775
query,1508961988.8204687,1508961988.8811338,13
query,1508961988.8811383,1508961989.5342362,7559
query,1508961989.5342402,1508961989.6390219,12
query,1508961989.6390254,1508961989.7032259,435
query,1508961989.70323,1508961990.0804358,7181
query,1508961990.08044,1508961990.8481777,20925
query,1508961990.8481815,1508961991.8989244,15309
query,1508961991.898929,1508961992.0051098,1472
query,1508961992.005114,1508961992.5681965,21766
query,1508961992.568201,1508961992.9006047,4376
query,1508961992.9006104,1508961993.3746517,13707
query,1508961993.374709,1508961994.107175,12946
query,1508961994.1242123,1508961994.2631612,748
query,1508961994.2631652,1508961994.6500635,9304
query,1508961994.650068,1508961994.7749932,746
query,1508961994.7749975,1508961995.2629378,4456
query,1508961995.2629428,1508961995.8790295,10467
query,1508961995.8790338,1508961996.29815,8495
query,1508961996.2981546,1508961996.3586996,664
query,1508961996.358704,1508961997.2028298,21023
query,1508961997.2028341,1508961997.4272728,9548
query,1508961997.4272768,1508961997.4779549,145
query,1508961997.4779594,1508961997.9800696,6907
query,1508961997.9800737,1508961998.4198158,8369
query,1508961998.4198205,1508961998.6325374,4702
query,1508961998.6325417,1508961998.6939268,10
query,1508961998.693931,1508961998.7893574,1555
query,1508961998.7893617,1508961998.930713,1523
query,1508961998.9307177,1508961999.095516,4316
query,1508961999.0955205,1508961999.488342,11952
query,1508961999.488346,1508962000.2014925,13248
query,1508962000.201534,1508962000.6393058,6163
query,1508962000.651572,1508962000.9697707,9471
query,1508962000.9697745,1508962001.5933495,8870
query,1508962001.593354,1508962002.1849973,10595
query,1508962002.1850016,1508962002.3027613,1299
query,1508962002.3027656,1508962002.3545191,375
query,1508962002.3545232,1508962002.4143088,85
query,1508962002.414313,1508962002.7830322,9512
query,1508962002.7830367,1508962003.6980736,16334
query,1508962003.698078,1508962004.547932,18310
query,1508962004.5479357,1508962005.3454757,10939
query,1508962005.34548,1508962005.6303267,6297
query,1508962005.6303308,1508962006.3465924,23594
query,1508962006.3465972,1508962006.379233,27
query,1508962006.3792367,1508962006.7002587,13110
query,1508962006.700264,1508962006.8956203,6134
query,1508962006.8956256,1508962007.6066344,14715
query,1508962007.606638,1508962007.8692431,9210
query,1508962007.8692477,1508962007.937861,502
query,1508962007.9378648,1508962008.2237275,4831
query,1508962008.2237718,1508962008.277759,299
query,1508962008.2926745,1508962008.6966617,13575
query,1508962008.6966665,1508962008.9272397,2724
query,1508962008.9272437,1508962009.18423,4855
query,1508962009.1842344,1508962009.2203948,305
query,1508962009.2203991,1508962009.4386353,4530
query,1508962009.4386394,1508962010.0936491,22584
query,1508962010.0936542,1508962010.562198,15811
query,1508962010.5622022,1508962011.2142189,12482
query,1508962011.2142231,1508962011.2673807,10
query,1508962011.2673857,1508962011.7034593,13562
query,1508962011.703463,1508962011.980285,6696
query,1508962011.9802892,1508962012.0158532,3
query,1508962012.0158575,1508962012.313985,7162
query,1508962012.3139892,1508962012.3418517,88
query,1508962012.3418558,1508962012.4584274,797
query,1508962012.4584317,1508962013.355248,16010
query,1508962013.3552525,1508962013.4066963,298
query,1508962013.4067004,1508962014.2140076,14648
query,1508962014.2140136,1508962015.06614,13164
query,1508962015.0662305,1508962015.551074,16788
query,1508962015.562855,1508962015.6500769,117
query,1508962015.650081,1508962015.7343428,1278
query,1508962015.7343469,1508962015.896904,5495
query,1508962015.8969085,1508962015.953864,166
query,1508962015.953869,1508962016.0059433,30
query,1508962016.0059476,1508962016.147703,4080
query,1508962016.1477075,1508962016.637142,11060
query,1508962016.6371465,1508962016.6829724,1
query,1508962016.6829765,1508962016.7429318,303
query,1508962016.7429366,1508962016.8024077,49
query,1508962016.802412,1508962017.170561,7162
query,1508962017.1705654,1508962018.1436803,13319
query,1508962018.1436844,1508962018.632011,12341
query,1508962018.6320155,1508962018.723664,601
query,1508962018.723668,1508962020.1331139,21259
query,1508962020.1331193,1508962020.566769,11879
query,1508962020.566773,1508962020.7778459,3319
query,1508962020.7778502,1508962021.0580602,3545
query,1508962021.0580645,1508962021.479064,14477
query,1508962021.4791014,1508962021.8472521,3410
query,1508962021.8593004,1508962022.2971516,8510
query,1508962022.2971559,1508962023.078532,13422
query,1508962023.0785363,1508962023.1237798,0
query,1508962023.1237836,1508962024.387671,15899
query,1508962024.3876748,1508962024.4342694,325
query,1508962024.434273,1508962024.923664,14051
query,1508962024.9236681,1508962025.249904,4617
query,1508962025.2499077,1508962025.8443294,9215
query,1508962025.844334,1508962026.1541765,4955
query,1508962026.1541812,1508962026.2033305,151
query,1508962026.2033348,1508962026.4085217,4506
query,1508962026.4085257,1508962027.1099856,20900
query,1508962027.1099901,1508962027.1978128,87
query,1508962027.1978178,1508962027.6252968,8665
query,1508962027.6253011,1508962028.0608866,6344
query,1508962028.060891,1508962028.1008437,479
query,1508962028.1008475,1508962028.1355112,63
query,1508962028.1355152,1508962028.5913482,13243
query,1508962028.5913527,1508962028.6280932,0
query,1508962028.6281304,1508962029.0171757,5702
query,1508962029.0295897,1508962029.3433964,5433
query,1508962029.3434002,1508962029.4178495,2914
query,1508962029.4178538,1508962030.2825568,14832
query,1508962030.2825608,1508962030.338091,51
query,1508962030.3380952,1508962030.8387854,9604
query,1508962030.8387904,1508962030.9509215,2596
query,1508962030.9509256,1508962031.0431542,807
query,1508962031.0431588,1508962031.359262,7850
query,1508962031.3592668,1508962031.8286543,7824
query,1508962031.8286583,1508962032.7181623,3352
query,1508962032.7181664,1508962033.5019186,12212
query,1508962033.5019226,1508962033.6572735,6121
query,1508962033.6572778,1508962033.9192126,6807
query,1508962033.9192166,1508962034.1340272,7201
query,1508962034.1340315,1508962034.60668,9695
query,1508962034.606684,1508962034.9666479,4435
query,1508962034.9666526,1508962035.1233225,713
query,1508962035.1233265,1508962035.290965,2269
query,1508962035.2909696,1508962035.4592874,4330
query,1508962035.4593322,1508962035.475266,0
query,1508962035.4767046,1508962035.543329,73
query,1508962035.543333,1508962036.3479283,3350
query,1508962036.3479326,1508962036.5041692,3484
query,1508962036.5041735,1508962037.286862,14068
query,1508962037.2868664,1508962037.7044039,11607
query,1508962037.704408,1508962037.9319677,3465
query,1508962037.9319723,1508962038.0071115,1547
query,1508962038.0071163,1508962038.0906458,1685
query,1508962038.0906506,1508962038.142218,21
query,1508962038.142222,1508962038.9466476,22502
query,1508962038.946652,1508962039.1715152,20777
query,1508962039.171519,1508962040.252613,23514
query,1508962040.2526174,1508962040.754982,12788
query,1508962040.754986,1508962041.2281458,6202
query,1508962041.2281497,1508962041.3795042,2548
query,1508962041.3795092,1508962041.9146945,12691
query,1508962041.9146996,1508962042.0727053,2107
query,1508962042.0727093,1508962042.1423888,350
query,1508962042.142393,1508962043.3102474,22439
query,1508962043.310291,1508962043.8457003,9411
query,1508962043.8575912,1508962044.4280999,9200
query,1508962044.4281037,1508962044.624258,8857
query,1508962044.6242619,1508962044.8957489,3247
query,1508962044.895753,1508962045.4239314,13888
query,1508962045.423936,1508962046.3803403,22240
query,1508962046.3803444,1508962046.4702373,1296
query,1508962046.4702413,1508962046.5194576,17
query,1508962046.5194614,1508962046.9551487,13246
query,1508962046.9551532,1508962047.2314866,6279
query,1508962047.2314906,1508962047.3724506,3096
query,1508962047.3724556,1508962047.4078891,0
query,1508962047.4078937,1508962047.4407523,50
query,1508962047.440756,1508962047.7427125,4215
query,1508962047.7427163,1508962048.035254,8461
query,1508962048.035258,1508962048.229969,5886
query,1508962048.2299733,1508962048.27172,3
query,1508962048.2717247,1508962049.2279704,20970
query,1508962049.2279742,1508962049.332967,1199
query,1508962049.332971,1508962049.958301,3347
query,1508962049.958338,1508962050.170606,2183
query,1508962050.1827426,1508962050.5640497,9011
query,1508962050.564054,1508962050.600701,176
query,1508962050.6007051,1508962050.633278,70
query,1508962050.633282,1508962050.6964395,735
query,1508962050.6964433,1508962050.7578921,589
query,1508962050.757897,1508962051.2175174,6451
query,1508962051.2175224,1508962051.7769325,12465
query,1508962051.7769375,1508962051.8906891,2987
query,1508962051.8906934,1508962051.963938,561
query,1508962051.9639418,1508962052.0502865,1633
query,1508962052.050291,1508962052.1300566,52
query,1508962052.1300604,1508962052.6180968,13051
query,1508962052.6181016,1508962052.6662962,203
query,1508962052.6663,1508962052.7254946,76
query,1508962052.7254982,1508962052.786222,268
query,1508962052.7862253,1508962053.0064852,4872
query,1508962053.0064893,1508962053.144077,4157
query,1508962053.144081,1508962053.4015672,3467
query,1508962053.4015713,1508962053.854968,8662
query,1508962053.8550117,1508962054.2933433,13255
query,1508962054.3062959,1508962054.4902549,3320
query,1508962054.4902594,1508962054.5425138,294
query,1508962054.5425198,1508962054.6385086,1503
query,1508962054.6385148,1508962054.7027264,31
query,1508962054.7027311,1508962054.9389772,3923
query,1508962054.938981,1508962054.980137,5
query,1508962054.980141,1508962055.0308142,93
query,1508962055.0308187,1508962055.0902817,35
query,1508962055.090286,1508962055.2054105,990
query,1508962055.2054152,1508962055.6721919,12769
query,1508962055.672196,1508962055.7036057,89
query,1508962055.703609,1508962055.760856,793
query,1508962055.76086,1508962055.8011873,152
query,1508962055.8011906,1508962056.0299122,4223
query,1508962056.029916,1508962056.1401153,865
query,1508962056.1401193,1508962056.5923393,15897
query,1508962056.5923438,1508962057.007568,11240
query,1508962057.0075724,1508962057.7490394,16137
query,1508962057.7490447,1508962058.243271,9502
query,1508962058.243317,1508962058.9339726,14133
query,1508962058.950031,1508962059.4567685,11636
query,1508962059.4567726,1508962059.5309627,463
query,1508962059.5309672,1508962059.5902693,100
query,1508962059.5902736,1508962059.626682,309
query,1508962059.626686,1508962059.6787624,433
query,1508962059.6787682,1508962060.3981035,14945
query,1508962060.398109,1508962060.9546967,14588
query,1508962060.954702,1508962061.0686803,1151
query,1508962061.0686846,1508962061.117721,23
query,1508962061.1177251,1508962061.232237,3094
query,1508962061.2322412,1508962061.288861,56
query,1508962061.2888653,1508962061.715666,7424
query,1508962061.7156706,1508962061.7557123,3
query,1508962061.755716,1508962061.9157481,6849
query,1508962061.915752,1508962062.5146494,22131
query,1508962062.514654,1508962062.8272574,3631
query,1508962062.8272614,1508962063.1673086,5595
query,1508962063.167313,1508962063.4827478,3629
query,1508962063.482752,1508962063.625333,4230
query,1508962063.6253695,1508962064.2126775,8808
query,1508962064.2248385,1508962064.3027594,1059
query,1508962064.302764,1508962064.6052067,4385
query,1508962064.6052122,1508962065.0720444,13182
query,1508962065.0720494,1508962065.230449,4797
query,1508962065.2304533,1508962066.0309408,16053
query,1508962066.0309455,1508962066.536409,9822
query,1508962066.536413,1508962066.715712,4284
query,1508962066.7157164,1508962066.7531602,1
query,1508962066.753164,1508962067.4185865,12412
query,1508962067.4185908,1508962067.437976,0
query,1508962067.4379804,1508962067.4606426,2
query,1508962067.4606462,1508962067.4816685,2
query,1508962067.4816728,1508962067.4900894,0
query,1508962067.4900947,1508962067.9057858,11978
query,1508962067.9057906,1508962067.940288,0
query,1508962067.9402926,1508962068.4547162,15558
query,1508962068.4547207,1508962068.5155883,7
query,1508962068.5155945,1508962068.9463885,8665
query,1508962068.9463928,1508962069.306586,20794
query,1508962069.3066237,1508962069.3520584,10
query,1508962069.3639455,1508962070.037037,14881
query,1508962070.037041,1508962070.0842378,809
query,1508962070.0842416,1508962070.1237285,363
query,1508962070.1237328,1508962070.430402,4403
query,1508962070.4304066,1508962070.7627313,13187
query,1508962070.7627351,1508962071.0311244,9446
query,1508962071.0311284,1508962071.1886704,4014
query,1508962071.1886747,1508962071.4627194,3228
query,1508962071.462724,1508962071.6995761,4894
query,1508962071.6995804,1508962071.9150336,5623
query,1508962071.9150379,1508962072.082485,3178
query,1508962072.0824893,1508962072.3998694,9325
query,1508962072.3998744,1508962072.6947317,4276
query,1508962072.6947362,1508962072.8801804,5316
query,1508962072.8801844,1508962073.0559044,5182
query,1508962073.0559082,1508962073.3697994,5906
query,1508962073.3698041,1508962073.4230063,159
query,1508962073.4230106,1508962073.8865674,12513
query,1508962073.886572,1508962073.9580932,5
query,1508962073.9581363,1508962074.0144484,464
query,1508962074.026316,1508962074.0700243,2
query,1508962074.0700285,1508962074.3608272,10316
query,1508962074.3608315,1508962074.4938207,1619
query,1508962074.4938247,1508962074.591542,3008
query,1508962074.591546,1508962074.7743812,2553
query,1508962074.7743855,1508962074.9241188,2305
query,1508962074.924123,1508962075.5165129,8884
query,1508962075.5165179,1508962075.7375147,6489
query,1508962075.737519,1508962076.2610686,21011
query,1508962076.2610726,1508962076.6720533,20788
query,1508962076.6720579,1508962077.136143,20803
query,1508962077.136147,1508962077.490356,6196
query,1508962077.4903607,1508962077.8624172,20859
query,1508962077.862422,1508962078.1231623,5415
query,1508962078.1231668,1508962078.3688455,8711
query,1508962078.3688502,1508962078.454317,1166
query,1508962078.4543219,1508962078.6508439,4463
query,1508962078.6508484,1508962078.740062,3454
query,1508962078.7400658,1508962078.8008192,235
query,1508962078.8008728,1508962078.8779628,1532
query,1508962078.8912997,1508962079.5104578,14257
query,1508962079.5104623,1508962079.6585274,5228
query,1508962079.6585317,1508962079.9942796,6585
query,1508962079.994284,1508962081.1910014,16557
query,1508962081.191006,1508962082.4923792,23549
query,1508962082.4923832,1508962083.1087284,13041
query,1508962083.108733,1508962083.1438603,0
query,1508962083.143865,1508962083.7657366,21011
query,1508962083.7657413,1508962083.8267398,5
query,1508962083.8267446,1508962084.5759757,15506
query,1508962084.5759802,1508962084.6950839,1296
query,1508962084.6950881,1508962084.7356155,168
query,1508962084.7356203,1508962086.2965984,19135
query,1508962086.2966025,1508962086.317567,0
query,1508962086.3175712,1508962087.2329252,17175
query,1508962087.2329295,1508962088.1271205,15924
query,1508962088.1271248,1508962088.9206214,13097
query,1508962088.9206264,1508962089.2303073,7335
query,1508962089.2303114,1508962089.4625614,3942
query,1508962089.462606,1508962089.6767092,3103
query,1508962089.689026,1508962089.7380033,6
query,1508962089.7380073,1508962089.7982862,12
query,1508962089.7982898,1508962089.8499584,1
query,1508962089.8499622,1508962089.8981888,68
query,1508962089.8981934,1508962090.3946865,22092
query,1508962090.3946912,1508962090.8246171,13221
query,1508962090.8246212,1508962091.1286604,8484
query,1508962091.128665,1508962091.6364188,6269
query,1508962091.636423,1508962092.1598432,12710
query,1508962092.1598475,1508962092.2072163,6
query,1508962092.207221,1508962092.403483,2211
query,1508962092.4034874,1508962092.578715,6444
query,1508962092.57872,1508962093.134672,8846
query,1508962093.1346762,1508962093.4330237,4845
query,1508962093.433029,1508962093.5647833,2757
query,1508962093.5650115,1508962094.1218195,10162
query,1508962094.1218238,1508962094.2792113,4682
query,1508962094.279216,1508962094.3364408,244
query,1508962094.3364449,1508962094.5481548,3060
query,1508962094.5482101,1508962095.2476115,21065
query,1508962095.261055,1508962095.4075236,571
query,1508962095.4075277,1508962095.9148192,12779
query,1508962095.9148238,1508962096.3730597,14052
query,1508962096.3730645,1508962097.3552895,19129
query,1508962097.3552935,1508962097.748994,3672
query,1508962097.7489984,1508962098.523499,15136
query,1508962098.523503,1508962098.5679364,0
query,1508962098.5679405,1508962098.769466,3194
query,1508962098.76947,1508962098.8514254,1237
query,1508962098.8514295,1508962098.90701,204
query,1508962098.9070146,1508962098.9739065,10
query,1508962098.9739108,1508962099.8251522,14015
query,1508962099.8251565,1508962099.938344,769
query,1508962099.9383478,1508962100.9203496,24168
query,1508962100.920354,1508962101.7669241,16334
query,1508962101.7669282,1508962102.3660116,15045
query,1508962102.3660164,1508962102.4493616,1205
query,1508962102.449366,1508962102.620886,4756
query,1508962102.6208909,1508962102.8699284,4066
query,1508962102.86997,1508962102.9555779,175
query,1508962102.96737,1508962103.1050744,3873
query,1508962103.1050785,1508962103.536776,5751
query,1508962103.5367796,1508962103.5861144,108
query,1508962103.5861185,1508962103.6133068,0
query,1508962103.613311,1508962104.1891327,14445
query,1508962104.1891367,1508962104.899454,14056
query,1508962104.899459,1508962104.97323,405
query,1508962104.9732354,1508962105.199832,8098
query,1508962105.1998365,1508962105.3618069,2073
query,1508962105.361811,1508962105.5996926,4353
query,1508962105.5996969,1508962105.9539366,8310
query,1508962105.9539409,1508962106.4608366,20966
query,1508962106.4608414,1508962106.6305914,13239
query,1508962106.6305964,1508962106.8923364,5987
query,1508962106.8923404,1508962106.9806437,1276
query,1508962106.9806478,1508962107.9077957,21032
query,1508962107.9077997,1508962108.270409,5484
query,1508962108.2704139,1508962108.3295343,3
query,1508962108.3295386,1508962108.3806038,370
query,1508962108.380642,1508962108.609976,9240
query,1508962108.6219103,1508962109.32733,15321
query,1508962109.3273342,1508962109.5243251,5274
query,1508962109.5243294,1508962109.587388,11
query,1508962109.5873928,1508962110.0901763,13115
query,1508962110.0901809,1508962110.5346794,9207
query,1508962110.5346835,1508962111.158752,8134
query,1508962111.1587563,1508962111.2545521,2351
query,1508962111.254557,1508962111.6933205,14776
query,1508962111.693325,1508962112.119996,5472
query,1508962112.1200004,1508962112.213264,1503
query,1508962112.2132683,1508962112.2476835,0
query,1508962112.2476876,1508962113.2418678,23448
query,1508962113.2418723,1508962113.6541746,4600
query,1508962113.6541786,1508962114.5336866,13296
query,1508962114.533691,1508962114.895991,3743
query,1508962114.8959954,1508962114.9997947,1096
query,1508962114.9997985,1508962115.568745,14790
query,1508962115.568749,1508962116.0680008,13696
query,1508962116.0680048,1508962116.4276817,11627
query,1508962116.4277337,1508962116.7607074,5747
query,1508962116.7777486,1508962117.0063143,7553
query,1508962117.006319,1508962117.6861959,16362
query,1508962117.6862004,1508962117.8194926,2620
query,1508962117.819497,1508962117.8998926,1079
query,1508962117.899896,1508962117.9842973,3713
query,1508962117.9843013,1508962118.021245,57
query,1508962118.0212488,1508962118.0819683,382
query,1508962118.0819721,1508962119.02068,16734
query,1508962119.0206845,1508962119.2562876,6664
query,1508962119.2562919,1508962119.2640085,0
query,1508962119.2640123,1508962119.5826795,6539
query,1508962119.582684,1508962119.6519036,392
query,1508962119.6519082,1508962119.7325773,1461
query,1508962119.7325816,1508962120.1447077,12610
query,1508962120.1447117,1508962120.2480497,2065
query,1508962120.2480536,1508962121.24037,15609
query,1508962121.2403748,1508962121.9839458,14220
query,1508962121.9839506,1508962122.3649573,8709
query,1508962122.3649623,1508962122.418083,119
query,1508962122.4181335,1508962122.5363693,2849
query,1508962122.5516543,1508962122.8158276,5137
query,1508962122.8158321,1508962122.8495913,191
query,1508962122.8495963,1508962123.638579,18025
query,1508962123.638583,1508962123.760522,1820
query,1508962123.760526,1508962123.8976912,5613
query,1508962123.8976958,1508962123.9390144,4
query,1508962123.9390187,1508962124.3505714,8088
query,1508962124.350576,1508962124.5275955,2239
query,1508962124.5275998,1508962124.9110491,6714
query,1508962124.9110527,1508962125.070525,4567
query,1508962125.0705292,1508962126.157771,22220
query,1508962126.1577766,1508962126.55258,5642
query,1508962126.552585,1508962126.6007066,2
query,1508962126.6007116,1508962127.2148066,14488
query,1508962127.2148106,1508962127.5426083,14749
query,1508962127.5426128,1508962127.5955234,358
query,1508962127.5955274,1508962128.5901186,16555
query,1508962128.5901234,1508962129.2580001,11998
query,1508962129.2580047,1508962129.823197,12531
query,1508962129.82324,1508962130.030828,6064
query,1508962130.0436296,1508962130.150366,4220
query,1508962130.1503708,1508962130.3889601,7665
query,1508962130.3889647,1508962130.8958812,10014
query,1508962130.8958857,1508962131.0286903,540
query,1508962131.0286949,1508962131.265344,6514
query,1508962131.2653482,1508962132.0268233,13339
query,1508962132.0268295,1508962132.0699625,1
query,1508962132.069968,1508962132.541914,7575
query,1508962132.5419183,1508962133.1269267,10987
query,1508962133.1269312,1508962133.6833742,14879
query,1508962133.6833782,1508962133.729762,90
query,1508962133.7297661,1508962134.1511078,14006
query,1508962134.151112,1508962134.419711,4710
query,1508962134.4197154,1508962134.5156887,2337
query,1508962134.5156932,1508962134.5485919,4
query,1508962134.5485966,1508962134.601914,1
query,1508962134.601918,1508962134.6667523,288
query,1508962134.6667566,1508962135.2750242,13870
query,1508962135.2750287,1508962135.8365467,7485
query,1508962135.8365998,1508962135.8785348,6
query,1508962135.8910208,1508962136.715701,15137
query,1508962136.7157056,1508962137.4623039,12217
query,1508962137.4623084,1508962137.9339924,14244
query,1508962137.9339972,1508962138.0144653,298
query,1508962138.0144696,1508962138.1702595,4240
query,1508962138.1702638,1508962138.3668168,3155
query,1508962138.3668206,1508962138.4218593,263
query,1508962138.4218633,1508962139.015041,9448
query,1508962139.0150456,1508962139.5987096,8089
query,1508962139.598714,1508962139.8649638,9688
query,1508962139.8649678,1508962139.9654624,1037
query,1508962139.9654667,1508962140.010863,114
query,1508962140.0108676,1508962140.8713834,23147
query,1508962140.871388,1508962140.904519,7
query,1508962140.9045231,1508962140.962367,229
query,1508962140.9623716,1508962141.0175903,4
query,1508962141.017594,1508962141.6789992,13452
query,1508962141.6790035,1508962141.8692968,6491
query,1508962141.869301,1508962142.0541236,1297
query,1508962142.0541646,1508962142.1825025,4250
query,1508962142.1945932,1508962142.3296928,2951
query,1508962142.3296964,1508962143.1889744,13481
query,1508962143.188979,1508962143.2297847,1
query,1508962143.2297895,1508962143.2739193,4
query,1508962143.2739239,1508962143.3530376,6
query,1508962143.3530416,1508962144.2155068,16047
query,1508962144.2155108,1508962144.297778,46
query,1508962144.2977824,1508962145.259322,16221
query,1508962145.2593262,1508962145.367863,4650
query,1508962145.367868,1508962145.4257438,15
query,1508962145.4257483,1508962145.7207084,12327
query,1508962145.7207124,1508962146.2790835,3348
query,1508962146.2790875,1508962146.8839931,17232
query,1508962146.8839982,1508962147.0130713,1263
query,1508962147.0130758,1508962147.162243,3945
query,1508962147.1622472,1508962147.5798795,8603
query,1508962147.5798843,1508962148.387188,16057
query,1508962148.3871927,1508962148.4716094,249
query,1508962148.4716134,1508962148.898122,6444
query,1508962148.898163,1508962149.221429,8199
query,1508962149.2347858,1508962149.8392599,14461
query,1508962149.8392649,1508962150.005446,5777
query,1508962150.00545,1508962150.1301725,3280
query,1508962150.1301765,1508962150.2037847,1347
query,1508962150.20379,1508962150.5022829,5048
query,1508962150.5022874,1508962150.5431364,1
query,1508962150.5431402,1508962150.601481,149
query,1508962150.6014848,1508962150.988284,13512
query,1508962150.9882886,1508962151.1485548,5298
query,1508962151.1485586,1508962151.3502474,7411
query,1508962151.350252,1508962151.5450037,3470
query,1508962151.5450082,1508962152.1411283,10606
query,1508962152.1411333,1508962152.9585733,21745
query,1508962152.958578,1508962153.3500266,6587
query,1508962153.3500319,1508962153.4353824,845
query,1508962153.435386,1508962153.552994,1324
query,1508962153.5529995,1508962153.734922,7497
query,1508962153.7349262,1508962153.8062453,1
query,1508962153.8062496,1508962153.8709266,169
query,1508962153.870977,1508962154.178505,3259
query,1508962154.1905923,1508962154.3100524,6875
query,1508962154.3100564,1508962154.356851,190
query,1508962154.3568554,1508962154.4894269,6322
query,1508962154.4894319,1508962154.7792892,5503
query,1508962154.7792943,1508962154.8143005,370
query,1508962154.8143046,1508962154.8681998,483
query,1508962154.8682036,1508962154.9036026,0
query,1508962154.903607,1508962155.430465,20880
query,1508962155.4304695,1508962156.1002162,12752
query,1508962156.1002204,1508962156.1579401,425
query,1508962156.1579447,1508962156.214308,661
query,1508962156.2143116,1508962156.562053,13093
query,1508962156.5620573,1508962156.8060179,7381
query,1508962156.8060226,1508962156.8386748,125
query,1508962156.838679,1508962157.1730347,8203
query,1508962157.1730394,1508962157.2788768,1891
query,1508962157.2788813,1508962157.3299017,1
query,1508962157.3299057,1508962157.7054212,8562
query,1508962157.7054253,1508962157.7351885,98
query,1508962157.7352283,1508962158.1608222,14795
query,1508962158.1731157,1508962158.3000314,1200
query,1508962158.3000355,1508962158.8827565,12099
query,1508962158.882761,1508962159.7334244,13757
query,1508962159.7334294,1508962159.8321462,1277
query,1508962159.8321502,1508962160.0632362,7690
query,1508962160.0632403,1508962160.1733072,2882
query,1508962160.1733112,1508962160.81876,11344
query,1508962160.8187637,1508962161.053411,5272
query,1508962161.0534153,1508962161.3381522,9811
query,1508962161.3381562,1508962162.2523737,12166
query,1508962162.252379,1508962162.5359893,3494
query,1508962162.5359938,1508962162.8802412,9034
query,1508962162.8802452,1508962163.8436346,22296
query,1508962163.8436391,1508962164.1717343,12532
query,1508962164.1717386,1508962164.7505682,20925
query,1508962164.7505727,1508962165.7120697,16895
query,1508962165.712074,1508962165.9743836,5683
query,1508962165.9743884,1508962166.052607,950
query,1508962166.0526118,1508962166.1142967,552
query,1508962166.114362,1508962166.1743839,158
query,1508962166.1869504,1508962166.589694,7220
query,1508962166.5896986,1508962166.6487584,396
query,1508962166.6487627,1508962166.8483396,4404
query,1508962166.8483438,1508962166.9820352,6162
query,1508962166.9820404,1508962167.0128775,327
query,1508962167.0128832,1508962167.164347,5450
query,1508962167.1643512,1508962167.3258982,1668
query,1508962167.3259025,1508962167.7777684,20818
query,1508962167.777773,1508962168.144973,6799
query,1508962168.144977,1508962168.2996688,4314
query,1508962168.2996736,1508962168.8666165,12916
query,1508962168.866621,1508962168.9715722,3470
query,1508962168.9715767,1508962169.0263422,90
query,1508962169.0263464,1508962169.5964015,14173
query,1508962169.5964062,1508962170.3244917,20922
query,1508962170.3244958,1508962170.9201567,21448
query,1508962170.9201672,1508962171.146165,4097
query,1508962171.1461692,1508962171.54979,20788
query,1508962171.5497942,1508962171.6032734,49
query,1508962171.603318,1508962171.6490366,0
query,1508962171.6507204,1508962171.6689768,0
query,1508962171.6689806,1508962171.804635,2243
query,1508962171.8046393,1508962171.827113,0
query,1508962171.8271182,1508962171.893059,1374
query,1508962171.8930633,1508962171.9294086,1
query,1508962171.9294121,1508962172.1488194,8859
query,1508962172.1488245,1508962172.2172303,10
query,1508962172.2172346,1508962172.863644,15792
query,1508962172.8636482,1508962173.256193,13815
query,1508962173.2561972,1508962173.3909461,2106
query,1508962173.390951,1508962173.6057272,2628
query,1508962173.605732,1508962173.7793179,4043
query,1508962173.7793229,1508962173.8711038,629
query,1508962173.8711078,1508962174.432398,15815
query,1508962174.4324021,1508962174.60212,3362
query,1508962174.602125,1508962175.207923,20856
query,1508962175.2079277,1508962175.223273,1
query,1508962175.2232769,1508962175.3911066,3119
query,1508962175.3911107,1508962175.5311592,4340
query,1508962175.531208,1508962175.610517,867
query,1508962175.6229384,1508962175.9109054,2959
query,1508962175.91091,1508962176.4425797,6943
query,1508962176.442584,1508962176.4797714,0
query,1508962176.4797754,1508962176.888922,5952
query,1508962176.8889265,1508962177.400366,20852
query,1508962177.4003708,1508962177.6475174,9588
query,1508962177.6475215,1508962177.8096933,3763
query,1508962177.8096974,1508962178.2990918,3351
query,1508962178.2990973,1508962178.8943532,14158
query,1508962178.8943584,1508962179.1711056,5261
query,1508962179.1711102,1508962179.5543182,7889
query,1508962179.5543227,1508962179.929777,5457
query,1508962179.9297814,1508962180.595316,14071
query,1508962180.5953202,1508962180.7607045,2984
query,1508962180.7607093,1508962180.8701868,889
query,1508962180.8701909,1508962180.9738984,3341
query,1508962180.9739025,1508962181.0672112,1081
query,1508962181.067215,1508962181.4543526,10170
query,1508962181.4543567,1508962181.576136,1886
query,1508962181.5761845,1508962182.069116,13936
query,1508962182.0854647,1508962182.7175362,13064
query,1508962182.7175403,1508962182.805592,1315
query,1508962182.8055966,1508962183.0172844,3238
query,1508962183.0172884,1508962183.5686574,15108
query,1508962183.5686622,1508962183.618061,11
query,1508962183.6180654,1508962183.6705997,226
query,1508962183.6706045,1508962183.723145,3
query,1508962183.723149,1508962183.7555518,5
query,1508962183.7555559,1508962183.7777064,4
query,1508962183.77771,1508962184.3002377,9277
query,1508962184.3002417,1508962184.353928,126
query,1508962184.3539317,1508962184.4057767,13
query,1508962184.4057808,1508962184.7837334,7016
query,1508962184.783738,1508962185.2949255,12806
query,1508962185.2949295,1508962185.540092,3854
query,1508962185.5400972,1508962185.6316893,764
query,1508962185.631694,1508962185.66621,246
query,1508962185.6662145,1508962185.9997256,9315
query,1508962185.9997306,1508962186.3684056,8995
query,1508962186.3684485,1508962186.70678,7002
query,1508962186.7197647,1508962187.2348697,14923
query,1508962187.2348738,1508962187.4491992,8335
query,1508962187.4492044,1508962188.0269618,21454
query,1508962188.026966,1508962188.1390529,2537
query,1508962188.1390564,1508962188.175609,0
query,1508962188.1756124,1508962188.693589,6055
query,1508962188.6935933,1508962188.8977172,1303
query,1508962188.8977213,1508962189.1052198,6454
query,1508962189.1052244,1508962189.347969,6382
query,1508962189.347973,1508962189.6864352,3363
query,1508962189.6864395,1508962189.8887844,3818
query,1508962189.8888187,1508962189.9701767,1801
query,1508962189.970181,1508962190.4331217,6116
query,1508962190.4331264,1508962190.5121489,1735
query,1508962190.5121527,1508962190.5698717,429
query,1508962190.5698755,1508962190.6149676,1
query,1508962190.6149716,1508962190.8858304,8460
query,1508962190.885836,1508962191.3137672,5916
query,1508962191.313772,1508962192.666439,16559
query,1508962192.6664832,1508962192.757984,1084
query,1508962192.7701297,1508962192.8340423,755
query,1508962192.8340466,1508962193.1834762,6430
query,1508962193.1834807,1508962193.4327304,7109
query,1508962193.4327343,1508962193.6236835,4380
query,1508962193.6236882,1508962193.9584243,5843
query,1508962193.9584298,1508962194.1280081,3351
query,1508962194.1280124,1508962194.924478,17386
query,1508962194.9244823,1508962195.2728753,4684
query,1508962195.2728798,1508962195.4307115,3660
query,1508962195.4307156,1508962195.847468,11628
query,1508962195.8474724,1508962196.1077163,4535
query,1508962196.1077206,1508962196.2830548,3915
query,1508962196.2830591,1508962196.326667,83
query,1508962196.326671,1508962197.0796592,15728
query,1508962197.0796638,1508962197.138046,58
query,1508962197.1380503,1508962197.865034,14237
query,1508962197.8650384,1508962197.9463031,1208
query,1508962197.9463074,1508962198.020617,514
query,1508962198.0206227,1508962198.059708,0
query,1508962198.0597565,1508962198.793579,14900
query,1508962198.805547,1508962199.2624972,21437
query,1508962199.2625008,1508962199.4621117,6417
query,1508962199.4621162,1508962199.496205,1
query,1508962199.4962099,1508962199.547299,76
query,1508962199.5473034,1508962199.898262,5689
query,1508962199.8982668,1508962199.9523008,1
query,1508962199.9523053,1508962200.1351328,4527
query,1508962200.1351373,1508962200.9455645,13151
query,1508962200.945569,1508962200.9788191,1
query,1508962200.9788232,1508962201.0950472,1877
query,1508962201.0950515,1508962201.387813,12952
query,1508962201.3878186,1508962201.5870183,6057
query,1508962201.5870225,1508962201.656606,1548
query,1508962201.6566105,1508962201.7339396,16
query,1508962201.7339444,1508962202.0967586,4025
query,1508962202.0967636,1508962202.1349542,298
query,1508962202.1349583,1508962202.179491,271
query,1508962202.1794946,1508962202.2389548,5
query,1508962202.2389588,1508962202.5398698,6421
query,1508962202.5399103,1508962202.7029316,3221
query,1508962202.718739,1508962203.284518,17302
query,1508962203.2845218,1508962203.626674,5557
query,1508962203.6266778,1508962203.9628625,7461
query,1508962203.962867,1508962204.0670328,1099
query,1508962204.0670364,1508962204.1357381,584
query,1508962204.1357417,1508962204.256366,905
query,1508962204.2563705,1508962204.2959986,0
query,1508962204.2960026,1508962204.5782368,7805
query,1508962204.5782413,1508962204.6979964,3743
query,1508962204.6980014,1508962204.751464,3
query,1508962204.7514696,1508962205.0906363,12821
query,1508962205.090642,1508962205.2920904,2984
query,1508962205.2920947,1508962205.3550725,359
query,1508962205.3550766,1508962206.085135,14325
query,1508962206.0851393,1508962206.1463008,173
query,1508962206.1463048,1508962206.3307106,5241
query,1508962206.3307152,1508962206.6781952,6106
query,1508962206.6781988,1508962206.7881596,4409
query,1508962206.7881632,1508962206.8977497,2010
query,1508962206.8977883,1508962207.3843765,6358
query,1508962207.3968582,1508962207.899794,13635
query,1508962207.899798,1508962208.084518,4061
query,1508962208.084522,1508962208.1907325,975
query,1508962208.1907365,1508962208.2499282,25
query,1508962208.2499325,1508962208.3102381,102
query,1508962208.310243,1508962208.3988986,70
query,1508962208.3989027,1508962208.482818,4352
query,1508962208.4828222,1508962208.8645885,8330
query,1508962208.8645928,1508962209.850947,21260
query,1508962209.850951,1508962210.0124776,3382
query,1508962210.0124824,1508962210.062526,13
query,1508962210.0625303,1508962210.3512924,6303
query,1508962210.3512971,1508962211.2642913,21672
query,1508962211.2642972,1508962211.4380844,2459
query,1508962211.4380887,1508962211.7682962,9903
query,1508962211.7683012,1508962211.8833263,1740
query,1508962211.8833306,1508962212.3275547,23526
query,1508962212.3275597,1508962212.4121478,1185
query,1508962212.4121523,1508962212.6149416,8938
query,1508962212.614996,1508962213.4690716,12959
query,1508962213.4865043,1508962213.61507,4975
query,1508962213.6150753,1508962213.8000336,8317
query,1508962213.8000388,1508962213.8501303,312
query,1508962213.8501344,1508962214.3182633,15774
query,1508962214.3182683,1508962215.0024247,12415
query,1508962215.0024295,1508962215.3630366,6322
query,1508962215.3630416,1508962215.5291085,5453
query,1508962215.529113,1508962215.878974,5161
query,1508962215.8789785,1508962216.4774861,12044
query,1508962216.4774911,1508962216.5721529,2414
query,1508962216.5721574,1508962216.7732165,2776
query,1508962216.7732205,1508962216.8005235,0
query,1508962216.800527,1508962217.9020889,16421
query,1508962217.9020932,1508962219.0439844,22708
query,1508962219.0439887,1508962219.0686512,1
query,1508962219.0686548,1508962219.3924308,4168
query,1508962219.392435,1508962220.7175817,22713
query,1508962220.7175863,1508962221.078602,6906
query,1508962221.0786066,1508962221.5018675,6278
query,1508962221.5019114,1508962222.078483,15094
query,1508962222.09502,1508962222.815685,14260
query,1508962222.8156903,1508962222.92378,874
query,1508962222.9237833,1508962223.1238544,4226
query,1508962223.1238592,1508962223.8516147,13720
query,1508962223.8516188,1508962223.8982208,199
query,1508962223.8982246,1508962224.406586,11719
query,1508962224.406591,1508962224.4845583,257
query,1508962224.4845626,1508962224.6532574,3465
query,1508962224.6532612,1508962225.181577,9832
query,1508962225.1815817,1508962225.3199775,3187
query,1508962225.320014,1508962225.6075048,3466
query,1508962225.6075091,1508962225.9668777,12224
query,1508962225.9668822,1508962226.6343822,21665
query,1508962226.6343865,1508962226.7906027,12955
query,1508962226.790607,1508962226.840696,4
query,1508962226.8407009,1508962226.8970006,3
query,1508962226.8970044,1508962226.9415722,48
query,1508962226.941576,1508962227.1583712,3168
query,1508962227.1583762,1508962227.2189736,169
query,1508962227.2190099,1508962227.3782046,4280
query,1508962227.3910654,1508962227.4903708,1636
query,1508962227.4903748,1508962227.599631,1985
query,1508962227.5996351,1508962227.9817884,4382
query,1508962227.9817927,1508962228.161981,4200
query,1508962228.1619852,1508962228.207971,0
query,1508962228.2079756,1508962228.267034,511
query,1508962228.2670388,1508962228.5186675,13013
query,1508962228.5186715,1508962228.5918355,176
query,1508962228.5918393,1508962228.7301197,3818
query,1508962228.7301238,1508962229.4306211,15072
query,1508962229.4306257,1508962229.4948514,203
query,1508962229.4948556,1508962229.8184779,5562
query,1508962229.818482,1508962229.9923692,2331
query,1508962229.9923732,1508962230.151014,3319
query,1508962230.1510181,1508962230.1796072,15
query,1508962230.1796114,1508962230.2119436,3
query,1508962230.2119474,1508962230.5052545,7468
query,1508962230.5052586,1508962231.2649717,8073
query,1508962231.2649755,1508962231.4537575,3288
query,1508962231.4538026,1508962231.725577,3105
query,1508962231.737565,1508962231.7722168,1
query,1508962231.7722206,1508962232.2222338,8627
query,1508962232.222238,1508962232.2678432,86
query,1508962232.267847,1508962232.5727394,6187
query,1508962232.5727437,1508962232.9622042,6441
query,1508962232.9622092,1508962233.119508,6880
query,1508962233.1195126,1508962233.4650567,12436
query,1508962233.4650612,1508962233.8395593,13238
query,1508962233.8395638,1508962234.5257106,14159
query,1508962234.5257156,1508962235.0524557,16041
query,1508962235.0524607,1508962235.538635,9682
query,1508962235.5386395,1508962235.929556,5287
query,1508962235.9295607,1508962236.5983744,15944
query,1508962236.5983787,1508962237.350575,10841
query,1508962237.3505795,1508962237.9960253,13331
query,1508962237.9960299,1508962238.0542278,98
query,1508962238.0542328,1508962238.727828,21093
query,1508962238.7278326,1508962239.108014,13312
query,1508962239.1080189,1508962239.1660452,461
query,1508962239.1660826,1508962239.344394,3109
query,1508962239.3570116,1508962239.6800883,20816
query,1508962239.6800928,1508962239.9794843,3535
query,1508962239.9794884,1508962240.150676,3066
query,1508962240.1506798,1508962240.5972917,6191
query,1508962240.5972962,1508962240.7500503,2797
query,1508962240.750055,1508962241.2757778,21056
query,1508962241.2757833,1508962241.856965,13778
query,1508962241.8569694,1508962241.974413,5236
query,1508962241.9744174,1508962242.0378006,416
query,1508962242.037805,1508962242.690339,19840
query,1508962242.6903431,1508962243.1419597,13559
query,1508962243.1419637,1508962243.1912348,0
query,1508962243.1912394,1508962244.1598694,13663
query,1508962244.1598737,1508962244.323009,4535
query,1508962244.3230135,1508962244.3698618,67
query,1508962244.3698661,1508962244.4929156,1823
query,1508962244.4929197,1508962244.8205426,6322
query,1508962244.8205466,1508962245.1443918,5791
query,1508962245.1443958,1508962245.179644,0
query,1508962245.1796832,1508962245.4442842,6154
query,1508962245.4565814,1508962245.491703,0
query,1508962245.4917073,1508962245.8900328,6031
query,1508962245.8900368,1508962245.9850457,976
query,1508962245.9850492,1508962246.4639008,13454
query,1508962246.4639046,1508962247.1314647,14233
query,1508962247.1314692,1508962247.6549473,20905
query,1508962247.6549516,1508962247.8023982,4352
query,1508962247.802402,1508962247.9405663,6801
query,1508962247.9405704,1508962248.042539,638
query,1508962248.042543,1508962249.0037763,21047
query,1508962249.0037801,1508962249.0737097,516
query,1508962249.073714,1508962249.3517141,6367
query,1508962249.3517182,1508962249.3878367,0
query,1508962249.3878412,1508962250.0190032,12057
query,1508962250.0190072,1508962250.7095454,13478
query,1508962250.7095509,1508962251.0839229,7493
query,1508962251.0839274,1508962251.7032182,14397
query,1508962251.7032225,1508962251.9470465,7641
query,1508962251.9470503,1508962251.997802,19
query,1508962251.997843,1508962252.060517,10
query,1508962252.0728722,1508962252.6005044,13921
query,1508962252.6005087,1508962253.0034847,4684
query,1508962253.0034888,1508962253.7804434,16699
query,1508962253.780448,1508962254.2453754,22117
query,1508962254.24538,1508962254.5355108,7603
query,1508962254.5355172,1508962254.5816796,29
query,1508962254.5816839,1508962254.705849,6404
query,1508962254.7058527,1508962254.8235302,759
query,1508962254.8235345,1508962254.856432,377
query,1508962254.8564365,1508962255.1363986,8351
query,1508962255.136403,1508962255.4592097,4786
query,1508962255.4592144,1508962256.1062787,15110
query,1508962256.1062832,1508962256.7500312,13720
query,1508962256.7500362,1508962256.8339243,1882
query,1508962256.8339283,1508962257.362256,9591
query,1508962257.36226,1508962257.5493283,2069
query,1508962257.5493333,1508962257.6702626,3970
query,1508962257.670267,1508962257.820712,6877
query,1508962257.8207161,1508962258.3370502,14786
query,1508962258.3370895,1508962258.486371,1218
query,1508962258.499338,1508962258.7116506,6187
query,1508962258.7116547,1508962259.0684545,3027
query,1508962259.068459,1508962259.1178446,284
query,1508962259.1178484,1508962259.9316237,15782
query,1508962259.9316285,1508962260.0844438,13071
query,1508962260.0844486,1508962260.627341,10151
query,1508962260.6273456,1508962260.649022,0
query,1508962260.6490264,1508962260.8071651,6402
query,1508962260.8071694,1508962261.3779614,20948
query,1508962261.3779662,1508962261.4294279,33
query,1508962261.4294322,1508962261.7112775,4152
query,1508962261.711282,1508962261.8866699,5720
query,1508962261.8866744,1508962262.0773654,4142
query,1508962262.07737,1508962262.2247748,4659
query,1508962262.2247796,1508962262.368154,1877
query,1508962262.368159,1508962262.642613,5751
query,1508962262.642618,1508962262.7189069,1308
query,1508962262.7189114,1508962262.779222,644
query,1508962262.7792263,1508962263.7858183,13009
query,1508962263.7858615,1508962263.9278774,3105
query,1508962263.9404817,1508962264.2355015,3737
query,1508962264.235506,1508962264.4984138,2856
query,1508962264.4984179,1508962264.9682515,7030
query,1508962264.9682558,1508962265.6702135,14319
query,1508962265.670218,1508962266.4795177,16317
query,1508962266.479522,1508962266.6023436,5504
query,1508962266.602348,1508962267.3443737,15728
query,1508962267.3443778,1508962267.5190308,3113
query,1508962267.519035,1508962267.5844479,28
query,1508962267.5844514,1508962268.4290648,12746
query,1508962268.4290695,1508962268.5359225,852
query,1508962268.5359266,1508962269.5543733,18947
query,1508962269.5543764,1508962270.1382933,12059
query,1508962270.1382973,1508962270.1902282,29
query,1508962270.1902325,1508962271.1258748,14322
query,1508962271.1258798,1508962271.2644553,1920
query,1508962271.2644591,1508962272.215175,21009
query,1508962272.2151794,1508962272.5304382,9814
query,1508962272.530442,1508962273.5662627,14048
query,1508962273.566315,1508962273.9238122,9763
query,1508962273.9394307,1508962273.9863553,100
query,1508962273.98636,1508962274.0246434,36
query,1508962274.024648,1508962274.0560377,67
query,1508962274.0560422,1508962274.421651,8019
query,1508962274.4216552,1508962275.558819,21613
query,1508962275.5588233,1508962275.602552,90
query,1508962275.6025565,1508962275.9238973,20841
query,1508962275.9239018,1508962276.9759958,21824
query,1508962276.9760005,1508962277.0584276,1021
query,1508962277.0584316,1508962278.058617,14920
query,1508962278.0586221,1508962278.173842,2642
query,1508962278.173846,1508962278.2761354,1777
query,1508962278.27614,1508962278.441733,4491
query,1508962278.4417374,1508962278.5128338,289
query,1508962278.5128388,1508962278.5697565,21
query,1508962278.5697608,1508962278.97157,7515
query,1508962278.9715745,1508962279.1468658,6144
query,1508962279.1468701,1508962279.4603312,4337
query,1508962279.460335,1508962279.5414774,428
query,1508962279.5415275,1508962279.7646892,3576
query,1508962279.7806277,1508962279.8258724,317
query,1508962279.825877,1508962280.454997,11972
query,1508962280.4550014,1508962281.3265243,21455
query,1508962281.3265283,1508962282.2066426,17987
query,1508962282.2066464,1508962282.485052,8946
query,1508962282.4850566,1508962282.5500185,1
query,1508962282.5500233,1508962282.5981076,39
query,1508962282.5981114,1508962282.741884,3413
query,1508962282.7418885,1508962282.977425,8383
query,1508962282.97743,1508962283.2198238,12074
query,1508962283.219828,1508962284.044197,9916
query,1508962284.0442014,1508962284.1203008,2265
query,1508962284.1203053,1508962284.2472732,998
query,1508962284.2472773,1508962284.5193114,5688
query,1508962284.5193155,1508962284.5982006,490
query,1508962284.5982049,1508962284.65823,24
query,1508962284.6582346,1508962284.70397,253
query,1508962284.7039754,1508962284.7405963,180
query,1508962284.7406003,1508962284.88277,4085
query,1508962284.88281,1508962285.0677783,3473
query,1508962285.0805237,1508962285.7636142,21371
query,1508962285.7636187,1508962285.800628,189
query,1508962285.8006318,1508962285.8977673,1872
query,1508962285.8977714,1508962286.109484,8367
query,1508962286.1094882,1508962286.1698222,1276
query,1508962286.1698267,1508962286.220377,174
query,1508962286.220381,1508962286.3249915,1111
query,1508962286.3249953,1508962286.3424528,0
query,1508962286.342457,1508962286.6443248,5463
query,1508962286.6443298,1508962286.7118967,316
query,1508962286.7119014,1508962287.6751301,19079
query,1508962287.6751354,1508962288.0645301,4569
query,1508962288.0645344,1508962288.258084,6171
query,1508962288.2580884,1508962288.361546,2262
query,1508962288.36155,1508962289.071477,16063
query,1508962289.0714803,1508962289.6314337,10310
query,1508962289.6314378,1508962290.4391441,14187
query,1508962290.439149,1508962291.1580608,17271
query,1508962291.1580646,1508962291.8977175,21860
query,1508962291.8977668,1508962292.238428,7363
query,1508962292.250297,1508962293.004238,12812
query,1508962293.004242,1508962293.7268517,11255
query,1508962293.7268565,1508962294.0827978,6370
query,1508962294.082802,1508962294.5030093,20852
query,1508962294.503014,1508962294.733391,6950
query,1508962294.7333953,1508962295.0925405,7834
query,1508962295.0925443,1508962295.6880546,13885
query,1508962295.6880589,1508962295.9238124,3306
query,1508962295.9238164,1508962296.0266333,1352
query,1508962296.0266385,1508962296.9390688,12818
query,1508962296.9390733,1508962297.0885866,5275
query,1508962297.0885906,1508962297.138502,391
query,1508962297.138506,1508962297.1836457,0
query,1508962297.1836503,1508962297.24662,1633
query,1508962297.2466235,1508962297.477421,4465
query,1508962297.4774249,1508962297.5115023,86
query,1508962297.5115058,1508962297.7787476,4370
query,1508962297.7787519,1508962297.983406,8303
query,1508962297.9834101,1508962298.1106038,2761
query,1508962298.1107805,1508962298.1666396,183
query,1508962298.1787274,1508962298.5556512,9163
query,1508962298.5556555,1508962298.952307,9388
query,1508962298.9523118,1508962299.0312972,561
query,1508962299.0313017,1508962299.156618,2761
query,1508962299.1566224,1508962299.793355,13838
query,1508962299.793359,1508962300.1002035,7170
query,1508962300.1002076,1508962300.1581566,183
query,1508962300.1581612,1508962300.2423103,739
query,1508962300.242315,1508962300.7063377,9812
query,1508962300.706342,1508962300.7413876,12
query,1508962300.7413917,1508962300.8719575,6127
query,1508962300.8719616,1508962300.9318652,4
query,1508962300.9318697,1508962301.1152227,7109
query,1508962301.115227,1508962301.7813704,15712
query,1508962301.781376,1508962301.9041982,1265
query,1508962301.904203,1508962302.4609354,12181
query,1508962302.46094,1508962302.5770946,2726
query,1508962302.5770986,1508962302.8676717,4633
query,1508962302.8676758,1508962302.942069,1104
query,1508962302.9421074,1508962303.0058644,95
query,1508962303.0181413,1508962303.0386024,0
query,1508962303.0386066,1508962303.0806873,1
query,1508962303.0806916,1508962303.6317172,12400
query,1508962303.631721,1508962303.6584268,47
query,1508962303.658431,1508962304.228469,16730
query,1508962304.2284734,1508962304.3422337,9114
query,1508962304.3422382,1508962304.3692203,0
query,1508962304.3692238,1508962304.4554527,2701
query,1508962304.4554572,1508962304.6376834,3101
query,1508962304.63769,1508962304.746888,3785
query,1508962304.7468917,1508962305.1102993,14735
query,1508962305.110304,1508962305.3784094,5395
query,1508962305.3784137,1508962305.611718,8438
query,1508962305.611722,1508962305.6942656,1667
query,1508962305.6942701,1508962305.7390738,2
query,1508962305.7390773,1508962305.9912114,8334
query,1508962305.9912155,1508962306.0823379,1908
query,1508962306.0823429,1508962306.4724648,8205
query,1508962306.4724686,1508962306.545071,96
query,1508962306.5451155,1508962307.005199,14763
query,1508962307.0175114,1508962307.1019266,731
query,1508962307.1019306,1508962307.2435138,6286
query,1508962307.243518,1508962307.9691365,12451
query,1508962307.9691417,1508962308.0142171,321
query,1508962308.0142221,1508962308.295063,7839
query,1508962308.295067,1508962308.5620492,5508
query,1508962308.5620532,1508962308.7687843,6498
query,1508962308.7690244,1508962308.918654,2767
query,1508962308.918658,1508962308.9512553,121
query,1508962308.9512594,1508962309.0378878,3135
query,1508962309.037892,1508962309.2337654,3539
query,1508962309.2337701,1508962309.585522,9184
query,1508962309.585526,1508962309.9431605,9818
query,1508962309.943165,1508962310.3236156,7772
query,1508962310.3236196,1508962310.376499,20
query,1508962310.376503,1508962310.457469,1188
query,1508962310.4574733,1508962310.6561782,12731
query,1508962310.6561828,1508962310.7702937,2576
query,1508962310.7702978,1508962311.1865716,20817
query,1508962311.1866117,1508962311.3649967,1574
query,1508962311.3773768,1508962311.6600156,7805
query,1508962311.6600204,1508962311.7610981,3128
query,1508962311.7611027,1508962311.88074,3096
query,1508962311.8807437,1508962312.1280499,5168
query,1508962312.1280537,1508962312.2200954,1174
query,1508962312.2200997,1508962312.2643685,83
query,1508962312.264373,1508962312.2837598,0
query,1508962312.2837646,1508962312.3342853,111
query,1508962312.3342898,1508962312.443745,1202
query,1508962312.4437487,1508962312.5134268,13
query,1508962312.5134308,1508962312.730453,4730
query,1508962312.7304575,1508962312.776008,19
query,1508962312.7760122,1508962313.7673736,26879
query,1508962313.7673776,1508962314.3699834,20991
query,1508962314.3699884,1508962314.624017,8063
query,1508962314.6240213,1508962314.740916,4485
query,1508962314.7409205,1508962314.9738846,3814
query,1508962314.9738889,1508962315.7413986,13944
query,1508962315.7414029,1508962315.7896996,112
query,1508962315.7897384,1508962316.5132353,14747
query,1508962316.5268114,1508962316.6084692,1519
query,1508962316.6084735,1508962316.7790613,1849
query,1508962316.7790656,1508962317.4520628,7885
query,1508962317.452067,1508962317.9152763,8669
query,1508962317.9152808,1508962317.9371018,0
query,1508962317.9371064,1508962317.9565284,0
query,1508962317.9565318,1508962317.991079,22
query,1508962317.9910827,1508962318.1490455,2277
query,1508962318.1490498,1508962318.1926074,101
query,1508962318.1926117,1508962318.268076,1180
query,1508962318.26808,1508962318.9413645,13443
query,1508962318.941369,1508962319.6657887,13709
query,1508962319.6657927,1508962320.4719026,17237
query,1508962320.4719074,1508962321.1229181,13424
query,1508962321.1229224,1508962321.5199718,11532
query,1508962321.519976,1508962321.782955,7376
query,1508962321.7829592,1508962321.8949506,1014
query,1508962321.894955,1508962322.5690098,17457
query,1508962322.569014,1508962323.1122868,15994
query,1508962323.1123347,1508962323.3351305,5780
query,1508962323.3474293,1508962323.580388,4017
query,1508962323.5803928,1508962324.223595,18023
query,1508962324.2235992,1508962324.680892,13326
query,1508962324.6808965,1508962325.0439186,5535
query,1508962325.0439227,1508962325.1231167,694
query,1508962325.1231213,1508962325.1990962,142
query,1508962325.1991007,1508962325.4237795,3761
query,1508962325.4237838,1508962325.734599,8313
query,1508962325.7346036,1508962325.8297768,1407
query,1508962325.8297808,1508962326.2805858,9954
query,1508962326.2805903,1508962326.3382223,543
query,1508962326.3382277,1508962327.367751,17859
query,1508962327.3677557,1508962327.680834,7913
query,1508962327.6808386,1508962327.78473,1253
query,1508962327.7847347,1508962328.3477924,14448
query,1508962328.3477972,1508962328.7806914,5150
query,1508962328.780696,1508962329.173706,5783
query,1508962329.1737096,1508962329.8788636,15481
query,1508962329.8788679,1508962330.1444695,3404
query,1508962330.1445093,1508962330.1811185,0
query,1508962330.182825,1508962330.6547492,6349
query,1508962330.654754,1508962331.505715,15172
query,1508962331.5057192,1508962331.5481772,136
query,1508962331.5481813,1508962331.7281215,3832
query,1508962331.728126,1508962332.222059,21316
query,1508962332.2220635,1508962332.6783102,13703
query,1508962332.678315,1508962332.7906184,2417
query,1508962332.790623,1508962333.106826,4518
query,1508962333.1068304,1508962333.2048748,572
query,1508962333.2048798,1508962333.4000187,3033
query,1508962333.400023,1508962333.7467563,3688
query,1508962333.7467601,1508962333.9426272,4442
query,1508962333.942631,1508962334.0293877,130
query,1508962334.0293922,1508962334.535019,5748
query,1508962334.5350232,1508962334.6060135,43
query,1508962334.6060176,1508962334.7355652,1409
query,1508962334.735569,1508962335.2111466,21185
query,1508962335.2111511,1508962336.0508976,16174
query,1508962336.0509021,1508962336.8477874,3352
query,1508962336.8478284,1508962336.957849,194
query,1508962336.9699726,1508962337.6172519,6197
query,1508962337.6172569,1508962338.2397056,20843
query,1508962338.2397106,1508962338.4964008,2567
query,1508962338.4964054,1508962338.7710254,5787
query,1508962338.77103,1508962338.8400939,913
query,1508962338.8400977,1508962338.9041207,1172
query,1508962338.9041255,1508962339.283967,20816
query,1508962339.283971,1508962339.4061637,2093
query,1508962339.4061677,1508962339.6464565,4376
query,1508962339.6464608,1508962339.7323709,1095
query,1508962339.732375,1508962340.6578796,17327
query,1508962340.6578841,1508962340.8507237,5482
query,1508962340.8507278,1508962341.4699502,8652
query,1508962341.469954,1508962341.617501,3178
query,1508962341.6175056,1508962341.9028938,6949
query,1508962341.9028976,1508962341.9588819,29
query,1508962341.958886,1508962342.0482152,21
query,1508962342.0482192,1508962342.2777154,6273
query,1508962342.2777202,1508962343.5503495,22361
query,1508962343.5503933,1508962343.8063886,5669
query,1508962343.821763,1508962343.9547563,1377
query,1508962343.95476,1508962344.0106254,2
query,1508962344.0106292,1508962344.7782967,14738
query,1508962344.7783017,1508962344.8022876,0
query,1508962344.8022919,1508962344.8989663,843
query,1508962344.898971,1508962345.0194643,2063
query,1508962345.0194688,1508962345.2238052,4488
query,1508962345.2238092,1508962345.426515,6440
query,1508962345.4265194,1508962345.5426462,1675
query,1508962345.5426507,1508962345.985456,21072
query,1508962345.9854622,1508962346.1142652,2123
query,1508962346.1142697,1508962346.2903845,4037
query,1508962346.290389,1508962347.3174915,22691
query,1508962347.3174963,1508962347.5304046,3976
query,1508962347.5304089,1508962348.0835373,12121
query,1508962348.0835414,1508962348.2529194,3563
query,1508962348.2529233,1508962348.5680673,7434
query,1508962348.5680714,1508962349.029425,8862
query,1508962349.0294294,1508962349.1504083,3990
query,1508962349.1504467,1508962349.3362494,3031
query,1508962349.3485322,1508962349.4947166,5028
query,1508962349.4947207,1508962349.6287875,4219
query,1508962349.628819,1508962349.8951197,3232
query,1508962349.8951242,1508962350.3885305,13351
query,1508962350.3885355,1508962350.4306474,3
query,1508962350.430653,1508962350.6125338,8069
query,1508962350.6125379,1508962350.7790363,4091
query,1508962350.7790406,1508962351.0770183,6410
query,1508962351.0770226,1508962351.157781,477
query,1508962351.157786,1508962351.2877018,1186
query,1508962351.2877061,1508962351.4613328,1832
query,1508962351.4613373,1508962351.7567027,6068
query,1508962351.756707,1508962352.7052422,16874
query,1508962352.7052467,1508962352.9268434,7526
query,1508962352.926848,1508962353.2651489,3908
query,1508962353.2651534,1508962353.3599362,2771
query,1508962353.3599405,1508962354.1946082,13802
query,1508962354.1946125,1508962354.4085693,2747
query,1508962354.408574,1508962354.6159906,4648
query,1508962354.6160405,1508962354.846519,6289
query,1508962354.8635404,1508962355.2083325,7241
query,1508962355.2083375,1508962355.404594,6921
query,1508962355.4045997,1508962355.5316498,2177
query,1508962355.5316544,1508962356.4814403,14914
query,1508962356.4814444,1508962356.5312881,7
query,1508962356.5312924,1508962357.676228,22608
query,1508962357.6762335,1508962358.378048,13929
query,1508962358.378053,1508962358.3959148,0
query,1508962358.3959186,1508962358.8929288,9337
query,1508962358.8929331,1508962358.986868,1194
query,1508962358.986872,1508962359.695319,15827
query,1508962359.6953232,1508962359.8163328,1705
query,1508962359.8163376,1508962359.9854712,3092
query,1508962359.9854772,1508962360.0652728,6
query,1508962360.0652773,1508962360.277409,3437
query,1508962360.2774134,1508962360.7809992,10239
query,1508962360.7810032,1508962360.996059,4219
query,1508962360.996065,1508962361.397709,6772
query,1508962361.3977132,1508962361.9680774,15203
query,1508962361.9681237,1508962362.6953764,15978
query,1508962362.7114465,1508962363.758716,21219
query,1508962363.758721,1508962364.0339036,3273
query,1508962364.0339077,1508962365.1179307,17802
query,1508962365.1179357,1508962365.390961,8545
query,1508962365.3909652,1508962365.409393,0
query,1508962365.4093974,1508962365.4840083,716
query,1508962365.4840126,1508962365.6751525,9224
query,1508962365.6751568,1508962365.9737754,13126
query,1508962365.9737804,1508962366.984751,16662
query,1508962366.9847553,1508962367.1168833,3615
query,1508962367.1168878,1508962368.17327,16078
query,1508962368.173275,1508962368.193061,1
query,1508962368.193067,1508962368.497842,5642
query,1508962368.497848,1508962368.7692904,7566
query,1508962368.7692947,1508962368.8905072,2796
query,1508962368.890512,1508962369.3468564,6904
query,1508962369.3468606,1508962369.5604718,2275
query,1508962369.5604756,1508962369.631049,537
query,1508962369.6310532,1508962369.8015435,5509
query,1508962369.8015924,1508962370.5892258,13630
query,1508962370.6050203,1508962370.652192,807
query,1508962370.6521983,1508962370.665266,0
query,1508962370.6652706,1508962371.0859773,15275
query,1508962371.0859816,1508962371.2215602,5664
query,1508962371.221564,1508962371.8399978,6966
query,1508962371.8400016,1508962372.6481137,15758
query,1508962372.6481183,1508962372.8782833,3418
query,1508962372.8782885,1508962373.0020304,1828
query,1508962373.002035,1508962373.3189712,6945
query,1508962373.3189752,1508962373.6299963,6663
query,1508962373.6300004,1508962373.7265267,1063
query,1508962373.7265308,1508962374.0814018,7511
query,1508962374.0814066,1508962374.1374137,102
query,1508962374.1374178,1508962374.3427336,5487
query,1508962374.3427382,1508962374.387688,0
query,1508962374.3876922,1508962374.7428517,5065
query,1508962374.7428558,1508962374.9913216,3833
query,1508962374.9913263,1508962375.1834667,1500
query,1508962375.1834707,1508962375.3708248,1500
query,1508962375.3708785,1508962375.44939,237
query,1508962375.4662554,1508962375.5422983,400
query,1508962375.5423026,1508962376.1994112,13636
query,1508962376.1994162,1508962376.6313057,14053
query,1508962376.6313097,1508962377.1899312,13613
query,1508962377.1899354,1508962377.3117278,5097
query,1508962377.3117316,1508962377.6277554,8512
query,1508962377.6277597,1508962377.9087718,12826
query,1508962377.9087758,1508962377.9458077,0
query,1508962377.9458122,1508962378.2908192,5083
query,1508962378.2908235,1508962378.408546,3328
query,1508962378.40855,1508962379.45207,16058
query,1508962379.452074,1508962379.5059812,497
query,1508962379.505985,1508962379.8872938,7294
query,1508962379.887298,1508962380.502695,14495
query,1508962380.5026994,1508962380.559105,772
query,1508962380.5591092,1508962380.588481,345
query,1508962380.588485,1508962380.6364348,0
query,1508962380.63644,1508962380.7761126,4460
query,1508962380.7761173,1508962380.9167285,4032
query,1508962380.9167726,1508962381.1397672,2303
query,1508962381.1536872,1508962381.2546566,765
query,1508962381.2546616,1508962381.3167121,198
query,1508962381.3167164,1508962381.4290962,1261
query,1508962381.4291003,1508962382.462144,15464
query,1508962382.4621487,1508962382.4798834,3
query,1508962382.4798875,1508962382.8020852,6242
query,1508962382.8020892,1508962383.2266462,11905
query,1508962383.2266502,1508962383.3003101,44
query,1508962383.3003142,1508962383.8882394,20847
query,1508962383.8882442,1508962384.1614256,5860
query,1508962384.1614304,1508962384.3816485,5138
query,1508962384.3816533,1508962384.9546049,14450
query,1508962384.9546096,1508962385.0484097,846
query,1508962385.048414,1508962385.6805348,10543
query,1508962385.680539,1508962385.8285425,2454
query,1508962385.8285465,1508962385.8963397,9
query,1508962385.8963432,1508962385.9364777,335
query,1508962385.9364812,1508962386.0019088,242
query,1508962386.0019133,1508962386.0475948,217
query,1508962386.0476308,1508962386.9140668,17142
query,1508962386.9295022,1508962387.1948762,5691
query,1508962387.1948805,1508962387.3956952,6386
query,1508962387.3956995,1508962387.432072,2
query,1508962387.4320767,1508962387.5208664,663
query,1508962387.5208707,1508962387.6277192,2307
query,1508962387.6277232,1508962387.7988186,4237
query,1508962387.7988234,1508962387.9606974,6067
query,1508962387.9607015,1508962388.1752203,3140
query,1508962388.1752248,1508962388.336296,5406
query,1508962388.3363001,1508962388.5199077,4022
query,1508962388.5199122,1508962388.5745528,244
query,1508962388.5745568,1508962388.9317489,20839
query,1508962388.931753,1508962389.424164,9576
query,1508962389.4241686,1508962390.1151488,3352
query,1508962390.1151533,1508962390.188896,476
query,1508962390.1889005,1508962390.226056,202
query,1508962390.2260604,1508962390.8975816,21012
query,1508962390.8975856,1508962391.4423945,5958
query,1508962391.4423988,1508962392.2024713,11563
