tables,1509261014.6996078,1509267354.8217258
query,1509267354.824552,1509267355.128742,3116
query,1509267355.1475387,1509267356.3670835,13533
query,1509267356.3670902,1509267357.9564555,27812
query,1509267357.9564612,1509267358.371308,3169
query,1509267358.3713138,1509267358.4853933,572
query,1509267358.4854093,1509267359.4260402,20764
query,1509267359.4260461,1509267359.4641328,96
query,1509267359.4641376,1509267359.5367382,624
query,1509267359.536743,1509267359.6903403,2098
query,1509267359.6903446,1509267359.7486734,662
query,1509267359.7486775,1509267361.0205922,3229
query,1509267361.0205977,1509267361.4922554,7989
query,1509267361.492262,1509267361.5933733,3229
query,1509267361.5933793,1509267362.6260436,18121
query,1509267362.62605,1509267362.687666,1615
query,1509267362.6876702,1509267363.1590364,14496
query,1509267363.1590407,1509267363.2021568,86
query,1509267363.2021594,1509267363.279437,3226
query,1509267363.2794406,1509267363.3245397,227
query,1509267363.324544,1509267363.4269893,3228
query,1509267363.4270523,1509267363.5846899,5139
query,1509267363.5950255,1509267364.061147,10886
query,1509267364.0611522,1509267364.190017,3145
query,1509267364.190022,1509267365.6900463,29747
query,1509267365.6900532,1509267365.7521338,1392
query,1509267365.7521384,1509267365.8475976,3229
query,1509267365.8476021,1509267365.935496,3229
query,1509267365.9355018,1509267366.0281982,3229
query,1509267366.028203,1509267366.1202886,3229
query,1509267366.120294,1509267366.2079246,3229
query,1509267366.207928,1509267366.353799,1100
query,1509267366.3538036,1509267366.3872693,171
query,1509267366.3872736,1509267368.5972683,32187
query,1509267368.5972724,1509267368.6922102,4117
query,1509267368.692215,1509267370.893557,40620
query,1509267370.8935716,1509267371.6544375,18237
query,1509267371.6544414,1509267371.6805284,2
query,1509267371.680542,1509267371.9175076,13363
query,1509267371.9175117,1509267372.353815,15635
query,1509267372.35382,1509267372.4587831,5173
query,1509267372.460076,1509267374.5690727,47468
query,1509267374.5824006,1509267375.9896078,37126
query,1509267375.989613,1509267377.6432056,34926
query,1509267377.6432102,1509267380.9466243,50621
query,1509267380.9466298,1509267381.039407,5270
query,1509267381.039417,1509267382.464718,30719
query,1509267382.4647214,1509267384.3489597,29907
query,1509267384.3489635,1509267389.298289,67272
query,1509267389.2982945,1509267389.3205616,3
query,1509267389.3205662,1509267389.3573713,76
query,1509267389.3573742,1509267389.76906,14157
query,1509267389.7690654,1509267389.780915,0
query,1509267389.780919,1509267392.5198407,61566
query,1509267392.519844,1509267392.8194573,9364
query,1509267392.8194613,1509267393.1274443,12063
query,1509267393.1274476,1509267393.3282063,10219
query,1509267393.3282094,1509267393.512029,9327
query,1509267393.5120356,1509267394.5417423,25465
query,1509267394.5417483,1509267394.7662978,8958
query,1509267394.7663045,1509267394.7962277,97
query,1509267394.7962875,1509267394.837277,7
query,1509267394.85174,1509267395.0232491,8165
query,1509267395.0232546,1509267397.961662,62623
query,1509267397.9616687,1509267398.7915921,29942
query,1509267398.7915974,1509267398.8224008,1778
query,1509267398.822406,1509267399.226076,20260
query,1509267399.2260816,1509267399.7803004,11755
query,1509267399.7803063,1509267401.785703,46571
query,1509267401.785708,1509267402.8705897,39981
query,1509267402.8705952,1509267402.9099596,1142
query,1509267402.909964,1509267403.702043,28003
query,1509267403.7020488,1509267405.1347477,28283
query,1509267405.1347525,1509267405.1538508,2
query,1509267405.1538548,1509267405.6351564,25932
query,1509267405.6351612,1509267406.2452037,19141
query,1509267406.2452095,1509267406.8329055,21065
query,1509267406.8329103,1509267406.8618128,15
query,1509267406.8618178,1509267406.9359832,429
query,1509267406.9359875,1509267407.3124423,12350
query,1509267407.3124456,1509267407.362837,4526
query,1509267407.3629303,1509267408.3560326,24335
query,1509267408.373047,1509267408.5942352,9237
query,1509267408.5942397,1509267408.910587,8322
query,1509267408.9105911,1509267408.9528203,48
query,1509267408.9528246,1509267409.6850586,28000
query,1509267409.6850624,1509267409.737907,2379
query,1509267409.7379103,1509267409.7558985,0
query,1509267409.7559025,1509267410.98683,39159
query,1509267410.9868348,1509267411.5454502,2840
query,1509267411.545457,1509267411.6001306,7297
query,1509267411.6001346,1509267412.2847917,10043
query,1509267412.284797,1509267412.3151052,1001
query,1509267412.3151093,1509267413.1235435,2711
query,1509267413.1235483,1509267413.2230513,3275
query,1509267413.2230566,1509267413.2555027,38
query,1509267413.255506,1509267414.075819,39324
query,1509267414.075824,1509267414.1293883,4496
query,1509267414.1293938,1509267415.3574731,34388
query,1509267415.3574765,1509267416.0837173,22134
query,1509267416.0837219,1509267418.004106,39933
query,1509267418.0041618,1509267418.047774,243
query,1509267418.0618498,1509267418.4336395,14826
query,1509267418.4336424,1509267419.014332,20090
query,1509267419.0143487,1509267419.069189,1483
query,1509267419.0691936,1509267419.554036,10933
query,1509267419.5540397,1509267420.1646373,18822
query,1509267420.164642,1509267422.051877,44457
query,1509267422.0518818,1509267422.2766566,10860
query,1509267422.2766612,1509267422.3273423,579
query,1509267422.3273468,1509267425.8147795,37144
query,1509267425.814783,1509267426.7426102,31964
query,1509267426.7426164,1509267427.0070183,15667
query,1509267427.0070238,1509267427.1984916,6783
query,1509267427.1984959,1509267427.2844114,5378
query,1509267427.2844172,1509267427.4381564,6643
query,1509267427.438163,1509267427.4864964,1086
query,1509267427.486501,1509267427.7305596,9863
query,1509267427.7305644,1509267429.5466444,49193
query,1509267429.5466492,1509267429.6568618,4459
query,1509267429.6568673,1509267429.8688757,17704
query,1509267429.8689191,1509267429.9079971,235
query,1509267429.915772,1509267430.1053956,6595
query,1509267430.1053996,1509267431.0529919,36719
query,1509267431.052997,1509267431.0928602,43
query,1509267431.0928643,1509267431.4144275,14487
query,1509267431.4144318,1509267432.280097,30466
query,1509267432.280102,1509267432.3204226,620
query,1509267432.3204265,1509267434.3552492,48866
query,1509267434.3552525,1509267434.4019525,834
query,1509267434.4019573,1509267436.3275712,61478
query,1509267436.327576,1509267436.6774845,13035
query,1509267436.677491,1509267437.8629541,29060
query,1509267437.8629615,1509267437.9092507,3656
query,1509267437.9092543,1509267437.9441528,2250
query,1509267437.9441566,1509267439.4026675,36320
query,1509267439.4026713,1509267439.4411209,122
query,1509267439.4411242,1509267439.5828736,5784
query,1509267439.5828776,1509267440.6114554,33692
query,1509267440.611461,1509267440.6631327,3744
query,1509267440.6631377,1509267441.3129225,18261
query,1509267441.312967,1509267441.535944,9859
query,1509267441.548583,1509267442.4001603,38404
query,1509267442.4001641,1509267442.875133,13730
query,1509267442.8751385,1509267444.141756,7990
query,1509267444.141761,1509267445.9386792,49086
query,1509267445.938685,1509267449.157713,64462
query,1509267449.1577203,1509267449.2297966,2727
query,1509267449.2297988,1509267449.2816105,2538
query,1509267449.2816145,1509267450.107555,21717
query,1509267450.1075597,1509267450.437812,7724
query,1509267450.4378169,1509267450.5643015,7999
query,1509267450.5643039,1509267450.5830433,0
query,1509267450.5830455,1509267451.5098548,55356
query,1509267451.5098581,1509267451.5539172,489
query,1509267451.5539198,1509267451.5852726,35
query,1509267451.585276,1509267451.622628,958
query,1509267451.6226296,1509267452.0433502,16738
query,1509267452.0433533,1509267452.7829146,22767
query,1509267452.7829196,1509267455.7337675,63343
query,1509267455.7337725,1509267457.2364411,60499
query,1509267457.2364972,1509267457.4776752,9466
query,1509267457.4860218,1509267458.0458217,23063
query,1509267458.0458272,1509267458.5726311,19570
query,1509267458.5726361,1509267458.8198032,12832
query,1509267458.8198075,1509267458.8681357,467
query,1509267458.868141,1509267458.9179058,182
query,1509267458.9179113,1509267460.00101,42504
query,1509267460.0010157,1509267462.8482924,65871
query,1509267462.8482976,1509267463.1120088,13455
query,1509267463.1120129,1509267463.1565268,1260
query,1509267463.1565316,1509267463.7075136,23209
query,1509267463.7075186,1509267463.884873,6973
query,1509267463.884877,1509267464.7120194,55162
query,1509267464.712025,1509267466.0552013,31145
query,1509267466.0552068,1509267468.6341312,67167
query,1509267468.6341357,1509267470.2485049,47534
query,1509267470.248509,1509267470.287352,995
query,1509267470.2873552,1509267470.3175824,745
query,1509267470.3175867,1509267471.2073612,31935
query,1509267471.2073677,1509267471.6671526,20013
query,1509267471.667193,1509267471.9430423,20752
query,1509267471.9562356,1509267472.4134088,20642
query,1509267472.413415,1509267473.1560805,31528
query,1509267473.1560855,1509267474.8100908,65882
query,1509267474.810096,1509267475.7904453,28519
query,1509267475.79045,1509267476.021182,18412
query,1509267476.0211895,1509267476.172332,9212
query,1509267476.1723354,1509267476.2076263,178
query,1509267476.2076292,1509267476.2372198,86
query,1509267476.237223,1509267478.0357018,62430
query,1509267478.0357065,1509267478.2600648,11477
query,1509267478.2600694,1509267478.3975015,6776
query,1509267478.397506,1509267478.43534,2
query,1509267478.4353452,1509267478.7478092,14014
query,1509267478.7478151,1509267478.7584193,0
query,1509267478.7584238,1509267479.9212737,41933
query,1509267479.9212794,1509267480.8128605,20613
query,1509267480.8128653,1509267481.0491583,10034
query,1509267481.0491626,1509267481.6004124,24656
query,1509267481.6004176,1509267483.975614,53601
query,1509267483.9756613,1509267484.1146266,5835
query,1509267484.1278086,1509267484.1592188,16
query,1509267484.1592228,1509267484.4830973,15282
query,1509267484.4830992,1509267484.7040553,9827
query,1509267484.7040617,1509267485.3373268,24419
query,1509267485.3373318,1509267485.869565,27127
query,1509267485.8695705,1509267487.8779464,53148
query,1509267487.8779519,1509267487.910369,509
query,1509267487.9103732,1509267487.9234762,1
query,1509267487.9234824,1509267488.4036105,19754
query,1509267488.4036157,1509267488.440403,2504
query,1509267488.440407,1509267488.9467251,20734
query,1509267488.9467282,1509267490.805413,35845
query,1509267490.8054168,1509267490.8610795,2130
query,1509267490.861083,1509267490.9307747,6308
query,1509267490.9307797,1509267491.5704758,21810
query,1509267491.5704815,1509267491.6179907,3946
query,1509267491.6179972,1509267491.7441,5994
query,1509267491.744104,1509267492.0723417,16397
query,1509267492.072347,1509267492.1336281,3331
query,1509267492.1336615,1509267492.3573427,12494
query,1509267492.3702986,1509267492.500776,241
query,1509267492.5007803,1509267493.3708484,35334
query,1509267493.370876,1509267493.4181676,5718
query,1509267493.4181724,1509267493.891484,25009
query,1509267493.891489,1509267494.9716113,28062
query,1509267494.9716148,1509267496.486334,37096
query,1509267496.4863393,1509267498.510755,55507
query,1509267498.5107603,1509267498.5462961,2839
query,1509267498.5463028,1509267498.5945835,1
query,1509267498.5945885,1509267498.763775,12233
query,1509267498.7637808,1509267499.1580107,15879
query,1509267499.1580176,1509267499.2052867,1451
query,1509267499.2052937,1509267499.472608,10503
query,1509267499.4726136,1509267499.995718,21171
query,1509267499.995723,1509267500.005901,0
query,1509267500.005906,1509267501.2114694,34802
query,1509267501.211476,1509267503.2736256,64203
query,1509267503.2736294,1509267503.3095453,3685
query,1509267503.3095496,1509267503.3482926,1412
query,1509267503.3484094,1509267504.5105486,29875
query,1509267504.5212493,1509267506.348167,42707
query,1509267506.3481715,1509267506.418648,2938
query,1509267506.4186523,1509267507.2656312,26014
query,1509267507.265635,1509267509.190352,43678
query,1509267509.1903553,1509267510.0678782,33384
query,1509267510.0678856,1509267510.930435,27311
query,1509267510.9304404,1509267510.9408963,0
query,1509267510.9409,1509267511.003597,165
query,1509267511.003601,1509267512.1957395,42281
query,1509267512.195744,1509267512.259326,3700
query,1509267512.2593298,1509267512.294676,37
query,1509267512.2946782,1509267513.4371722,33093
query,1509267513.4371762,1509267513.4813373,2935
query,1509267513.4813416,1509267515.3575063,51425
query,1509267515.3575113,1509267515.6404612,13700
query,1509267515.640466,1509267516.4991279,31427
query,1509267516.4991326,1509267516.5269597,4
query,1509267516.5269623,1509267516.5367908,0
query,1509267516.5367968,1509267516.7949193,9851
query,1509267516.7949827,1509267519.4391584,77998
query,1509267519.4473817,1509267519.723514,13014
query,1509267519.7235193,1509267519.7347174,0
query,1509267519.7347198,1509267520.2954311,24622
query,1509267520.2954364,1509267520.7167547,22342
query,1509267520.7167602,1509267520.7798705,3053
query,1509267520.7798724,1509267520.795513,0
query,1509267520.795515,1509267520.8470824,1084
query,1509267520.8470862,1509267522.7474127,40959
query,1509267522.7474174,1509267522.7818215,36
query,1509267522.781826,1509267522.822476,7
query,1509267522.8224928,1509267522.9568043,9507
query,1509267522.9568107,1509267522.9663544,0
query,1509267522.9663587,1509267523.008469,4357
query,1509267523.0084753,1509267523.9076219,23652
query,1509267523.907627,1509267525.2429895,35053
query,1509267525.2429938,1509267525.2842784,5215
query,1509267525.2842815,1509267525.9996257,21072
query,1509267525.999631,1509267526.071533,3012
query,1509267526.0715365,1509267526.632472,26783
query,1509267526.63253,1509267526.6731431,1159
query,1509267526.6807926,1509267529.2487202,51319
query,1509267529.2487254,1509267530.2278774,56575
query,1509267530.2278826,1509267530.2688868,1137
query,1509267530.2688923,1509267530.9252765,25889
query,1509267530.9252818,1509267530.9563994,2615
query,1509267530.956404,1509267531.1300654,8093
query,1509267531.130068,1509267532.2401094,41590
query,1509267532.240115,1509267532.5270245,12307
query,1509267532.5270314,1509267532.5698056,380
query,1509267532.569809,1509267532.9787679,16641
query,1509267532.9787734,1509267533.23474,9863
query,1509267533.2347603,1509267535.687892,62192
query,1509267535.687898,1509267535.7186332,719
query,1509267535.7186372,1509267535.7552495,9
query,1509267535.7552536,1509267536.021725,10462
query,1509267536.0217297,1509267536.0641923,13
query,1509267536.0641963,1509267536.4861004,15511
query,1509267536.4861062,1509267537.5940735,41004
query,1509267537.5940778,1509267538.219976,23249
query,1509267538.2200105,1509267538.2814128,2629
query,1509267538.2936244,1509267538.6332119,21511
query,1509267538.6332176,1509267538.9584732,11039
query,1509267538.9584787,1509267540.0148392,38876
query,1509267540.0148466,1509267541.1173925,48386
query,1509267541.1173973,1509267541.1663241,1551
query,1509267541.166328,1509267541.741746,23251
query,1509267541.7417507,1509267542.3145483,19881
query,1509267542.3145552,1509267542.5352933,12436
query,1509267542.535298,1509267544.647711,62302
query,1509267544.6477144,1509267544.6925669,41
query,1509267544.692569,1509267545.2196345,18945
query,1509267545.2196376,1509267545.2317457,0
query,1509267545.2317476,1509267545.2732155,48
query,1509267545.273218,1509267546.8026226,39879
query,1509267546.802626,1509267546.8301477,355
query,1509267546.8301508,1509267547.9402242,28611
query,1509267547.9402294,1509267548.2408001,14950
query,1509267548.2408051,1509267548.2524152,1
query,1509267548.252419,1509267548.2955852,793
query,1509267548.2956192,1509267549.868133,37698
query,1509267549.8813872,1509267549.9392173,2109
query,1509267549.9392211,1509267552.7906716,70140
query,1509267552.790676,1509267555.0944865,66984
query,1509267555.0944922,1509267555.507381,15305
query,1509267555.5073845,1509267556.9317749,43506
query,1509267556.9317787,1509267558.6750407,42237
query,1509267558.6750562,1509267558.7183728,2872
query,1509267558.7183754,1509267558.8617902,10172
query,1509267558.8617954,1509267559.459929,19838
query,1509267559.4599342,1509267561.134326,37418
query,1509267561.1343307,1509267563.1590452,53094
query,1509267563.1590505,1509267563.1719038,1
query,1509267563.171908,1509267563.2911184,5550
query,1509267563.2911236,1509267563.619928,13309
query,1509267563.6199331,1509267563.8451238,11706
query,1509267563.8451276,1509267563.8963323,2650
query,1509267563.8963392,1509267564.311391,17402
query,1509267564.3113964,1509267564.3668437,4442
query,1509267564.3668475,1509267566.6416726,40390
query,1509267566.6417067,1509267567.0827274,21130
query,1509267567.0927877,1509267570.186277,64379
query,1509267570.1862814,1509267570.320521,12867
query,1509267570.3205252,1509267570.3652422,249
query,1509267570.3652453,1509267572.3649137,37790
query,1509267572.3649197,1509267572.7498496,23667
query,1509267572.7498558,1509267572.911469,10355
query,1509267572.9114764,1509267573.1365972,11800
query,1509267573.1366012,1509267573.1846943,2493
query,1509267573.1846979,1509267575.281458,73537
query,1509267575.2814634,1509267576.6108465,32448
query,1509267576.610922,1509267576.753737,7448
query,1509267576.7537405,1509267576.965408,12057
query,1509267576.965412,1509267577.019241,23
query,1509267577.019247,1509267577.4926655,16742
query,1509267577.4926703,1509267578.3518949,25646
query,1509267578.3518999,1509267578.5928903,6918
query,1509267578.5928957,1509267578.6507936,2851
query,1509267578.6507976,1509267578.6576192,0
query,1509267578.6576233,1509267578.6837769,51
query,1509267578.6838374,1509267580.3454854,58111
query,1509267580.3519976,1509267582.8259373,70842
query,1509267582.8259423,1509267582.852746,4
query,1509267582.8527646,1509267582.8992794,15
query,1509267582.8992834,1509267583.0492835,10117
query,1509267583.0492866,1509267583.8832378,38451
query,1509267583.8832455,1509267584.3882573,23157
query,1509267584.3882644,1509267584.6844397,13364
query,1509267584.6844451,1509267584.7544956,5686
query,1509267584.7545009,1509267585.8941276,34299
query,1509267585.8941321,1509267586.186507,9924
query,1509267586.1865106,1509267586.434217,14812
query,1509267586.4342203,1509267586.4836583,5966
query,1509267586.483664,1509267587.688657,32610
query,1509267587.6886606,1509267587.7383206,80
query,1509267587.7383254,1509267587.8677907,1663
query,1509267587.8677967,1509267588.2005312,12760
query,1509267588.2005386,1509267590.0893536,41613
query,1509267590.0893571,1509267590.1223333,50
query,1509267590.1223378,1509267590.1728582,2957
query,1509267590.1729014,1509267590.2064385,3
query,1509267590.2121656,1509267590.2691553,3087
query,1509267590.2691617,1509267590.3950503,4934
query,1509267590.395056,1509267590.638112,12501
query,1509267590.6381168,1509267592.4307487,41318
query,1509267592.4307528,1509267592.6127691,6760
query,1509267592.612777,1509267592.6489706,205
query,1509267592.6489747,1509267592.8937523,12901
query,1509267592.8937573,1509267593.1079354,8176
query,1509267593.107942,1509267593.1186142,0
query,1509267593.1186194,1509267593.7711432,25816
query,1509267593.77115,1509267593.8201725,3987
query,1509267593.8201764,1509267594.0397866,9135
query,1509267594.0397913,1509267594.8929098,29516
query,1509267594.8929136,1509267595.9843063,28555
query,1509267595.9843106,1509267596.8583162,24000
query,1509267596.8583202,1509267597.9889002,40736
query,1509267597.9889033,1509267598.0402658,191
query,1509267598.040271,1509267598.076342,19
query,1509267598.076347,1509267600.1991205,72782
query,1509267600.1991646,1509267600.503381,15973
query,1509267600.520999,1509267600.567678,3228
query,1509267600.5676928,1509267601.1670141,25122
query,1509267601.167018,1509267601.8959892,31460
query,1509267601.8959951,1509267601.9371235,38
query,1509267601.9371297,1509267604.4393966,58857
query,1509267604.439401,1509267604.9116435,29686
query,1509267604.9116485,1509267604.9546058,73
query,1509267604.9546118,1509267605.42749,26469
query,1509267605.427495,1509267607.55912,47909
query,1509267607.5591247,1509267607.8118277,13626
query,1509267607.8118322,1509267608.2926047,17815
query,1509267608.292611,1509267608.3277059,1696
query,1509267608.3277109,1509267608.3771098,1014
query,1509267608.377116,1509267608.434027,381
query,1509267608.4340312,1509267609.9036143,40841
query,1509267609.9036202,1509267610.620555,27285
query,1509267610.6205592,1509267610.6511302,66
query,1509267610.651134,1509267611.0508215,9431
query,1509267611.0508265,1509267611.0861013,14
query,1509267611.087304,1509267611.7558742,24175
query,1509267611.7642562,1509267611.8122625,1876
query,1509267611.8122666,1509267612.7408466,25183
query,1509267612.7408636,1509267613.217843,23811
query,1509267613.2178488,1509267613.2752993,1843
query,1509267613.275303,1509267616.006591,64796
query,1509267616.0065975,1509267617.8104885,63703
query,1509267617.8104937,1509267618.9630055,55545
query,1509267618.9630117,1509267619.1648633,12598
query,1509267619.164869,1509267619.1901336,62
query,1509267619.1901395,1509267619.2235436,2483
query,1509267619.2235518,1509267619.2559426,2336
query,1509267619.255947,1509267619.5421908,14580
query,1509267619.542197,1509267619.8676114,15953
query,1509267619.8676162,1509267620.783603,40947
query,1509267620.7836082,1509267620.808184,20
query,1509267620.808189,1509267620.8337996,38
query,1509267620.8338141,1509267623.1283407,37823
query,1509267623.1283443,1509267623.1585646,341
query,1509267623.1585681,1509267623.2058744,377
query,1509267623.205907,1509267623.8545249,17594
query,1509267623.868411,1509267623.916176,418
query,1509267623.9161818,1509267623.963285,1031
query,1509267623.9632897,1509267624.266449,15581
query,1509267624.2664535,1509267624.307433,4103
query,1509267624.3074365,1509267624.7103422,20427
query,1509267624.710348,1509267624.7452462,1562
query,1509267624.745251,1509267625.0571465,17108
query,1509267625.0571535,1509267625.261295,7081
query,1509267625.261302,1509267626.1891096,41672
query,1509267626.1891148,1509267627.09848,29962
query,1509267627.0984862,1509267627.1245427,32
query,1509267627.124546,1509267628.7232976,35309
query,1509267628.7233028,1509267628.7725484,54
query,1509267628.7725544,1509267630.2979865,45515
query,1509267630.2979908,1509267632.8657124,65509
query,1509267632.8657184,1509267634.7333896,63591
query,1509267634.7333953,1509267636.7084692,63159
query,1509267636.7084732,1509267636.757559,20
query,1509267636.7575626,1509267637.0049076,11080
query,1509267637.0049603,1509267637.9449499,29200
query,1509267637.953602,1509267638.0140889,1165
query,1509267638.0140944,1509267638.1384122,5913
query,1509267638.1384184,1509267638.2389927,7270
query,1509267638.2389987,1509267638.278064,2347
query,1509267638.278068,1509267639.4239843,56748
query,1509267639.4239886,1509267641.5409098,63908
query,1509267641.5409143,1509267641.908972,19619
query,1509267641.908977,1509267642.1059701,6268
query,1509267642.1059754,1509267642.7645533,19608
query,1509267642.764557,1509267642.993912,15087
query,1509267642.9939315,1509267643.5569701,28920
query,1509267643.5569773,1509267643.5976071,3809
query,1509267643.5976114,1509267645.8296287,41263
query,1509267645.8296347,1509267646.0043344,9410
query,1509267646.0043404,1509267646.5570347,19811
query,1509267646.5570385,1509267646.8111274,15492
query,1509267646.8111308,1509267646.884062,4234
query,1509267646.8840666,1509267647.0373383,8458
query,1509267647.0373428,1509267647.6235118,26847
query,1509267647.623554,1509267648.8334122,55989
query,1509267648.840836,1509267649.2486453,17944
query,1509267649.2486527,1509267649.9338703,19511
query,1509267649.9338787,1509267650.051533,5793
query,1509267650.0515394,1509267650.281077,12185
query,1509267650.2810829,1509267650.330112,1263
query,1509267650.3301172,1509267650.3594615,49
query,1509267650.3594668,1509267650.475942,4960
query,1509267650.4759486,1509267651.6789184,33055
query,1509267651.678924,1509267651.8070924,4394
query,1509267651.8070965,1509267653.502638,59271
query,1509267653.502646,1509267653.8368986,14227
query,1509267653.8369033,1509267655.8308008,63547
query,1509267655.8308063,1509267655.855677,13
query,1509267655.8556821,1509267655.8905442,2030
query,1509267655.89055,1509267657.333614,62460
query,1509267657.3336177,1509267657.4338636,4542
query,1509267657.4338677,1509267658.1867576,23725
query,1509267658.1867626,1509267659.0817406,47243
query,1509267659.081746,1509267659.656044,22074
query,1509267659.6560795,1509267659.6812222,1
query,1509267659.6851647,1509267660.3739116,31568
query,1509267660.3739152,1509267660.4297302,4327
query,1509267660.4297326,1509267660.4805164,2214
query,1509267660.4805188,1509267661.3446937,40572
query,1509267661.3446975,1509267661.6129115,9130
query,1509267661.6129165,1509267663.4299154,62245
query,1509267663.429921,1509267663.860098,14393
query,1509267663.8601034,1509267664.931821,31819
query,1509267664.931826,1509267665.3992724,24447
query,1509267665.3992784,1509267667.140102,62059
query,1509267667.1401076,1509267669.0898087,41480
query,1509267669.0898128,1509267669.2714407,7830
query,1509267669.2714467,1509267670.110213,55591
query,1509267670.1102185,1509267670.1636515,1428
query,1509267670.163658,1509267672.4722009,63269
query,1509267672.4722059,1509267674.82191,50098
query,1509267674.8219137,1509267676.435466,61261
query,1509267676.4354713,1509267676.4747846,1662
query,1509267676.4747882,1509267677.6441822,27637
query,1509267677.6442204,1509267677.7210312,14
query,1509267677.7293108,1509267678.780424,29508
query,1509267678.780427,1509267678.9304917,6476
query,1509267678.9304957,1509267678.968285,2498
query,1509267678.9682891,1509267680.1715746,34287
query,1509267680.1715791,1509267680.2211108,286
query,1509267680.2211146,1509267680.717647,16016
query,1509267680.717654,1509267680.8623834,6795
query,1509267680.8623884,1509267682.277308,40473
query,1509267682.2773142,1509267683.9549944,40159
query,1509267683.9549985,1509267684.7185643,30038
query,1509267684.7185693,1509267686.4890769,63686
query,1509267686.4890838,1509267686.520888,203
query,1509267686.5208933,1509267688.5570645,35467
query,1509267688.557076,1509267688.8188844,1992
query,1509267688.8188891,1509267689.248412,18405
query,1509267689.2484179,1509267689.535099,17576
query,1509267689.5351038,1509267689.6431808,8454
query,1509267689.6431859,1509267689.6679246,8
query,1509267689.6679282,1509267690.1685276,26442
query,1509267690.168589,1509267690.3941286,13617
query,1509267690.407489,1509267690.586666,6115
query,1509267690.5866709,1509267690.985055,16122
query,1509267690.9850602,1509267691.3502693,17950
query,1509267691.350275,1509267691.4541526,5509
query,1509267691.45416,1509267691.467295,1
query,1509267691.4672992,1509267692.333498,28864
query,1509267692.3335035,1509267693.6078572,53427
query,1509267693.6078613,1509267695.7449062,49841
query,1509267695.744912,1509267695.8818684,2550
query,1509267695.8818727,1509267695.9413776,4030
query,1509267695.9413822,1509267696.1281347,9734
query,1509267696.128139,1509267696.9516315,31160
query,1509267696.9516368,1509267698.344828,40615
query,1509267698.344834,1509267698.4404821,5041
query,1509267698.4404871,1509267699.211077,38466
query,1509267699.2110815,1509267699.447636,10399
query,1509267699.4476414,1509267699.8788967,17817
query,1509267699.8789015,1509267700.4432344,28694
query,1509267700.4432397,1509267700.4931707,1573
query,1509267700.4932158,1509267700.6134486,740
query,1509267700.626638,1509267700.7100809,7280
query,1509267700.7100856,1509267701.9897985,28581
query,1509267701.989803,1509267704.19177,61615
query,1509267704.191777,1509267704.5954528,14111
query,1509267704.5954566,1509267706.2422311,41722
query,1509267706.242236,1509267706.2909951,1919
query,1509267706.2910001,1509267708.2991257,42472
query,1509267708.2991307,1509267708.5186508,12216
query,1509267708.5186543,1509267708.8261766,13026
query,1509267708.8261828,1509267708.9027328,4467
query,1509267708.902737,1509267709.2662692,15928
query,1509267709.2662766,1509267710.173927,42098
query,1509267710.173932,1509267710.9525948,24188
query,1509267710.952599,1509267711.9981325,27380
query,1509267711.9981365,1509267713.5983207,40443
query,1509267713.598325,1509267713.9704359,17102
query,1509267713.9704401,1509267715.917047,76440
query,1509267715.917052,1509267716.6918266,20593
query,1509267716.6918316,1509267716.742997,34
query,1509267716.7430413,1509267716.787455,757
query,1509267716.800537,1509267716.8913383,2
query,1509267716.8913417,1509267717.7009137,37851
query,1509267717.7009184,1509267717.862495,6529
query,1509267717.8624995,1509267717.9958975,5495
query,1509267717.995902,1509267718.67616,34372
query,1509267718.6761653,1509267718.7432742,3430
query,1509267718.743279,1509267719.5230753,35751
query,1509267719.5230787,1509267719.8165424,10118
query,1509267719.8165479,1509267719.8667207,20
query,1509267719.866725,1509267720.7929416,33436
query,1509267720.7929468,1509267721.2967935,18181
query,1509267721.2968004,1509267721.3410966,14
query,1509267721.3411016,1509267722.7257771,42128
query,1509267722.7257822,1509267723.2182045,25547
query,1509267723.2182086,1509267723.2917638,254
query,1509267723.2917686,1509267723.5602305,15178
query,1509267723.5602355,1509267723.6062996,5067
query,1509267723.6063035,1509267724.2823591,27385
query,1509267724.282363,1509267725.4244132,38827
query,1509267725.4244616,1509267725.8450947,15128
query,1509267725.8607788,1509267725.9084117,270
query,1509267725.9084206,1509267726.9958646,29929
query,1509267726.9958694,1509267727.3888764,23787
query,1509267727.388882,1509267727.558976,6480
query,1509267727.5589814,1509267727.6051621,164
query,1509267727.6051672,1509267727.6985445,5708
query,1509267727.6985497,1509267727.8626864,6953
query,1509267727.8626912,1509267727.8952546,16
query,1509267727.89526,1509267727.96401,3757
query,1509267727.9640186,1509267728.6956935,20029
query,1509267728.6957016,1509267728.7385886,1584
query,1509267728.738593,1509267729.5988407,29524
query,1509267729.5988455,1509267729.831924,13606
query,1509267729.8319287,1509267730.262983,25009
query,1509267730.2629888,1509267730.284242,14
query,1509267730.2842467,1509267730.8757467,20812
query,1509267730.875752,1509267731.435908,23422
query,1509267731.4359124,1509267731.9401302,23239
query,1509267731.940136,1509267734.2185457,8123
query,1509267734.2185924,1509267734.2757435,3244
query,1509267734.2895803,1509267734.3411813,4050
query,1509267734.341186,1509267734.8002582,20418
query,1509267734.8002636,1509267735.9872067,43012
query,1509267735.9872124,1509267736.0012083,1
query,1509267736.0012133,1509267738.5113528,46287
query,1509267738.5113575,1509267738.6307588,6166
query,1509267738.6307638,1509267738.739972,3742
query,1509267738.7399764,1509267738.7843225,75
query,1509267738.7843294,1509267738.835464,2922
query,1509267738.8354688,1509267738.8765666,4645
query,1509267738.8765714,1509267741.1053352,46041
query,1509267741.1053388,1509267743.8655646,56096
query,1509267743.865569,1509267743.876774,0
query,1509267743.8767774,1509267743.9174056,7
query,1509267743.9174087,1509267744.7438352,33523
query,1509267744.74384,1509267745.1689658,15282
query,1509267745.1689713,1509267745.848869,30015
query,1509267745.848873,1509267745.886615,99
query,1509267745.8866212,1509267746.1041074,10873
query,1509267746.1041455,1509267747.2202199,41599
query,1509267747.2290907,1509267749.0302112,44778
query,1509267749.030219,1509267749.2578306,9508
query,1509267749.2578366,1509267751.1487162,34414
query,1509267751.1487205,1509267751.3223302,7728
query,1509267751.3223338,1509267752.142801,27369
query,1509267752.1428065,1509267752.1978927,1832
query,1509267752.1978972,1509267752.2424147,2225
query,1509267752.2424195,1509267752.6299818,19687
query,1509267752.6299868,1509267753.9444242,43362
query,1509267753.9444275,1509267757.778693,68886
query,1509267757.778698,1509267757.90003,4828
query,1509267757.9000337,1509267758.7086935,32814
query,1509267758.708698,1509267760.6029658,60266
query,1509267760.60297,1509267762.4556553,67837
query,1509267762.455661,1509267764.8595874,53152
query,1509267764.8595934,1509267765.0772507,12927
query,1509267765.0772545,1509267765.5601285,17329
query,1509267765.5601332,1509267765.5958135,165
query,1509267765.5958197,1509267766.5052986,32555
query,1509267766.50534,1509267766.9649818,22808
query,1509267766.9780242,1509267768.4153867,60660
query,1509267768.4153914,1509267768.4560428,195
query,1509267768.4560466,1509267768.9875956,17536
query,1509267768.9876,1509267769.2919185,16205
query,1509267769.2919228,1509267769.6383898,18857
query,1509267769.6383948,1509267771.4929714,61514
query,1509267771.4929764,1509267772.0947046,20650
query,1509267772.0947082,1509267773.1994965,30718
query,1509267773.1995025,1509267774.0498154,29503
query,1509267774.0498211,1509267775.58075,8185
query,1509267775.580755,1509267775.6321225,2271
query,1509267775.6321266,1509267775.6945598,4821
query,1509267775.6945655,1509267778.0663793,64683
query,1509267778.0663846,1509267778.0855842,4
query,1509267778.0855882,1509267780.6504364,60420
query,1509267780.650442,1509267780.9709785,17909
query,1509267780.970985,1509267782.614503,64926
query,1509267782.614509,1509267785.3609178,70162
query,1509267785.3609276,1509267786.3170278,29182
query,1509267786.317061,1509267788.1421688,42552
query,1509267788.150937,1509267788.2207031,156
query,1509267788.2207081,1509267788.267789,480
query,1509267788.2677956,1509267789.407779,58143
query,1509267789.4077833,1509267791.2963383,68123
query,1509267791.296342,1509267791.8357654,16769
query,1509267791.83577,1509267793.3738534,30733
query,1509267793.3738582,1509267793.425253,3678
query,1509267793.4252582,1509267793.6542513,11692
query,1509267793.6542552,1509267793.7075763,293
query,1509267793.7075799,1509267794.4133089,28871
query,1509267794.4133124,1509267794.442209,9
query,1509267794.4422119,1509267794.6018302,9464
query,1509267794.601834,1509267795.42905,33402
query,1509267795.4290535,1509267795.8690941,18328
query,1509267795.8690975,1509267797.5317528,34308
query,1509267797.5317576,1509267797.7718165,14220
query,1509267797.771821,1509267799.5129378,40745
query,1509267799.5129423,1509267800.0688317,16682
query,1509267800.0688372,1509267800.6900985,24947
query,1509267800.6901422,1509267803.3611507,76827
query,1509267803.3722315,1509267803.485013,3145
query,1509267803.4850192,1509267804.8535705,36500
query,1509267804.8535755,1509267804.901729,835
query,1509267804.901735,1509267805.3711452,17113
query,1509267805.3711495,1509267806.2512212,33309
query,1509267806.2512255,1509267806.67463,14860
query,1509267806.674635,1509267806.7039018,1293
query,1509267806.7039056,1509267808.9466732,65823
query,1509267808.9466784,1509267809.9308295,57424
query,1509267809.930835,1509267809.977505,1175
query,1509267809.97751,1509267810.606357,21026
query,1509267810.6063614,1509267811.2771962,21845
query,1509267811.277202,1509267812.6083126,56088
query,1509267812.6083164,1509267812.654412,35
query,1509267812.6544168,1509267812.7159128,693
query,1509267812.7159169,1509267812.7922041,4742
query,1509267812.7922096,1509267813.4389763,23751
query,1509267813.4389803,1509267814.2074978,25150
query,1509267814.207502,1509267816.0910242,46439
query,1509267816.0910656,1509267816.6491988,21756
query,1509267816.655969,1509267817.467047,31449
query,1509267817.4670515,1509267818.4666426,30510
query,1509267818.4666471,1509267819.1710563,24699
query,1509267819.171061,1509267819.3018956,6313
query,1509267819.3018992,1509267819.4200473,5280
query,1509267819.4200513,1509267819.4554648,348
query,1509267819.455468,1509267820.7187612,43918
query,1509267820.7187665,1509267822.261069,42909
query,1509267822.2610724,1509267824.5086958,51623
query,1509267824.5087008,1509267826.71465,53475
query,1509267826.714654,1509267827.2344038,24637
query,1509267827.2344096,1509267829.8862355,65752
query,1509267829.8862402,1509267829.9204378,406
query,1509267829.920442,1509267830.3767354,22844
query,1509267830.3767414,1509267830.501971,5225
query,1509267830.5019772,1509267832.1208487,51181
query,1509267832.120855,1509267832.9121656,31254
query,1509267832.9121706,1509267832.9375572,480
query,1509267832.937562,1509267833.2573311,16635
query,1509267833.2573762,1509267833.397784,5698
query,1509267833.4142406,1509267833.967328,23148
query,1509267833.967332,1509267834.606774,25304
query,1509267834.6067784,1509267834.9328072,15623
query,1509267834.9328125,1509267834.9722407,3491
query,1509267834.9722455,1509267835.3147917,14511
query,1509267835.3147957,1509267838.0634549,72963
query,1509267838.0634618,1509267838.5865166,23166
query,1509267838.5865204,1509267840.228444,54032
query,1509267840.228449,1509267840.2738693,23
query,1509267840.2738745,1509267840.8992822,26335
query,1509267840.8992863,1509267841.4612744,17556
query,1509267841.461279,1509267841.489008,11
query,1509267841.4890127,1509267842.93682,62444
query,1509267842.9368234,1509267842.963737,17
query,1509267842.963742,1509267842.9970956,1861
query,1509267842.9971004,1509267844.409267,29780
query,1509267844.4092705,1509267844.4571996,472
query,1509267844.4572024,1509267845.347167,26375
query,1509267845.3471777,1509267847.4211054,45234
query,1509267847.4211571,1509267848.6051917,36789
query,1509267848.619976,1509267848.661809,1331
query,1509267848.661815,1509267848.7556212,6411
query,1509267848.7556262,1509267848.8094764,4877
query,1509267848.8094804,1509267848.8464472,629
query,1509267848.8464522,1509267848.8917034,441
query,1509267848.8917077,1509267849.1118314,11203
query,1509267849.1118355,1509267850.459197,35250
query,1509267850.459202,1509267850.4729986,1
query,1509267850.4730036,1509267850.5123053,3968
query,1509267850.5123096,1509267850.5641124,836
query,1509267850.5641172,1509267852.5067527,66345
query,1509267852.5067563,1509267855.0417697,51519
query,1509267855.0417745,1509267855.9681184,29923
query,1509267855.9681225,1509267856.1711202,9397
query,1509267856.1711257,1509267858.6952608,69647
query,1509267858.695265,1509267859.2785873,27151
query,1509267859.278591,1509267859.781212,4972
query,1509267859.781216,1509267860.472895,19096
query,1509267860.4728987,1509267861.3439963,30613
query,1509267861.344029,1509267861.6776571,15207
query,1509267861.6910522,1509267862.4615178,28655
query,1509267862.4615216,1509267864.7979126,62056
query,1509267864.7979171,1509267864.825224,0
query,1509267864.8252292,1509267867.5691555,53539
query,1509267867.5691602,1509267867.6112034,2109
query,1509267867.6112072,1509267868.1922064,21036
query,1509267868.1922102,1509267868.7150502,24901
query,1509267868.7150576,1509267869.3696933,21546
query,1509267869.3696973,1509267869.8390229,20009
query,1509267869.839029,1509267869.8836722,237
query,1509267869.883679,1509267869.93009,3311
query,1509267869.9300947,1509267871.1925359,59527
query,1509267871.1925397,1509267871.2371554,34
query,1509267871.237158,1509267871.7080848,19308
query,1509267871.7080896,1509267872.1424327,19593
query,1509267872.1424372,1509267872.1960754,1308
query,1509267872.1960788,1509267872.2254667,1432
query,1509267872.2254708,1509267873.370018,39506
query,1509267873.370022,1509267873.3809705,0
query,1509267873.3810232,1509267873.956742,18950
query,1509267873.967039,1509267874.4218535,19155
query,1509267874.421857,1509267874.4782393,1041
query,1509267874.478245,1509267875.8539357,34507
query,1509267875.8539407,1509267875.8857856,281
query,1509267875.88579,1509267877.3527832,62683
query,1509267877.3527887,1509267877.9223325,19011
query,1509267877.922336,1509267877.958554,3237
query,1509267877.9585576,1509267878.1540933,10156
query,1509267878.1540968,1509267878.8420618,37902
query,1509267878.8420658,1509267880.6874208,8109
query,1509267880.687425,1509267882.664841,43296
query,1509267882.6648464,1509267883.0513775,26106
query,1509267883.0513835,1509267883.9118905,41421
query,1509267883.9118955,1509267884.2817419,16290
query,1509267884.2817461,1509267884.5937374,14852
query,1509267884.593743,1509267885.2780228,24622
query,1509267885.2780263,1509267885.3370876,2608
query,1509267885.337092,1509267885.5875053,10216
query,1509267885.5875125,1509267885.8201492,12242
query,1509267885.820213,1509267885.85353,1
query,1509267885.8559089,1509267885.9035745,700
query,1509267885.9035776,1509267887.5738697,8109
query,1509267887.5738745,1509267887.7232738,7395
query,1509267887.72328,1509267888.6252782,27267
query,1509267888.6252837,1509267889.192651,21675
query,1509267889.1926558,1509267889.9305403,40262
query,1509267889.9305456,1509267890.1858985,15754
query,1509267890.1859035,1509267890.2178261,659
query,1509267890.2178326,1509267890.2481585,215
query,1509267890.2481632,1509267892.1634939,44188
query,1509267892.1634982,1509267892.251208,4590
query,1509267892.2512121,1509267894.2955823,42190
query,1509267894.2955868,1509267895.5695868,44337
query,1509267895.5695937,1509267896.3483086,25864
query,1509267896.3483138,1509267896.792814,15986
query,1509267896.7928193,1509267898.7992482,63230
query,1509267898.7992518,1509267899.5117915,38578
query,1509267899.5117972,1509267899.8229449,9642
query,1509267899.8229494,1509267902.0700023,65527
query,1509267902.0700328,1509267903.4425144,44971
query,1509267903.4548695,1509267904.0959792,28054
query,1509267904.0959828,1509267904.4790778,14738
query,1509267904.4790826,1509267904.664718,7462
query,1509267904.6647239,1509267905.5588253,39877
query,1509267905.5588303,1509267908.608676,63793
query,1509267908.6086812,1509267908.638368,1980
query,1509267908.6383717,1509267908.7537725,82
query,1509267908.7537763,1509267910.2202082,57725
query,1509267910.220213,1509267911.1851237,44382
query,1509267911.1851273,1509267911.3168569,6321
query,1509267911.3168607,1509267911.3319092,0
query,1509267911.331912,1509267911.3792243,64
query,1509267911.3792279,1509267912.1667576,25195
query,1509267912.1667616,1509267912.606234,16788
query,1509267912.6062386,1509267912.7727451,10911
query,1509267912.7727506,1509267912.8151648,6
query,1509267912.81517,1509267914.7554321,61668
query,1509267914.7554362,1509267914.9876192,9783
query,1509267914.9876368,1509267916.3223917,8134
query,1509267916.322425,1509267916.5145633,8867
query,1509267916.5269353,1509267918.278796,62705
query,1509267918.2788124,1509267918.3953986,1123
query,1509267918.395413,1509267918.4240642,319
query,1509267918.4240704,1509267918.5080507,4261
query,1509267918.5080552,1509267918.569872,1791
query,1509267918.569876,1509267918.8580675,14186
query,1509267918.8580723,1509267919.9411182,40412
query,1509267919.9411228,1509267920.1503668,10025
query,1509267920.1503718,1509267920.2681315,3007
query,1509267920.2681363,1509267920.3202755,2491
query,1509267920.3202803,1509267920.3457239,90
query,1509267920.345728,1509267921.5718799,38487
query,1509267921.5718846,1509267921.6024697,1985
query,1509267921.6024735,1509267921.7124777,3741
query,1509267921.712484,1509267921.7420228,388
query,1509267921.742027,1509267922.0135934,11367
query,1509267922.0136046,1509267922.9304328,39136
query,1509267922.9304366,1509267923.2628284,22640
query,1509267923.2628336,1509267924.0788267,29130
query,1509267924.0789132,1509267924.5539367,17838
query,1509267924.56653,1509267925.1002316,21620
query,1509267925.1002374,1509267925.1479251,187
query,1509267925.1479297,1509267925.1962693,2792
query,1509267925.1962762,1509267925.24199,547
query,1509267925.2419944,1509267925.5011296,10405
query,1509267925.5011353,1509267925.5350134,26
query,1509267925.5350194,1509267925.5824673,183
query,1509267925.582472,1509267925.6819966,8874
query,1509267925.6820018,1509267925.90559,10302
query,1509267925.9055953,1509267928.0001912,63148
query,1509267928.0001965,1509267928.0273385,224
query,1509267928.0273428,1509267928.0806427,1536
query,1509267928.0806477,1509267928.1142044,2362
query,1509267928.1142101,1509267928.4399524,19191
query,1509267928.439958,1509267928.4805343,3543
query,1509267928.480538,1509267929.2149184,29921
query,1509267929.2149243,1509267930.4992015,41046
query,1509267930.4992058,1509267930.9822302,18626
query,1509267930.9822345,1509267932.6357753,47890
query,1509267932.6358209,1509267933.6412766,29759
query,1509267933.6547253,1509267934.5848017,27868
query,1509267934.5848074,1509267934.7525914,9569
query,1509267934.7525992,1509267934.7906976,531
query,1509267934.7907028,1509267934.8422184,1827
query,1509267934.842225,1509267934.8927898,1625
query,1509267934.8927956,1509267936.2944012,30365
query,1509267936.2944095,1509267937.403454,28571
query,1509267937.4034593,1509267937.677766,7980
query,1509267937.67777,1509267937.7260509,443
query,1509267937.7260556,1509267937.8805013,4673
query,1509267937.8805048,1509267937.927081,9
query,1509267937.9270866,1509267939.791586,51888
query,1509267939.791591,1509267939.8463242,30
query,1509267939.8463292,1509267940.2040164,21409
query,1509267940.2040226,1509267940.6693442,24340
query,1509267940.669349,1509267940.8800712,10783
query,1509267940.8800762,1509267941.3870635,16420
query,1509267941.3870668,1509267941.7680013,14330
query,1509267941.768006,1509267941.8237798,5629
query,1509267941.8238175,1509267942.8813999,28911
query,1509267942.8886852,1509267942.9368422,1760
query,1509267942.936847,1509267943.5140216,22311
query,1509267943.5140266,1509267944.0097475,23457
query,1509267944.0097523,1509267944.3490005,16991
query,1509267944.3490045,1509267945.4134448,30494
query,1509267945.4134495,1509267947.2617917,62911
query,1509267947.2617955,1509267947.5783472,11534
query,1509267947.578352,1509267947.7153778,9
query,1509267947.715382,1509267949.8926668,72071
query,1509267949.8926709,1509267949.9042606,0
query,1509267949.9042647,1509267949.921729,1
query,1509267949.9217322,1509267949.9392972,1
query,1509267949.9393005,1509267949.9524784,0
query,1509267949.9524841,1509267950.8413393,39523
query,1509267950.841346,1509267950.8530242,0
query,1509267950.8530285,1509267951.5807672,25593
query,1509267951.5807705,1509267951.6117873,5
query,1509267951.611791,1509267952.6656013,37282
query,1509267952.6656063,1509267953.2421992,26178
query,1509267953.242239,1509267953.4920475,440
query,1509267953.504257,1509267954.889418,38580
query,1509267954.8894222,1509267954.9487672,3630
query,1509267954.9487708,1509267955.0700483,1797
query,1509267955.070052,1509267955.9077852,23197
query,1509267955.907789,1509267956.6321514,24493
query,1509267956.6321561,1509267957.3047829,32443
query,1509267957.3047874,1509267957.4600577,6742
query,1509267957.460062,1509267957.6557283,11051
query,1509267957.6557345,1509267958.00169,11291
query,1509267958.001696,1509267958.2485526,14370
query,1509267958.2485573,1509267958.4090803,8613
query,1509267958.4090838,1509267958.6583464,12851
query,1509267958.6583517,1509267958.8163426,9449
query,1509267958.8163798,1509267958.9183397,6661
query,1509267958.9183443,1509267958.9773722,7176
query,1509267958.9773772,1509267960.297133,37906
query,1509267960.2971363,1509267960.334339,1998
query,1509267960.3343425,1509267961.948769,42189
query,1509267961.9487736,1509267961.97835,33
query,1509267961.978405,1509267962.0369754,675
query,1509267962.0501318,1509267962.1599293,3
query,1509267962.159933,1509267963.0835555,37263
query,1509267963.08356,1509267963.146686,3460
query,1509267963.146689,1509267963.281077,5306
query,1509267963.281085,1509267963.5929296,14445
query,1509267963.5929334,1509267963.9244976,15407
query,1509267963.9245028,1509267966.2254565,68036
query,1509267966.225461,1509267966.400853,7869
query,1509267966.4008565,1509267967.399043,31872
query,1509267967.3990493,1509267967.5714705,11533
query,1509267967.5714755,1509267969.1981094,63382
query,1509267969.198113,1509267969.8206232,22095
query,1509267969.8206306,1509267970.2001386,11903
query,1509267970.2001436,1509267970.5285263,18356
query,1509267970.528532,1509267970.763782,12836
query,1509267970.7637873,1509267970.8506353,7064
query,1509267970.8506413,1509267971.0157251,7161
query,1509267971.0157306,1509267971.0757284,2285
query,1509267971.0757334,1509267971.1119163,2038
query,1509267971.111966,1509267971.4730766,13120
query,1509267971.4851975,1509267972.2452235,24188
query,1509267972.2452302,1509267972.4155824,6194
query,1509267972.4155881,1509267973.7368762,43232
query,1509267973.7368815,1509267974.950685,31528
query,1509267974.9507015,1509267977.6627111,69226
query,1509267977.662716,1509267978.272785,21338
query,1509267978.2727916,1509267978.2827773,0
query,1509267978.2827811,1509267979.3356988,36327
query,1509267979.3357048,1509267979.3801115,26
query,1509267979.3801165,1509267981.078052,41750
query,1509267981.0780566,1509267981.1407814,5822
query,1509267981.1407866,1509267981.1793492,301
query,1509267981.1793532,1509267983.348263,47318
query,1509267983.3482676,1509267983.3653939,0
query,1509267983.3654006,1509267985.2169607,56788
query,1509267985.2169638,1509267986.6568787,36655
query,1509267986.6568837,1509267987.9256244,38831
query,1509267987.9256294,1509267988.73753,27786
query,1509267988.7375352,1509267988.933075,9232
query,1509267988.9331334,1509267989.138082,8581
query,1509267989.1542068,1509267989.2074413,7
query,1509267989.207446,1509267989.2514265,18
query,1509267989.2514303,1509267989.2859418,12
query,1509267989.2859454,1509267989.3202038,123
query,1509267989.320209,1509267989.9259439,30913
query,1509267989.9259512,1509267990.6181688,28237
query,1509267990.6181748,1509267990.9728162,17881
query,1509267990.9728215,1509267991.898389,23658
query,1509267991.8983953,1509267993.3711226,61344
query,1509267993.3711305,1509267993.4702408,27
query,1509267993.4702444,1509267993.8020709,9878
query,1509267993.8020766,1509267994.003893,8168
query,1509267994.0038974,1509267995.1755893,29770
query,1509267995.1755943,1509267995.6543434,21877
query,1509267995.6543484,1509267995.8251157,8881
query,1509267995.8251207,1509267997.734361,42411
query,1509267997.7343664,1509267997.9768195,13187
query,1509267997.9768236,1509267998.0148058,4380
query,1509267998.0148115,1509267998.4808593,24740
query,1509267998.4809024,1509267998.968771,27734
query,1509267998.9818249,1509267999.03521,2341
query,1509267999.0352144,1509267999.5494843,25445
query,1509267999.5494905,1509268000.4394538,30235
query,1509268000.439459,1509268002.6879294,39428
query,1509268002.6879349,1509268003.0042295,12944
query,1509268003.0042343,1509268004.3058343,34747
query,1509268004.3058403,1509268004.3272955,1
query,1509268004.3273,1509268004.621919,13105
query,1509268004.6219244,1509268004.7404027,5290
query,1509268004.740408,1509268004.8665886,8703
query,1509268004.866594,1509268004.8884423,40
query,1509268004.8884473,1509268006.3430088,62868
query,1509268006.3430128,1509268006.4720666,5322
query,1509268006.472072,1509268009.250547,68338
query,1509268009.2505505,1509268011.0185497,36349
query,1509268011.0185544,1509268012.9616992,49259
query,1509268012.9617145,1509268012.9975743,1891
query,1509268012.9975772,1509268013.2776217,12112
query,1509268013.2776263,1509268013.8520799,14537
query,1509268013.8521256,1509268013.9212983,4362
query,1509268013.931853,1509268014.1017787,2222
query,1509268014.101784,1509268015.220676,29091
query,1509268015.220688,1509268015.4225817,177
query,1509268015.4225862,1509268015.446274,4
query,1509268015.446278,1509268017.3221886,39473
query,1509268017.322193,1509268019.1162236,52221
query,1509268019.1162274,1509268019.1500921,1701
query,1509268019.1500967,1509268019.8397424,25292
query,1509268019.839748,1509268019.880147,4284
query,1509268019.8801527,1509268020.291522,17353
query,1509268020.2915277,1509268020.5864606,12761
query,1509268020.5864642,1509268021.5265603,36240
query,1509268021.5265644,1509268021.7600617,15115
query,1509268021.760067,1509268021.8438947,6082
query,1509268021.8439026,1509268021.908795,4037
query,1509268021.9087992,1509268023.989381,62509
query,1509268023.989386,1509268024.989657,27247
query,1509268024.9896617,1509268025.0160048,118
query,1509268025.016009,1509268025.0487263,1544
query,1509268025.048763,1509268025.595561,26809
query,1509268025.602577,1509268026.3994243,25642
query,1509268026.3994298,1509268026.8788564,19388
query,1509268026.87886,1509268026.9240777,37
query,1509268026.924082,1509268028.5863228,45703
query,1509268028.5863314,1509268029.5759957,24656
query,1509268029.5760007,1509268030.4719698,26686
query,1509268030.4719741,1509268030.7867851,19413
query,1509268030.7867906,1509268031.937154,33107
query,1509268031.9371588,1509268032.3351548,19672
query,1509268032.33516,1509268032.5982382,4547
query,1509268032.5982432,1509268032.609196,0
query,1509268032.6092002,1509268034.730179,61821
query,1509268034.7301843,1509268035.5247831,20523
query,1509268035.5247886,1509268038.802755,76524
query,1509268038.8027585,1509268039.0972042,13484
query,1509268039.0972083,1509268039.1478164,3429
query,1509268039.147821,1509268040.2869809,30606
query,1509268040.286985,1509268041.109446,23714
query,1509268041.1094515,1509268042.9719915,69391
query,1509268042.9720342,1509268043.4832332,21792
query,1509268043.4958453,1509268043.9114559,21875
query,1509268043.9114604,1509268044.4302137,18224
query,1509268044.4302166,1509268044.4740698,2974
query,1509268044.4740732,1509268044.5255587,585
query,1509268044.5255623,1509268044.9741726,26311
query,1509268044.9741771,1509268045.0201242,1255
query,1509268045.02013,1509268045.0731044,2257
query,1509268045.0731087,1509268046.241322,32889
query,1509268046.2413275,1509268046.5006526,13506
query,1509268046.5006564,1509268046.5107603,0
query,1509268046.5107648,1509268046.7360985,10699
query,1509268046.736104,1509268046.7633042,1213
query,1509268046.763309,1509268046.7958715,2896
query,1509268046.795876,1509268047.75212,39047
query,1509268047.7521243,1509268047.982702,9353
query,1509268047.9827065,1509268050.2493436,57161
query,1509268050.2493505,1509268052.4043286,40442
query,1509268052.4043334,1509268054.316561,66266
query,1509268054.3165662,1509268054.3454514,613
query,1509268054.3455002,1509268054.608281,9970
query,1509268054.6255803,1509268055.0708635,17344
query,1509268055.0708673,1509268055.1023908,371
query,1509268055.102394,1509268057.2452862,52506
query,1509268057.2452912,1509268057.3754084,5103
query,1509268057.375412,1509268058.1932082,22065
query,1509268058.1932125,1509268058.2195485,2
query,1509268058.2195532,1509268059.1929402,57378
query,1509268059.192945,1509268059.2322624,1149
query,1509268059.2322671,1509268060.0487452,23351
query,1509268060.0487652,1509268060.5130203,17105
query,1509268060.513025,1509268062.692499,65440
query,1509268062.6925058,1509268063.601986,34938
query,1509268063.60199,1509268063.7170682,6
query,1509268063.7170756,1509268064.401213,26056
query,1509268064.4012177,1509268064.4642801,5192
query,1509268064.4642875,1509268064.5159516,1616
query,1509268064.515957,1509268066.3272755,39431
query,1509268066.3272805,1509268067.8813777,43402
query,1509268067.8813818,1509268069.6340895,46113
query,1509268069.6341357,1509268069.8225224,10587
query,1509268069.8330297,1509268070.0767186,12268
query,1509268070.0767224,1509268070.4509993,25217
query,1509268070.4510047,1509268072.0348015,40321
query,1509268072.0348086,1509268072.1626484,1281
query,1509268072.1626558,1509268072.5224702,18933
query,1509268072.5224755,1509268073.5493042,36795
query,1509268073.549309,1509268073.5625455,1
query,1509268073.5625494,1509268074.0250452,19770
query,1509268074.0250516,1509268075.8716257,46029
query,1509268075.8716297,1509268076.6377285,24371
query,1509268076.637734,1509268076.6856961,903
query,1509268076.685701,1509268077.377849,26460
query,1509268077.3778527,1509268077.9942327,22812
query,1509268077.9942374,1509268078.0457408,2012
query,1509268078.0457456,1509268078.088883,8
query,1509268078.088888,1509268078.2059772,0
query,1509268078.2059824,1509268078.2571554,2373
query,1509268078.2571604,1509268079.4235578,28210
query,1509268079.423562,1509268080.05494,28602
query,1509268080.0549724,1509268080.1079917,36
query,1509268080.12557,1509268082.2997293,63965
query,1509268082.2997346,1509268083.5342376,30408
query,1509268083.5342424,1509268084.4297166,28734
query,1509268084.4297202,1509268084.4697912,3272
query,1509268084.4697948,1509268084.7453642,11024
query,1509268084.7453675,1509268085.0119147,10910
query,1509268085.011918,1509268085.0398483,477
query,1509268085.039853,1509268086.371184,43485
query,1509268086.371189,1509268087.4138281,26404
query,1509268087.4138331,1509268088.0609152,24602
query,1509268088.06092,1509268088.1219714,1779
query,1509268088.1219873,1509268088.1688004,147
query,1509268088.1688054,1509268089.6709964,45095
query,1509268089.6710033,1509268089.7037425,4
query,1509268089.703747,1509268089.7541475,1994
query,1509268089.7541523,1509268089.802052,3027
query,1509268089.802057,1509268091.1687458,44520
query,1509268091.1687493,1509268091.9339974,38408
query,1509268091.934002,1509268092.0460732,2921
query,1509268092.0461185,1509268092.1860046,9037
query,1509268092.1991777,1509268092.5080793,7540
query,1509268092.508084,1509268095.868588,64342
query,1509268095.868595,1509268095.9775157,4
query,1509268095.9775207,1509268096.004649,7
query,1509268096.004653,1509268096.0335522,17
query,1509268096.0335562,1509268097.6937034,38005
query,1509268097.693709,1509268097.7245433,100
query,1509268097.724551,1509268099.7117517,39388
query,1509268099.7117555,1509268099.7524977,2733
query,1509268099.7525005,1509268099.7918365,24
query,1509268099.791841,1509268100.5665984,30582
query,1509268100.5666037,1509268102.004555,8106
query,1509268102.0045593,1509268103.2604196,44065
query,1509268103.260423,1509268103.522028,11710
query,1509268103.5220315,1509268103.5995984,9021
query,1509268103.599604,1509268103.9652483,19166
query,1509268103.9652529,1509268105.3479984,35797
query,1509268105.3480039,1509268105.6444159,18820
query,1509268105.6444225,1509268106.4490974,28897
query,1509268106.4491787,1509268107.206453,28122
query,1509268107.219675,1509268108.7955432,48430
query,1509268108.7955472,1509268108.9223764,7077
query,1509268108.9223814,1509268108.9595747,1623
query,1509268108.9595783,1509268109.0045795,228
query,1509268109.0045834,1509268110.0746677,45135
query,1509268110.0746727,1509268110.0918815,3
query,1509268110.0918846,1509268110.119674,31
query,1509268110.1196775,1509268110.8644469,41230
query,1509268110.8644507,1509268111.433553,23001
query,1509268111.433558,1509268111.9667299,15183
query,1509268111.966734,1509268112.1987057,12613
query,1509268112.1987116,1509268113.9026222,49568
query,1509268113.902626,1509268116.424413,62699
query,1509268116.424419,1509268116.9637167,18361
query,1509268116.9637234,1509268117.0219665,1625
query,1509268117.0219703,1509268117.095102,3958
query,1509268117.0951068,1509268117.340745,13222
query,1509268117.3407497,1509268117.3673677,3
query,1509268117.367371,1509268117.4164119,1478
query,1509268117.4164577,1509268117.8023832,14606
query,1509268117.809603,1509268117.871664,1395
query,1509268117.8716679,1509268117.9245143,1268
query,1509268117.9245214,1509268118.7651026,55545
query,1509268118.7651072,1509268119.46218,26805
query,1509268119.4621856,1509268119.4950006,1144
query,1509268119.4950056,1509268119.5549288,3264
query,1509268119.5549357,1509268119.5653932,0
query,1509268119.565398,1509268120.7792823,56857
query,1509268120.7792873,1509268122.9518752,52333
query,1509268122.9518805,1509268123.0035532,790
query,1509268123.0035582,1509268123.0405226,1177
query,1509268123.0405276,1509268124.1605425,21177
query,1509268124.160547,1509268124.6510723,23433
query,1509268124.651077,1509268124.6943386,163
query,1509268124.6943433,1509268126.4756339,53275
query,1509268126.4756389,1509268126.562972,5297
query,1509268126.5629752,1509268126.579192,4
query,1509268126.579196,1509268127.1966124,28965
query,1509268127.1966174,1509268127.2330787,174
query,1509268127.2331111,1509268127.6351314,15527
query,1509268127.6426775,1509268127.8202453,9990
query,1509268127.8202498,1509268129.829849,76028
query,1509268129.829855,1509268131.470821,45031
query,1509268131.4708276,1509268131.6160707,9804
query,1509268131.616074,1509268132.244822,25181
query,1509268132.244826,1509268132.3850827,5674
query,1509268132.3850877,1509268134.313618,50085
query,1509268134.3136225,1509268134.4911103,8261
query,1509268134.491114,1509268135.3458717,35603
query,1509268135.3458767,1509268136.99898,49310
query,1509268136.998985,1509268137.542409,26628
query,1509268137.542414,1509268138.20915,29089
query,1509268138.2091556,1509268140.3198614,41497
query,1509268140.3198652,1509268140.6922467,21943
query,1509268140.6922505,1509268141.906436,58404
query,1509268141.9064415,1509268143.4897208,39872
query,1509268143.4897244,1509268143.8900974,18118
query,1509268143.890101,1509268144.0652401,5452
query,1509268144.0652437,1509268144.097086,1763
query,1509268144.0971293,1509268144.1366384,133
query,1509268144.148642,1509268144.4502857,13966
query,1509268144.4502902,1509268144.4895542,830
query,1509268144.4895606,1509268144.9975812,21995
query,1509268144.9975865,1509268145.8520935,29833
query,1509268145.8520985,1509268145.8998177,2678
query,1509268145.899822,1509268146.355599,25449
query,1509268146.3556046,1509268146.4886303,5860
query,1509268146.4886346,1509268147.7929885,60635
query,1509268147.792994,1509268148.3063014,19061
query,1509268148.3063066,1509268148.4592552,6326
query,1509268148.45926,1509268150.2730112,56872
query,1509268150.2730167,1509268150.414456,3375
query,1509268150.4144595,1509268150.459826,100
query,1509268150.4598315,1509268150.8067076,19050
query,1509268150.806712,1509268151.5676072,36048
query,1509268151.567613,1509268152.6387227,39793
query,1509268152.6387267,1509268153.8737495,26720
query,1509268153.8737566,1509268154.1921709,18815
query,1509268154.1921763,1509268154.2338624,10
query,1509268154.233896,1509268154.2880652,3
query,1509268154.2923386,1509268154.3008966,0
query,1509268154.3008993,1509268155.1699383,56191
query,1509268155.1699417,1509268155.1817863,1
query,1509268155.1817906,1509268155.346359,9500
query,1509268155.3463626,1509268155.3665452,0
query,1509268155.36655,1509268155.6090744,13548
query,1509268155.609079,1509268155.6527052,46
query,1509268155.6527085,1509268157.659842,60444
query,1509268157.6598468,1509268158.6365404,27296
query,1509268158.6365466,1509268158.7179637,8143
query,1509268158.7179687,1509268158.942524,12671
query,1509268158.942529,1509268159.3431063,16688
query,1509268159.3431125,1509268159.3882523,518
query,1509268159.3882563,1509268160.217994,27910
query,1509268160.2179987,1509268160.5812654,18318
query,1509268160.5812705,1509268162.7787912,62641
query,1509268162.7787957,1509268162.7881222,0
query,1509268162.788126,1509268162.9292202,6354
query,1509268162.9292247,1509268163.7167542,55144
query,1509268163.7168093,1509268163.8052597,8346
query,1509268163.820603,1509268164.062739,10002
query,1509268164.0627441,1509268165.1557345,30961
query,1509268165.155739,1509268165.1650956,0
query,1509268165.1651006,1509268166.1564958,25008
query,1509268166.1565006,1509268166.5250635,17834
query,1509268166.5250685,1509268166.7633634,13467
query,1509268166.763381,1509268166.9040065,8285
query,1509268166.90401,1509268168.3183947,8069
query,1509268168.3184013,1509268170.2242591,63128
query,1509268170.224265,1509268170.6984386,21817
query,1509268170.698442,1509268171.779149,33053
query,1509268171.7791553,1509268172.1713197,18175
query,1509268172.171325,1509268173.1285748,29323
query,1509268173.128582,1509268173.461398,11286
query,1509268173.4614038,1509268173.5081465,4274
query,1509268173.508152,1509268173.6829965,10641
query,1509268173.6830003,1509268173.7374191,4769
query,1509268173.737425,1509268174.3423336,19995
query,1509268174.3423395,1509268174.3825736,887
query,1509268174.3826175,1509268175.7941816,36544
query,1509268175.8065193,1509268176.5953212,30459
query,1509268176.5953262,1509268176.6284807,1345
query,1509268176.6284845,1509268177.1951604,21364
query,1509268177.195166,1509268177.883636,19182
query,1509268177.883643,1509268177.91154,2
query,1509268177.9115474,1509268177.9467833,897
query,1509268177.9467885,1509268177.9620445,2
query,1509268177.9620488,1509268178.010214,15
query,1509268178.0102203,1509268178.0305374,4
query,1509268178.0305424,1509268180.2092178,64191
query,1509268180.2092216,1509268180.2528124,1864
query,1509268180.252818,1509268180.2857163,7
query,1509268180.2857237,1509268180.73392,21595
query,1509268180.7339253,1509268182.489477,41495
query,1509268182.4894803,1509268182.7786007,10862
query,1509268182.7786043,1509268182.8814702,8030
query,1509268182.8814747,1509268182.9127228,306
query,1509268182.9127276,1509268183.49324,25470
query,1509268183.4932492,1509268184.3436687,27330
query,1509268184.3437254,1509268185.17548,18536
query,1509268185.1879756,1509268186.147077,33782
query,1509268186.1470823,1509268186.733812,26818
query,1509268186.7338173,1509268188.3616168,54596
query,1509268188.3616207,1509268188.516525,7282
query,1509268188.516529,1509268188.5275292,0
query,1509268188.5275333,1509268189.5919192,28887
query,1509268189.591924,1509268189.643179,1653
query,1509268189.6431878,1509268189.8489616,13046
query,1509268189.8489668,1509268190.052538,5721
query,1509268190.0525427,1509268190.3995514,15871
query,1509268190.3995557,1509268190.6498578,15892
query,1509268190.6498628,1509268190.7102425,6186
query,1509268190.7102466,1509268191.3403466,14167
query,1509268191.3403757,1509268191.5070353,8200
query,1509268191.5070407,1509268191.5574756,1556
query,1509268191.5574808,1509268191.5719092,1
query,1509268191.5719135,1509268193.318231,67255
query,1509268193.318235,1509268194.405405,30382
query,1509268194.4054081,1509268196.7618904,42483
query,1509268196.761935,1509268197.304274,37082
query,1509268197.3227537,1509268197.5924447,11505
query,1509268197.5924597,1509268197.7553766,10377
query,1509268197.7553818,1509268199.5596015,61898
query,1509268199.5596056,1509268200.1716275,26447
query,1509268200.1716325,1509268200.6000106,15954
query,1509268200.6000152,1509268200.8584328,14015
query,1509268200.8584378,1509268202.4126666,47532
query,1509268202.412672,1509268202.7122772,13065
query,1509268202.7122836,1509268203.010253,16391
query,1509268203.0102584,1509268204.3060138,56875
query,1509268204.3060188,1509268204.6679134,19713
query,1509268204.667918,1509268204.911398,15687
query,1509268204.9114025,1509268204.9314303,3
query,1509268204.9314444,1509268206.3288739,36505
query,1509268206.3288774,1509268206.3722343,588
query,1509268206.3722377,1509268208.948506,60361
query,1509268208.948521,1509268209.0046813,2808
query,1509268209.0046859,1509268209.0733125,963
query,1509268209.0733168,1509268209.0830526,0
query,1509268209.083091,1509268210.068416,22394
query,1509268210.075809,1509268211.6339178,60857
query,1509268211.633924,1509268211.8437161,7664
query,1509268211.8437219,1509268211.8538296,0
query,1509268211.8538349,1509268211.8916087,2287
query,1509268211.8916132,1509268212.3732255,16133
query,1509268212.3732314,1509268212.4075556,39
query,1509268212.4075632,1509268212.8926713,21397
query,1509268212.8926773,1509268214.639139,47959
query,1509268214.639144,1509268214.650741,1
query,1509268214.6507459,1509268214.858818,9696
query,1509268214.8588219,1509268215.7449913,24555
query,1509268215.744999,1509268216.1972475,18721
query,1509268216.1972606,1509268216.2911081,5710
query,1509268216.2911131,1509268216.3188334,31
query,1509268216.3188376,1509268217.030171,28058
query,1509268217.0301747,1509268217.0772684,1662
query,1509268217.0772734,1509268217.3557463,9752
query,1509268217.3557518,1509268217.409639,97
query,1509268217.4096432,1509268217.8990235,21268
query,1509268217.8990664,1509268218.8271823,35373
query,1509268218.8347404,1509268219.414873,26163
query,1509268219.4148772,1509268220.4165223,27284
query,1509268220.4165258,1509268220.771938,15701
query,1509268220.7719414,1509268220.8112643,3569
query,1509268220.8112674,1509268221.0200202,11309
query,1509268221.0200262,1509268221.2481585,10081
query,1509268221.2481637,1509268221.2757328,0
query,1509268221.2757406,1509268221.5801673,17367
query,1509268221.580171,1509268221.6229215,2386
query,1509268221.6229253,1509268221.654028,65
query,1509268221.6540313,1509268221.7098424,4216
query,1509268221.7098465,1509268221.9905372,14987
query,1509268221.9905431,1509268222.0424857,883
query,1509268222.042489,1509268224.106538,66300
query,1509268224.1065435,1509268224.1384642,970
query,1509268224.138468,1509268225.391044,56926
query,1509268225.3910494,1509268226.0992765,24387
query,1509268226.0992799,1509268226.5932672,38698
query,1509268226.593271,1509268226.7186291,13988
query,1509268226.7186902,1509268227.6331239,29163
query,1509268227.646088,1509268229.0120523,29931
query,1509268229.0120559,1509268229.2779503,9419
query,1509268229.2779555,1509268229.3846357,5366
query,1509268229.3846397,1509268229.4279644,379
query,1509268229.4279697,1509268229.4696343,181
query,1509268229.4696383,1509268229.51062,1883
query,1509268229.510624,1509268229.6110222,8124
query,1509268229.611026,1509268230.3528447,23362
query,1509268230.3528483,1509268232.6593235,64382
query,1509268232.659329,1509268232.7857025,12204
query,1509268232.7857077,1509268232.8172705,6
query,1509268232.8172753,1509268233.1488762,15882
query,1509268233.1488814,1509268235.76148,49053
query,1509268235.7614875,1509268236.5039904,35275
query,1509268236.5039954,1509268237.1768422,27247
query,1509268237.176847,1509268237.2854047,5052
query,1509268237.285419,1509268237.8315554,26689
query,1509268237.8315623,1509268237.8840923,1283
query,1509268237.8840973,1509268238.1105137,11340
query,1509268238.1105907,1509268239.8445575,64474
query,1509268239.8532028,1509268240.9797227,57361
query,1509268240.9797263,1509268241.9081247,39459
query,1509268241.90813,1509268241.9512389,2171
query,1509268241.9512563,1509268242.8849776,33752
query,1509268242.8849826,1509268244.3075466,40811
query,1509268244.307552,1509268244.9392443,25433
query,1509268244.9392478,1509268245.2683442,16536
query,1509268245.2684066,1509268246.3451188,40854
query,1509268246.3451247,1509268247.0345886,25340
query,1509268247.0345933,1509268247.2292542,9884
query,1509268247.229259,1509268247.4839382,12817
query,1509268247.48395,1509268247.4944868,0
query,1509268247.4944937,1509268249.3773234,41578
query,1509268249.3773272,1509268251.520982,49687
query,1509268251.5209866,1509268251.607295,1
query,1509268251.607299,1509268251.682029,5998
query,1509268251.682033,1509268253.55704,67215
query,1509268253.5570467,1509268254.4095078,19564
query,1509268254.4095125,1509268255.2303014,29981
query,1509268255.2303562,1509268256.3399282,40573
query,1509268256.3477514,1509268258.4264555,53762
query,1509268258.4264607,1509268258.6488175,12811
query,1509268258.6488214,1509268259.0768557,21595
query,1509268259.0768604,1509268262.0313935,74454
query,1509268262.0313985,1509268262.0871465,2426
query,1509268262.087151,1509268264.1343977,63360
query,1509268264.1344013,1509268264.2836068,1288
query,1509268264.2836127,1509268264.329837,4956
query,1509268264.3298419,1509268265.6012247,58144
query,1509268265.6012323,1509268265.7901034,6295
query,1509268265.790108,1509268266.0332308,12415
query,1509268266.0332358,1509268266.4504097,19592
query,1509268266.450417,1509268267.8741164,58537
query,1509268267.8741195,1509268268.0173934,15914
query,1509268268.0173984,1509268268.0668344,36
query,1509268268.066838,1509268268.111535,301
query,1509268268.1115394,1509268268.1540718,88
query,1509268268.1540756,1509268268.4100418,8910
query,1509268268.4100473,1509268268.4526532,2001
query,1509268268.452692,1509268268.6630502,9161
query,1509268268.6734045,1509268268.8124955,6404
query,1509268268.8124993,1509268269.0397024,11000
query,1509268269.0397062,1509268269.8487616,27030
query,1509268269.8487678,1509268270.9468071,53748
query,1509268270.9468102,1509268270.956265,0
query,1509268270.9562669,1509268271.0075495,2102
query,1509268271.0075533,1509268271.1456528,8250
query,1509268271.1456583,1509268271.1885123,3165
query,1509268271.1885169,1509268271.3086348,4731
query,1509268271.308639,1509268272.2949433,33831
query,1509268272.2949471,1509268272.3299212,1199
query,1509268272.3299236,1509268273.448684,28557
query,1509268273.448688,1509268273.7550206,10491
query,1509268273.755026,1509268273.9129026,8176
query,1509268273.9129047,1509268273.9392843,222
query,1509268273.9392865,1509268273.9655037,6
query,1509268273.9655058,1509268274.036826,7348
query,1509268274.0368278,1509268276.1861124,56121
query,1509268276.1861176,1509268276.3779778,7728
query,1509268276.3780305,1509268276.9875302,26241
query,1509268277.0005488,1509268277.0203273,1
query,1509268277.0203323,1509268277.9559484,32605
query,1509268277.9559538,1509268278.2344391,1097
query,1509268278.2344484,1509268278.9418607,29565
query,1509268278.941866,1509268279.8339868,30146
query,1509268279.8339906,1509268280.0805583,13135
query,1509268280.0805647,1509268281.3058763,61264
query,1509268281.3058836,1509268281.6476111,14751
query,1509268281.6476166,1509268283.3381217,38917
query,1509268283.3381255,1509268283.7922795,20325
query,1509268283.7922843,1509268285.7312622,70857
query,1509268285.7312675,1509268286.6183932,24834
query,1509268286.6183996,1509268287.3329878,23522
query,1509268287.332994,1509268287.7797465,20420
query,1509268287.779752,1509268289.0849152,37086
query,1509268289.084921,1509268289.2211916,409
query,1509268289.221197,1509268291.0100138,38271
query,1509268291.0100195,1509268291.5770528,24646
query,1509268291.577058,1509268291.6127493,108
query,1509268291.6128018,1509268292.2748961,28803
query,1509268292.2867503,1509268293.7048085,59640
query,1509268293.704814,1509268294.219776,19782
query,1509268294.219784,1509268294.5910575,15444
query,1509268294.5910628,1509268294.8627357,15852
query,1509268294.862741,1509268295.2518148,20305
query,1509268295.251832,1509268296.925813,48794
query,1509268296.9258213,1509268297.2567906,11478
query,1509268297.256798,1509268297.475072,10121
query,1509268297.4750779,1509268297.515563,2643
query,1509268297.5155659,1509268298.4372747,29088
query,1509268298.43728,1509268299.8752558,48088
query,1509268299.87526,1509268299.8852825,0
query,1509268299.8852851,1509268302.4579618,55573
query,1509268302.4579651,1509268302.7381916,14818
query,1509268302.7381957,1509268302.766336,372
query,1509268302.76634,1509268303.066897,17545
query,1509268303.0669394,1509268303.437861,20148
query,1509268303.437868,1509268303.9146476,19333
query,1509268303.9146667,1509268303.924721,0
query,1509268303.9247816,1509268304.1304955,12034
query,1509268304.1435983,1509268304.1701539,0
query,1509268304.1701558,1509268305.0547361,24561
query,1509268305.0547419,1509268305.104074,2857
query,1509268305.104076,1509268306.1099098,34548
query,1509268306.109915,1509268306.5673447,19832
query,1509268306.567348,1509268307.6402848,34984
query,1509268307.6402898,1509268307.9102826,12581
query,1509268307.9102876,1509268307.976261,5512
query,1509268307.976266,1509268308.0281427,1192
query,1509268308.0281477,1509268310.5349133,64460
query,1509268310.5349185,1509268310.580231,278
query,1509268310.5802343,1509268310.8735845,13956
query,1509268310.8735893,1509268310.883839,0
query,1509268310.8838432,1509268313.3372042,52792
query,1509268313.337208,1509268314.983124,49836
query,1509268314.9831316,1509268315.7684524,27585
query,1509268315.768456,1509268317.492329,50994
query,1509268317.4923348,1509268318.2382958,39332
query,1509268318.2383018,1509268318.2645772,22
query,1509268318.2646246,1509268318.316846,49
query,1509268318.3301368,1509268320.4387288,50916
query,1509268320.4387343,1509268320.938813,15295
query,1509268320.9388175,1509268323.4410012,57436
query,1509268323.4410048,1509268324.4105167,45826
query,1509268324.4105203,1509268324.560879,7552
query,1509268324.560884,1509268324.6055765,779
query,1509268324.6055813,1509268324.655528,1861
query,1509268324.6555343,1509268324.693479,2749
query,1509268324.6934855,1509268324.7234774,1916
query,1509268324.7234821,1509268325.2695189,23615
query,1509268325.269524,1509268325.7046995,16634
query,1509268325.7047048,1509268327.0697649,33267
query,1509268327.0697687,1509268328.616294,61796
query,1509268328.6162994,1509268328.6538455,472
query,1509268328.6538498,1509268329.327572,20196
query,1509268329.327578,1509268329.9637249,22453
query,1509268329.9637306,1509268331.424972,57336
query,1509268331.424977,1509268331.6901033,11446
query,1509268331.6901066,1509268333.127149,45605
query,1509268333.1272135,1509268333.2464926,5149
query,1509268333.2603428,1509268333.7522945,16623
query,1509268333.7523005,1509268334.5615506,21494
query,1509268334.5615582,1509268334.607474,778
query,1509268334.6074786,1509268337.2288554,50873
query,1509268337.2288592,1509268337.445207,16456
query,1509268337.4452116,1509268338.9526043,45211
query,1509268338.95261,1509268338.9607937,0
query,1509268338.9608088,1509268339.264106,16600
query,1509268339.2641096,1509268340.7123184,57997
query,1509268340.7123222,1509268340.740469,7
query,1509268340.7404716,1509268341.4066186,24207
query,1509268341.4066234,1509268341.4701748,4590
query,1509268341.4701781,1509268342.1962564,24078
query,1509268342.1962612,1509268343.3841922,51166
query,1509268343.3841972,1509268343.4290977,3261
query,1509268343.4291005,1509268344.141916,24360
query,1509268344.1419232,1509268344.3414948,10276
query,1509268344.3415017,1509268344.3769562,2022
query,1509268344.3769605,1509268346.9412503,73712
query,1509268346.9413087,1509268347.1760182,7613
query,1509268347.1872935,1509268347.6805131,20362
query,1509268347.680519,1509268348.147095,15403
query,1509268348.1471004,1509268348.731716,20995
query,1509268348.7317219,1509268350.733097,41734
query,1509268350.7331028,1509268351.6984406,40602
query,1509268351.6984444,1509268351.9306312,11573
query,1509268351.9306357,1509268354.0888898,46208
query,1509268354.0888932,1509268354.250313,11205
query,1509268354.250317,1509268354.2889671,85
query,1509268354.288972,1509268356.1410768,48247
query,1509268356.1410825,1509268356.358971,11011
query,1509268356.3589766,1509268357.2031496,28552
query,1509268357.2031562,1509268357.8576698,24650
query,1509268357.8576736,1509268357.8927333,323
query,1509268357.8927388,1509268360.1432283,62755
query,1509268360.1432333,1509268360.192151,2151
query,1509268360.1921563,1509268362.6462991,64368
query,1509268362.6463046,1509268363.0460649,20322
query,1509268363.0460687,1509268365.9376745,55267
query,1509268365.937704,1509268367.028136,42709
query,1509268367.0353084,1509268367.0721807,1933
query,1509268367.072186,1509268367.107984,503
query,1509268367.1079886,1509268367.1332223,4
query,1509268367.133227,1509268367.547117,13725
query,1509268367.5471225,1509268370.375523,66018
query,1509268370.3755307,1509268370.402186,452
query,1509268370.4021897,1509268370.6173844,11577
query,1509268370.6173894,1509268373.1756105,69183
query,1509268373.175616,1509268373.2202847,1663
query,1509268373.220287,1509268374.0409708,20624
query,1509268374.0409741,1509268374.3681273,14027
query,1509268374.3681312,1509268374.7022603,15176
query,1509268374.7022638,1509268375.0116653,23543
query,1509268375.0116699,1509268375.1274576,5267
query,1509268375.127462,1509268375.153588,170
query,1509268375.1535902,1509268376.017009,35527
query,1509268376.017014,1509268376.058164,4627
query,1509268376.0581713,1509268376.1914873,7651
query,1509268376.1914918,1509268376.3231852,810
query,1509268376.3232212,1509268376.501769,7939
query,1509268376.5093973,1509268376.5440202,777
query,1509268376.5440226,1509268378.1827586,65308
query,1509268378.182762,1509268380.6185408,62255
query,1509268380.6185455,1509268382.2199352,49245
query,1509268382.2199395,1509268383.2492454,48187
query,1509268383.2492507,1509268383.2945752,35
query,1509268383.2945802,1509268383.3399973,56
query,1509268383.3400025,1509268383.3905616,3688
query,1509268383.3905659,1509268383.706358,18747
query,1509268383.706365,1509268384.314361,19637
query,1509268384.3143666,1509268386.7541459,51794
query,1509268386.7541506,1509268386.9168217,7624
query,1509268386.9168258,1509268387.0454423,7675
query,1509268387.0454495,1509268387.671867,32679
query,1509268387.6718724,1509268387.7022927,616
query,1509268387.7022963,1509268387.7355244,8
query,1509268387.7355287,1509268387.7815878,351
query,1509268387.781592,1509268387.8255532,479
query,1509268387.8255572,1509268387.9544656,7026
query,1509268387.9545217,1509268388.3417435,17617
query,1509268388.353704,1509268390.3432283,42563
query,1509268390.3432348,1509268390.3755274,10
query,1509268390.3755322,1509268390.6141832,12017
query,1509268390.6141882,1509268390.8188505,14575
query,1509268390.8188548,1509268390.8547528,1180
query,1509268390.8547566,1509268390.9042108,1516
query,1509268390.9042153,1509268390.948619,2360
query,1509268390.9486227,1509268390.9643226,0
query,1509268390.9643288,1509268391.5828805,20587
query,1509268391.582886,1509268391.615943,2243
query,1509268391.6159465,1509268393.117945,50832
query,1509268393.1179514,1509268393.4702358,15023
query,1509268393.4702408,1509268394.3242228,39649
query,1509268394.324235,1509268394.528763,9684
query,1509268394.5287714,1509268395.7351556,39276
query,1509268395.7351613,1509268397.964236,51820
query,1509268397.9642417,1509268399.2343748,28043
query,1509268399.2343817,1509268400.3729794,43230
query,1509268400.372985,1509268402.2066402,61446
query,1509268402.2066967,1509268403.5837548,35663
query,1509268403.5963316,1509268405.1855464,37962
query,1509268405.1855505,1509268407.4306924,55108
query,1509268407.4306974,1509268407.7046487,14021
query,1509268407.7046537,1509268409.4959826,61510
query,1509268409.4959881,1509268409.8736153,18440
query,1509268409.8736207,1509268410.8891265,44718
query,1509268410.8891325,1509268413.4717596,68453
query,1509268413.4717653,1509268414.2247367,38742
query,1509268414.224742,1509268414.3202858,5347
query,1509268414.3202896,1509268417.022266,48140
query,1509268417.0222697,1509268417.1421423,6584
query,1509268417.1421463,1509268417.1780996,2812
query,1509268417.1781046,1509268417.1994603,0
query,1509268417.1994662,1509268417.2513542,909
query,1509268417.2513585,1509268417.5872333,17063
query,1509268417.5872374,1509268417.6221464,127
query,1509268417.6221523,1509268418.5301678,29140
query,1509268418.5301752,1509268418.971368,19220
query,1509268418.9713755,1509268419.2562804,13021
query,1509268419.2563443,1509268419.308695,853
query,1509268419.324161,1509268420.0219183,22950
query,1509268420.0219235,1509268421.1011806,39289
query,1509268421.1011858,1509268421.1411839,4452
query,1509268421.1411881,1509268421.1885433,1412
query,1509268421.1885476,1509268422.2433565,30971
query,1509268422.2433608,1509268423.0362346,18121
query,1509268423.03624,1509268423.0735836,859
query,1509268423.073589,1509268423.1014805,1138
query,1509268423.1014848,1509268424.2067614,44116
query,1509268424.206776,1509268424.2365665,47
query,1509268424.2365694,1509268424.351286,5512
query,1509268424.3512924,1509268424.3705797,3
query,1509268424.3705845,1509268424.5788417,12739
query,1509268424.5788472,1509268425.1533415,25019
query,1509268425.153347,1509268426.0183754,41610
query,1509268426.0183814,1509268427.856887,46845
query,1509268427.856895,1509268428.0359325,6565
query,1509268428.035937,1509268428.418661,16406
query,1509268428.418666,1509268428.4482079,469
query,1509268428.4482615,1509268428.4874945,723
query,1509268428.5005999,1509268428.5223281,0
query,1509268428.5223317,1509268428.5410233,2
query,1509268428.5410273,1509268430.7136385,51063
query,1509268430.7136443,1509268430.7804816,12765
query,1509268430.780487,1509268431.7094536,27987
query,1509268431.7094712,1509268432.0256767,26841
query,1509268432.0256832,1509268432.0358384,0
query,1509268432.0358431,1509268432.2619827,9684
query,1509268432.261988,1509268432.397859,6060
query,1509268432.3978634,1509268432.7766793,20954
query,1509268432.7766843,1509268433.631526,33794
query,1509268433.6315308,1509268434.1236048,21804
query,1509268434.1236103,1509268434.5039554,19934
query,1509268434.5039594,1509268434.5535693,6178
query,1509268434.5535738,1509268434.5939357,3
query,1509268434.59394,1509268434.7788231,9088
query,1509268434.7788286,1509268434.8067265,1737
query,1509268434.8067336,1509268436.0059974,41575
query,1509268436.0060034,1509268436.1926203,85
query,1509268436.1926715,1509268436.7115188,20057
query,1509268436.7246263,1509268436.7522123,426
query,1509268436.7522178,1509268436.8593864,7697
query,1509268436.8593907,1509268438.929077,70030
query,1509268438.9290814,1509268438.961329,1136
query,1509268438.961333,1509268439.7394838,30583
query,1509268439.7394888,1509268439.9828558,13493
query,1509268439.9828606,1509268440.4924273,23481
query,1509268440.4924312,1509268440.8296213,12004
query,1509268440.8296268,1509268440.863106,1065
query,1509268440.8631103,1509268441.1216772,32900
query,1509268441.1216826,1509268441.354672,11680
query,1509268441.3546758,1509268442.9359174,51158
query,1509268442.9359226,1509268444.11146,59062
query,1509268444.1114657,1509268444.83766,23834
query,1509268444.8376658,1509268444.8678582,19
query,1509268444.8678725,1509268444.9070573,4089
query,1509268444.9070637,1509268445.009812,1198
query,1509268445.009818,1509268445.183535,8896
query,1509268445.1835399,1509268445.686197,25683
query,1509268445.6862605,1509268445.7428787,2080
query,1509268445.752652,1509268446.7250214,35546
query,1509268446.725028,1509268446.9286754,10260
query,1509268446.9286816,1509268447.1045558,7124
query,1509268447.1045594,1509268448.0331802,39808
query,1509268448.033195,1509268448.1494513,3827
query,1509268448.1494582,1509268448.4776537,55
query,1509268448.4776585,1509268448.4868288,0
query,1509268448.4868321,1509268448.5821629,4689
query,1509268448.582167,1509268448.6181657,3107
query,1509268448.6181695,1509268448.6486943,28
query,1509268448.6487012,1509268449.4202244,18597
query,1509268449.4202302,1509268449.4553177,22
query,1509268449.4553232,1509268452.3235974,68638
query,1509268452.323603,1509268453.820791,60661
query,1509268453.8207955,1509268454.7157283,39767
query,1509268454.7157335,1509268454.8138044,6339
query,1509268454.813807,1509268455.1542943,16796
query,1509268455.1543,1509268456.103592,29318
query,1509268456.1035974,1509268456.1541953,634
query,1509268456.154246,1509268457.5326095,30793
query,1509268457.5462282,1509268457.658466,4637
query,1509268457.658471,1509268458.1145642,11081
query,1509268458.1145725,1509268458.5959682,18680
query,1509268458.595973,1509268459.307253,26515
query,1509268459.3072586,1509268459.320207,0
query,1509268459.3202124,1509268459.4026227,0
query,1509268459.4026318,1509268459.5372307,12
query,1509268459.5372338,1509268459.9094682,14533
query,1509268459.9094727,1509268459.9475756,146
query,1509268459.94758,1509268460.121454,8278
query,1509268460.121458,1509268462.3266191,71120
query,1509268462.3266237,1509268464.6241307,49252
query,1509268464.6241362,1509268465.6134756,41967
query,1509268465.6134796,1509268467.217354,41992
query,1509268467.217359,1509268467.5271518,20038
query,1509268467.5271556,1509268467.5852296,4482
query,1509268467.5852363,1509268467.6242607,1864
query,1509268467.6242652,1509268469.5051663,48421
query,1509268469.5051703,1509268470.0590553,23340
query,1509268470.0591002,1509268470.215619,9081
query,1509268470.2286305,1509268470.6686583,22487
query,1509268470.6686656,1509268471.6666176,33941
query,1509268471.666621,1509268472.5317104,25519
query,1509268472.5317135,1509268473.1413748,22494
query,1509268473.1413784,1509268473.1925159,395
query,1509268473.192521,1509268473.3662791,23441
query,1509268473.3662841,1509268473.9786835,20699
query,1509268473.9786882,1509268475.2261457,56711
query,1509268475.226149,1509268475.36476,7360
query,1509268475.3647637,1509268477.314312,62693
query,1509268477.3143172,1509268477.352925,1897
query,1509268477.3529325,1509268479.707896,53420
query,1509268479.7078996,1509268480.9450285,46635
query,1509268480.9450324,1509268481.0040863,3676
query,1509268481.0040913,1509268481.934189,45500
query,1509268481.9341938,1509268482.2635224,20313
query,1509268482.263526,1509268483.0328047,19498
query,1509268483.0328104,1509268483.9250495,30747
query,1509268483.925053,1509268484.5460453,17713
query,1509268484.5460749,1509268484.5682437,0
query,1509268484.5691926,1509268485.326506,23474
query,1509268485.326511,1509268486.5711439,41664
query,1509268486.5711496,1509268486.6035082,1666
query,1509268486.603513,1509268487.0283904,11837
query,1509268487.028394,1509268487.8004386,39240
query,1509268487.8004448,1509268488.5884128,28856
query,1509268488.5884368,1509268489.550775,57341
query,1509268489.55078,1509268490.6494465,42313
query,1509268490.6494515,1509268490.8624597,6465
query,1509268490.8624647,1509268491.0399323,7109
query,1509268491.0399368,1509268491.3247948,13738
query,1509268491.324805,1509268492.0493424,26613
query,1509268492.0493488,1509268492.2312064,144
query,1509268492.2312124,1509268493.4175122,28702
query,1509268493.417519,1509268493.455393,54
query,1509268493.4553974,1509268493.661141,7021
query,1509268493.661145,1509268495.0384243,59564
query,1509268495.0384276,1509268496.804451,38882
query,1509268496.804458,1509268498.5771828,8109
query,1509268498.5772202,1509268499.1974688,23763
query,1509268499.209371,1509268500.1658037,26959
query,1509268500.1658096,1509268501.8874655,65825
query,1509268501.8874712,1509268502.0981376,10609
query,1509268502.0981412,1509268502.567325,16050
query,1509268502.5673294,1509268502.5965471,509
query,1509268502.5965507,1509268502.7824438,12282
query,1509268502.7824497,1509268503.045404,14207
query,1509268503.0454075,1509268503.2997541,11719
query,1509268503.2997591,1509268503.567373,14514
query,1509268503.5673783,1509268503.6112406,2483
query,1509268503.6112463,1509268506.1132588,53589
query,1509268506.113274,1509268506.35583,13415
query,1509268506.3558354,1509268507.6959016,37434
query,1509268507.6959074,1509268507.839719,6325
query,1509268507.8397245,1509268508.7835553,31207
query,1509268508.7835608,1509268508.829086,119
query,1509268508.82909,1509268508.868729,209
query,1509268508.868733,1509268509.2951076,18150
query,1509268509.2951128,1509268512.2808058,64616
query,1509268512.2808576,1509268512.497762,9431
query,1509268512.5096135,1509268512.6355073,4261
query,1509268512.6355138,1509268512.6630716,8
query,1509268512.6630764,1509268514.6135204,35810
query,1509268514.6135254,1509268514.6274054,0
query,1509268514.6274095,1509268514.9014297,13328
query,1509268514.901434,1509268515.7375915,29376
query,1509268515.737596,1509268516.0393493,12152
query,1509268516.0393636,1509268516.2808526,6106
query,1509268516.2808576,1509268516.5274673,12210
query,1509268516.5274713,1509268517.0198479,24931
query,1509268517.019852,1509268517.306709,10235
query,1509268517.306714,1509268518.1164868,37397
query,1509268518.1164908,1509268521.0435522,70059
query,1509268521.043558,1509268521.9410477,34344
query,1509268521.941053,1509268523.576136,41401
query,1509268523.5761406,1509268524.1942708,28772
query,1509268524.1942754,1509268524.4183702,8982
query,1509268524.4183733,1509268525.663389,33680
query,1509268525.6633947,1509268525.7392871,3157
query,1509268525.7393417,1509268526.0711787,11099
query,1509268526.0848756,1509268526.3821952,17838
query,1509268526.382201,1509268526.8215172,18272
query,1509268526.8215256,1509268527.0019188,9062
query,1509268527.0019233,1509268527.5018547,19731
query,1509268527.50186,1509268527.5179381,2
query,1509268527.5179427,1509268527.7418005,10684
query,1509268527.7418044,1509268527.9209356,7729
query,1509268527.9209394,1509268528.2313602,14626
query,1509268528.2313654,1509268528.4618933,18500
query,1509268528.461898,1509268528.5308456,3439
query,1509268528.5308497,1509268528.9235253,11196
query,1509268528.9235303,1509268529.3062356,14401
query,1509268529.3062408,1509268530.9820201,38022
query,1509268530.9820254,1509268531.8175907,31583
query,1509268531.8175957,1509268532.413482,19776
query,1509268532.413487,1509268533.1421897,28210
query,1509268533.142195,1509268537.0009995,79056
query,1509268537.0010047,1509268537.9785945,22901
query,1509268537.9786,1509268538.4027097,19241
query,1509268538.4027529,1509268538.8849375,28141
query,1509268538.898164,1509268539.853071,32993
query,1509268539.8530765,1509268540.2092583,13784
query,1509268540.2092729,1509268540.4944022,12222
query,1509268540.4944062,1509268542.9917507,67381
query,1509268542.991756,1509268543.0384138,19
query,1509268543.0384185,1509268545.420761,50472
query,1509268545.4207675,1509268546.3649673,26839
query,1509268546.3649726,1509268546.3765845,0
query,1509268546.376589,1509268547.3484182,40743
query,1509268547.3484259,1509268547.8543222,24521
query,1509268547.8543277,1509268548.7357392,30455
query,1509268548.7357442,1509268548.8014772,4450
query,1509268548.801479,1509268549.2759244,25768
query,1509268549.2759295,1509268549.3011594,37
query,1509268549.301165,1509268549.473896,10225
query,1509268549.4738984,1509268550.2413712,28081
query,1509268550.2413764,1509268550.2994635,5894
query,1509268550.2994688,1509268551.1170278,25651
query,1509268551.1170328,1509268552.2816086,43636
query,1509268552.2816682,1509268552.90067,21679
query,1509268552.9173434,1509268555.102981,60125
query,1509268555.1029863,1509268555.8531485,7710
query,1509268555.8531537,1509268558.0446832,54960
query,1509268558.0446877,1509268558.7355893,29235
query,1509268558.7355943,1509268558.7446787,0
query,1509268558.744683,1509268558.7878928,2048
query,1509268558.7878978,1509268559.0204535,13692
query,1509268559.0204587,1509268559.5441616,21702
query,1509268559.5441682,1509268561.173268,37490
query,1509268561.1732728,1509268561.3952105,9325
query,1509268561.3952143,1509268563.534636,41318
query,1509268563.5346394,1509268563.5450468,0
query,1509268563.5450509,1509268563.8532207,12848
query,1509268563.853227,1509268564.4391603,15711
query,1509268564.4391654,1509268564.8051207,12306
query,1509268564.8051245,1509268566.2679348,31228
query,1509268566.26794,1509268566.4376957,8033
query,1509268566.4377007,1509268566.4786222,371
query,1509268566.4786286,1509268567.0169845,26190
query,1509268567.017051,1509268569.8662689,62313
query,1509268569.873897,1509268569.9745188,9731
query,1509268569.9745228,1509268569.9908934,0
query,1509268569.9908974,1509268570.553069,23337
query,1509268570.5530736,1509268570.6091638,1267
query,1509268570.6091688,1509268571.596549,30027
query,1509268571.5965526,1509268572.8262398,35558
query,1509268572.8262444,1509268572.9527025,7167
query,1509268572.9527075,1509268573.1200361,3404
query,1509268573.1200414,1509268573.4848757,17265
query,1509268573.4848807,1509268574.0604784,23872
query,1509268574.0604835,1509268574.3264875,7897
query,1509268574.326492,1509268575.9838617,61674
query,1509268575.9838667,1509268576.0221999,177
query,1509268576.022202,1509268576.1999924,11053
query,1509268576.1999967,1509268576.2153888,0
query,1509268576.215393,1509268577.2161603,27374
query,1509268577.2161648,1509268577.7759209,14359
query,1509268577.7759266,1509268577.8162115,1041
query,1509268577.8162138,1509268577.8889809,5210
query,1509268577.889032,1509268577.94276,463
query,1509268577.9564154,1509268578.0321953,668
query,1509268578.0321994,1509268580.3780944,46718
query,1509268580.3781,1509268582.2216232,41959
query,1509268582.2216268,1509268583.215828,34107
query,1509268583.215832,1509268583.3966413,13394
query,1509268583.396646,1509268584.0471277,28171
query,1509268584.047133,1509268584.4644442,15084
query,1509268584.4644473,1509268584.4772243,0
query,1509268584.4772267,1509268585.9574878,62627
query,1509268585.957491,1509268586.0046296,3007
query,1509268586.0046346,1509268587.7061117,40039
query,1509268587.706117,1509268587.7694776,4229
query,1509268587.7694821,1509268588.4186022,23284
query,1509268588.4186075,1509268590.3470454,41854
query,1509268590.3470523,1509268590.5023403,6607
query,1509268590.5023456,1509268590.628588,4728
query,1509268590.6285923,1509268590.6597307,0
query,1509268590.6597352,1509268590.7508175,4245
query,1509268590.7508218,1509268591.35104,26420
query,1509268591.351084,1509268591.5980911,13725
query,1509268591.6054697,1509268591.6438048,1959
query,1509268591.6438072,1509268591.671045,8
query,1509268591.6710489,1509268591.7118769,3018
query,1509268591.7118819,1509268592.1327255,21872
query,1509268592.1327302,1509268592.1535158,3
query,1509268592.15352,1509268592.848728,31086
query,1509268592.8487332,1509268594.3308117,45304
query,1509268594.3308172,1509268594.448391,321
query,1509268594.4483953,1509268595.9500854,64881
query,1509268595.950091,1509268596.2648077,12377
query,1509268596.2648118,1509268596.4105968,7518
query,1509268596.4106011,1509268597.1419368,26981
query,1509268597.1419404,1509268597.3332582,10955
query,1509268597.3332624,1509268599.9440029,56707
query,1509268599.9440079,1509268600.1620235,9266
query,1509268600.16203,1509268600.200222,46
query,1509268600.200225,1509268600.243239,2836
query,1509268600.2432418,1509268600.3090806,658
query,1509268600.3090856,1509268600.362655,649
query,1509268600.3627274,1509268602.1116257,39885
query,1509268602.1254172,1509268602.4691148,15026
query,1509268602.4691293,1509268603.0572355,24373
query,1509268603.0572407,1509268603.0797086,1
query,1509268603.079714,1509268603.1302104,3515
query,1509268603.1302133,1509268603.3808043,13821
query,1509268603.3808112,1509268604.4854877,53492
query,1509268604.4854918,1509268604.624719,8123
query,1509268604.6247222,1509268604.8085387,5212
query,1509268604.8085425,1509268605.0656135,12592
query,1509268605.0656168,1509268605.4289155,17017
query,1509268605.428921,1509268605.5013907,4107
query,1509268605.501393,1509268605.8776581,20193
query,1509268605.877663,1509268607.385274,37118
query,1509268607.3852792,1509268609.0644658,8109
query,1509268609.0644717,1509268609.1923993,9598
query,1509268609.1924145,1509268609.2264743,625
query,1509268609.2264779,1509268610.9227242,63978
query,1509268610.9227288,1509268611.5698056,21713
query,1509268611.5698109,1509268612.663016,31541
