tables,1509167221.030331,1509170961.9235466
query,1509170961.9245274,1509170962.2083738,5358
query,1509170962.2271428,1509170962.578243,5605
query,1509170962.5782468,1509170962.6684785,2407
query,1509170962.6684825,1509170962.6994727,921
query,1509170962.6994765,1509170962.8791611,5696
query,1509170962.8791666,1509170962.9073813,731
query,1509170962.9073856,1509170962.9283524,95
query,1509170962.9283557,1509170963.2064908,1835
query,1509170963.206495,1509170963.2341628,1638
query,1509170963.2341664,1509170963.3099103,1540
query,1509170963.3099153,1509170963.3234954,6
query,1509170963.323498,1509170963.3471482,501
query,1509170963.3471513,1509170963.461559,5562
query,1509170963.4615633,1509170963.600691,1833
query,1509170963.600695,1509170963.6547375,2488
query,1509170963.6547413,1509170963.7011433,2323
query,1509170963.7011468,1509170963.7848327,4584
query,1509170963.784836,1509170963.9895294,5684
query,1509170963.9895341,1509170964.138097,1834
query,1509170964.138101,1509170964.162202,733
query,1509170964.1622515,1509170964.2900486,1591
query,1509170964.3031921,1509170964.5050063,1835
query,1509170964.505011,1509170964.53549,307
query,1509170964.5354946,1509170964.9227796,6059
query,1509170964.9227839,1509170965.0746167,1813
query,1509170965.0746217,1509170965.1013873,670
query,1509170965.1013908,1509170965.4793687,16159
query,1509170965.479373,1509170965.5102823,577
query,1509170965.5102863,1509170965.5366213,490
query,1509170965.5366254,1509170965.7096279,3869
query,1509170965.709632,1509170965.885496,4949
query,1509170965.8855,1509170965.965282,2163
query,1509170965.9652858,1509170966.0666263,3723
query,1509170966.0666304,1509170966.1699617,3703
query,1509170966.169966,1509170966.2393987,2445
query,1509170966.2394028,1509170966.3682694,1835
query,1509170966.3682735,1509170966.3853002,900
query,1509170966.385304,1509170966.5426004,5485
query,1509170966.5426047,1509170966.6376793,1823
query,1509170966.6376836,1509170966.6968756,4066
query,1509170966.6971784,1509170966.7566972,3086
query,1509170966.7689252,1509170967.0463228,8488
query,1509170967.0463274,1509170967.0835724,1568
query,1509170967.083576,1509170967.1667945,2254
query,1509170967.166798,1509170967.337624,1835
query,1509170967.3376284,1509170967.5361862,1833
query,1509170967.5361903,1509170967.5578232,1464
query,1509170967.557827,1509170967.6542976,4529
query,1509170967.654302,1509170967.6703026,947
query,1509170967.670306,1509170967.8254733,1838
query,1509170967.825477,1509170967.8936849,3033
query,1509170967.893689,1509170967.9230797,43
query,1509170967.9230835,1509170968.0156384,3302
query,1509170968.015643,1509170968.0502179,1183
query,1509170968.0502214,1509170968.061624,2
query,1509170968.0616271,1509170968.137377,3179
query,1509170968.1373813,1509170968.3141284,6027
query,1509170968.314133,1509170968.3286147,7
query,1509170968.3286185,1509170968.3418703,20
query,1509170968.3418741,1509170968.403032,2155
query,1509170968.403076,1509170968.498137,1801
query,1509170968.5120115,1509170968.6064372,3311
query,1509170968.606442,1509170968.6613321,3207
query,1509170968.6613364,1509170968.7235513,5221
query,1509170968.7235558,1509170968.8985007,5409
query,1509170968.898505,1509170968.978942,1829
query,1509170968.9789457,1509170969.2755053,5654
query,1509170969.2755098,1509170969.3646398,3458
query,1509170969.3646438,1509170969.4312418,2024
query,1509170969.4312456,1509170969.6643271,6515
query,1509170969.664331,1509170969.7996583,1831
query,1509170969.7996624,1509170969.923019,7311
query,1509170969.9230232,1509170970.0183923,12693
query,1509170970.0183966,1509170970.3697376,15979
query,1509170970.3697417,1509170970.4661005,5697
query,1509170970.4661047,1509170970.5425382,2894
query,1509170970.5425422,1509170971.1347876,17852
query,1509170971.1347919,1509170971.3345685,12775
query,1509170971.3345776,1509170971.348964,28
query,1509170971.3489683,1509170971.3650029,1316
query,1509170971.365042,1509170971.3834348,428
query,1509170971.3971257,1509170971.4144032,1863
query,1509170971.4144068,1509170971.51915,4551
query,1509170971.5191538,1509170971.9279196,16453
query,1509170971.9279234,1509170972.1442733,14788
query,1509170972.1442769,1509170972.87467,17515
query,1509170972.874674,1509170973.0480585,6746
query,1509170973.048062,1509170973.0534468,0
query,1509170973.0534506,1509170973.2472851,12699
query,1509170973.2472887,1509170973.263846,1112
query,1509170973.2638493,1509170973.4087408,5247
query,1509170973.4087443,1509170973.777004,11749
query,1509170973.7770085,1509170973.834163,1711
query,1509170973.8341668,1509170973.8387368,0
query,1509170973.8387399,1509170974.170601,7799
query,1509170974.1706045,1509170974.70231,22733
query,1509170974.702314,1509170974.8996108,8469
query,1509170974.8996148,1509170974.9214327,2724
query,1509170974.9214368,1509170974.9347944,22
query,1509170974.9347978,1509170975.102457,8820
query,1509170975.1024983,1509170975.201732,4472
query,1509170975.2141278,1509170975.3083565,12435
query,1509170975.3083608,1509170975.6072233,9607
query,1509170975.607227,1509170975.6781974,5422
query,1509170975.678201,1509170975.8646138,15318
query,1509170975.8646176,1509170975.9139514,1699
query,1509170975.9139555,1509170976.3131967,13876
query,1509170976.3132005,1509170976.368633,3229
query,1509170976.3686364,1509170976.4174938,2063
query,1509170976.4174979,1509170976.6456518,11821
query,1509170976.645656,1509170976.6654847,1236
query,1509170976.6654897,1509170976.6819155,49
query,1509170976.6819189,1509170976.9175115,13138
query,1509170976.917516,1509170976.933035,235
query,1509170976.9330385,1509170977.4846604,14081
query,1509170977.484665,1509170977.535231,950
query,1509170977.5352354,1509170977.5542462,226
query,1509170977.5542493,1509170977.5632007,1
query,1509170977.5632043,1509170977.697905,6857
query,1509170977.697909,1509170977.8077486,4997
query,1509170977.8077881,1509170978.1648543,12010
query,1509170978.1775997,1509170978.5120907,15653
query,1509170978.5120947,1509170978.7031264,5135
query,1509170978.7031298,1509170978.9208243,7640
query,1509170978.9208283,1509170979.1814322,6422
query,1509170979.1814358,1509170979.385986,13336
query,1509170979.3859897,1509170979.8278568,15513
query,1509170979.827861,1509170979.9080396,2691
query,1509170979.9080434,1509170980.000717,4036
query,1509170980.0007212,1509170980.4323082,13571
query,1509170980.432312,1509170980.700478,10379
query,1509170980.700482,1509170981.0929575,14767
query,1509170981.0929613,1509170981.106562,279
query,1509170981.106566,1509170981.248432,5086
query,1509170981.2484355,1509170981.4610555,13797
query,1509170981.4610593,1509170981.49014,3212
query,1509170981.4901438,1509170981.6255333,10683
query,1509170981.625537,1509170981.7801235,6210
query,1509170981.7801278,1509170982.0747843,10284
query,1509170982.074788,1509170982.0913167,1258
query,1509170982.0913565,1509170982.2802935,18645
query,1509170982.2968855,1509170982.4552674,12751
query,1509170982.4552715,1509170982.4979017,2745
query,1509170982.4979057,1509170982.5031555,1
query,1509170982.5031598,1509170983.0502598,17320
query,1509170983.0502648,1509170983.1176677,3345
query,1509170983.1176717,1509170983.123144,0
query,1509170983.1231472,1509170983.1967564,4916
query,1509170983.1967602,1509170983.21184,329
query,1509170983.2118433,1509170983.716748,21912
query,1509170983.716752,1509170984.1079469,14301
query,1509170984.107951,1509170984.1852686,3540
query,1509170984.1852725,1509170984.4739666,19246
query,1509170984.4739704,1509170985.097144,20934
query,1509170985.0971477,1509170985.1853757,5496
query,1509170985.1853797,1509170985.5470972,15086
query,1509170985.547101,1509170985.6266708,4099
query,1509170985.626675,1509170985.664894,2993
query,1509170985.6648984,1509170985.8549063,6952
query,1509170985.8549109,1509170985.974828,7912
query,1509170985.97487,1509170986.3536656,14490
query,1509170986.3664014,1509170987.0833225,22755
query,1509170987.0833266,1509170987.253893,10307
query,1509170987.253897,1509170987.5742245,15309
query,1509170987.574228,1509170987.9596152,15045
query,1509170987.9596188,1509170987.9843137,553
query,1509170987.9843175,1509170988.010492,923
query,1509170988.0104957,1509170988.4434454,14270
query,1509170988.4434495,1509170988.531443,2588
query,1509170988.5314465,1509170988.8081007,12099
query,1509170988.8081045,1509170988.9653878,6117
query,1509170988.9653986,1509170988.9772608,6
query,1509170988.9772642,1509170988.98892,71
query,1509170988.988923,1509170989.0054734,1109
query,1509170989.0054767,1509170989.0839694,3987
query,1509170989.083973,1509170989.4270575,9087
query,1509170989.4270608,1509170989.4493787,14
query,1509170989.449382,1509170989.5117223,2898
query,1509170989.511726,1509170989.6006813,3910
query,1509170989.6006856,1509170989.7471943,3717
query,1509170989.7472312,1509170989.7666748,0
query,1509170989.7680347,1509170990.5395286,17340
query,1509170990.5395324,1509170990.5517704,146
query,1509170990.5517738,1509170990.8377037,13307
query,1509170990.8377073,1509170990.954394,6534
query,1509170990.9543977,1509170991.033727,1833
query,1509170991.0337312,1509170991.1200237,3752
query,1509170991.1200278,1509170991.2418425,3735
query,1509170991.241847,1509170991.441805,7214
query,1509170991.4418087,1509170991.644093,6894
query,1509170991.644097,1509170992.0043035,15794
query,1509170992.004308,1509170992.008099,0
query,1509170992.0081024,1509170992.06671,2940
query,1509170992.0667133,1509170992.099733,4709
query,1509170992.0997362,1509170993.3817282,18489
query,1509170993.3817327,1509170993.7144642,10969
query,1509170993.714468,1509170993.788685,3333
query,1509170993.7886899,1509170993.911224,4940
query,1509170993.9112272,1509170994.2417002,12975
query,1509170994.2417045,1509170994.730555,14558
query,1509170994.7306008,1509170994.7629983,491
query,1509170994.7756684,1509170995.1352952,14683
query,1509170995.135299,1509170995.5632813,14309
query,1509170995.563286,1509170996.0424457,9564
query,1509170996.0424507,1509170996.226427,12825
query,1509170996.226432,1509170996.6598132,13022
query,1509170996.659817,1509170996.6945953,1664
query,1509170996.694599,1509170996.7108138,841
query,1509170996.7108173,1509170996.970828,10165
query,1509170996.970832,1509170997.2613323,11780
query,1509170997.2613366,1509170997.3628511,11383
query,1509170997.362855,1509170997.3687763,1
query,1509170997.3687797,1509170997.3872168,85
query,1509170997.3872204,1509170998.1465728,18116
query,1509170998.1465766,1509170998.5399535,18189
query,1509170998.5399568,1509170998.5775168,1853
query,1509170998.5775206,1509170999.1135137,3406
query,1509170999.1135182,1509170999.1283352,1234
query,1509170999.1283388,1509170999.141011,451
query,1509170999.141014,1509170999.341732,8757
query,1509170999.341773,1509171000.0590718,19052
query,1509171000.0713737,1509171000.20958,6866
query,1509171000.2095838,1509171000.456185,6796
query,1509171000.456189,1509171000.9952722,10591
query,1509171000.995276,1509171001.287957,3206
query,1509171001.2879608,1509171001.683862,13189
query,1509171001.683866,1509171001.8880608,7331
query,1509171001.8880644,1509171002.0763612,15711
query,1509171002.076364,1509171002.0794241,0
query,1509171002.0794265,1509171002.283271,11025
query,1509171002.2832751,1509171002.5559924,10569
query,1509171002.555996,1509171002.746482,9569
query,1509171002.746487,1509171003.454649,14969
query,1509171003.4546535,1509171003.9087017,14229
query,1509171003.908705,1509171004.7647612,15069
query,1509171004.7647648,1509171004.7824857,985
query,1509171004.7824895,1509171004.8349059,2542
query,1509171004.83491,1509171004.8604,1258
query,1509171004.8604043,1509171004.9641294,4459
query,1509171004.9641337,1509171004.9829724,43
query,1509171004.9830086,1509171005.1722896,9605
query,1509171005.1845393,1509171005.6756816,22250
query,1509171005.6756854,1509171006.0660663,23417
query,1509171006.0660691,1509171006.2759666,9872
query,1509171006.2759702,1509171006.6553724,15264
query,1509171006.655376,1509171006.8619273,12477
query,1509171006.8619308,1509171006.883162,355
query,1509171006.883166,1509171007.3183627,17158
query,1509171007.3183665,1509171007.95277,17823
query,1509171007.9527748,1509171008.194645,7851
query,1509171008.1946485,1509171008.2396228,3171
query,1509171008.2396264,1509171008.408001,9363
query,1509171008.408005,1509171008.532238,6424
query,1509171008.5322418,1509171008.68587,12557
query,1509171008.6858742,1509171008.6908739,0
query,1509171008.6908777,1509171008.7091923,21
query,1509171008.7091959,1509171009.099131,16341
query,1509171009.0991352,1509171009.110984,3
query,1509171009.1109877,1509171009.1257439,690
query,1509171009.125748,1509171009.5691426,16692
query,1509171009.5691898,1509171009.9546943,15362
query,1509171009.9674916,1509171010.2025423,8830
query,1509171010.2025473,1509171010.2221284,1927
query,1509171010.2221324,1509171010.226249,0
query,1509171010.2262523,1509171010.2407355,338
query,1509171010.2407393,1509171010.965888,23349
query,1509171010.9658923,1509171011.3140512,11271
query,1509171011.3140552,1509171011.3290582,859
query,1509171011.3290622,1509171011.3427536,30
query,1509171011.3427575,1509171011.457593,2998
query,1509171011.4575973,1509171012.0948853,14079
query,1509171012.0948896,1509171012.2472146,3277
query,1509171012.2472186,1509171012.2581549,2
query,1509171012.258158,1509171012.5988278,14983
query,1509171012.598832,1509171012.6032763,0
query,1509171012.6032794,1509171013.0639572,13839
query,1509171013.063962,1509171013.819822,16859
query,1509171013.8198261,1509171013.839894,38
query,1509171013.8398976,1509171013.8644967,1376
query,1509171013.8645003,1509171014.4792497,25278
query,1509171014.4792953,1509171014.8087194,15287
query,1509171014.8210416,1509171014.9461193,3634
query,1509171014.9461231,1509171015.1634474,14753
query,1509171015.1634512,1509171015.1778345,61
query,1509171015.1778378,1509171015.1918178,870
query,1509171015.1918209,1509171015.2257392,2084
query,1509171015.2257438,1509171015.2962708,3845
query,1509171015.2962744,1509171015.309487,58
query,1509171015.3094907,1509171015.314542,0
query,1509171015.3145459,1509171015.4474761,12663
query,1509171015.4474802,1509171015.5159526,3411
query,1509171015.5159569,1509171015.5287588,370
query,1509171015.5287626,1509171016.060641,17894
query,1509171016.0606456,1509171016.8059754,23231
query,1509171016.8059797,1509171016.824777,12
query,1509171016.8247805,1509171016.84856,2681
query,1509171016.8485637,1509171017.267324,21820
query,1509171017.267328,1509171017.4307706,9757
query,1509171017.4307745,1509171017.4823866,2844
query,1509171017.4823902,1509171017.6428576,8257
query,1509171017.6428957,1509171018.6630538,22538
query,1509171018.6759317,1509171018.6959999,404
query,1509171018.6960032,1509171018.9009933,9164
query,1509171018.9009976,1509171019.0012674,3787
query,1509171019.001272,1509171019.0214179,385
query,1509171019.0214214,1509171019.0453568,1077
query,1509171019.04536,1509171019.223276,5456
query,1509171019.22328,1509171019.419733,7756
query,1509171019.4197378,1509171019.930397,16749
query,1509171019.9304006,1509171019.9438837,882
query,1509171019.943887,1509171019.9827573,2729
query,1509171019.9827607,1509171020.418425,17890
query,1509171020.4184294,1509171020.448376,2417
query,1509171020.4483802,1509171020.4560502,2
query,1509171020.4560535,1509171020.7404006,9490
query,1509171020.7404044,1509171020.750941,2
query,1509171020.7509444,1509171021.3624325,13376
query,1509171021.3624368,1509171021.3855944,120
query,1509171021.3855982,1509171021.455051,2689
query,1509171021.4550555,1509171021.5825942,11204
query,1509171021.5826507,1509171021.9267209,16183
query,1509171021.938954,1509171022.5479507,18262
query,1509171022.5479546,1509171022.567626,538
query,1509171022.5676296,1509171022.963287,17071
query,1509171022.9632914,1509171023.0371363,3619
query,1509171023.03714,1509171023.0575266,23
query,1509171023.05753,1509171023.2526755,13017
query,1509171023.25268,1509171023.263007,2
query,1509171023.2630103,1509171023.2797608,1341
query,1509171023.2797651,1509171023.7345142,19851
query,1509171023.734518,1509171023.8329747,8160
query,1509171023.8329797,1509171024.1539233,15844
query,1509171024.1539268,1509171024.5844977,17106
query,1509171024.5845022,1509171025.268123,20820
query,1509171025.2681274,1509171025.316597,2977
query,1509171025.3166008,1509171025.4636414,13279
query,1509171025.4636452,1509171025.676459,13205
query,1509171025.6764631,1509171025.6827893,1
query,1509171025.6827927,1509171026.3956556,22171
query,1509171026.3956597,1509171026.5043566,3447
query,1509171026.5043988,1509171026.5465512,1332
query,1509171026.5584824,1509171026.941584,13248
query,1509171026.9415884,1509171026.963388,1058
query,1509171026.9633918,1509171026.9680507,0
query,1509171026.9680545,1509171027.0361075,1989
query,1509171027.0361114,1509171027.0901468,2601
query,1509171027.0901513,1509171027.4626863,16388
query,1509171027.46269,1509171027.5711462,4730
query,1509171027.57115,1509171027.5759256,0
query,1509171027.5759292,1509171027.5910828,785
query,1509171027.5910861,1509171027.844235,8861
query,1509171027.8442388,1509171028.2533414,17405
query,1509171028.2533457,1509171028.5798295,17002
query,1509171028.5798337,1509171029.207793,24404
query,1509171029.2077975,1509171029.5656636,11097
query,1509171029.5656674,1509171029.5827131,766
query,1509171029.5827172,1509171029.641583,2801
query,1509171029.641587,1509171030.1061397,16959
query,1509171030.1061432,1509171030.1124468,1
query,1509171030.11245,1509171030.2089071,8196
query,1509171030.208946,1509171030.6263993,13060
query,1509171030.6383636,1509171030.6596296,24
query,1509171030.659634,1509171030.7944846,6623
query,1509171030.7944887,1509171031.4109867,13977
query,1509171031.410991,1509171031.4157093,0
query,1509171031.4157128,1509171031.42905,313
query,1509171031.429054,1509171031.4707308,1417
query,1509171031.4707353,1509171031.493573,338
query,1509171031.4935763,1509171032.3977575,19173
query,1509171032.3977613,1509171032.6184354,7169
query,1509171032.6184392,1509171032.7808595,6367
query,1509171032.7808635,1509171033.059364,11245
query,1509171033.059369,1509171033.0961745,3314
query,1509171033.0961785,1509171033.1184425,1251
query,1509171033.1184466,1509171033.1344905,83
query,1509171033.134494,1509171033.26474,5945
query,1509171033.2647445,1509171033.5567756,12993
query,1509171033.5567794,1509171034.531742,22761
query,1509171034.531746,1509171034.6132522,2444
query,1509171034.6132562,1509171035.0672605,14146
query,1509171035.0672963,1509171035.3368325,14948
query,1509171035.349376,1509171035.3893385,2490
query,1509171035.389343,1509171035.5267365,12468
query,1509171035.5267408,1509171035.6952918,9442
query,1509171035.695296,1509171035.8640456,13065
query,1509171035.86405,1509171036.0172532,8606
query,1509171036.017258,1509171036.0701063,3442
query,1509171036.070111,1509171036.7049136,19189
query,1509171036.7049184,1509171036.718254,4
query,1509171036.718258,1509171037.756056,25011
query,1509171037.7560606,1509171037.7842808,719
query,1509171037.784285,1509171037.8358006,2121
query,1509171037.835805,1509171038.2514668,11264
query,1509171038.251471,1509171038.42567,5167
query,1509171038.425674,1509171038.4982753,3703
query,1509171038.4982793,1509171038.847243,9341
query,1509171038.8472474,1509171038.8643827,13
query,1509171038.864386,1509171039.0793102,20608
query,1509171039.079314,1509171039.1886594,6764
query,1509171039.1886637,1509171039.4433293,16066
query,1509171039.443369,1509171039.4625943,521
query,1509171039.4760056,1509171039.82293,16434
query,1509171039.8229342,1509171039.9244554,3549
query,1509171039.9244597,1509171040.315068,15651
query,1509171040.3150718,1509171040.7814314,20214
query,1509171040.7814357,1509171040.9796484,9978
query,1509171040.9796524,1509171041.1707182,9823
query,1509171041.170722,1509171041.4101856,8015
query,1509171041.4101894,1509171041.4866006,7497
query,1509171041.4866047,1509171041.6684172,6620
query,1509171041.6684213,1509171041.6829093,105
query,1509171041.6829128,1509171041.884445,12923
query,1509171041.884449,1509171041.9826925,4679
query,1509171041.9826965,1509171042.0802996,6299
query,1509171042.0803041,1509171042.4574485,16332
query,1509171042.457452,1509171043.4062762,25480
query,1509171043.4062805,1509171044.1649978,19223
query,1509171044.1650019,1509171044.387486,6001
query,1509171044.3874898,1509171044.5164347,7524
query,1509171044.5164385,1509171044.580663,3101
query,1509171044.5807235,1509171045.069962,25161
query,1509171045.0822763,1509171045.1037602,33
query,1509171045.1037645,1509171045.6631734,21974
query,1509171045.6631773,1509171045.9068959,12741
query,1509171045.9069002,1509171045.9992673,4364
query,1509171045.9992712,1509171046.3609052,18196
query,1509171046.3609095,1509171046.8885276,20922
query,1509171046.8885324,1509171047.1080933,7256
query,1509171047.1080968,1509171047.1292367,57
query,1509171047.1292405,1509171047.2917857,8247
query,1509171047.2917895,1509171047.959586,14525
query,1509171047.9595897,1509171048.2618446,12779
query,1509171048.2618496,1509171048.307923,3803
query,1509171048.3079267,1509171048.311114,0
query,1509171048.3111167,1509171048.4584668,11838
query,1509171048.4584706,1509171048.6036172,9060
query,1509171048.6036215,1509171048.6948678,5216
query,1509171048.6948717,1509171048.781685,5690
query,1509171048.7816885,1509171048.7952075,889
query,1509171048.7952108,1509171049.14755,16450
query,1509171049.1475892,1509171049.4325066,10083
query,1509171049.4454184,1509171049.6679008,12986
query,1509171049.6679044,1509171050.080162,15520
query,1509171050.0801663,1509171050.3713245,18055
query,1509171050.3713284,1509171050.3788235,2
query,1509171050.3788264,1509171050.517738,6502
query,1509171050.517742,1509171050.5305922,6
query,1509171050.5305965,1509171050.6543365,8984
query,1509171050.6543415,1509171050.7494214,4189
query,1509171050.7494254,1509171050.7706304,1519
query,1509171050.7706337,1509171050.9146588,8095
query,1509171050.9146626,1509171051.092922,6602
query,1509171051.092926,1509171051.1523044,3108
query,1509171051.1523085,1509171051.279408,5382
query,1509171051.2794123,1509171051.4287167,7712
query,1509171051.4287205,1509171051.70004,12818
query,1509171051.7000444,1509171052.002142,8055
query,1509171052.0021458,1509171052.1567419,7893
query,1509171052.1567457,1509171052.1804016,91
query,1509171052.180405,1509171052.418737,13119
query,1509171052.418774,1509171053.4157462,22715
query,1509171053.4278882,1509171053.4638271,601
query,1509171053.4638317,1509171053.8507073,21177
query,1509171053.850711,1509171054.408459,17169
query,1509171054.4084635,1509171054.610664,8192
query,1509171054.610668,1509171054.6740491,3511
query,1509171054.674053,1509171054.7547386,5247
query,1509171054.7547433,1509171054.8495042,6252
query,1509171054.8495095,1509171054.924394,2564
query,1509171054.924398,1509171054.9413884,1486
query,1509171054.941392,1509171055.138455,13467
query,1509171055.1384592,1509171055.443097,9661
query,1509171055.443101,1509171055.4675395,329
query,1509171055.4675434,1509171055.506652,1554
query,1509171055.506656,1509171055.7668965,13720
query,1509171055.7669,1509171055.803417,1388
query,1509171055.803421,1509171055.8083918,0
query,1509171055.8083956,1509171055.8705611,4548
query,1509171055.8705657,1509171056.0569353,5531
query,1509171056.0569396,1509171056.3863773,12638
query,1509171056.3864162,1509171056.759145,16626
query,1509171056.7732286,1509171056.9438248,8942
query,1509171056.943829,1509171056.9615061,1425
query,1509171056.9615097,1509171057.226416,15351
query,1509171057.2264209,1509171057.4571614,13505
query,1509171057.4571652,1509171057.7337646,14123
query,1509171057.7337685,1509171058.4711213,17395
query,1509171058.4711254,1509171058.609768,6671
query,1509171058.6097722,1509171058.6215448,8
query,1509171058.621549,1509171058.7155747,4819
query,1509171058.7155786,1509171058.7854207,5508
query,1509171058.7854247,1509171059.1441076,14938
query,1509171059.1441119,1509171059.1704428,1139
query,1509171059.170447,1509171059.8579352,25349
query,1509171059.8579383,1509171060.0578039,9530
query,1509171060.0578082,1509171060.708401,16435
query,1509171060.708405,1509171060.8535678,4542
query,1509171060.8535764,1509171061.1428943,2857
query,1509171061.142898,1509171061.213523,2753
query,1509171061.2135267,1509171061.2283378,464
query,1509171061.2283762,1509171061.9094582,3406
query,1509171061.9224098,1509171062.0763981,12983
query,1509171062.0764027,1509171062.2139392,5222
query,1509171062.2139437,1509171062.328379,3723
query,1509171062.3283832,1509171062.350329,128
query,1509171062.3503327,1509171062.3758416,694
query,1509171062.375846,1509171062.5002444,6599
query,1509171062.5002487,1509171062.7221456,9658
query,1509171062.7221498,1509171062.7445183,1203
query,1509171062.7445219,1509171062.762508,33
query,1509171062.7625117,1509171062.9297576,13485
query,1509171062.9297621,1509171063.0538702,5961
query,1509171063.0538743,1509171064.395366,20909
query,1509171064.3953714,1509171064.4201887,97
query,1509171064.4201934,1509171064.9006717,10184
query,1509171064.9006763,1509171065.2135017,15700
query,1509171065.2135062,1509171065.5680792,24637
query,1509171065.5680838,1509171065.8460703,13091
query,1509171065.846075,1509171066.034399,8430
query,1509171066.0344036,1509171066.3475292,13716
query,1509171066.3475778,1509171066.5866818,5971
query,1509171066.6000972,1509171067.058217,21502
query,1509171067.058222,1509171068.1077144,19644
query,1509171068.1077182,1509171068.2315793,11768
query,1509171068.231584,1509171068.8781307,22197
query,1509171068.8781345,1509171069.3374934,15745
query,1509171069.337498,1509171069.4249384,4433
query,1509171069.424944,1509171069.4283087,0
query,1509171069.4283123,1509171069.4414432,574
query,1509171069.4414465,1509171069.5331967,5805
query,1509171069.5332005,1509171070.161872,16251
query,1509171070.1618755,1509171070.1855898,709
query,1509171070.1855953,1509171070.6139727,18690
query,1509171070.6139767,1509171070.850793,12646
query,1509171070.8507972,1509171071.143081,12847
query,1509171071.1430852,1509171071.1630294,961
query,1509171071.1630337,1509171072.2897935,23057
query,1509171072.289798,1509171072.4510303,5294
query,1509171072.4510345,1509171072.6264448,6844
query,1509171072.6264486,1509171073.1047385,18715
query,1509171073.104823,1509171073.1938462,4267
query,1509171073.2062216,1509171073.457674,16575
query,1509171073.457678,1509171073.4712884,238
query,1509171073.4712925,1509171073.4903789,735
query,1509171073.4903827,1509171073.777879,14872
query,1509171073.7778833,1509171073.8165095,2511
query,1509171073.816513,1509171074.562122,22950
query,1509171074.562126,1509171074.6588101,7635
query,1509171074.6588144,1509171074.7183995,3110
query,1509171074.7184038,1509171074.8533401,8747
query,1509171074.8533452,1509171074.9070847,10946
query,1509171074.9070885,1509171075.242086,13757
query,1509171075.2420902,1509171075.3550084,5394
query,1509171075.3550127,1509171075.6848352,16183
query,1509171075.6848423,1509171075.8223412,12415
query,1509171075.8223455,1509171076.5239537,22669
query,1509171076.5239577,1509171077.037192,24336
query,1509171077.0371966,1509171077.1672616,7684
query,1509171077.1672654,1509171077.775012,18767
query,1509171077.7750163,1509171077.9344828,12730
query,1509171077.934529,1509171078.4234388,19951
query,1509171078.4361892,1509171078.7099795,11932
query,1509171078.7099833,1509171078.7271323,579
query,1509171078.7271366,1509171079.1610594,9804
query,1509171079.1610632,1509171079.5185134,16063
query,1509171079.5185177,1509171080.41293,22256
query,1509171080.4129343,1509171080.498313,4320
query,1509171080.4983168,1509171080.5475311,4471
query,1509171080.5475352,1509171080.56084,14
query,1509171080.5608437,1509171081.0078158,19198
query,1509171081.00782,1509171081.0134625,1
query,1509171081.0134664,1509171081.2404294,14511
query,1509171081.2404335,1509171081.3117127,2753
query,1509171081.3117175,1509171081.399005,3573
query,1509171081.3990095,1509171081.5398211,5638
query,1509171081.539828,1509171081.6005452,3005
query,1509171081.600549,1509171081.7088957,6445
query,1509171081.7088997,1509171081.7703135,3046
query,1509171081.7703173,1509171081.8864763,7733
query,1509171081.8864803,1509171081.9677203,4512
query,1509171081.9677565,1509171082.2339106,5830
query,1509171082.246194,1509171082.4906743,12794
query,1509171082.4906788,1509171082.496069,0
query,1509171082.4960725,1509171082.5097613,248
query,1509171082.509765,1509171082.6773121,9653
query,1509171082.6773164,1509171082.766834,4176
query,1509171082.7668383,1509171082.780938,282
query,1509171082.780942,1509171082.804002,500
query,1509171082.8040056,1509171082.8229074,11
query,1509171082.8229113,1509171083.4345655,3353
query,1509171083.4345758,1509171083.7264621,12631
query,1509171083.726467,1509171084.3419447,19715
query,1509171084.3419492,1509171084.3633087,1409
query,1509171084.3633137,1509171084.3684185,0
query,1509171084.3684218,1509171084.6784537,12716
query,1509171084.6784575,1509171084.7782283,3288
query,1509171084.778232,1509171085.6776166,27392
query,1509171085.6776206,1509171086.0341766,14597
query,1509171086.0341806,1509171086.2101882,5665
query,1509171086.2101917,1509171086.2506783,3267
query,1509171086.250716,1509171086.3509881,2847
query,1509171086.3631124,1509171086.37871,85
query,1509171086.3787136,1509171086.9838235,19089
query,1509171086.9838278,1509171087.4338334,16771
query,1509171087.4338374,1509171087.5922923,9563
query,1509171087.592296,1509171088.0049655,25372
query,1509171088.0049698,1509171088.2931807,15584
query,1509171088.2931845,1509171088.362151,4296
query,1509171088.3621552,1509171088.6250246,11285
query,1509171088.6250293,1509171088.9275112,3384
query,1509171088.9275157,1509171088.9503152,13
query,1509171088.9503195,1509171089.0224376,2151
query,1509171089.0224416,1509171089.0820765,3236
query,1509171089.0820808,1509171089.6486876,16830
query,1509171089.649481,1509171090.0548096,15240
query,1509171090.0548143,1509171090.2043962,8519
query,1509171090.2044008,1509171091.0319834,16479
query,1509171091.031989,1509171091.4087386,16778
query,1509171091.408743,1509171091.9838939,23203
query,1509171091.9838982,1509171092.0332234,2716
query,1509171092.0332687,1509171092.3288448,11307
query,1509171092.3408544,1509171092.5122843,7292
query,1509171092.5122893,1509171092.584615,4385
query,1509171092.5846188,1509171092.594148,3
query,1509171092.5941517,1509171092.9492319,9751
query,1509171092.9492364,1509171093.2743874,8692
query,1509171093.2743914,1509171093.3055694,1327
query,1509171093.305574,1509171093.3261356,98
query,1509171093.326139,1509171093.8345723,15730
query,1509171093.8345764,1509171093.8849702,2299
query,1509171093.8849735,1509171094.2199686,17263
query,1509171094.2199726,1509171094.345076,7059
query,1509171094.34508,1509171094.384413,1792
query,1509171094.3844163,1509171094.4797988,11673
query,1509171094.4798028,1509171094.6728785,11934
query,1509171094.6728823,1509171094.803785,4398
query,1509171094.8037891,1509171095.0524392,9545
query,1509171095.052443,1509171095.0975685,2406
query,1509171095.0975723,1509171095.239112,5672
query,1509171095.2391157,1509171095.2545888,647
query,1509171095.2546303,1509171095.263139,0
query,1509171095.264505,1509171095.6093373,15043
query,1509171095.6093411,1509171095.6227558,41
query,1509171095.6227598,1509171096.6671445,18160
query,1509171096.6671484,1509171096.688596,42
query,1509171096.6885998,1509171096.7152224,1163
query,1509171096.7152267,1509171097.0934854,16338
query,1509171097.09349,1509171097.3635614,11129
query,1509171097.363566,1509171097.8523338,12754
query,1509171097.8523376,1509171098.1752133,15044
query,1509171098.1752172,1509171099.0495644,23151
query,1509171099.0495684,1509171100.0950115,25177
query,1509171100.0950153,1509171100.7206645,18621
query,1509171100.7206688,1509171100.73629,1435
query,1509171100.7362938,1509171100.7416918,1
query,1509171100.7416954,1509171101.1957393,14984
query,1509171101.1957443,1509171101.2972424,8433
query,1509171101.2972467,1509171101.4240286,5088
query,1509171101.4240324,1509171101.614974,10348
query,1509171101.6149778,1509171101.7445023,8714
query,1509171101.7445405,1509171102.3922362,18143
query,1509171102.404483,1509171102.9654024,14715
query,1509171102.9654067,1509171102.9709785,1
query,1509171102.9709814,1509171103.162515,10325
query,1509171103.1625197,1509171103.468338,21315
query,1509171103.4683418,1509171103.4739065,0
query,1509171103.4739099,1509171103.4785213,0
query,1509171103.4785244,1509171103.5804322,3778
query,1509171103.580436,1509171103.6035442,9
query,1509171103.6035473,1509171103.7477167,11712
query,1509171103.747721,1509171103.7840335,2257
query,1509171103.784037,1509171103.9075925,10195
query,1509171103.907596,1509171104.1028273,9900
query,1509171104.1028316,1509171104.1680918,4613
query,1509171104.1680958,1509171104.494758,16548
query,1509171104.4947622,1509171104.622086,6212
query,1509171104.62209,1509171104.6797452,2081
query,1509171104.6797516,1509171104.9072483,11706
query,1509171104.9072526,1509171104.9142814,1
query,1509171104.914285,1509171104.9271202,2
query,1509171104.9271593,1509171105.4631743,17557
query,1509171105.478762,1509171105.664386,10243
query,1509171105.6643896,1509171105.6780589,445
query,1509171105.678062,1509171105.7323222,3699
query,1509171105.7323253,1509171106.1698925,17104
query,1509171106.1698964,1509171106.6327798,16174
query,1509171106.632784,1509171106.8299801,3357
query,1509171106.8299842,1509171107.1070979,9867
query,1509171107.107102,1509171107.324132,13092
query,1509171107.3241355,1509171107.5545812,9703
query,1509171107.5545852,1509171108.0991805,19100
query,1509171108.0991852,1509171108.6073055,15878
query,1509171108.6073096,1509171109.1059396,15548
query,1509171109.1059442,1509171109.1144862,3
query,1509171109.1144898,1509171109.1360657,3169
query,1509171109.1360688,1509171109.3023055,6099
query,1509171109.3023095,1509171109.6692877,14304
query,1509171109.6692917,1509171109.8658137,7716
query,1509171109.8658178,1509171110.6014905,22534
query,1509171110.601496,1509171110.6176836,682
query,1509171110.6177213,1509171111.1173882,22202
query,1509171111.1294415,1509171111.3040817,12393
query,1509171111.3040864,1509171111.367729,5666
query,1509171111.3677344,1509171111.422422,1889
query,1509171111.4224257,1509171111.4362674,222
query,1509171111.436272,1509171111.9276695,15718
query,1509171111.9276729,1509171112.5041342,16399
query,1509171112.5041387,1509171112.5228267,1272
query,1509171112.522831,1509171112.6026108,5326
query,1509171112.6026149,1509171112.6565018,2118
query,1509171112.6565053,1509171112.6693535,153
query,1509171112.669357,1509171112.9859512,15824
query,1509171112.9859562,1509171113.2562566,8885
query,1509171113.2562616,1509171113.321476,3587
query,1509171113.3214798,1509171113.7652135,15562
query,1509171113.7652175,1509171113.7804768,1060
query,1509171113.7804801,1509171113.853422,2901
query,1509171113.853426,1509171114.3173876,21941
query,1509171114.3173919,1509171114.5802865,13210
query,1509171114.5802903,1509171114.594487,135
query,1509171114.5945337,1509171115.0595338,19236
query,1509171115.0720022,1509171115.1444716,3726
query,1509171115.1444755,1509171115.3240466,10803
query,1509171115.3240507,1509171115.4639015,7412
query,1509171115.4639056,1509171115.7686841,14735
query,1509171115.7686884,1509171116.0989456,14252
query,1509171116.0989497,1509171116.7203662,18449
query,1509171116.7203703,1509171117.2842388,17010
query,1509171117.284243,1509171117.3028162,9
query,1509171117.3028204,1509171117.8361604,17485
query,1509171117.8361645,1509171118.0244086,10872
query,1509171118.0244136,1509171118.748413,17112
query,1509171118.7484174,1509171118.8040526,1621
query,1509171118.8040564,1509171118.9095454,4733
query,1509171118.9095497,1509171118.9142947,0
query,1509171118.9142992,1509171118.9391017,1218
query,1509171118.9391062,1509171118.9598122,1157
query,1509171118.9598153,1509171118.986016,1521
query,1509171118.9860198,1509171119.0628276,3260
query,1509171119.0628312,1509171119.9208515,20280
query,1509171119.9208965,1509171119.9384065,20
query,1509171119.955196,1509171120.124091,3484
query,1509171120.1240952,1509171120.9216776,20324
query,1509171120.9216814,1509171121.0560844,8180
query,1509171121.0560884,1509171121.0733933,5
query,1509171121.0733972,1509171121.2155416,12553
query,1509171121.2155457,1509171121.4871018,15648
query,1509171121.487106,1509171121.5026689,111
query,1509171121.5026722,1509171121.5933926,5409
query,1509171121.5933967,1509171121.9382381,13881
query,1509171121.9382427,1509171121.954692,1385
query,1509171121.9546957,1509171122.3991723,20315
query,1509171122.3991764,1509171122.61776,13597
query,1509171122.617764,1509171122.6604607,3734
query,1509171122.6604645,1509171122.6976905,454
query,1509171122.6976938,1509171123.5155432,22756
query,1509171123.5155475,1509171124.376836,24495
query,1509171124.376841,1509171124.6024034,10513
query,1509171124.602408,1509171124.7636285,13061
query,1509171124.763634,1509171124.8101993,2527
query,1509171124.8102384,1509171124.9892392,11538
query,1509171125.001918,1509171125.0479753,3081
query,1509171125.047979,1509171125.3704016,12496
query,1509171125.3704057,1509171125.6502283,12165
query,1509171125.6502323,1509171125.6663003,439
query,1509171125.6663048,1509171125.9767606,9639
query,1509171125.976765,1509171126.326668,11379
query,1509171126.326672,1509171126.9649785,23264
query,1509171126.9649835,1509171127.3636477,14529
query,1509171127.3636518,1509171127.7228556,16989
query,1509171127.7228591,1509171127.7283583,1
query,1509171127.7283614,1509171127.731953,0
query,1509171127.7319558,1509171128.106132,17675
query,1509171128.1061373,1509171128.5676289,17657
query,1509171128.567633,1509171128.9181037,9245
query,1509171128.9181075,1509171128.9348812,932
query,1509171128.9348862,1509171129.2953382,10743
query,1509171129.2953422,1509171129.824944,19577
query,1509171129.8249478,1509171130.0158799,10722
query,1509171130.0158842,1509171130.082922,4240
query,1509171130.0829608,1509171130.8450835,23291
query,1509171130.8581724,1509171131.0333738,7895
query,1509171131.033378,1509171131.0749583,1585
query,1509171131.0749617,1509171131.0946217,301
query,1509171131.094625,1509171131.1339204,2929
query,1509171131.1339242,1509171131.4520447,15755
query,1509171131.4520497,1509171131.5618422,8457
query,1509171131.5618465,1509171131.634291,3536
query,1509171131.6342947,1509171131.7053723,3422
query,1509171131.7053761,1509171132.3422463,17730
query,1509171132.3422515,1509171132.3622546,1449
query,1509171132.362259,1509171132.5229175,7765
query,1509171132.5229218,1509171132.755145,13257
query,1509171132.7551496,1509171133.251346,19584
query,1509171133.2513504,1509171133.7533135,15799
query,1509171133.7533174,1509171134.4300451,19357
query,1509171134.4300487,1509171134.527088,7681
query,1509171134.5270925,1509171134.5943902,3509
query,1509171134.594394,1509171134.673489,6747
query,1509171134.6734931,1509171134.6903973,1380
query,1509171134.6904337,1509171135.0525992,16567
query,1509171135.0652373,1509171135.1671133,7128
query,1509171135.1671178,1509171135.178917,4
query,1509171135.178922,1509171135.643388,22967
query,1509171135.6433916,1509171135.7447383,7273
query,1509171135.7447424,1509171135.8695264,8821
query,1509171135.8695307,1509171136.4987223,22312
query,1509171136.4987266,1509171136.7882373,12818
query,1509171136.7882433,1509171136.8078003,307
query,1509171136.8078046,1509171137.3871665,15357
query,1509171137.3871708,1509171137.4762397,4020
query,1509171137.4762444,1509171138.1537192,18248
query,1509171138.1537235,1509171138.5844798,22301
query,1509171138.5844836,1509171138.6735957,7045
query,1509171138.6736,1509171139.215161,19034
query,1509171139.2151651,1509171140.0180118,24756
query,1509171140.0180159,1509171140.2373638,11546
query,1509171140.237368,1509171140.327446,7070
query,1509171140.32745,1509171140.3463376,2209
query,1509171140.3463411,1509171140.9519484,20580
query,1509171140.9520009,1509171141.522597,24442
query,1509171141.5350428,1509171141.552009,1300
query,1509171141.552013,1509171141.5682807,1652
query,1509171141.5682845,1509171141.5948908,686
query,1509171141.5948954,1509171141.6079216,595
query,1509171141.607925,1509171142.0358493,16259
query,1509171142.035853,1509171142.1315598,3159
query,1509171142.131564,1509171142.2815213,4479
query,1509171142.2815256,1509171142.5400965,9359
query,1509171142.5401018,1509171142.707098,7930
query,1509171142.7071023,1509171143.0159986,9585
query,1509171143.0160022,1509171143.611483,23838
query,1509171143.611487,1509171143.6255872,152
query,1509171143.6255906,1509171144.1585987,17841
query,1509171144.1586027,1509171144.1758072,990
query,1509171144.1758106,1509171144.2412252,3982
query,1509171144.24123,1509171144.521034,16478
query,1509171144.5210385,1509171145.1092854,22382
query,1509171145.109289,1509171145.1225884,41
query,1509171145.1225922,1509171145.1954396,4022
query,1509171145.195485,1509171145.7658687,22692
query,1509171145.7781322,1509171145.7963972,734
query,1509171145.7964013,1509171145.815409,1808
query,1509171145.8154128,1509171146.3618047,13906
query,1509171146.3618088,1509171146.4649167,3684
query,1509171146.464921,1509171146.6399353,12572
query,1509171146.6399393,1509171146.6510084,138
query,1509171146.6510127,1509171146.9317183,15928
query,1509171146.9317229,1509171147.1119833,5218
query,1509171147.1119874,1509171147.347137,9784
query,1509171147.347141,1509171147.6119816,10659
query,1509171147.611986,1509171147.6166062,0
query,1509171147.6166103,1509171147.6525595,1918
query,1509171147.652564,1509171147.773907,8241
query,1509171147.7739108,1509171148.049815,15410
query,1509171148.0498195,1509171148.1254582,2917
query,1509171148.1254625,1509171148.4008737,12033
query,1509171148.400877,1509171148.415949,1281
query,1509171148.4159534,1509171148.4344187,1732
query,1509171148.4344223,1509171148.5045924,4653
query,1509171148.504623,1509171148.789908,14176
query,1509171148.8019412,1509171148.862363,4499
query,1509171148.862367,1509171148.9987323,6115
query,1509171148.9987366,1509171149.8414664,23359
query,1509171149.8414707,1509171150.320057,18424
query,1509171150.3200607,1509171150.3346236,937
query,1509171150.3346283,1509171150.4457176,6601
query,1509171150.4457228,1509171150.6344547,5591
query,1509171150.6344597,1509171151.025731,14361
query,1509171151.0257354,1509171151.0938423,3713
query,1509171151.093846,1509171151.42439,13290
query,1509171151.4243946,1509171152.0680485,21848
query,1509171152.0680535,1509171152.205392,9039
query,1509171152.205396,1509171152.3315434,5374
query,1509171152.331548,1509171152.4431887,8473
query,1509171152.4431927,1509171152.4577599,376
query,1509171152.457763,1509171152.469764,103
query,1509171152.4697676,1509171152.843855,15725
query,1509171152.8438587,1509171153.6260998,20587
query,1509171153.6261036,1509171153.8437405,21283
query,1509171153.8437817,1509171154.1542346,11381
query,1509171154.1665206,1509171154.2774985,12548
query,1509171154.2775023,1509171154.6750638,22050
query,1509171154.6750689,1509171155.0626934,23654
query,1509171155.062698,1509171155.252353,12644
query,1509171155.2523577,1509171155.2894351,2885
query,1509171155.2894392,1509171155.6563368,16842
query,1509171155.6563408,1509171155.7064285,3725
query,1509171155.7064326,1509171155.7740774,3763
query,1509171155.7740808,1509171156.219684,17091
query,1509171156.219688,1509171156.2799988,3792
query,1509171156.2800026,1509171156.5851624,12860
query,1509171156.5851672,1509171156.5977664,12
query,1509171156.5977702,1509171156.805776,15572
query,1509171156.8057797,1509171156.902932,7575
query,1509171156.902937,1509171157.2838528,15332
query,1509171157.283857,1509171157.4011874,12490
query,1509171157.4011917,1509171157.7946715,14700
query,1509171157.794676,1509171157.8372567,3726
query,1509171157.8372602,1509171157.9438696,5437
query,1509171157.9439106,1509171158.1188676,7760
query,1509171158.1312401,1509171158.3002617,12918
query,1509171158.300266,1509171158.4601326,12430
query,1509171158.4601367,1509171158.8922045,3407
query,1509171158.8922088,1509171159.0250685,8055
query,1509171159.0250723,1509171159.463081,20457
query,1509171159.4630852,1509171159.4949067,2171
query,1509171159.4949114,1509171159.6080368,8589
query,1509171159.608041,1509171159.614766,1
query,1509171159.6147695,1509171159.627041,147
query,1509171159.6270447,1509171159.80835,6710
query,1509171159.8083544,1509171160.1510348,10921
query,1509171160.1510394,1509171160.3128371,11338
query,1509171160.3128412,1509171160.3189077,3
query,1509171160.3189108,1509171160.3341348,1016
query,1509171160.3341384,1509171160.3814368,3887
query,1509171160.3814402,1509171160.8643866,17040
query,1509171160.8643909,1509171160.879411,879
query,1509171160.8794153,1509171160.8829887,0
query,1509171160.882992,1509171160.8943326,60
query,1509171160.894375,1509171161.010698,5844
query,1509171161.0228317,1509171161.4932709,22325
query,1509171161.493275,1509171161.4986238,1
query,1509171161.498628,1509171161.9057236,17229
query,1509171161.9057286,1509171162.0550458,10102
query,1509171162.05505,1509171162.1829576,7197
query,1509171162.182962,1509171162.2424052,4246
query,1509171162.2424088,1509171162.2584858,1318
query,1509171162.2584896,1509171162.4590662,21223
query,1509171162.4590707,1509171162.4734712,589
query,1509171162.4734766,1509171162.8200521,18741
query,1509171162.8200562,1509171162.8369,1519
query,1509171162.8369038,1509171162.846744,4
query,1509171162.8467476,1509171163.389576,17607
query,1509171163.3895798,1509171163.8062875,17567
query,1509171163.8062916,1509171163.8516524,3727
query,1509171163.851657,1509171163.8991797,2385
query,1509171163.8991842,1509171163.9180522,1677
query,1509171163.918057,1509171164.613173,24804
query,1509171164.613177,1509171164.6258056,246
query,1509171164.6258411,1509171164.7391927,5718
query,1509171164.751726,1509171164.911145,11945
query,1509171164.9111493,1509171165.3228335,15909
query,1509171165.3228376,1509171165.6261547,9823
query,1509171165.6261592,1509171166.1587582,19497
query,1509171166.1587627,1509171166.3187246,7261
query,1509171166.3187292,1509171166.3818638,3781
query,1509171166.3818686,1509171166.4334636,2290
query,1509171166.4334679,1509171166.7720833,15429
query,1509171166.7720876,1509171166.943885,11102
query,1509171166.9438891,1509171166.9876823,2219
query,1509171166.9876866,1509171167.399252,15629
query,1509171167.3992577,1509171167.7332947,21414
query,1509171167.7333,1509171167.925871,7024
query,1509171167.9258747,1509171167.9634378,2306
query,1509171167.963442,1509171167.9690833,2
query,1509171167.9690871,1509171168.1059792,9567
query,1509171168.105984,1509171168.1225877,1080
query,1509171168.122592,1509171168.1381407,1811
query,1509171168.1381803,1509171168.6113334,17963
query,1509171168.6113732,1509171168.7278204,5081
query,1509171168.740699,1509171168.7886174,3655
query,1509171168.7886212,1509171169.337095,22030
query,1509171169.3371067,1509171169.3529568,905
query,1509171169.3529606,1509171169.7789152,23194
query,1509171169.7789195,1509171170.1943352,15064
query,1509171170.194339,1509171170.2059882,191
query,1509171170.205992,1509171170.2567594,3993
query,1509171170.2567644,1509171170.2690246,41
query,1509171170.2690284,1509171170.3358896,2892
query,1509171170.3358934,1509171170.522827,14730
query,1509171170.522831,1509171170.6424055,5982
query,1509171170.6424093,1509171170.8532999,10449
query,1509171170.853304,1509171171.0457444,15262
query,1509171171.0457485,1509171171.0649595,141
query,1509171171.064963,1509171171.3976626,14631
query,1509171171.3976665,1509171171.5412736,10180
query,1509171171.5412784,1509171171.5519214,202
query,1509171171.551925,1509171171.7463465,13596
query,1509171171.746351,1509171171.7614455,834
query,1509171171.761487,1509171172.1206446,13501
query,1509171172.1337662,1509171172.176944,2719
query,1509171172.1769476,1509171172.3547342,8452
query,1509171172.3547397,1509171172.3683426,568
query,1509171172.3683462,1509171172.3712947,0
query,1509171172.3712976,1509171172.5715213,13367
query,1509171172.5715249,1509171172.5866947,148
query,1509171172.5866988,1509171172.760206,9116
query,1509171172.7602098,1509171172.9077458,7636
query,1509171172.90775,1509171173.0098946,7766
query,1509171173.0098987,1509171173.2063582,7887
query,1509171173.2063632,1509171173.2111297,1
query,1509171173.211133,1509171173.2141056,0
query,1509171173.2141087,1509171173.3558414,3344
query,1509171173.3558455,1509171173.3675191,119
query,1509171173.3675225,1509171173.4788833,4850
query,1509171173.478887,1509171173.486065,3
query,1509171173.4860682,1509171173.6431515,12495
query,1509171173.6431572,1509171174.0079768,3406
query,1509171174.0079803,1509171174.0204651,784
query,1509171174.0205035,1509171174.4438767,21915
query,1509171174.4553337,1509171174.6843169,16522
query,1509171174.6843207,1509171174.6877198,0
query,1509171174.6877234,1509171174.6905675,0
query,1509171174.6905706,1509171175.0972807,15672
query,1509171175.0972857,1509171175.3337321,8485
query,1509171175.3337374,1509171175.8389654,21383
query,1509171175.8389697,1509171176.1698503,14129
query,1509171176.1698546,1509171176.6772227,19404
query,1509171176.6772275,1509171176.6819794,1
query,1509171176.6819828,1509171176.6942353,9
query,1509171176.6942387,1509171177.0723686,17338
query,1509171177.0723724,1509171177.1209579,3322
query,1509171177.1209621,1509171177.2715857,5870
query,1509171177.2715898,1509171177.2975788,730
query,1509171177.2975824,1509171177.4781141,13319
query,1509171177.478118,1509171177.497271,1271
query,1509171177.4972754,1509171177.5654688,2893
query,1509171177.5654726,1509171177.859112,16003
query,1509171177.8591158,1509171178.110788,9775
query,1509171178.1108258,1509171178.460886,16105
query,1509171178.4748151,1509171178.52137,3948
query,1509171178.5213735,1509171178.7047694,14327
query,1509171178.7047734,1509171178.8992126,14975
query,1509171178.8992186,1509171179.336074,17548
query,1509171179.3360782,1509171179.3810284,3275
query,1509171179.3810325,1509171179.553989,6149
query,1509171179.553994,1509171179.5655005,355
query,1509171179.5655043,1509171180.4859643,27567
query,1509171180.485968,1509171180.4975157,244
query,1509171180.4975202,1509171180.756859,13086
query,1509171180.7568626,1509171181.278174,17635
query,1509171181.2781782,1509171181.42958,5840
query,1509171181.4295845,1509171181.7677548,18070
query,1509171181.7677588,1509171182.3284707,19453
query,1509171182.3284748,1509171182.9700153,22686
query,1509171182.9700196,1509171183.2709212,13232
query,1509171183.2709253,1509171183.8465793,22052
query,1509171183.846583,1509171184.10441,11394
query,1509171184.1044137,1509171184.2748177,5764
query,1509171184.27486,1509171184.2972393,86
query,1509171184.3099988,1509171185.166336,22992
query,1509171185.16634,1509171185.2681785,7811
query,1509171185.268182,1509171185.578048,9285
query,1509171185.5780528,1509171185.7115173,6354
query,1509171185.7115214,1509171186.236956,18050
query,1509171186.2369592,1509171186.241745,0
query,1509171186.241748,1509171186.2480948,1
query,1509171186.2480986,1509171186.262488,501
query,1509171186.2624927,1509171186.2669318,0
query,1509171186.266936,1509171186.3321683,5074
query,1509171186.3321729,1509171187.069186,17334
query,1509171187.0691903,1509171187.0899765,1953
query,1509171187.0899804,1509171187.2955518,10741
query,1509171187.2955558,1509171187.812326,15843
query,1509171187.8123305,1509171188.3911462,16823
query,1509171188.39115,1509171188.6332393,8754
query,1509171188.6332443,1509171189.2339358,26012
query,1509171189.2339401,1509171189.5141723,15126
query,1509171189.5141761,1509171189.5448823,1571
query,1509171189.5449202,1509171189.6532798,9844
query,1509171189.6656117,1509171189.7034776,1491
query,1509171189.703482,1509171189.7868323,5171
query,1509171189.7868361,1509171189.952837,10004
query,1509171189.952842,1509171190.581982,19798
query,1509171190.5819867,1509171190.627076,3072
query,1509171190.6270802,1509171190.9780421,17226
query,1509171190.978046,1509171191.7465663,19813
query,1509171191.7465703,1509171191.8086836,3990
query,1509171191.808688,1509171192.160556,16792
query,1509171192.1605601,1509171192.5203137,9945
query,1509171192.5203176,1509171192.5549037,2017
query,1509171192.5549073,1509171192.6255884,3273
query,1509171192.625593,1509171192.6715233,2355
query,1509171192.6715271,1509171192.6846673,135
query,1509171192.6846714,1509171192.8590393,7709
query,1509171192.8590434,1509171192.8710365,84
query,1509171192.8710406,1509171192.8778255,2
query,1509171192.877829,1509171193.3162615,12458
query,1509171193.316267,1509171193.3283596,104
query,1509171193.3284044,1509171193.6446135,15132
query,1509171193.6599214,1509171194.3489032,24181
query,1509171194.3489075,1509171194.4791996,5028
query,1509171194.4792035,1509171194.542992,5084
query,1509171194.542996,1509171194.8107693,16289
query,1509171194.8107731,1509171194.9139614,12386
query,1509171194.9139657,1509171195.089211,12614
query,1509171195.089215,1509171195.208015,5002
query,1509171195.208019,1509171195.3304567,10344
query,1509171195.3304605,1509171195.7187023,15221
query,1509171195.7187057,1509171195.910219,12348
query,1509171195.9102228,1509171196.3559854,20738
query,1509171196.3559892,1509171196.4639318,10517
query,1509171196.463936,1509171196.849254,16259
query,1509171196.8492582,1509171197.0300622,6084
query,1509171197.030066,1509171197.3012125,10356
query,1509171197.301217,1509171197.7475195,17051
query,1509171197.7475235,1509171198.0781782,16128
query,1509171198.0781827,1509171198.0920908,1094
query,1509171198.0920942,1509171198.1650758,4856
query,1509171198.165193,1509171198.4584978,14767
query,1509171198.4716742,1509171198.7676456,22941
query,1509171198.7676558,1509171198.990817,11774
query,1509171198.9908216,1509171199.137027,11418
query,1509171199.1370306,1509171199.3612883,11183
query,1509171199.3612921,1509171199.4637954,9517
query,1509171199.4637997,1509171199.8056765,13562
query,1509171199.8056808,1509171200.2280838,22445
query,1509171200.2280884,1509171200.2417262,1146
query,1509171200.2417295,1509171200.2985404,4705
query,1509171200.2985444,1509171200.723289,23348
query,1509171200.723293,1509171200.9025812,15077
query,1509171200.9025853,1509171200.9506364,3234
query,1509171200.950641,1509171201.0925255,5951
query,1509171201.0925293,1509171201.3127246,13998
query,1509171201.3127284,1509171201.5767329,16813
query,1509171201.5767367,1509171201.8229167,13079
query,1509171201.8229208,1509171201.8389173,471
query,1509171201.8389208,1509171202.3967252,14823
query,1509171202.3967292,1509171202.5648258,12203
query,1509171202.5648665,1509171202.812114,13882
query,1509171202.824943,1509171202.8871589,5505
query,1509171202.8871622,1509171202.9507713,3166
query,1509171202.9507754,1509171202.9655106,1595
query,1509171202.965514,1509171203.0261438,2925
query,1509171203.0261476,1509171203.0310597,1
query,1509171203.0310628,1509171203.0980856,3812
query,1509171203.0980897,1509171203.1107605,28
query,1509171203.1107647,1509171203.1214468,75
query,1509171203.1214504,1509171203.6113956,15555
query,1509171203.6114,1509171203.769316,6397
query,1509171203.7693198,1509171203.7850199,1862
query,1509171203.7850237,1509171203.9782634,11816
query,1509171203.978267,1509171204.5497441,22379
query,1509171204.5497477,1509171204.568786,1329
query,1509171204.5688128,1509171204.941492,15595
query,1509171204.941495,1509171205.116043,9604
query,1509171205.1160471,1509171205.1522782,2310
query,1509171205.1522818,1509171205.1676328,1682
query,1509171205.1676369,1509171205.1806016,127
query,1509171205.180642,1509171205.5015476,10485
query,1509171205.5144,1509171206.0714054,17323
query,1509171206.071409,1509171206.1883914,8876
query,1509171206.188395,1509171206.2986157,5684
query,1509171206.2986197,1509171206.356728,5754
query,1509171206.356732,1509171206.4798448,8174
query,1509171206.4798486,1509171206.7921503,9812
query,1509171206.7921538,1509171207.098158,15082
query,1509171207.0981617,1509171207.5905678,24847
query,1509171207.5905724,1509171207.9494045,15355
query,1509171207.9494088,1509171208.2881756,14570
query,1509171208.2881799,1509171208.303946,199
query,1509171208.3039498,1509171208.4811935,10148
query,1509171208.4811983,1509171208.9737074,18935
query,1509171208.973711,1509171209.1304555,8654
query,1509171209.1304595,1509171209.7977557,14063
query,1509171209.7977595,1509171210.1265428,23293
query,1509171210.126547,1509171210.4828055,15684
query,1509171210.4828098,1509171210.7511141,13508
query,1509171210.751118,1509171210.9165857,13654
query,1509171210.9166238,1509171211.2529035,10956
query,1509171211.2695453,1509171211.2846854,688
query,1509171211.2846894,1509171211.3975794,6644
query,1509171211.3975835,1509171211.4574044,3476
query,1509171211.4574087,1509171211.9311237,17108
query,1509171211.9311278,1509171212.0433908,11360
query,1509171212.043395,1509171212.068283,1514
query,1509171212.0682876,1509171212.0749862,1
query,1509171212.0749907,1509171212.4284081,10968
query,1509171212.4284117,1509171212.4501271,204
query,1509171212.4501312,1509171212.5883927,7692
query,1509171212.5883956,1509171212.7012439,4187
query,1509171212.701248,1509171212.8266864,6519
query,1509171212.8266907,1509171213.2114856,14092
query,1509171213.2114902,1509171213.8125086,24557
query,1509171213.8125126,1509171214.1372948,16183
query,1509171214.1373,1509171214.150557,125
query,1509171214.1505606,1509171214.1625626,134
query,1509171214.1625657,1509171214.4109516,14166
query,1509171214.4109561,1509171214.8188126,21798
query,1509171214.8188543,1509171214.8839169,2544
query,1509171214.8962166,1509171214.999726,3533
query,1509171214.9997299,1509171215.4563713,15202
query,1509171215.4563758,1509171215.7795827,14947
query,1509171215.7795868,1509171215.8767076,6463
query,1509171215.8767114,1509171215.9155521,2983
query,1509171215.9155557,1509171216.4573376,23121
query,1509171216.4573421,1509171216.9589586,17705
query,1509171216.9589665,1509171216.9708157,88
query,1509171216.970819,1509171217.1004295,7942
query,1509171217.1004336,1509171217.839714,22678
query,1509171217.8397179,1509171217.8552294,1480
query,1509171217.8552332,1509171218.0898283,13700
query,1509171218.0898323,1509171218.2078748,5885
query,1509171218.2078784,1509171218.9596767,18676
query,1509171218.959681,1509171218.981745,1400
query,1509171218.9817488,1509171218.9983535,150
query,1509171218.9983582,1509171219.3450236,16071
query,1509171219.3450277,1509171219.9828484,18827
query,1509171219.982852,1509171220.1380203,12838
query,1509171220.13806,1509171220.3232932,14855
query,1509171220.3355982,1509171220.3399084,0
query,1509171220.3399117,1509171220.8915284,15810
query,1509171220.891532,1509171220.897101,0
query,1509171220.8971052,1509171221.1659415,11439
query,1509171221.1659458,1509171221.1796496,1120
query,1509171221.1796532,1509171221.2182174,1758
query,1509171221.218221,1509171221.863104,24408
query,1509171221.8631077,1509171222.2442794,22467
query,1509171222.244284,1509171222.905535,24435
query,1509171222.9055393,1509171222.9220502,725
query,1509171222.9220543,1509171223.141498,9535
query,1509171223.141502,1509171223.4569237,18712
query,1509171223.4569278,1509171223.4702652,713
query,1509171223.4702692,1509171223.6302001,13857
query,1509171223.6302042,1509171224.0474756,15651
query,1509171224.0474796,1509171224.4805276,13132
query,1509171224.4805315,1509171224.5786817,7544
query,1509171224.5786855,1509171225.1330955,23016
query,1509171225.1330998,1509171225.2949996,6485
query,1509171225.2950552,1509171225.5788014,9584
query,1509171225.5909739,1509171225.6425576,3011
query,1509171225.6425614,1509171225.854361,12927
query,1509171225.8543653,1509171226.5618784,25971
query,1509171226.5618849,1509171226.7255297,9206
query,1509171226.7255335,1509171226.8365512,6934
query,1509171226.8365557,1509171226.848513,109
query,1509171226.8485165,1509171226.855103,2
query,1509171226.855106,1509171226.8651888,8
query,1509171226.865193,1509171226.9539587,7291
query,1509171226.9539628,1509171227.3962712,3409
query,1509171227.396276,1509171228.052495,16921
query,1509171228.052499,1509171228.132714,2128
query,1509171228.1327188,1509171228.3480587,8707
query,1509171228.3480628,1509171228.4546318,2362
query,1509171228.4546363,1509171228.8609407,10682
query,1509171228.8609447,1509171228.9132893,3124
query,1509171228.9132931,1509171228.9169319,0
query,1509171228.9169352,1509171228.9935002,6244
query,1509171228.9935043,1509171229.2316592,9021
query,1509171229.2317,1509171229.65392,19463
query,1509171229.6670315,1509171230.0739076,17018
query,1509171230.0739112,1509171230.742773,24429
query,1509171230.7427769,1509171230.9762125,13181
query,1509171230.976216,1509171231.371274,15331
query,1509171231.3712783,1509171231.439875,3216
query,1509171231.4398797,1509171231.7046292,13864
query,1509171231.704635,1509171231.7493632,2001
query,1509171231.7493672,1509171231.9892426,15357
query,1509171231.9892468,1509171232.5025287,17329
query,1509171232.5025325,1509171232.565929,3992
query,1509171232.5659332,1509171232.8660567,14949
query,1509171232.8660605,1509171233.0204873,8876
query,1509171233.0204911,1509171233.2176986,6204
query,1509171233.2177022,1509171233.5469031,13571
query,1509171233.5469072,1509171233.8688776,8367
query,1509171233.8688817,1509171233.9353728,3728
query,1509171233.9353764,1509171234.1344056,9749
query,1509171234.1344092,1509171234.889698,21451
query,1509171234.8897014,1509171235.3374734,23691
query,1509171235.337513,1509171235.3555994,211
query,1509171235.3683264,1509171235.5270953,9238
query,1509171235.5270991,1509171235.5872204,3957
query,1509171235.587224,1509171236.2369127,16598
query,1509171236.2369175,1509171237.2911747,26862
query,1509171237.291179,1509171237.468009,12195
query,1509171237.4680126,1509171238.2689118,19441
query,1509171238.2689164,1509171238.3612332,6639
query,1509171238.361237,1509171239.104359,20559
query,1509171239.104363,1509171239.638272,16650
query,1509171239.6382763,1509171239.8994806,11485
query,1509171239.8994846,1509171239.904026,0
query,1509171239.9040296,1509171239.98465,5638
query,1509171239.9846535,1509171240.272517,3405
query,1509171240.2725208,1509171240.6166523,3408
query,1509171240.6166568,1509171241.1385965,18063
query,1509171241.138601,1509171241.2293556,4925
query,1509171241.2293599,1509171241.338969,5223
query,1509171241.338974,1509171241.3490548,4
query,1509171241.3490589,1509171241.5453503,6164
query,1509171241.5453904,1509171241.880785,19311
query,1509171241.8937755,1509171241.9752314,4847
query,1509171241.975235,1509171242.28998,14901
query,1509171242.289984,1509171242.334714,3409
query,1509171242.3347175,1509171242.8653433,22450
query,1509171242.8653471,1509171242.897429,1951
query,1509171242.8974326,1509171242.9206865,1460
query,1509171242.9206908,1509171243.2324498,11541
query,1509171243.2324538,1509171243.616337,15068
query,1509171243.6163406,1509171243.6802933,6380
query,1509171243.680299,1509171243.6937027,40
query,1509171243.693707,1509171243.9543312,16026
query,1509171243.954335,1509171244.5123549,22282
query,1509171244.5123584,1509171244.604374,7322
query,1509171244.6043782,1509171245.139271,18376
query,1509171245.1392758,1509171245.1525862,23
query,1509171245.1525903,1509171245.4773095,15404
query,1509171245.477314,1509171245.483857,2
query,1509171245.4838603,1509171245.6671698,8298
query,1509171245.6671739,1509171245.7021155,2601
query,1509171245.7021587,1509171245.9270928,11658
query,1509171245.9393501,1509171246.348122,16978
query,1509171246.3481257,1509171246.354378,1
query,1509171246.3543823,1509171246.8473794,22483
query,1509171246.8473842,1509171246.88921,3195
query,1509171246.889214,1509171247.4294167,22141
query,1509171247.4294205,1509171247.4479885,2395
query,1509171247.4479933,1509171247.663697,13697
query,1509171247.6637008,1509171248.15966,16022
query,1509171248.159664,1509171248.2662015,5547
query,1509171248.2662053,1509171249.159881,26042
query,1509171249.159886,1509171249.1785324,8
query,1509171249.1785378,1509171249.205423,2004
query,1509171249.2054281,1509171249.3046126,7075
query,1509171249.3046167,1509171249.4841905,9558
query,1509171249.4841945,1509171249.8219738,10743
query,1509171249.8219786,1509171249.8466883,847
query,1509171249.8466926,1509171249.987504,11690
query,1509171249.9875078,1509171250.0062366,1654
query,1509171250.006242,1509171250.1261458,9053
query,1509171250.1261847,1509171250.1448777,156
query,1509171250.158557,1509171250.71912,17607
query,1509171250.7191238,1509171250.965024,13089
query,1509171250.965028,1509171251.3080604,14751
query,1509171251.3080647,1509171251.4265404,14679
query,1509171251.4265454,1509171251.458501,2982
query,1509171251.4585068,1509171251.503377,2475
query,1509171251.503383,1509171251.6268344,9427
query,1509171251.6268404,1509171251.638903,29
query,1509171251.6389077,1509171251.7636797,7301
query,1509171251.7636845,1509171251.778228,1065
query,1509171251.7782342,1509171251.8806674,14697
query,1509171251.880672,1509171251.8967288,703
query,1509171251.8967326,1509171252.045501,8564
query,1509171252.0455058,1509171252.348144,9511
query,1509171252.3481488,1509171252.4952915,9712
query,1509171252.4952958,1509171252.704922,7834
query,1509171252.7049263,1509171252.906706,14850
query,1509171252.9067109,1509171253.4930296,22405
query,1509171253.4930341,1509171253.5074937,62
query,1509171253.5075426,1509171253.9249218,17150
query,1509171253.9375699,1509171253.9417222,0
query,1509171253.9417272,1509171253.9630756,1344
query,1509171253.9630804,1509171254.0126836,3302
query,1509171254.012688,1509171254.3363476,7773
query,1509171254.336351,1509171254.8490822,18347
query,1509171254.8490872,1509171254.8639758,6
query,1509171254.8639796,1509171254.920875,4135
query,1509171254.9208786,1509171255.0723696,5788
query,1509171255.0723739,1509171255.0756218,0
query,1509171255.075625,1509171255.0869136,521
query,1509171255.0869174,1509171255.321242,14884
query,1509171255.3212464,1509171255.3363965,946
query,1509171255.3364005,1509171255.5105429,17405
query,1509171255.510547,1509171255.9656208,14082
query,1509171255.9656248,1509171256.110414,7597
query,1509171256.1104178,1509171256.2571921,10357
query,1509171256.2571979,1509171256.4150171,14704
query,1509171256.4150214,1509171256.4937234,3935
query,1509171256.493728,1509171256.597394,4499
query,1509171256.5974386,1509171257.0911224,16340
query,1509171257.1032348,1509171257.433575,14105
query,1509171257.4335787,1509171257.4366958,0
query,1509171257.436699,1509171257.8649845,18425
query,1509171257.8649883,1509171257.8923278,1777
query,1509171257.8923318,1509171257.9048693,173
query,1509171257.9048731,1509171258.056656,5547
query,1509171258.0566595,1509171258.538015,18470
query,1509171258.5380194,1509171258.5946686,4050
query,1509171258.5946732,1509171258.6866484,12840
query,1509171258.686653,1509171258.7027383,1096
query,1509171258.7027423,1509171258.7151773,561
query,1509171258.715182,1509171258.8966088,14816
query,1509171258.8966134,1509171258.9757376,4798
query,1509171258.9757419,1509171259.2375176,15669
query,1509171259.2375214,1509171259.766485,19546
query,1509171259.76649,1509171260.0175524,16451
query,1509171260.0175567,1509171260.4059258,12272
query,1509171260.4059293,1509171260.4112098,0
query,1509171260.4112139,1509171260.486746,4062
query,1509171260.486785,1509171260.502266,15
query,1509171260.5155134,1509171260.6657794,8483
query,1509171260.6657836,1509171260.7722769,5177
query,1509171260.7722814,1509171260.9563138,8640
query,1509171260.9563193,1509171261.0381913,7039
query,1509171261.0381954,1509171261.4730263,22479
query,1509171261.47303,1509171261.6899161,15267
query,1509171261.6899204,1509171261.7090104,283
query,1509171261.7090135,1509171261.7264562,1315
query,1509171261.7264597,1509171262.255833,17892
query,1509171262.255837,1509171262.2746153,212
query,1509171262.27462,1509171262.5856435,12888
query,1509171262.5856478,1509171262.6253572,1520
query,1509171262.6253626,1509171262.6378381,318
query,1509171262.6378422,1509171263.3562994,20710
query,1509171263.3563035,1509171263.4598703,4832
query,1509171263.4598742,1509171263.702394,9733
query,1509171263.7023978,1509171263.8111522,8335
query,1509171263.811156,1509171263.8235853,346
query,1509171263.8235888,1509171263.8380961,965
query,1509171263.8381386,1509171263.8539805,5
query,1509171263.86486,1509171263.8779762,726
query,1509171263.8779795,1509171264.3492744,19946
query,1509171264.3492782,1509171264.5502698,15332
query,1509171264.550274,1509171264.7510872,12913
query,1509171264.7510924,1509171264.9677484,15034
query,1509171264.9677522,1509171265.1476433,10419
query,1509171265.147647,1509171265.1510758,0
query,1509171265.1510792,1509171265.2707093,8585
query,1509171265.2707136,1509171265.4085324,5107
query,1509171265.4085374,1509171265.4451945,2116
query,1509171265.4451985,1509171265.5457275,7224
query,1509171265.5457315,1509171265.7638116,8288
query,1509171265.7638159,1509171266.003612,17078
query,1509171266.0036166,1509171266.1398463,9015
query,1509171266.1398501,1509171266.1514597,468
query,1509171266.151463,1509171266.156049,1
query,1509171266.1560526,1509171266.2642226,10378
query,1509171266.2642264,1509171266.6073523,15118
query,1509171266.6073568,1509171266.6443655,2667
query,1509171266.6444025,1509171266.7345953,8628
query,1509171266.7483702,1509171266.8803368,12105
query,1509171266.880341,1509171266.9401739,3756
query,1509171266.940178,1509171266.970912,1960
query,1509171266.970916,1509171267.2045164,8618
query,1509171267.204521,1509171267.3943949,9287
query,1509171267.3943992,1509171267.7614784,21707
query,1509171267.761483,1509171267.8318586,6627
query,1509171267.8318634,1509171267.987596,20633
query,1509171267.9876,1509171268.1683245,8453
query,1509171268.1683288,1509171268.8103945,22292
query,1509171268.810399,1509171268.822277,64
query,1509171268.8222816,1509171269.1976957,11596
query,1509171269.1977,1509171269.470954,15172
query,1509171269.4709575,1509171269.5452123,5797
query,1509171269.5452163,1509171269.679903,11081
query,1509171269.6799066,1509171269.8550322,10709
query,1509171269.8550358,1509171270.3329084,15432
query,1509171270.3329124,1509171270.812885,15993
query,1509171270.8128898,1509171270.9880166,9866
query,1509171270.9880607,1509171271.0490007,4374
query,1509171271.0621114,1509171271.0656848,0
query,1509171271.0656886,1509171271.290386,9487
query,1509171271.2903898,1509171271.709485,23513
query,1509171271.7094893,1509171271.7272599,426
query,1509171271.7272635,1509171271.9777236,9261
query,1509171271.977728,1509171272.0768664,5020
query,1509171272.0768707,1509171272.2612145,5634
query,1509171272.2612188,1509171272.3332562,4978
query,1509171272.3332613,1509171272.4885838,12803
query,1509171272.488588,1509171272.5669937,4322
query,1509171272.5669966,1509171272.6610422,5053
query,1509171272.6610458,1509171272.766477,11019
query,1509171272.766481,1509171272.8558369,5743
query,1509171272.855841,1509171272.9563575,6776
query,1509171272.9563615,1509171273.5150769,22522
query,1509171273.5150816,1509171273.5186224,0
query,1509171273.5186265,1509171273.7286124,9406
query,1509171273.7286158,1509171274.151131,15867
query,1509171274.1511347,1509171274.4345176,17060
query,1509171274.4345584,1509171274.5416381,14847
query,1509171274.5546706,1509171274.7420447,14197
query,1509171274.7420495,1509171274.8991807,11285
query,1509171274.8991914,1509171275.3484426,16884
query,1509171275.3484476,1509171275.3650699,1741
query,1509171275.3650732,1509171275.535493,8264
query,1509171275.5354965,1509171275.773347,14068
query,1509171275.773351,1509171275.8145704,2220
query,1509171275.8145742,1509171275.8883219,4197
query,1509171275.8883262,1509171276.3564851,22200
query,1509171276.356489,1509171276.5763078,14976
query,1509171276.5763116,1509171276.8714151,15556
query,1509171276.8714192,1509171277.4167001,19892
query,1509171277.4167047,1509171277.6638064,14490
query,1509171277.6638103,1509171277.7229855,3253
query,1509171277.722989,1509171277.7388651,890
query,1509171277.7388697,1509171277.836897,5290
query,1509171277.836901,1509171277.9260955,5603
query,1509171277.926099,1509171278.2470076,15377
query,1509171278.2470114,1509171278.2640147,2074
query,1509171278.2640612,1509171278.4155228,11384
query,1509171278.4286888,1509171278.8467796,22486
query,1509171278.846784,1509171279.1168706,14755
query,1509171279.1168747,1509171279.1678405,4882
query,1509171279.1678438,1509171279.3547978,13936
query,1509171279.3548021,1509171279.6993744,23285
query,1509171279.6993783,1509171279.9427404,13543
query,1509171279.9427443,1509171280.091346,8327
query,1509171280.0913515,1509171280.6797369,18430
query,1509171280.679741,1509171280.696288,851
query,1509171280.6962924,1509171280.716456,1149
query,1509171280.716461,1509171280.7590554,2565
query,1509171280.75906,1509171280.8488529,3127
query,1509171280.848857,1509171280.9124856,1715
query,1509171280.9124894,1509171281.759401,22740
query,1509171281.7594051,1509171282.1614165,14911
query,1509171282.1614218,1509171282.2705867,7383
query,1509171282.270591,1509171282.275941,0
query,1509171282.275945,1509171282.328677,3958
query,1509171282.328682,1509171282.3739676,3448
query,1509171282.3740077,1509171282.3906791,6
query,1509171282.4030156,1509171282.444637,1565
query,1509171282.4446414,1509171282.4906712,2266
query,1509171282.4906747,1509171283.0348477,23588
query,1509171283.0348523,1509171283.5363495,22851
query,1509171283.5363538,1509171283.5486841,140
query,1509171283.548689,1509171283.7343116,11979
query,1509171283.7343159,1509171283.749951,1297
query,1509171283.749955,1509171283.8644047,8810
query,1509171283.8644085,1509171283.9509044,5398
query,1509171283.950908,1509171284.0817924,9313
query,1509171284.0817966,1509171284.0853784,0
query,1509171284.085382,1509171284.309353,7533
query,1509171284.3093574,1509171284.323006,358
query,1509171284.3230093,1509171284.386443,6338
query,1509171284.3864467,1509171284.671774,9712
query,1509171284.671778,1509171284.6958156,1577
query,1509171284.6958191,1509171284.9327695,9601
query,1509171284.9327734,1509171285.1202145,12118
query,1509171285.1202185,1509171285.920775,17320
query,1509171285.920974,1509171285.939355,839
query,1509171285.9536808,1509171286.4767392,21701
query,1509171286.4767435,1509171286.6748247,4941
query,1509171286.6748288,1509171286.8190014,7041
query,1509171286.8190057,1509171287.1281862,16483
query,1509171287.1281905,1509171287.2737474,9118
query,1509171287.2737527,1509171287.342813,1480
query,1509171287.3428175,1509171287.750848,21298
query,1509171287.7508533,1509171288.5188067,22365
query,1509171288.518811,1509171288.67605,5831
query,1509171288.6760538,1509171288.6888676,580
query,1509171288.688872,1509171288.8562403,7450
query,1509171288.8562446,1509171288.9740388,9790
query,1509171288.9740427,1509171288.9775755,0
query,1509171288.9775794,1509171289.0369933,4785
query,1509171289.0369976,1509171289.0846882,2745
query,1509171289.0846934,1509171289.2325575,8171
query,1509171289.2325613,1509171289.3303251,8812
query,1509171289.3303287,1509171289.341718,11
query,1509171289.3417222,1509171289.36043,2088
query,1509171289.3604655,1509171289.919601,3409
query,1509171289.9320831,1509171290.000743,2291
query,1509171290.000747,1509171290.027674,2875
query,1509171290.0276775,1509171290.0405347,7
query,1509171290.0405385,1509171290.053637,44
query,1509171290.0536413,1509171290.1469975,5390
query,1509171290.1470013,1509171290.1624975,117
query,1509171290.162502,1509171290.2246094,2070
query,1509171290.2246156,1509171290.3089955,5424
query,1509171290.3089995,1509171290.5098612,12316
query,1509171290.509865,1509171291.1370509,18614
query,1509171291.1370568,1509171291.1581457,425
query,1509171291.1581497,1509171291.5777373,21792
query,1509171291.5777416,1509171291.6862733,4897
query,1509171291.6862772,1509171291.7076788,3198
query,1509171291.7076826,1509171291.721045,836
query,1509171291.7210486,1509171291.7325163,15
query,1509171291.7325199,1509171291.791883,5554
query,1509171291.7918866,1509171292.3151374,19425
query,1509171292.3151405,1509171292.8639667,20118
query,1509171292.8640075,1509171293.0118394,9193
query,1509171293.0249245,1509171293.519648,19499
query,1509171293.5196514,1509171293.9242601,15018
query,1509171293.924264,1509171293.9868758,4353
query,1509171293.986879,1509171294.6182919,17216
query,1509171294.6182957,1509171294.6231182,0
query,1509171294.623122,1509171295.0659134,17863
query,1509171295.065918,1509171295.3879933,9212
query,1509171295.3879974,1509171295.5335705,12405
query,1509171295.5335746,1509171295.589598,3491
query,1509171295.5896018,1509171295.8517518,9034
query,1509171295.851756,1509171295.8655705,193
query,1509171295.8655748,1509171296.0533028,15750
query,1509171296.053307,1509171296.0662575,831
query,1509171296.0662615,1509171296.2821608,14966
query,1509171296.2821658,1509171296.4764335,8815
query,1509171296.476438,1509171296.9780126,15524
query,1509171296.9780166,1509171297.4600146,17142
query,1509171297.46002,1509171297.8861785,18660
query,1509171297.8861833,1509171298.3009586,18112
query,1509171298.3010259,1509171298.3433478,2509
query,1509171298.3601625,1509171298.4861927,5548
query,1509171298.4861975,1509171298.5340831,3202
query,1509171298.5340867,1509171298.6330242,7831
query,1509171298.6330283,1509171298.7732437,14677
query,1509171298.7732475,1509171299.2868292,19995
query,1509171299.286833,1509171299.3921506,5911
query,1509171299.3921547,1509171299.7502148,14998
query,1509171299.7502189,1509171300.0549061,22538
query,1509171300.0549107,1509171300.0734365,1937
query,1509171300.0734406,1509171300.0898376,1915
query,1509171300.089841,1509171300.3784213,14738
query,1509171300.3784251,1509171300.4607146,5132
query,1509171300.460719,1509171300.9826968,19532
query,1509171300.982701,1509171301.1061642,9934
query,1509171301.1061685,1509171301.513302,19344
query,1509171301.5133066,1509171301.7133586,12578
query,1509171301.7133632,1509171301.7295134,1185
query,1509171301.7295172,1509171301.7345922,1
query,1509171301.7345955,1509171302.0022871,18105
query,1509171302.0023432,1509171302.4079008,19136
query,1509171302.4206676,1509171302.433386,45
query,1509171302.4333909,1509171302.6769912,14773
query,1509171302.676996,1509171302.6814914,0
query,1509171302.681495,1509171302.7578397,5043
query,1509171302.7578433,1509171302.77131,96
query,1509171302.7713149,1509171303.0624833,14086
query,1509171303.0624876,1509171303.5800147,19487
query,1509171303.5800183,1509171304.1444438,15921
query,1509171304.1444483,1509171304.2749326,4542
query,1509171304.2749364,1509171304.2903383,1240
query,1509171304.2903426,1509171304.4035344,5628
query,1509171304.403539,1509171304.5640857,12553
query,1509171304.5640903,1509171304.9636486,13277
query,1509171304.963659,1509171305.305358,13663
query,1509171305.305363,1509171305.3105955,0
query,1509171305.310599,1509171305.5682077,15261
query,1509171305.5682118,1509171305.7080588,6332
query,1509171305.7080626,1509171306.3184476,15839
query,1509171306.3184514,1509171306.564078,15654
query,1509171306.564117,1509171306.5811644,0
query,1509171306.5826476,1509171307.2829108,22840
query,1509171307.282915,1509171307.4183438,4682
query,1509171307.4183488,1509171307.4240139,0
query,1509171307.4240181,1509171307.841498,12133
query,1509171307.8415024,1509171308.1256409,19030
query,1509171308.125645,1509171308.5517263,17607
query,1509171308.5517304,1509171308.5848598,2953
query,1509171308.5848641,1509171308.6008954,566
query,1509171308.600899,1509171308.6168458,759
query,1509171308.6168509,1509171309.035221,16688
query,1509171309.0352252,1509171309.1627753,6957
query,1509171309.1627846,1509171309.5054474,15641
query,1509171309.5054522,1509171310.4550674,24986
query,1509171310.4550736,1509171310.4759274,198
query,1509171310.4759314,1509171311.0860205,20850
query,1509171311.0860245,1509171311.2122452,7150
query,1509171311.2122488,1509171311.2269888,1156
query,1509171311.2269921,1509171311.2466571,1180
query,1509171311.2466614,1509171311.2677786,512
query,1509171311.2678657,1509171311.3028095,908
query,1509171311.3154922,1509171311.9296908,22290
query,1509171311.929702,1509171311.9742517,2760
query,1509171311.9742558,1509171312.1129339,7116
query,1509171312.1129382,1509171312.4785879,13874
query,1509171312.478592,1509171312.949306,16962
query,1509171312.94931,1509171313.1196895,13000
query,1509171313.1196969,1509171313.3345842,13799
query,1509171313.3345885,1509171313.546957,9771
query,1509171313.546962,1509171313.6160135,3752
query,1509171313.6160178,1509171313.6308281,910
query,1509171313.6308322,1509171313.7107942,5093
query,1509171313.710798,1509171313.896584,10594
query,1509171313.8965888,1509171313.9001725,0
query,1509171313.9001756,1509171314.3949385,16202
query,1509171314.394943,1509171314.5446177,12297
query,1509171314.5446212,1509171314.6328645,7717
query,1509171314.632869,1509171315.0618358,11524
query,1509171315.0618398,1509171315.4151878,13483
query,1509171315.415192,1509171315.5261042,7185
query,1509171315.5261424,1509171315.534077,0
query,1509171315.535486,1509171315.5469308,35
query,1509171315.5469348,1509171315.8279552,7322
query,1509171315.8279595,1509171316.0518672,10350
query,1509171316.0518713,1509171316.3917315,9430
query,1509171316.3917358,1509171316.9918892,24666
query,1509171316.991893,1509171317.2030554,5607
query,1509171317.2030594,1509171317.5477831,10368
query,1509171317.5477872,1509171318.060216,12615
query,1509171318.0602205,1509171318.927214,22277
query,1509171318.9272187,1509171318.931742,0
query,1509171318.9317455,1509171319.065787,5012
query,1509171319.065792,1509171319.0784762,251
query,1509171319.0784802,1509171319.2230647,6757
query,1509171319.223068,1509171319.8610227,17642
query,1509171319.8610268,1509171320.0592542,10147
query,1509171320.059259,1509171320.6837647,25790
query,1509171320.6837695,1509171320.691304,1
query,1509171320.6913073,1509171320.6971147,1
query,1509171320.6971753,1509171321.4124954,23936
query,1509171321.4125392,1509171321.428077,13
query,1509171321.4414954,1509171321.4530466,10
query,1509171321.4530509,1509171321.5480094,7051
query,1509171321.5480125,1509171322.0118587,14545
query,1509171322.0118625,1509171322.170284,6047
query,1509171322.1702876,1509171322.455978,15198
query,1509171322.4559817,1509171322.475657,92
query,1509171322.4756606,1509171322.7623458,13696
query,1509171322.7623498,1509171323.0430317,14920
query,1509171323.0430357,1509171323.089532,2176
query,1509171323.0895357,1509171323.134723,2062
query,1509171323.134727,1509171323.3395224,7854
query,1509171323.3395267,1509171323.4910645,8249
query,1509171323.491069,1509171323.660534,8657
query,1509171323.6605377,1509171323.6753933,1300
query,1509171323.675398,1509171324.171794,15788
query,1509171324.1717985,1509171324.2282934,5147
query,1509171324.2282999,1509171324.34213,6614
query,1509171324.342134,1509171324.5934508,13024
query,1509171324.5934546,1509171325.2017279,15609
query,1509171325.2017848,1509171325.3738313,8382
query,1509171325.3894408,1509171325.8569431,14193
query,1509171325.8569477,1509171326.0969326,12539
query,1509171326.0969367,1509171326.1098938,32
query,1509171326.1098979,1509171326.1958573,4779
query,1509171326.195862,1509171326.3095663,11210
query,1509171326.30957,1509171326.3585014,2078
query,1509171326.3585057,1509171326.5311084,11211
query,1509171326.5311134,1509171326.5735302,1504
query,1509171326.5735345,1509171326.8399875,21049
query,1509171326.8399925,1509171326.889938,3486
query,1509171326.889942,1509171327.1974094,17470
query,1509171327.1974132,1509171327.2662807,3624
query,1509171327.2662847,1509171327.3509607,10936
query,1509171327.3509648,1509171327.4377196,5269
query,1509171327.4377236,1509171327.4460306,5
query,1509171327.446034,1509171327.45875,209
query,1509171327.4587536,1509171327.510612,3628
query,1509171327.5106156,1509171327.5777383,3830
query,1509171327.5777419,1509171327.6325154,3075
query,1509171327.6325521,1509171327.7214959,6563
query,1509171327.7344136,1509171327.7502253,794
query,1509171327.7502291,1509171328.1344905,16025
query,1509171328.1344943,1509171328.3297253,8673
query,1509171328.3297303,1509171328.8324153,15325
query,1509171328.8324213,1509171329.207702,18071
query,1509171329.207706,1509171329.5301678,10877
query,1509171329.530172,1509171329.574904,3694
query,1509171329.5749075,1509171330.1295946,16918
query,1509171330.129599,1509171330.3557873,12505
query,1509171330.3557913,1509171330.8615506,13430
query,1509171330.8615546,1509171331.3025727,14733
query,1509171331.3025763,1509171331.4282968,5246
query,1509171331.4283006,1509171331.6321073,9491
query,1509171331.6321118,1509171332.0041978,14651
query,1509171332.0042026,1509171332.0531077,1370
query,1509171332.0531123,1509171332.942665,19629
query,1509171332.9426694,1509171333.0777898,15992
query,1509171333.0777936,1509171333.309719,9938
query,1509171333.309723,1509171333.5761745,15366
query,1509171333.5762212,1509171333.5923047,0
query,1509171333.5938163,1509171333.7023058,3871
query,1509171333.7023096,1509171333.7175922,601
query,1509171333.7175958,1509171333.9257152,5572
query,1509171333.9257195,1509171334.3922155,16043
query,1509171334.3922193,1509171334.5504854,5689
query,1509171334.5504894,1509171334.5664358,1899
query,1509171334.5664396,1509171335.1943161,19306
query,1509171335.1943197,1509171335.457546,3242
query,1509171335.45755,1509171335.7583325,21008
query,1509171335.7583363,1509171335.7641563,0
query,1509171335.7641609,1509171335.825505,3283
query,1509171335.8255095,1509171335.8334405,0
query,1509171335.8334455,1509171335.84648,2
query,1509171335.846484,1509171336.2871876,14702
query,1509171336.2871923,1509171336.3081055,506
query,1509171336.3081093,1509171336.3395348,2946
query,1509171336.339539,1509171336.674921,14568
query,1509171336.6749249,1509171336.7631404,5013
query,1509171336.7631445,1509171336.8486164,4114
query,1509171336.8486588,1509171337.6808631,18689
query,1509171337.695062,1509171338.1547883,10919
query,1509171338.1547933,1509171338.3319547,9882
query,1509171338.3319585,1509171338.3377664,0
query,1509171338.33777,1509171338.6612325,14061
query,1509171338.6612375,1509171339.0286925,15676
query,1509171339.0286965,1509171339.0605216,1603
query,1509171339.0605254,1509171339.179596,6229
query,1509171339.1796,1509171339.2689333,2812
query,1509171339.268938,1509171339.4470484,7490
query,1509171339.4470525,1509171339.454056,0
query,1509171339.4540596,1509171339.6141572,8927
query,1509171339.6141615,1509171339.6192777,0
query,1509171339.6192813,1509171339.6458423,2615
query,1509171339.6458461,1509171339.6652193,1173
query,1509171339.6652226,1509171339.6856644,1364
query,1509171339.6856685,1509171339.8461647,3415
query,1509171339.84617,1509171340.1833656,17719
query,1509171340.1833699,1509171340.208272,1619
query,1509171340.2082756,1509171340.9226933,16688
query,1509171340.9227366,1509171340.9556904,1069
query,1509171340.9682484,1509171340.9755929,0
query,1509171340.975597,1509171341.127704,14658
query,1509171341.127709,1509171341.5458121,15355
query,1509171341.5458164,1509171341.5593734,666
query,1509171341.5593774,1509171341.9493184,10673
query,1509171341.9493227,1509171342.215092,14486
query,1509171342.215096,1509171342.2790515,4973
query,1509171342.2790556,1509171342.422741,13551
query,1509171342.4227448,1509171342.6786268,15926
query,1509171342.6786308,1509171343.123812,19331
query,1509171343.1238163,1509171343.395392,15894
query,1509171343.3953967,1509171343.4101853,589
query,1509171343.4101892,1509171343.6058192,12792
query,1509171343.6058235,1509171343.6098235,0
query,1509171343.6098268,1509171343.9430678,14243
query,1509171343.9430716,1509171343.9869254,1936
query,1509171343.9869297,1509171344.0987403,5605
query,1509171344.0987444,1509171344.1450071,3068
query,1509171344.1450186,1509171344.6300743,16164
query,1509171344.6301188,1509171345.0537577,15669
query,1509171345.0660877,1509171345.5031593,16390
query,1509171345.5031638,1509171345.875961,14144
query,1509171345.875965,1509171346.23499,9519
query,1509171346.2349935,1509171346.2906222,3106
query,1509171346.2906268,1509171346.3030078,342
query,1509171346.303012,1509171346.3061123,0
query,1509171346.3061154,1509171346.6184163,14322
query,1509171346.6184204,1509171347.663286,19948
query,1509171347.6632905,1509171347.8213139,14964
query,1509171347.8213177,1509171348.443255,18204
query,1509171348.443259,1509171348.5078897,3374
query,1509171348.5078936,1509171348.929862,19591
query,1509171348.929866,1509171348.9434783,829
query,1509171348.9434822,1509171349.2008228,15295
query,1509171349.2008274,1509171349.471438,10033
query,1509171349.4714417,1509171349.817909,16402
query,1509171349.817913,1509171349.904948,4467
query,1509171349.9049523,1509171350.3972783,19503
query,1509171350.397283,1509171350.5011032,7773
query,1509171350.5012066,1509171350.9426029,23589
query,1509171350.9546962,1509171351.4657936,13032
query,1509171351.4657974,1509171351.7404304,15464
query,1509171351.7404351,1509171352.1640096,17077
query,1509171352.1640136,1509171352.1776774,6
query,1509171352.177681,1509171352.2941859,7543
query,1509171352.294191,1509171352.4442775,16547
query,1509171352.4442818,1509171352.4492104,1
query,1509171352.4492137,1509171352.8523135,16145
query,1509171352.8523173,1509171353.8671393,24046
query,1509171353.8671439,1509171353.8823726,836
query,1509171353.8823762,1509171354.1075327,8729
query,1509171354.1075368,1509171354.1277137,1990
query,1509171354.1277184,1509171354.4185245,14261
query,1509171354.4185286,1509171354.7156627,12895
query,1509171354.7156672,1509171354.7905433,10863
query,1509171354.790547,1509171354.9871094,9333
query,1509171354.9871132,1509171355.0548146,3957
query,1509171355.0548186,1509171355.6592145,19410
query,1509171355.659219,1509171356.1045926,16736
query,1509171356.1046307,1509171356.6992128,19099
query,1509171356.7118933,1509171356.9746447,14850
query,1509171356.9746482,1509171357.0225797,2673
query,1509171357.0225835,1509171357.1101527,7299
query,1509171357.1101563,1509171357.1284325,1838
query,1509171357.128436,1509171357.237663,12418
query,1509171357.2377012,1509171357.9881284,19231
query,1509171357.988133,1509171358.147583,12886
query,1509171358.1475868,1509171358.3164897,9104
query,1509171358.3164985,1509171358.3305106,574
query,1509171358.3305147,1509171358.5059311,13831
query,1509171358.5059354,1509171358.9218636,18053
query,1509171358.921867,1509171359.1019752,8714
query,1509171359.1019793,1509171359.1218865,1888
query,1509171359.1218905,1509171359.5078297,9729
query,1509171359.5078335,1509171359.8247278,10093
query,1509171359.8247323,1509171360.0562167,9634
query,1509171360.0562205,1509171360.4101934,17367
query,1509171360.4101977,1509171360.4272435,1375
query,1509171360.427248,1509171360.698486,7266
query,1509171360.6985562,1509171361.2424092,13559
query,1509171361.2551246,1509171361.3612435,6367
query,1509171361.3612473,1509171361.465201,8959
query,1509171361.4652045,1509171361.5507338,8587
query,1509171361.5507383,1509171361.7040796,9871
query,1509171361.7040837,1509171361.7225416,958
query,1509171361.7225454,1509171361.7387888,2069
query,1509171361.7387934,1509171362.2427776,15671
query,1509171362.2427816,1509171362.5483356,9963
query,1509171362.54834,1509171362.6541696,4044
query,1509171362.6541734,1509171363.3196995,15732
query,1509171363.3197038,1509171363.8670654,14905
query,1509171363.8670692,1509171363.9697652,4954
query,1509171363.9697692,1509171364.3923805,14941
query,1509171364.3923848,1509171364.4057724,1
query,1509171364.4057765,1509171364.9575098,18779
query,1509171364.9575138,1509171364.9689598,112
query,1509171364.9689634,1509171364.9884355,1869
query,1509171364.988439,1509171366.0290897,25765
query,1509171366.029094,1509171366.0558345,1392
query,1509171366.0558712,1509171366.1112945,2707
query,1509171366.1241012,1509171366.2337284,8039
query,1509171366.2337322,1509171366.6520097,10890
query,1509171366.6520147,1509171367.115076,21583
query,1509171367.11508,1509171367.1540527,2436
query,1509171367.154056,1509171367.1671388,23
query,1509171367.1671422,1509171367.1735497,1
query,1509171367.1735535,1509171367.1867125,61
query,1509171367.1867163,1509171367.4474142,14698
query,1509171367.4474185,1509171367.9202244,15234
query,1509171367.920228,1509171368.1740258,8934
query,1509171368.1740303,1509171368.6242857,8606
query,1509171368.6242898,1509171368.9028301,9021
query,1509171368.902834,1509171368.9158773,13
query,1509171368.9158807,1509171369.3973303,23756
query,1509171369.3973348,1509171369.4679227,6239
query,1509171369.4679267,1509171369.9278119,20726
query,1509171369.927816,1509171370.0385997,5253
query,1509171370.0386052,1509171370.042932,0
query,1509171370.0429354,1509171370.1243358,6689
query,1509171370.1243744,1509171370.1397445,135
query,1509171370.1521828,1509171370.6185234,19520
query,1509171370.6185274,1509171371.0460553,19310
query,1509171371.0460594,1509171371.218072,10862
query,1509171371.2180762,1509171371.2229831,0
query,1509171371.2229867,1509171371.4709814,8288
query,1509171371.4709864,1509171371.9379556,10445
query,1509171371.9379635,1509171373.0795882,23422
query,1509171373.079592,1509171373.1637266,3427
query,1509171373.1637309,1509171373.3556716,5694
query,1509171373.3556762,1509171373.4043226,2725
query,1509171373.404327,1509171373.4194555,552
query,1509171373.4194598,1509171373.4278328,4
query,1509171373.4278376,1509171373.6924293,9982
query,1509171373.6924338,1509171373.8149836,8452
query,1509171373.8149881,1509171374.068575,6680
query,1509171374.068579,1509171374.0919166,704
query,1509171374.0919206,1509171374.1170852,1307
query,1509171374.1170902,1509171374.724784,15755
query,1509171374.724788,1509171374.826419,4749
query,1509171374.8264723,1509171375.798097,22466
query,1509171375.812033,1509171376.4250035,16154
query,1509171376.4250085,1509171376.4285674,0
query,1509171376.4285712,1509171376.6230016,16497
query,1509171376.6230059,1509171376.8751888,13170
query,1509171376.8751926,1509171376.8925853,1315
query,1509171376.8925889,1509171377.404454,22789
query,1509171377.404458,1509171377.469392,3719
query,1509171377.4693959,1509171377.4825313,27
query,1509171377.4825354,1509171377.5006554,1165
query,1509171377.5006585,1509171377.8853555,16776
query,1509171377.8853595,1509171377.9614644,6363
query,1509171377.961468,1509171377.9830651,1381
query,1509171377.9830687,1509171378.3026335,14941
query,1509171378.302638,1509171378.4200776,5290
query,1509171378.4200819,1509171378.578731,8309
query,1509171378.5787349,1509171378.9810855,16089
query,1509171378.9810898,1509171378.9964635,720
query,1509171378.996467,1509171379.0107138,267
query,1509171379.0107172,1509171379.0239947,7
query,1509171379.0240307,1509171379.5632339,22390
query,1509171379.5755534,1509171379.6356595,3184
query,1509171379.635663,1509171379.7724457,7701
query,1509171379.7724497,1509171379.8817782,6761
query,1509171379.8817818,1509171379.9908066,3154
query,1509171379.9908102,1509171381.0977142,25603
query,1509171381.0977185,1509171381.361302,16685
query,1509171381.3613062,1509171381.37961,1198
query,1509171381.3796136,1509171381.4816034,2848
query,1509171381.4816074,1509171381.7709806,8535
query,1509171381.7709842,1509171381.8362067,2978
query,1509171381.8362103,1509171381.854582,1039
query,1509171381.8545854,1509171382.1989892,14913
query,1509171382.198993,1509171382.806792,22756
query,1509171382.8067956,1509171382.8119771,0
query,1509171382.8119807,1509171382.935034,6404
query,1509171382.9350376,1509171383.9450696,22371
query,1509171383.9450738,1509171383.9959233,2482
query,1509171383.9959269,1509171384.5825875,20878
query,1509171384.5825915,1509171384.8261163,12657
query,1509171384.8261545,1509171385.594904,17922
query,1509171385.6137905,1509171385.62903,86
query,1509171385.6290338,1509171385.916858,6596
query,1509171385.916862,1509171385.943489,1161
query,1509171385.9434927,1509171386.0402267,4173
query,1509171386.0402305,1509171386.329769,9145
query,1509171386.3297727,1509171387.0360353,19470
query,1509171387.0360398,1509171387.2254484,14757
query,1509171387.2254522,1509171387.532313,13141
query,1509171387.5323167,1509171387.6940515,10977
query,1509171387.6940556,1509171388.1093614,13059
query,1509171388.1093657,1509171388.2235785,12671
query,1509171388.2235823,1509171388.3081627,2866
query,1509171388.3081665,1509171388.629476,13473
query,1509171388.6294806,1509171389.3400037,19500
query,1509171389.3400083,1509171389.3565779,4
query,1509171389.3565817,1509171389.4206452,2881
query,1509171389.420649,1509171389.6292381,7023
query,1509171389.6292424,1509171389.6369035,1
query,1509171389.6369066,1509171389.6415308,0
query,1509171389.6415644,1509171389.660113,1186
query,1509171389.6731565,1509171389.9243474,7896
query,1509171389.9243512,1509171390.4964936,16651
query,1509171390.4964974,1509171391.003794,17051
query,1509171391.0037975,1509171391.2701075,11286
query,1509171391.2701116,1509171391.4960136,15119
query,1509171391.4960184,1509171391.5079386,316
query,1509171391.5079427,1509171391.518665,30
query,1509171391.5186687,1509171391.7455754,14220
query,1509171391.74558,1509171391.9079547,12487
query,1509171391.9079587,1509171391.993539,3414
query,1509171391.9935431,1509171392.4795496,14913
query,1509171392.4795535,1509171392.7774918,11390
query,1509171392.7774956,1509171393.3559153,15988
query,1509171393.3559194,1509171394.4813294,22779
query,1509171394.4813333,1509171394.5278335,1927
query,1509171394.527837,1509171394.5448482,461
query,1509171394.5448523,1509171394.9402082,17202
query,1509171394.9402125,1509171395.1293027,11056
query,1509171395.1293066,1509171395.5299435,22821
