tables,1508813697.6375358,1508813860.2915225
query,1508813860.291656,1508813860.7366593,49832
query,1508813860.73949,1508813861.166101,49556
query,1508813861.1661048,1508813861.4364762,41754
query,1508813861.4364803,1508813861.6190557,30708
query,1508813861.6190598,1508813861.8926704,65834
query,1508813861.8926742,1508813862.6460953,74713
query,1508813862.646099,1508813862.9228404,59603
query,1508813862.9228442,1508813862.9963906,15082
query,1508813862.996394,1508813863.632291,65253
query,1508813863.6322951,1508813864.1581154,72037
query,1508813864.1581187,1508813864.4421334,55632
query,1508813864.442137,1508813864.588738,10335
query,1508813864.5887418,1508813864.867155,33209
query,1508813864.867159,1508813865.2931244,72190
query,1508813865.293128,1508813865.349293,2927
query,1508813865.3492963,1508813865.3808398,61
query,1508813865.3808432,1508813865.554293,39722
query,1508813865.5542963,1508813866.098135,67377
query,1508813866.0981386,1508813866.7415888,72187
query,1508813866.7415926,1508813867.2063189,66062
query,1508813867.2063346,1508813867.7981193,65116
query,1508813867.8005295,1508813867.9697158,28939
query,1508813867.9697201,1508813868.4580998,72232
query,1508813868.4581034,1508813868.68088,52864
query,1508813868.6808846,1508813869.1889298,75634
query,1508813869.1889338,1508813869.2335494,629
query,1508813869.233553,1508813869.2903316,11209
query,1508813869.290336,1508813869.5164237,33266
query,1508813869.5164273,1508813869.89619,68337
query,1508813869.896194,1508813869.9459019,4485
query,1508813869.9459054,1508813870.1979911,49995
query,1508813870.197995,1508813870.5408473,53537
query,1508813870.540851,1508813870.6523397,8402
query,1508813870.6523442,1508813870.694067,2815
query,1508813870.6940703,1508813871.1688812,78789
query,1508813871.1688852,1508813871.2724044,12200
query,1508813871.2724082,1508813871.5540457,66871
query,1508813871.5540497,1508813871.7655454,44509
query,1508813871.7655494,1508813872.158097,75739
query,1508813872.1581006,1508813872.4685993,66783
query,1508813872.4686153,1508813872.651226,27840
query,1508813872.6538348,1508813873.1197987,91033
query,1508813873.1198025,1508813873.2482142,29936
query,1508813873.2482185,1508813873.6227448,72878
query,1508813873.6227484,1508813873.9178503,39068
query,1508813873.9178543,1508813874.4024775,74678
query,1508813874.4024816,1508813874.869221,74663
query,1508813874.869225,1508813875.2106624,76142
query,1508813875.2106667,1508813875.6700552,63242
query,1508813875.6700585,1508813875.9061804,38260
query,1508813875.9061842,1508813876.4412267,60415
query,1508813876.4412308,1508813877.0741024,68538
query,1508813877.074106,1508813877.4840462,59341
query,1508813877.48405,1508813877.740671,59467
query,1508813877.7406747,1508813878.1888728,82142
query,1508813878.1888769,1508813878.6249835,58221
query,1508813878.6249874,1508813878.9099834,54986
query,1508813878.9099877,1508813879.1145182,54999
query,1508813879.1145222,1508813879.3483503,52238
query,1508813879.3483539,1508813879.510242,20700
query,1508813879.510259,1508813879.744995,57960
query,1508813879.747423,1508813880.1099524,60748
query,1508813880.1099563,1508813880.4004672,47600
query,1508813880.4004714,1508813880.6846075,73671
query,1508813880.6846108,1508813880.9497094,27840
query,1508813880.9497128,1508813881.2961469,69764
query,1508813881.2961507,1508813881.6982765,75330
query,1508813881.6982803,1508813882.2020128,71399
query,1508813882.2020168,1508813882.4140878,33111
query,1508813882.4140918,1508813882.6956422,66472
query,1508813882.695646,1508813883.0550585,58642
query,1508813883.0550625,1508813883.4731104,76834
query,1508813883.473114,1508813883.81659,75777
query,1508813883.8165936,1508813884.0807326,30497
query,1508813884.0807369,1508813884.325273,30702
query,1508813884.3252769,1508813884.6035466,41173
query,1508813884.6035507,1508813884.7441297,17198
query,1508813884.7441332,1508813884.9369023,49378
query,1508813884.9369063,1508813885.3099363,62231
query,1508813885.3099403,1508813885.607854,57249
query,1508813885.6078696,1508813885.934024,30208
query,1508813885.936401,1508813886.1849384,58814
query,1508813886.1849425,1508813886.253067,9793
query,1508813886.2530708,1508813886.3863678,27694
query,1508813886.3863719,1508813886.9661546,55421
query,1508813886.9661582,1508813887.1730857,49935
query,1508813887.1730895,1508813887.4499922,50834
query,1508813887.4499958,1508813887.7088888,33473
query,1508813887.7088923,1508813888.1706965,68292
query,1508813888.1707003,1508813888.4819412,32893
query,1508813888.481945,1508813888.9028695,76522
query,1508813888.902873,1508813889.2611792,57193
query,1508813889.261183,1508813889.3578718,24718
query,1508813889.3578753,1508813889.698056,72700
query,1508813889.6980603,1508813890.0019734,57408
query,1508813890.0019777,1508813890.3301282,49995
query,1508813890.3301325,1508813890.6472812,65924
query,1508813890.647285,1508813891.0910933,59386
query,1508813891.091097,1508813891.4825675,57958
query,1508813891.4825711,1508813891.8061388,58179
query,1508813891.8061552,1508813892.2800772,76180
query,1508813892.2824163,1508813892.9218607,84521
query,1508813892.921864,1508813893.292595,59564
query,1508813893.2925992,1508813893.6901844,85471
query,1508813893.6901884,1508813894.0529718,51368
query,1508813894.0529754,1508813894.5517933,74675
query,1508813894.5517972,1508813894.7843876,30943
query,1508813894.7843914,1508813895.042145,53556
query,1508813895.0421486,1508813895.2501948,19131
query,1508813895.2501988,1508813895.2971613,2281
query,1508813895.2971654,1508813895.661164,64895
query,1508813895.661168,1508813896.1137457,59884
query,1508813896.1137493,1508813896.4817965,76254
query,1508813896.4818003,1508813896.912112,68689
query,1508813896.912116,1508813897.218135,57162
query,1508813897.2181392,1508813897.276082,11867
query,1508813897.2760859,1508813897.7700846,75840
query,1508813897.7700882,1508813898.257019,75534
query,1508813898.257023,1508813898.866614,67049
query,1508813898.866618,1508813899.10199,33315
query,1508813899.102005,1508813899.822208,75732
query,1508813899.8245873,1508813899.8699687,10
query,1508813899.8699722,1508813900.3552718,69764
query,1508813900.3552756,1508813900.8020756,76834
query,1508813900.8020797,1508813901.2298605,66727
query,1508813901.2298641,1508813901.4080994,33395
query,1508813901.4081028,1508813901.7064002,41045
query,1508813901.706404,1508813901.873103,38454
query,1508813901.8731065,1508813901.9851005,26925
query,1508813901.9851046,1508813902.382041,67481
query,1508813902.382045,1508813902.4262357,2147
query,1508813902.4262393,1508813902.9141443,60057
query,1508813902.9141486,1508813903.1355987,39093
query,1508813903.1356027,1508813903.2299662,7604
query,1508813903.22997,1508813903.4872231,58483
query,1508813903.4872267,1508813904.0457206,71334
query,1508813904.0457246,1508813904.6820662,51721
query,1508813904.6820703,1508813905.0283806,36395
query,1508813905.0283844,1508813905.4666915,71809
query,1508813905.466695,1508813905.8398669,67331
query,1508813905.8398829,1508813906.4199142,71768
query,1508813906.4228866,1508813906.7443993,69997
query,1508813906.7444034,1508813907.1200798,90777
query,1508813907.1200838,1508813907.4004378,65693
query,1508813907.4004414,1508813907.806148,77101
query,1508813907.8061519,1508813907.8406012,236
query,1508813907.8406053,1508813908.1031275,57669
query,1508813908.103131,1508813908.3852885,65683
query,1508813908.3852925,1508813908.4623504,5681
query,1508813908.4623537,1508813908.6365402,28700
query,1508813908.636544,1508813908.7505271,20805
query,1508813908.7505312,1508813909.0624013,42292
query,1508813909.062405,1508813909.5040016,66140
query,1508813909.5040057,1508813909.8895063,77396
query,1508813909.8895104,1508813910.199481,75161
query,1508813910.1994853,1508813910.6219487,74675
query,1508813910.6219523,1508813910.841697,55846
query,1508813910.841701,1508813910.9048934,2695
query,1508813910.9048972,1508813911.0211813,7612
query,1508813911.021185,1508813911.598146,90706
query,1508813911.5981617,1508813911.7116044,17228
query,1508813911.7141113,1508813911.8116763,12430
query,1508813911.8116796,1508813912.140362,44281
query,1508813912.140366,1508813912.5437617,62239
query,1508813912.5437658,1508813912.578391,3295
query,1508813912.5783942,1508813912.9568336,69601
query,1508813912.956838,1508813913.3356278,58898
query,1508813913.3356316,1508813913.759404,60813
query,1508813913.7594078,1508813913.8180108,6414
query,1508813913.8180146,1508813914.176759,41354
query,1508813914.176763,1508813914.8741093,105759
query,1508813914.874113,1508813915.1379995,56623
query,1508813915.1380036,1508813915.9225852,84521
query,1508813915.922589,1508813916.3928916,67481
query,1508813916.3928957,1508813917.0131257,67644
query,1508813917.0131295,1508813917.0609815,4856
query,1508813917.0609853,1508813917.3667066,53102
query,1508813917.3667107,1508813917.749161,74399
query,1508813917.7491648,1508813918.1420271,21962
query,1508813918.142031,1508813918.4378135,55040
query,1508813918.4378307,1508813918.7620034,61709
query,1508813918.7645063,1508813919.0025582,29178
query,1508813919.0025623,1508813919.1380746,13534
query,1508813919.1380785,1508813919.2929354,19055
query,1508813919.29294,1508813919.633954,39950
query,1508813919.633958,1508813919.860996,55332
query,1508813919.8609996,1508813919.9784658,27755
query,1508813919.9784691,1508813920.3605459,66547
query,1508813920.3605494,1508813920.857375,71038
query,1508813920.8573787,1508813921.0734978,54937
query,1508813921.0735018,1508813921.4720948,63998
query,1508813921.4720988,1508813921.6692138,33689
query,1508813921.6692176,1508813921.728857,8594
query,1508813921.728861,1508813921.8964684,31760
query,1508813921.8964725,1508813922.388334,110692
query,1508813922.3883376,1508813922.8124657,76733
query,1508813922.8124695,1508813923.106059,39368
query,1508813923.106063,1508813923.3955667,60331
query,1508813923.3955708,1508813923.6025789,55666
query,1508813923.6025825,1508813924.045122,68538
query,1508813924.0451386,1508813924.3707793,33209
query,1508813924.373318,1508813924.7474117,59700
query,1508813924.7474155,1508813925.088034,57294
query,1508813925.0880382,1508813925.5415373,90562
query,1508813925.5415409,1508813926.0094001,82625
query,1508813926.009404,1508813926.3613355,68538
query,1508813926.361339,1508813926.905374,75791
query,1508813926.9053779,1508813927.418205,106341
query,1508813927.4182086,1508813927.7664711,63333
query,1508813927.7664754,1508813928.4144745,101906
query,1508813928.4144783,1508813928.4464831,1801
query,1508813928.446487,1508813928.8646173,55445
query,1508813928.8646214,1508813929.1930695,69997
query,1508813929.1930733,1508813929.705748,91106
query,1508813929.7057517,1508813930.013518,70466
query,1508813930.0135221,1508813930.550828,74630
query,1508813930.5508325,1508813931.0485826,72939
query,1508813931.0485866,1508813931.2600255,38894
query,1508813931.2600296,1508813931.629032,59728
query,1508813931.6290357,1508813932.0169625,71809
query,1508813932.016979,1508813932.157205,28024
query,1508813932.1595674,1508813932.4928625,73271
query,1508813932.4928665,1508813932.6820145,40708
query,1508813932.682018,1508813933.194914,71809
query,1508813933.194918,1508813933.562171,60813
query,1508813933.5621743,1508813933.806191,30539
query,1508813933.8061948,1508813934.02913,56311
query,1508813934.0291338,1508813934.4505737,76716
query,1508813934.450578,1508813934.758491,33386
query,1508813934.758495,1508813935.2166598,62002
query,1508813935.2166636,1508813935.5112085,58616
query,1508813935.511212,1508813935.9300015,66606
query,1508813935.9300056,1508813936.4821055,76834
query,1508813936.4821098,1508813936.8500717,58508
query,1508813936.8500757,1508813937.1202562,33584
query,1508813937.1202598,1508813937.488333,62479
query,1508813937.4883366,1508813937.8245966,59536
query,1508813937.8246007,1508813938.090552,41142
query,1508813938.090556,1508813938.3039799,32785
query,1508813938.303984,1508813938.6260574,58545
query,1508813938.6260734,1508813938.7101245,14069
query,1508813938.7125669,1508813939.3178062,76435
query,1508813939.3178103,1508813939.834211,69996
query,1508813939.834215,1508813939.9645903,11977
query,1508813939.9645936,1508813940.3685534,66595
query,1508813940.3685575,1508813940.860681,101904
query,1508813940.8606849,1508813940.9980316,17432
query,1508813940.9980352,1508813941.1165557,9971
query,1508813941.1165597,1508813941.4056807,53681
query,1508813941.4056845,1508813941.98873,66529
query,1508813941.9887335,1508813942.2580082,65033
query,1508813942.258012,1508813942.633118,56940
query,1508813942.633122,1508813942.8952827,56706
query,1508813942.8952868,1508813942.9173193,90
query,1508813942.9173226,1508813943.4476662,76254
query,1508813943.44767,1508813943.7048817,41753
query,1508813943.704886,1508813943.8342566,18444
query,1508813943.8342612,1508813944.052411,49948
query,1508813944.0524154,1508813944.1499932,12289
query,1508813944.149997,1508813944.3773713,47920
query,1508813944.3773875,1508813944.6182206,33327
query,1508813944.6206343,1508813944.9304621,57568
query,1508813944.9304657,1508813944.9646637,58
query,1508813944.9646676,1508813945.4683747,76834
query,1508813945.4683788,1508813945.9463568,110703
query,1508813945.946361,1508813945.9957893,9213
query,1508813945.9957933,1508813946.3635905,69022
query,1508813946.3635945,1508813946.5892403,39039
query,1508813946.5892446,1508813946.6711516,15877
query,1508813946.6711555,1508813946.7530248,1680
query,1508813946.7530284,1508813946.8189576,14999
query,1508813946.8189616,1508813947.5164828,72700
query,1508813947.516487,1508813947.9445298,76540
query,1508813947.944534,1508813948.4652023,84627
query,1508813948.465206,1508813948.6856902,57008
query,1508813948.685694,1508813949.0220203,69136
query,1508813949.0220246,1508813949.60911,105914
query,1508813949.609114,1508813949.9780157,69997
query,1508813949.97802,1508813950.2420409,61070
query,1508813950.2420452,1508813950.3580918,12727
query,1508813950.3581076,1508813950.7100189,66737
query,1508813950.7123837,1508813951.0100033,33482
query,1508813951.0100074,1508813951.2157972,31319
query,1508813951.215801,1508813951.341962,8927
query,1508813951.3419662,1508813951.4381113,20968
query,1508813951.4381151,1508813951.7901895,77396
query,1508813951.7901936,1508813952.0632603,55044
query,1508813952.063264,1508813952.5549512,62826
query,1508813952.554955,1508813952.8886828,61905
query,1508813952.8886871,1508813953.1230168,42901
query,1508813953.1230204,1508813953.4406643,50879
query,1508813953.4406686,1508813953.5226052,10709
query,1508813953.522609,1508813953.7339973,38931
query,1508813953.7340016,1508813954.0540304,68034
query,1508813954.0540342,1508813954.3556693,75143
query,1508813954.3556733,1508813954.7790983,54363
query,1508813954.7791023,1508813955.3267941,66021
query,1508813955.3267982,1508813955.7585757,74422
query,1508813955.75858,1508813956.110012,45004
query,1508813956.110016,1508813956.2017968,7631
query,1508813956.2018125,1508813956.4499283,64628
query,1508813956.4524074,1508813956.7466466,30737
query,1508813956.7466507,1508813956.942415,28187
query,1508813956.942419,1508813957.2736819,52332
query,1508813957.2736862,1508813957.3548505,6896
query,1508813957.3548543,1508813957.541338,43864
query,1508813957.541342,1508813957.9672174,74272
query,1508813957.9672217,1508813958.1192622,23123
query,1508813958.119266,1508813958.340255,31828
query,1508813958.3402598,1508813958.6680434,79830
query,1508813958.6680472,1508813959.1336043,58338
query,1508813959.1336086,1508813959.5459287,59831
query,1508813959.545933,1508813959.9470065,50010
query,1508813959.9470108,1508813960.19812,62217
query,1508813960.1981244,1508813960.2571816,7486
query,1508813960.2571852,1508813960.521154,57176
query,1508813960.521158,1508813960.5569723,631
query,1508813960.5569758,1508813960.882028,57465
query,1508813960.8820322,1508813961.0619998,19136
query,1508813961.0620036,1508813961.4461064,45486
query,1508813961.4461238,1508813961.7275643,70271
query,1508813961.7305684,1508813961.845992,26270
query,1508813961.8459961,1508813962.1452692,68221
query,1508813962.1452734,1508813962.2140086,6145
query,1508813962.2140121,1508813962.252129,71
query,1508813962.2521324,1508813962.3847115,27858
query,1508813962.384716,1508813962.6203525,36657
query,1508813962.6203566,1508813962.9489808,50091
query,1508813962.948985,1508813963.4309993,69764
query,1508813963.4310048,1508813963.9140184,71991
query,1508813963.9140222,1508813964.1960874,44316
query,1508813964.1960917,1508813964.3979025,35466
query,1508813964.3979068,1508813964.6621428,32567
query,1508813964.6621473,1508813965.2274885,68680
query,1508813965.2274928,1508813965.7118478,57232
query,1508813965.711852,1508813966.054001,66062
query,1508813966.0540051,1508813966.4020846,33319
query,1508813966.4020884,1508813966.5025296,9476
query,1508813966.5025337,1508813966.80775,56615
query,1508813966.8077545,1508813967.1300714,37313
query,1508813967.1300886,1508813967.3151228,28800
query,1508813967.3176112,1508813967.4921374,28559
query,1508813967.492141,1508813967.7925813,61896
query,1508813967.7925856,1508813968.1806505,71846
query,1508813968.1806545,1508813968.6080804,48642
query,1508813968.6080844,1508813968.9611444,68107
query,1508813968.9611485,1508813969.2267528,65953
query,1508813969.226757,1508813969.6591375,58397
query,1508813969.6591415,1508813969.9507468,56386
query,1508813969.9507506,1508813970.1393144,19320
query,1508813970.1393185,1508813970.52054,64802
query,1508813970.520544,1508813970.6064146,18935
query,1508813970.6064181,1508813970.7863748,28768
query,1508813970.7863786,1508813971.1802468,76716
query,1508813971.1802506,1508813971.2327201,2877
query,1508813971.232724,1508813971.4264772,44890
query,1508813971.426481,1508813971.57849,10181
query,1508813971.578494,1508813971.7219195,16067
query,1508813971.7219236,1508813972.2427332,80678
query,1508813972.242737,1508813972.6642811,65116
query,1508813972.664297,1508813973.0293899,67000
query,1508813973.0317526,1508813973.0687613,2673
query,1508813973.0687652,1508813973.2776172,33137
query,1508813973.2776217,1508813973.6858983,98837
query,1508813973.6859024,1508813974.2431319,67986
query,1508813974.243136,1508813974.3659189,20076
query,1508813974.365923,1508813974.620209,34746
query,1508813974.6202133,1508813975.2632878,87079
query,1508813975.2632914,1508813975.4820642,21676
query,1508813975.4820683,1508813975.6314852,30624
query,1508813975.6314893,1508813975.801972,43252
query,1508813975.8019757,1508813976.1605806,77044
query,1508813976.1605847,1508813976.3613772,20127
query,1508813976.361381,1508813976.7067032,71458
query,1508813976.7067072,1508813977.155313,57249
query,1508813977.1553168,1508813977.3525822,31307
query,1508813977.3525865,1508813977.521116,30424
query,1508813977.52112,1508813977.7813137,37556
query,1508813977.7813177,1508813977.997985,19272
query,1508813977.9979897,1508813978.0338213,36
query,1508813978.033837,1508813978.678762,90777
query,1508813978.681416,1508813979.1209779,90364
query,1508813979.1209822,1508813979.5461998,58980
query,1508813979.5462039,1508813980.2701883,105759
query,1508813980.2701926,1508813980.5672212,33568
query,1508813980.567225,1508813980.6122832,1137
query,1508813980.6122873,1508813981.2447686,72808
query,1508813981.2447727,1508813981.341382,19954
query,1508813981.341386,1508813981.6217728,33335
query,1508813981.6217766,1508813982.2132807,74675
query,1508813982.2132845,1508813982.5489771,45980
query,1508813982.5489817,1508813982.7734835,41624
query,1508813982.773487,1508813982.9210818,29669
query,1508813982.921086,1508813983.1821973,34190
query,1508813983.1822014,1508813983.460705,58945
query,1508813983.460709,1508813983.7778044,65018
query,1508813983.7778087,1508813984.201975,58369
query,1508813984.201979,1508813984.6649554,69997
query,1508813984.6649594,1508813985.3380396,56778
query,1508813985.3380435,1508813985.5927138,32761
query,1508813985.5927315,1508813985.9041605,56700
query,1508813985.907025,1508813986.0099905,20318
query,1508813986.0099947,1508813986.1139903,8747
query,1508813986.1139944,1508813986.4777858,53813
query,1508813986.477789,1508813986.8899546,72582
query,1508813986.8899581,1508813987.1227446,29350
query,1508813987.1227486,1508813987.1619184,833
query,1508813987.1619222,1508813987.5793874,76719
query,1508813987.5793917,1508813987.817999,62230
query,1508813987.818003,1508813987.936991,7601
query,1508813987.936995,1508813988.3311193,72132
query,1508813988.3311236,1508813988.6406174,52042
query,1508813988.6406217,1508813989.1673872,76585
query,1508813989.1674018,1508813989.2091386,238
query,1508813989.2091422,1508813989.630626,62102
query,1508813989.6306365,1508813990.1260345,72359
query,1508813990.1260388,1508813990.1980293,1078
query,1508813990.198033,1508813990.6380289,62568
query,1508813990.638033,1508813990.9899101,61852
query,1508813990.989914,1508813991.3653395,45734
query,1508813991.3653574,1508813991.8536983,72827
query,1508813991.8562882,1508813991.9660707,15728
query,1508813991.966075,1508813992.5940802,101838
query,1508813992.594085,1508813992.9175892,49082
query,1508813992.917593,1508813992.9574673,0
query,1508813992.957471,1508813993.225631,43536
query,1508813993.2256348,1508813993.6749876,71572
query,1508813993.6749916,1508813994.1186576,60131
query,1508813994.1186616,1508813994.4833415,56080
query,1508813994.483345,1508813994.5861192,17537
query,1508813994.5861232,1508813994.6619318,6978
query,1508813994.661936,1508813995.1178935,66557
query,1508813995.1178975,1508813995.3290603,31070
query,1508813995.3290646,1508813995.6177876,30263
query,1508813995.6177917,1508813995.7334437,10065
query,1508813995.7334478,1508813996.2093606,70185
query,1508813996.2093647,1508813996.5700865,51724
query,1508813996.5700905,1508813996.904492,57673
query,1508813996.904496,1508813997.253937,58127
query,1508813997.2539415,1508813997.298007,5124
query,1508813997.2980232,1508813997.5773795,33319
query,1508813997.5797772,1508813997.853756,31787
query,1508813997.8537602,1508813997.985848,10200
query,1508813997.9858518,1508813998.0391836,8321
query,1508813998.0391874,1508813998.0786064,1489
query,1508813998.0786102,1508813998.4638608,66189
query,1508813998.4638643,1508813999.0899394,90640
query,1508813999.0899432,1508813999.6407077,77017
query,1508813999.6407115,1508814000.1305914,70472
query,1508814000.1305952,1508814000.2044716,10209
query,1508814000.2044754,1508814000.3340256,18829
query,1508814000.33403,1508814000.6833882,77454
query,1508814000.6833925,1508814000.7216814,1288
query,1508814000.721687,1508814001.3363745,91235
query,1508814001.3363786,1508814001.8145862,60227
query,1508814001.814591,1508814001.965794,31473
query,1508814001.9657986,1508814002.4236674,72623
query,1508814002.423672,1508814002.6146197,36163
query,1508814002.6146243,1508814002.9049363,41475
query,1508814002.9049401,1508814003.3854024,72480
query,1508814003.38542,1508814003.517115,9731
query,1508814003.51948,1508814003.9060788,65874
query,1508814003.906083,1508814004.034126,19664
query,1508814004.0341303,1508814004.490036,69400
query,1508814004.49004,1508814004.5737586,9926
query,1508814004.573763,1508814004.727935,29176
query,1508814004.7279391,1508814004.915364,19798
query,1508814004.915368,1508814005.0245278,8127
query,1508814005.024532,1508814005.5975113,68852
query,1508814005.5975156,1508814006.0009305,66079
query,1508814006.0009344,1508814006.3544595,65449
query,1508814006.3544638,1508814006.8420591,77044
query,1508814006.8420637,1508814007.1099389,28261
query,1508814007.1099432,1508814007.3266444,54584
query,1508814007.326649,1508814007.6758945,66727
query,1508814007.6758988,1508814008.2258635,71345
query,1508814008.2258673,1508814008.71192,68519
query,1508814008.711924,1508814008.932709,49704
query,1508814008.9327133,1508814009.4881508,74698
query,1508814009.4881546,1508814009.7556684,50199
query,1508814009.7557387,1508814010.260032,69345
query,1508814010.2628293,1508814010.4561841,28334
query,1508814010.4561882,1508814010.8174486,59193
query,1508814010.8174536,1508814011.0805786,34538
query,1508814011.0805824,1508814011.6060293,71630
query,1508814011.6060333,1508814012.1696103,90642
query,1508814012.1696146,1508814012.9295895,105914
query,1508814012.9295936,1508814012.9846187,239
query,1508814012.9846227,1508814013.5203745,105759
query,1508814013.5203788,1508814014.0299914,71345
query,1508814014.0299952,1508814014.5226421,59999
query,1508814014.5226462,1508814015.047535,63998
query,1508814015.047539,1508814015.144778,16663
query,1508814015.1447823,1508814015.5769167,101906
query,1508814015.576921,1508814016.1533313,65648
query,1508814016.1533358,1508814016.4993274,69558
query,1508814016.4993315,1508814016.7933373,57583
query,1508814016.7933416,1508814017.1169927,62096
query,1508814017.1169963,1508814017.2841182,20850
query,1508814017.2841225,1508814017.4689763,26639
query,1508814017.468993,1508814017.8314476,68177
query,1508814017.8340168,1508814018.152375,58336
query,1508814018.1523793,1508814018.6231458,71809
query,1508814018.6231496,1508814019.030652,76834
query,1508814019.0306566,1508814019.3339975,66727
query,1508814019.3340018,1508814019.4936855,10452
query,1508814019.4936895,1508814019.8820212,76820
query,1508814019.882025,1508814020.6019397,110595
query,1508814020.6019435,1508814020.8020456,27853
query,1508814020.8020494,1508814021.1575556,59195
query,1508814021.1575599,1508814021.2605743,14938
query,1508814021.2605784,1508814021.4205472,20335
query,1508814021.4205513,1508814021.8302,76834
query,1508814021.8302045,1508814022.086778,40984
query,1508814022.086782,1508814022.2672539,26984
query,1508814022.2672577,1508814022.7425413,60088
query,1508814022.7425451,1508814023.246157,71421
query,1508814023.246161,1508814023.4728653,53185
query,1508814023.47287,1508814023.5917864,23684
query,1508814023.5917907,1508814023.7833629,38941
query,1508814023.7833788,1508814024.202721,90301
query,1508814024.2056973,1508814024.4624133,41039
query,1508814024.4624176,1508814024.5971756,21569
query,1508814024.59718,1508814024.7124956,19064
query,1508814024.7124994,1508814025.2386346,105991
query,1508814025.2386384,1508814025.3690877,27032
query,1508814025.369091,1508814025.5925982,20386
query,1508814025.592602,1508814025.9782407,59339
query,1508814025.978245,1508814026.3034482,59564
query,1508814026.3034523,1508814026.6924806,68177
query,1508814026.6924846,1508814026.9011548,30776
query,1508814026.9011586,1508814027.3980243,68177
query,1508814027.398028,1508814027.8221343,31425
query,1508814027.822139,1508814027.9015834,17862
query,1508814027.9015872,1508814028.2540584,85014
query,1508814028.254063,1508814028.7270126,105840
query,1508814028.7270167,1508814028.7660472,38
query,1508814028.7660513,1508814029.19898,76716
query,1508814029.198984,1508814029.36418,44909
query,1508814029.3641844,1508814029.4361982,1662
query,1508814029.436214,1508814029.9760084,74675
query,1508814029.9787464,1508814030.1182437,19243
query,1508814030.1182475,1508814030.5682933,62191
query,1508814030.5682976,1508814030.6098742,1534
query,1508814030.609878,1508814031.1084557,90364
query,1508814031.1084592,1508814031.6300402,68177
query,1508814031.630044,1508814031.9620535,50207
query,1508814031.9620578,1508814032.013921,880
query,1508814032.0139253,1508814032.2872846,38931
query,1508814032.2872884,1508814032.5845158,44523
query,1508814032.5845199,1508814032.7258272,12175
query,1508814032.7258303,1508814032.8977692,43791
query,1508814032.8977723,1508814033.2816653,61418
query,1508814033.2816694,1508814033.322643,255
query,1508814033.3226464,1508814033.9139078,58129
query,1508814033.9139118,1508814034.245397,57287
query,1508814034.2454019,1508814034.6165123,62080
query,1508814034.6165164,1508814034.8982565,70600
query,1508814034.8982604,1508814035.2533677,36072
query,1508814035.2533715,1508814035.6380281,74713
query,1508814035.6380439,1508814035.681584,4
query,1508814035.6839952,1508814035.8656223,46913
query,1508814035.865626,1508814036.2054427,64184
query,1508814036.205447,1508814036.4374347,53483
query,1508814036.4374392,1508814037.0899875,78256
query,1508814037.0899916,1508814037.5169384,69997
query,1508814037.5169427,1508814037.8421104,63884
query,1508814037.8421144,1508814037.9732792,7612
query,1508814037.9732835,1508814038.2561574,44529
query,1508814038.2561612,1508814038.353437,10709
query,1508814038.3534417,1508814038.4761317,20972
query,1508814038.4761357,1508814038.873196,69064
query,1508814038.8732002,1508814038.9212325,11133
query,1508814038.9212358,1508814039.6436636,110784
query,1508814039.6436675,1508814040.2181907,52905
query,1508814040.2181947,1508814040.8289146,109521
query,1508814040.8289185,1508814041.2101746,63991
query,1508814041.2101789,1508814041.806054,74713
query,1508814041.8060582,1508814042.0982943,26932
query,1508814042.0982978,1508814042.6505575,61776
query,1508814042.6505747,1508814042.7614977,16208
query,1508814042.763924,1508814043.0172813,27866
query,1508814043.0172853,1508814043.3603594,58440
query,1508814043.3603632,1508814043.8620455,76917
query,1508814043.8620496,1508814044.3154676,60453
query,1508814044.3154714,1508814045.1487825,78256
query,1508814045.1487863,1508814045.8157778,112719
query,1508814045.8157823,1508814046.3059034,71809
query,1508814046.3059068,1508814046.5820634,57235
query,1508814046.5820673,1508814046.9782033,65415
query,1508814046.9782076,1508814047.323819,47252
query,1508814047.3238301,1508814047.5866265,55005
query,1508814047.586631,1508814047.6678019,9351
query,1508814047.6678061,1508814048.0941885,76810
query,1508814048.0941923,1508814048.3446789,52946
query,1508814048.3446827,1508814048.5942495,57585
query,1508814048.5942535,1508814048.7165148,29609
query,1508814048.716519,1508814049.146029,76435
query,1508814049.1460333,1508814049.3181262,14639
query,1508814049.3181307,1508814049.4240339,7429
query,1508814049.4240515,1508814049.7075324,62433
query,1508814049.710001,1508814049.9539843,43629
query,1508814049.9539878,1508814050.0385802,7063
query,1508814050.0385845,1508814050.2893429,62295
query,1508814050.2893467,1508814050.6968608,42611
query,1508814050.6968646,1508814050.9851649,50548
query,1508814050.9851687,1508814051.2485337,31633
query,1508814051.2485378,1508814051.7065213,58620
query,1508814051.7065256,1508814052.3820043,72386
query,1508814052.382008,1508814052.7685175,75825
query,1508814052.7685218,1508814053.1501014,63128
query,1508814053.150106,1508814053.3891475,29966
query,1508814053.3891518,1508814053.7247853,38788
query,1508814053.7248282,1508814054.12177,56223
query,1508814054.1217737,1508814054.350155,39026
query,1508814054.3501592,1508814054.690494,56264
query,1508814054.6904979,1508814055.065585,73812
query,1508814055.0655894,1508814055.3285155,51109
query,1508814055.32852,1508814055.5809383,62781
query,1508814055.5809429,1508814056.0065403,91033
query,1508814056.0065775,1508814056.3781047,58533
query,1508814056.3811154,1508814057.0061598,90741
query,1508814057.006164,1508814057.2939367,65059
query,1508814057.293941,1508814057.503658,43277
query,1508814057.5036619,1508814057.5364697,1
query,1508814057.5364738,1508814057.9282138,37991
query,1508814057.928218,1508814058.019791,7328
query,1508814058.019795,1508814058.3806863,41223
query,1508814058.3806903,1508814058.4644163,7867
query,1508814058.46442,1508814059.1301594,110805
query,1508814059.1301641,1508814059.400044,57008
query,1508814059.4000487,1508814059.6431003,57642
query,1508814059.6431038,1508814059.8021703,17301
query,1508814059.802175,1508814060.1936536,67268
query,1508814060.1936579,1508814060.7275891,70044
query,1508814060.7275934,1508814061.2205162,64660
query,1508814061.22052,1508814061.6541748,57882
query,1508814061.6541789,1508814062.191539,87516
query,1508814062.1915436,1508814062.4512143,61828
query,1508814062.4512181,1508814062.8253782,56096
query,1508814062.8253958,1508814063.0587244,28626
query,1508814063.0612137,1508814063.1331842,7290
query,1508814063.1331885,1508814063.3301225,22197
query,1508814063.3301263,1508814063.630056,36228
query,1508814063.6300595,1508814064.0500395,75850
query,1508814064.0500433,1508814064.5021207,66282
query,1508814064.502125,1508814064.7222378,32414
query,1508814064.722242,1508814065.126241,78658
query,1508814065.126245,1508814065.4904847,48704
query,1508814065.4904888,1508814065.5958207,7621
query,1508814065.5958245,1508814066.0426219,50224
query,1508814066.0426254,1508814066.1382897,10040
query,1508814066.1382935,1508814066.7582638,56620
query,1508814066.7582717,1508814067.0534172,39283
query,1508814067.053421,1508814067.73881,72623
query,1508814067.7388144,1508814068.369951,75997
query,1508814068.3699553,1508814068.5249987,17512
query,1508814068.525003,1508814068.9380302,61854
query,1508814068.9380345,1508814069.1927202,21426
query,1508814069.192724,1508814069.5209794,57360
query,1508814069.5210152,1508814069.658032,27727
query,1508814069.6606586,1508814069.8683054,29533
query,1508814069.8683097,1508814070.2300212,69188
query,1508814070.2300253,1508814070.6693816,76929
query,1508814070.669386,1508814071.286623,77101
query,1508814071.2866273,1508814071.7060714,60303
query,1508814071.7060754,1508814071.8137884,14822
query,1508814071.8137927,1508814072.0643196,44250
query,1508814072.0643237,1508814072.465665,76114
query,1508814072.465669,1508814072.8250308,55844
query,1508814072.8250349,1508814073.2459428,90105
query,1508814073.2459471,1508814073.5505128,39133
query,1508814073.550517,1508814073.8428936,29576
query,1508814073.8428977,1508814074.215016,84521
query,1508814074.21502,1508814074.476391,70044
query,1508814074.4763951,1508814074.7549884,70600
query,1508814074.7549918,1508814074.8461707,8796
query,1508814074.8461738,1508814075.4223258,66062
query,1508814075.4223301,1508814075.785085,45078
query,1508814075.7850888,1508814075.9780452,19100
query,1508814075.9780622,1508814076.353732,31205
query,1508814076.3562295,1508814076.9100716,76650
query,1508814076.9100761,1508814077.1561852,30608
query,1508814077.1561894,1508814077.4460413,66351
query,1508814077.4460454,1508814078.0947533,76834
query,1508814078.094757,1508814078.3524942,54194
query,1508814078.3524983,1508814078.5471785,33341
query,1508814078.5471826,1508814079.050778,73656
query,1508814079.0507817,1508814079.5989091,105759
query,1508814079.5989163,1508814080.0558867,75677
query,1508814080.0558906,1508814080.8312056,112426
query,1508814080.83121,1508814081.333676,87516
query,1508814081.3336802,1508814081.7018566,78256
query,1508814081.701861,1508814081.9831045,68238
query,1508814081.9831085,1508814082.4550424,66127
query,1508814082.4550462,1508814082.5957808,19113
query,1508814082.5957856,1508814082.8947952,53037
query,1508814082.8947992,1508814083.0301642,20914
query,1508814083.0301683,1508814083.4782753,75968
query,1508814083.4782794,1508814083.7703092,24028
query,1508814083.7703338,1508814084.0577471,36612
query,1508814084.0605288,1508814084.2454894,31544
query,1508814084.2454934,1508814084.9664533,74713
query,1508814084.9664574,1508814085.0099027,0
query,1508814085.009907,1508814085.7614279,60303
query,1508814085.7614317,1508814085.8759248,22501
query,1508814085.8759289,1508814086.4215991,67492
query,1508814086.421603,1508814087.031974,66627
query,1508814087.0319786,1508814087.7701635,78256
query,1508814087.7701674,1508814088.1450398,57793
query,1508814088.1450443,1508814088.5767531,52041
query,1508814088.5767572,1508814088.9261086,67444
query,1508814088.926113,1508814089.5547798,71991
query,1508814089.5547833,1508814089.8906534,68878
query,1508814089.8906577,1508814090.5235136,71309
query,1508814090.5235178,1508814090.9279585,93042
query,1508814090.9279628,1508814091.3047585,58142
query,1508814091.304763,1508814091.6599722,74834
query,1508814091.6599762,1508814092.0176082,48173
query,1508814092.017612,1508814092.3089077,54922
query,1508814092.3089242,1508814092.3520064,4
query,1508814092.354449,1508814092.780418,73418
query,1508814092.7804222,1508814093.1288953,61624
query,1508814093.1288996,1508814093.3792942,43665
query,1508814093.3792982,1508814093.794412,30813
query,1508814093.794416,1508814094.3364742,110018
query,1508814094.3364782,1508814094.4256372,18084
query,1508814094.4256413,1508814094.6500204,56738
query,1508814094.6500247,1508814095.174156,79995
query,1508814095.1741598,1508814095.6184676,66741
query,1508814095.6184719,1508814095.8980324,34285
query,1508814095.8980367,1508814096.5016482,90777
query,1508814096.501652,1508814097.287216,111419
query,1508814097.28722,1508814097.4971669,35601
query,1508814097.4971704,1508814098.043357,59564
query,1508814098.0433614,1508814098.3034575,53310
query,1508814098.303462,1508814098.3699975,7759
query,1508814098.3700016,1508814098.8312047,62056
query,1508814098.8312087,1508814099.1761575,65632
query,1508814099.1761613,1508814099.6100993,58077
query,1508814099.6101182,1508814100.1312404,61852
query,1508814100.1342525,1508814100.496411,58738
query,1508814100.496415,1508814100.7732158,30876
query,1508814100.7732196,1508814101.5354168,110816
query,1508814101.5354211,1508814101.6558037,23764
query,1508814101.655808,1508814101.8417683,46798
query,1508814101.8417723,1508814102.33604,67368
query,1508814102.3360438,1508814102.832726,67368
query,1508814102.8327305,1508814103.2276216,67481
query,1508814103.2276256,1508814103.2938764,9613
query,1508814103.2938805,1508814103.592761,57652
query,1508814103.592765,1508814104.00541,66771
query,1508814104.0054142,1508814104.5430377,58354
query,1508814104.5430417,1508814104.8024843,30971
query,1508814104.8024883,1508814105.1020772,32646
query,1508814105.1020813,1508814105.4006343,53135
query,1508814105.4006383,1508814105.8340335,76727
query,1508814105.8340373,1508814106.2971299,67632
query,1508814106.2971342,1508814106.3443258,9
query,1508814106.34433,1508814106.3803928,67
query,1508814106.3804092,1508814106.5505471,30074
query,1508814106.553115,1508814106.9804165,69345
query,1508814106.9804206,1508814107.1557474,43411
query,1508814107.1557515,1508814107.7539594,71809
query,1508814107.7539637,1508814108.141125,85471
query,1508814108.1411293,1508814108.212975,14373
query,1508814108.2129786,1508814108.35718,32598
query,1508814108.357184,1508814108.5615022,29370
query,1508814108.561506,1508814108.8517787,47097
query,1508814108.851783,1508814109.0073764,26912
query,1508814109.0073807,1508814109.2729764,64440
query,1508814109.2729805,1508814109.6194751,59591
query,1508814109.6194792,1508814110.0807662,74713
query,1508814110.0807707,1508814110.2580116,20116
query,1508814110.2580156,1508814110.7007673,58281
query,1508814110.700771,1508814110.8866818,47404
query,1508814110.8866856,1508814111.2487423,57037
query,1508814111.2487464,1508814111.4262044,17753
query,1508814111.4262087,1508814111.738048,71023
query,1508814111.738052,1508814111.9187114,29198
query,1508814111.918727,1508814112.5352044,76834
query,1508814112.5376794,1508814112.77273,35748
query,1508814112.7727344,1508814113.4313288,105840
query,1508814113.4313333,1508814113.941313,106341
query,1508814113.941317,1508814114.3951905,66728
query,1508814114.3951943,1508814115.09333,74713
query,1508814115.0933344,1508814115.2250097,20910
query,1508814115.2250137,1508814115.642523,71809
query,1508814115.6425269,1508814115.8092132,20261
query,1508814115.809217,1508814116.1910706,69997
query,1508814116.1910741,1508814116.7342935,77044
query,1508814116.7342978,1508814117.1164308,74675
query,1508814117.116435,1508814117.4235883,33202
query,1508814117.4235926,1508814117.629473,55096
query,1508814117.6294765,1508814117.7958012,16131
query,1508814117.7958055,1508814118.1411908,56502
query,1508814118.1411946,1508814118.443377,55748
query,1508814118.443381,1508814118.8828852,60130
query,1508814118.882889,1508814119.0019624,28595
query,1508814119.0019662,1508814119.1651216,26574
query,1508814119.165137,1508814119.4507282,26053
query,1508814119.4532137,1508814119.4930718,3354
query,1508814119.493076,1508814119.6012785,28298
query,1508814119.6012828,1508814119.7172709,27867
query,1508814119.7172747,1508814120.192784,75616
query,1508814120.1928189,1508814120.409101,54995
query,1508814120.409105,1508814120.824764,57521
query,1508814120.824769,1508814121.181259,57864
query,1508814121.1812627,1508814121.4031956,50272
query,1508814121.4031997,1508814121.8454547,57776
query,1508814121.8454592,1508814121.9489949,11576
query,1508814121.948999,1508814122.0170047,10340
query,1508814122.017008,1508814122.5717525,60109
query,1508814122.5717566,1508814122.777993,43441
query,1508814122.7779968,1508814123.1616693,76892
query,1508814123.1616735,1508814123.4189985,30600
query,1508814123.419003,1508814123.780602,59339
query,1508814123.7806063,1508814124.0183802,20190
query,1508814124.018384,1508814124.230526,50251
query,1508814124.2305305,1508814124.2828226,57
query,1508814124.2828393,1508814124.4982367,20383
query,1508814124.5004065,1508814124.7476792,61509
query,1508814124.7476835,1508814124.9412897,45871
query,1508814124.9412932,1508814125.2904778,63539
query,1508814125.2904818,1508814125.4142165,21853
query,1508814125.4142206,1508814125.8046398,52820
query,1508814125.804644,1508814126.0239341,35414
query,1508814126.0239382,1508814126.170009,38673
query,1508814126.170013,1508814126.6500163,68525
query,1508814126.6500208,1508814127.086163,69764
query,1508814127.086167,1508814127.258496,20242
query,1508814127.2585,1508814127.318114,2703
query,1508814127.3181188,1508814127.761137,56625
query,1508814127.7611413,1508814128.2616022,60580
query,1508814128.2616062,1508814128.5053308,50162
query,1508814128.5053353,1508814128.7363808,42439
query,1508814128.736385,1508814128.8004599,7120
query,1508814128.800464,1508814129.1849036,69215
query,1508814129.1849074,1508814129.6811767,58281
query,1508814129.681181,1508814130.1501048,63196
query,1508814130.1501212,1508814130.7707062,85471
query,1508814130.7731342,1508814131.05409,65943
query,1508814131.0540938,1508814131.4137244,67303
query,1508814131.4137285,1508814131.864029,91106
query,1508814131.8640332,1508814132.2268317,75379
query,1508814132.2268357,1508814132.6313236,57962
query,1508814132.6313276,1508814132.7990835,36643
query,1508814132.7990866,1508814133.2246685,54290
query,1508814133.2246726,1508814133.656967,64359
query,1508814133.6569717,1508814133.6916635,388
query,1508814133.6916673,1508814134.1704934,61158
query,1508814134.1704977,1508814134.5520544,68908
query,1508814134.5520587,1508814135.077115,66776
query,1508814135.0771189,1508814135.488639,69997
query,1508814135.488643,1508814135.7460244,49937
query,1508814135.7460287,1508814136.2165246,105840
query,1508814136.2165287,1508814136.4956472,67412
query,1508814136.4956512,1508814136.7287636,18916
query,1508814136.7287679,1508814136.9532812,21502
query,1508814136.9532855,1508814137.4580214,59564
query,1508814137.4580379,1508814138.122062,75825
query,1508814138.124494,1508814138.5794904,59450
query,1508814138.579494,1508814138.9549248,47288
query,1508814138.9549286,1508814139.328235,72037
query,1508814139.3282392,1508814139.6504047,61852
query,1508814139.6504092,1508814140.1205213,56908
query,1508814140.1205258,1508814140.309047,36392
query,1508814140.3090577,1508814140.7490497,61181
query,1508814140.7490535,1508814141.0739615,66727
query,1508814141.0739663,1508814141.294418,57094
query,1508814141.2944224,1508814141.343132,4739
query,1508814141.3431356,1508814142.2180228,76834
query,1508814142.2180266,1508814142.5847878,68003
query,1508814142.5848153,1508814143.2290983,75952
query,1508814143.2291024,1508814143.5772824,76733
query,1508814143.5772867,1508814144.1039975,75830
query,1508814144.1040013,1508814144.2131054,13132
query,1508814144.2131097,1508814144.4871025,39093
query,1508814144.4871068,1508814144.8718247,74327
query,1508814144.8718286,1508814145.6756144,74834
query,1508814145.6756306,1508814145.7176502,3536
query,1508814145.7202952,1508814146.2178268,71954
query,1508814146.217831,1508814146.690972,105840
query,1508814146.690976,1508814146.771256,5019
query,1508814146.7712595,1508814147.1832821,69997
query,1508814147.1832867,1508814147.2671695,17328
query,1508814147.2671733,1508814147.3048203,3788
query,1508814147.304824,1508814147.585944,39046
query,1508814147.5859482,1508814147.7102392,28109
query,1508814147.7102432,1508814148.0489888,71235
query,1508814148.048993,1508814148.4918756,68387
query,1508814148.4918797,1508814148.8454893,60546
query,1508814148.845493,1508814149.1970353,84658
query,1508814149.1970394,1508814149.601912,63276
query,1508814149.6019158,1508814149.6735003,14792
query,1508814149.6735039,1508814150.066111,74953
query,1508814150.0661151,1508814150.3259628,39150
query,1508814150.3259676,1508814150.4828994,15598
query,1508814150.4829037,1508814150.611751,13425
query,1508814150.6117551,1508814150.9887683,70075
query,1508814150.9887838,1508814151.3646703,74422
query,1508814151.3671288,1508814151.8999026,91074
query,1508814151.8999069,1508814152.2927203,68538
query,1508814152.292725,1508814152.9233096,110668
query,1508814152.9233136,1508814152.9531374,16
query,1508814152.953141,1508814153.1154168,10452
query,1508814153.1154208,1508814153.3212135,30904
query,1508814153.3212173,1508814153.843436,72715
query,1508814153.84344,1508814153.8777664,1088
query,1508814153.8777707,1508814154.3428507,76834
query,1508814154.3428547,1508814154.7215815,61852
query,1508814154.7215855,1508814154.8297176,21468
query,1508814154.8297222,1508814154.8943968,7672
query,1508814154.8944008,1508814155.3130157,65116
query,1508814155.31302,1508814155.621263,46865
query,1508814155.6212676,1508814155.7343984,25485
query,1508814155.7344024,1508814155.9805195,65765
query,1508814155.9805238,1508814156.2482955,39283
query,1508814156.2483,1508814156.721064,61408
query,1508814156.7210686,1508814157.1567829,71809
query,1508814157.1568549,1508814157.7427459,69345
query,1508814157.7454808,1508814158.1715739,71809
query,1508814158.1715782,1508814158.463922,66282
query,1508814158.463926,1508814158.8020473,55140
query,1508814158.802051,1508814159.2700539,111214
query,1508814159.270058,1508814159.6195452,57107
query,1508814159.6195495,1508814159.959568,65514
query,1508814159.9595723,1508814160.41495,105887
query,1508814160.414954,1508814160.7366464,28763
query,1508814160.7366514,1508814161.239108,62056
query,1508814161.2391121,1508814161.5588236,56960
query,1508814161.5588284,1508814161.9845335,55758
query,1508814161.9845378,1508814162.2212803,38857
query,1508814162.2212846,1508814162.7947664,91033
query,1508814162.7947702,1508814162.9832826,29322
query,1508814162.9832866,1508814163.178073,20850
query,1508814163.1780772,1508814163.8145075,112426
query,1508814163.814512,1508814163.8602521,733
query,1508814163.8602562,1508814164.466607,111610
query,1508814164.4666111,1508814165.0091095,55727
query,1508814165.0091374,1508814165.3305788,62385
query,1508814165.3331285,1508814165.477996,27971
query,1508814165.4780004,1508814165.5264962,3107
query,1508814165.5265005,1508814165.626117,23358
query,1508814165.6261213,1508814165.9626212,37991
query,1508814165.9626255,1508814166.0983076,32893
query,1508814166.0983112,1508814166.57749,69261
query,1508814166.5774941,1508814166.9253256,64423
query,1508814166.9253297,1508814167.278041,63024
query,1508814167.2780447,1508814167.7906454,69130
query,1508814167.79065,1508814168.2466102,91423
query,1508814168.2466147,1508814168.6620746,90271
query,1508814168.6620786,1508814169.180961,105759
query,1508814169.1809652,1508814169.5372884,59463
query,1508814169.5372925,1508814169.9446507,61349
query,1508814169.9446619,1508814170.2820346,50928
query,1508814170.2820387,1508814170.3298578,6899
query,1508814170.3298614,1508814170.8189259,67568
query,1508814170.8189304,1508814170.85338,92
query,1508814170.8533833,1508814171.1659093,35111
query,1508814171.1659253,1508814171.6163871,60084
query,1508814171.6188462,1508814171.7555957,7608
query,1508814171.7555997,1508814172.0681906,56302
query,1508814172.0681946,1508814172.3710675,37492
query,1508814172.3710716,1508814172.6620412,31447
query,1508814172.6620452,1508814173.1089494,60306
query,1508814173.1089542,1508814173.5381308,68107
query,1508814173.538135,1508814173.8100395,36374
query,1508814173.8100438,1508814174.3060467,57991
query,1508814174.3060508,1508814174.890791,105914
query,1508814174.8907948,1508814175.399656,105803
query,1508814175.3996603,1508814175.4282591,86
query,1508814175.428263,1508814175.8926094,110173
query,1508814175.8926136,1508814176.2274075,57237
query,1508814176.2274115,1508814176.3561838,16593
query,1508814176.356188,1508814176.962676,57149
query,1508814176.962685,1508814177.302734,56286
query,1508814177.3027382,1508814177.7142243,64813
query,1508814177.7142286,1508814177.8326552,15202
query,1508814177.832659,1508814178.3529768,74327
query,1508814178.3530185,1508814178.5506666,44393
query,1508814178.5532598,1508814179.082052,58771
query,1508814179.0820563,1508814179.2485952,29683
query,1508814179.248599,1508814179.4659529,31501
query,1508814179.465957,1508814179.5460148,6062
query,1508814179.5460186,1508814180.1512456,86425
query,1508814180.15125,1508814180.5067134,57401
query,1508814180.506717,1508814181.0751715,73967
query,1508814181.0751753,1508814181.26374,27622
query,1508814181.2637439,1508814181.5141523,28447
query,1508814181.5141566,1508814181.6260345,26594
query,1508814181.6260388,1508814182.118574,68236
query,1508814182.1185784,1508814182.3820422,39039
query,1508814182.3820465,1508814182.7519462,55782
query,1508814182.7519505,1508814183.2806942,72700
query,1508814183.2806983,1508814183.513218,61466
query,1508814183.5132217,1508814183.7388048,28607
query,1508814183.738809,1508814184.0053983,56572
query,1508814184.0054023,1508814184.0513496,313
query,1508814184.0513542,1508814184.2688642,48793
query,1508814184.2688797,1508814184.576266,52318
query,1508814184.5786536,1508814185.0821574,69248
query,1508814185.0821614,1508814185.2980204,43514
query,1508814185.2980247,1508814185.6703882,67381
query,1508814185.6703923,1508814186.1140873,75265
query,1508814186.1140916,1508814186.4847076,59745
query,1508814186.484712,1508814186.5944102,7611
query,1508814186.594414,1508814187.0718174,59890
query,1508814187.0718217,1508814187.1042392,6862
query,1508814187.1042433,1508814187.4564412,67901
query,1508814187.4564452,1508814187.8549423,57847
query,1508814187.8549466,1508814188.3532355,59890
query,1508814188.3532395,1508814188.6834047,37519
query,1508814188.683409,1508814188.7780342,8068
query,1508814188.778038,1508814189.2011907,77967
query,1508814189.2011948,1508814189.370342,30793
query,1508814189.3703465,1508814189.615017,57632
query,1508814189.615021,1508814189.9102795,57423
query,1508814189.9102838,1508814190.3461401,85472
query,1508814190.3461442,1508814190.9835114,75037
query,1508814190.9835532,1508814191.2346973,38948
query,1508814191.237256,1508814191.3489401,15624
query,1508814191.348944,1508814191.8405595,110369
query,1508814191.8405633,1508814192.0138936,44708
query,1508814192.0138977,1508814192.2977448,62668
query,1508814192.2977488,1508814192.6726217,60347
query,1508814192.672626,1508814193.0571768,72164
query,1508814193.0571806,1508814193.384107,64520
query,1508814193.384111,1508814193.6748693,66657
query,1508814193.674873,1508814193.820543,21430
query,1508814193.820547,1508814193.856041,1358
query,1508814193.856045,1508814193.8866346,26
query,1508814193.8866384,1508814194.2852612,61304
query,1508814194.2852647,1508814194.5148056,32764
query,1508814194.5148098,1508814194.671437,19327
query,1508814194.671448,1508814195.0209296,68338
query,1508814195.0209339,1508814195.3060591,70609
query,1508814195.3060634,1508814195.663648,68681
query,1508814195.6636522,1508814195.9981651,41887
query,1508814195.9981692,1508814196.048094,6501
query,1508814196.0481117,1508814196.5787401,58178
query,1508814196.5812817,1508814197.0748022,84366
query,1508814197.0748057,1508814197.245987,29190
query,1508814197.245991,1508814197.735485,74302
query,1508814197.7354891,1508814198.4411044,101905
query,1508814198.4411085,1508814199.120982,57254
query,1508814199.1209857,1508814199.6349401,49696
query,1508814199.6349444,1508814200.0729518,57233
query,1508814200.072956,1508814200.1720533,10619
query,1508814200.1720574,1508814200.5973432,66005
query,1508814200.5973475,1508814200.8851786,27859
query,1508814200.8851824,1508814201.1047044,32977
query,1508814201.104709,1508814201.2219763,28436
query,1508814201.2219803,1508814201.7346902,76713
query,1508814201.734698,1508814202.2066834,71751
query,1508814202.2066875,1508814202.7948923,41010
query,1508814202.7948961,1508814203.106122,36872
query,1508814203.1061265,1508814203.3444607,23188
query,1508814203.3444648,1508814203.8266592,90778
query,1508814203.8266633,1508814204.3621602,71810
query,1508814204.3621776,1508814204.65994,39004
query,1508814204.662623,1508814205.1923895,57250
query,1508814205.1923935,1508814205.2448409,37
query,1508814205.244845,1508814205.6880796,67201
query,1508814205.6880836,1508814206.0341723,66782
query,1508814206.0341763,1508814206.2967036,32753
query,1508814206.2967076,1508814206.826885,76988
query,1508814206.8268888,1508814206.9621186,12765
query,1508814206.9621224,1508814207.3029091,66770
query,1508814207.3029125,1508814207.534139,54426
query,1508814207.5341427,1508814208.0733805,74364
query,1508814208.0733848,1508814208.5950541,78868
query,1508814208.5950584,1508814208.9021707,36085
query,1508814208.9021752,1508814209.567477,91328
query,1508814209.5674813,1508814209.8158174,51657
query,1508814209.8158214,1508814209.9667838,28241
query,1508814209.9667883,1508814210.2221358,19787
query,1508814210.2221398,1508814210.6422193,90842
query,1508814210.6422231,1508814210.9679306,55203
query,1508814210.9679346,1508814211.06911,23330
query,1508814211.0691268,1508814211.389672,55404
query,1508814211.3925915,1508814211.5007098,19987
query,1508814211.5007136,1508814211.5899754,19859
query,1508814211.5899792,1508814211.8109438,53210
query,1508814211.8109488,1508814212.0492103,43351
query,1508814212.0492144,1508814212.5340803,72712
query,1508814212.534084,1508814212.8016157,33277
query,1508814212.80162,1508814213.075375,57561
query,1508814213.075379,1508814213.528641,59340
query,1508814213.5286453,1508814213.841358,59546
query,1508814213.841362,1508814214.340518,79405
query,1508814214.3405223,1508814214.5621893,54687
query,1508814214.5621936,1508814214.981029,70065
query,1508814214.981034,1508814215.0095477,1583
query,1508814215.0095522,1508814215.478168,72399
query,1508814215.4781725,1508814215.866824,56344
query,1508814215.8668294,1508814216.0048888,24580
query,1508814216.0048933,1508814216.1566663,22465
query,1508814216.1566706,1508814216.516664,71810
query,1508814216.5166683,1508814216.6473513,21874
query,1508814216.6473682,1508814216.905672,57407
query,1508814216.90805,1508814217.211021,51888
query,1508814217.211025,1508814217.4025552,50159
query,1508814217.4025595,1508814217.5180283,19482
query,1508814217.518033,1508814217.8376608,66589
query,1508814217.837665,1508814218.237886,81174
query,1508814218.2378905,1508814218.4273973,27342
query,1508814218.4274013,1508814218.8184967,72545
query,1508814218.8185012,1508814219.6373596,111281
query,1508814219.6373637,1508814219.9827836,71276
query,1508814219.9827876,1508814220.6917775,105841
query,1508814220.6917818,1508814221.0645902,62807
query,1508814221.0645945,1508814221.2937562,39007
query,1508814221.2937605,1508814221.6889093,90340
query,1508814221.6889133,1508814221.8402233,19358
query,1508814221.8402278,1508814222.2342372,51986
query,1508814222.2342415,1508814222.302389,121
query,1508814222.3023927,1508814222.730978,110765
query,1508814222.7309823,1508814222.8338108,24199
query,1508814222.8338146,1508814223.2547905,76835
query,1508814223.254807,1508814223.7581327,72688
query,1508814223.76058,1508814224.2895694,52167
query,1508814224.2895732,1508814224.754177,76436
query,1508814224.7541811,1508814225.0200162,37721
query,1508814225.0200205,1508814225.186967,21024
query,1508814225.1869714,1508814225.2673876,5703
query,1508814225.267392,1508814225.3916206,20256
query,1508814225.391625,1508814225.6965094,62749
query,1508814225.6965137,1508814225.8452156,14068
query,1508814225.8452199,1508814226.0382197,42302
query,1508814226.038224,1508814226.17892,21890
query,1508814226.1789243,1508814226.2095525,488
query,1508814226.2095566,1508814226.2669446,11054
query,1508814226.2669492,1508814226.8287137,76835
query,1508814226.828718,1508814227.1595826,38315
query,1508814227.1595874,1508814227.572924,69942
query,1508814227.572928,1508814227.720883,19511
query,1508814227.7208874,1508814228.0453303,72712
query,1508814228.0453343,1508814228.3010051,45055
query,1508814228.3010092,1508814228.7972677,71247
query,1508814228.7972834,1508814228.8916848,19777
query,1508814228.8941698,1508814229.6990192,77230
query,1508814229.6990232,1508814229.9822245,57151
query,1508814229.9822283,1508814230.288715,68063
query,1508814230.2887185,1508814230.5291376,60343
query,1508814230.529142,1508814230.7598386,25263
query,1508814230.7598429,1508814230.833261,7889
query,1508814230.833265,1508814231.2185469,75637
query,1508814231.218551,1508814231.6008568,50631
query,1508814231.6008613,1508814231.8422298,64191
query,1508814231.842234,1508814232.0299585,28674
query,1508814232.0299623,1508814232.0503497,79
query,1508814232.0503535,1508814232.3986456,76170
query,1508814232.3986502,1508814232.886211,105760
query,1508814232.886215,1508814233.1405308,66668
query,1508814233.1405346,1508814233.3660967,37725
query,1508814233.3661008,1508814233.4339654,952
query,1508814233.4339693,1508814233.5851202,28054
query,1508814233.5851243,1508814233.8076298,56183
query,1508814233.8076336,1508814233.995676,28052
query,1508814233.9957435,1508814234.3758368,59925
query,1508814234.3786128,1508814234.454785,5862
query,1508814234.4547896,1508814234.81421,58801
query,1508814234.8142138,1508814235.3549347,74679
query,1508814235.3549387,1508814235.5786307,50691
query,1508814235.5786345,1508814236.0140953,75261
query,1508814236.0140998,1508814236.4834182,71596
query,1508814236.4834228,1508814236.8980987,66864
query,1508814236.898103,1508814237.3063698,69998
query,1508814237.3063738,1508814237.3621,2608
query,1508814237.3621037,1508814237.7225034,47993
query,1508814237.7225072,1508814238.038533,59475
query,1508814238.0385373,1508814238.5059652,76523
query,1508814238.5059698,1508814238.6941319,27949
query,1508814238.6941361,1508814239.3741128,76835
query,1508814239.374117,1508814239.6304436,56214
query,1508814239.630448,1508814240.3778002,76523
query,1508814240.3778038,1508814240.630971,20883
query,1508814240.630975,1508814240.9545496,61674
query,1508814240.9545538,1508814241.2086844,32952
query,1508814241.2086997,1508814241.4436388,61517
query,1508814241.4460857,1508814241.86226,74714
query,1508814241.862264,1508814241.908884,910
query,1508814241.9088883,1508814242.4311495,66117
query,1508814242.4311533,1508814242.9014614,76436
query,1508814242.9014657,1508814243.0538883,32871
query,1508814243.0538929,1508814243.1829867,21343
query,1508814243.1829906,1508814243.2364,2608
query,1508814243.2364032,1508814243.448655,35208
query,1508814243.448659,1508814243.619089,39212
query,1508814243.6190934,1508814243.9556382,58100
query,1508814243.9556422,1508814244.3638725,76400
query,1508814244.3638763,1508814245.1372843,112346
query,1508814245.137288,1508814245.5889225,65286
query,1508814245.5889263,1508814245.9164119,30723
query,1508814245.9164162,1508814246.309184,91080
query,1508814246.3091877,1508814246.674058,56613
query,1508814246.674062,1508814246.9321053,30262
query,1508814246.9321089,1508814247.288681,57948
query,1508814247.2886848,1508814247.539384,52973
query,1508814247.5394013,1508814247.6228507,8640
query,1508814247.625348,1508814248.1607735,62501
query,1508814248.1607776,1508814248.6313748,63460
query,1508814248.6313791,1508814248.8500075,30595
query,1508814248.8500118,1508814249.2736242,57610
query,1508814249.2736285,1508814249.5872843,50011
query,1508814249.5872886,1508814249.6339889,128
query,1508814249.6339924,1508814249.857391,17389
query,1508814249.8573956,1508814250.1014628,52176
query,1508814250.101467,1508814250.1555161,9259
query,1508814250.15552,1508814250.789386,84356
query,1508814250.7893906,1508814251.1701646,53166
query,1508814251.1701694,1508814251.573151,76523
query,1508814251.5731554,1508814251.777831,40550
query,1508814251.7778344,1508814251.920339,26728
query,1508814251.920343,1508814252.540915,85723
query,1508814252.540919,1508814252.9281778,47646
query,1508814252.928182,1508814253.4089925,78726
query,1508814253.4089966,1508814253.4530742,294
query,1508814253.4530778,1508814253.8874419,56597
query,1508814253.8874588,1508814254.3622787,87517
query,1508814254.364907,1508814254.4433372,8607
query,1508814254.4433413,1508814254.9400008,47691
query,1508814254.9400048,1508814255.3647456,101773
query,1508814255.36475,1508814255.4699376,10183
query,1508814255.4699419,1508814255.6180928,33575
query,1508814255.6180973,1508814256.0186772,64236
query,1508814256.0186813,1508814256.4988246,75824
query,1508814256.4988284,1508814256.9862182,75824
query,1508814256.9862223,1508814257.510111,76255
query,1508814257.5101151,1508814257.818701,73861
query,1508814257.818705,1508814258.2187955,60262
query,1508814258.2187996,1508814258.7790935,65835
query,1508814258.7790985,1508814259.0662715,51332
query,1508814259.0662758,1508814259.5149627,77397
query,1508814259.5149667,1508814260.0260742,57060
query,1508814260.0260782,1508814260.122445,7427
query,1508814260.122449,1508814260.6795235,101905
query,1508814260.6795275,1508814260.7124114,0
query,1508814260.7124155,1508814261.0815935,63012
query,1508814261.081609,1508814261.5318427,52168
query,1508814261.5343397,1508814261.7721884,22577
query,1508814261.7721925,1508814262.166222,90746
query,1508814262.1662261,1508814262.5938494,66704
query,1508814262.5938537,1508814262.7741058,18628
query,1508814262.7741098,1508814263.232462,65186
query,1508814263.232466,1508814263.4476266,55626
query,1508814263.4476314,1508814263.9282432,105736
query,1508814263.9282475,1508814264.1498563,15644
query,1508814264.149861,1508814264.5783322,76436
query,1508814264.5783362,1508814265.0233083,63259
query,1508814265.0233128,1508814265.7820842,87517
query,1508814265.7820883,1508814266.178084,39067
query,1508814266.178088,1508814266.2619898,124
query,1508814266.2619936,1508814266.5100937,43957
query,1508814266.5100975,1508814266.9224393,66209
query,1508814266.922443,1508814267.1039195,43355
query,1508814267.103924,1508814267.6680462,74679
query,1508814267.6680503,1508814268.3382442,71339
query,1508814268.3382485,1508814268.6302152,29302
query,1508814268.630232,1508814269.1279368,68178
query,1508814269.1304193,1508814269.6481535,90282
query,1508814269.6481576,1508814269.853435,33264
query,1508814269.8534393,1508814270.2775745,74676
query,1508814270.2775784,1508814270.8131697,60304
query,1508814270.8131735,1508814271.3865044,74835
query,1508814271.386509,1508814271.7459888,80783
query,1508814271.7459931,1508814271.9522645,50265
query,1508814271.9522684,1508814272.4282222,54981
query,1508814272.4282262,1508814272.4827402,2733
query,1508814272.4827437,1508814272.764829,65247
query,1508814272.7648337,1508814273.0845652,56280
query,1508814273.0845692,1508814273.1372173,3682
query,1508814273.1372218,1508814273.3341448,32984
query,1508814273.3341484,1508814273.9832356,72701
query,1508814273.9832394,1508814274.49432,56472
query,1508814274.4943237,1508814274.8399744,76370
query,1508814274.839979,1508814275.1867752,71723
query,1508814275.1867793,1508814275.725207,60088
query,1508814275.7252116,1508814276.0495975,71428
query,1508814276.0496137,1508814276.2773268,58823
query,1508814276.279815,1508814276.9942572,90721
query,1508814276.994261,1508814277.3740356,72357
query,1508814277.3740401,1508814277.8234868,58433
query,1508814277.8234906,1508814278.4185536,74413
query,1508814278.4185574,1508814278.4901435,5280
query,1508814278.4901476,1508814278.638119,23559
query,1508814278.638123,1508814279.0781016,63778
query,1508814279.078106,1508814279.311197,42087
query,1508814279.3112009,1508814279.3482907,4699
query,1508814279.3482945,1508814279.6367238,52164
query,1508814279.636728,1508814279.9983294,58177
query,1508814279.9983332,1508814280.4097252,76717
query,1508814280.4097292,1508814280.552692,30392
query,1508814280.5526958,1508814280.9532971,71252
query,1508814280.953301,1508814281.3451474,56197
query,1508814281.3451524,1508814281.4991205,31634
query,1508814281.4991243,1508814281.650891,29003
query,1508814281.6508946,1508814282.2021842,68178
query,1508814282.2021885,1508814282.3645487,27622
query,1508814282.364565,1508814282.4280221,3905
query,1508814282.4304457,1508814282.8348024,69346
query,1508814282.8348064,1508814283.4046476,90481
query,1508814283.4046514,1508814283.7770119,84362
query,1508814283.777016,1508814284.1829221,58094
query,1508814284.1829262,1508814284.3036022,30584
query,1508814284.303606,1508814284.5223203,37055
query,1508814284.522324,1508814285.125325,86460
query,1508814285.1253288,1508814285.1824389,72
query,1508814285.182443,1508814285.601612,59561
query,1508814285.601616,1508814285.9539115,39915
query,1508814285.9539156,1508814286.3844178,61851
query,1508814286.3844216,1508814286.6718452,51513
query,1508814286.6718493,1508814287.1897106,79134
query,1508814287.1897144,1508814287.5525668,70028
query,1508814287.5525713,1508814287.9898925,76748
query,1508814287.9898968,1508814288.0283353,6503
query,1508814288.0283399,1508814288.42067,66024
query,1508814288.4206738,1508814288.619166,45646
query,1508814288.6191702,1508814289.010654,80679
query,1508814289.0106714,1508814289.5532458,80355
query,1508814289.5556326,1508814289.9244347,54037
query,1508814289.9244387,1508814290.5419912,71594
query,1508814290.5419953,1508814290.9338195,56745
query,1508814290.9338238,1508814291.0702004,20059
query,1508814291.0702043,1508814291.1105232,110
query,1508814291.110527,1508814291.20891,10725
query,1508814291.2089145,1508814291.3220484,10244
query,1508814291.3220522,1508814291.5698848,47348
query,1508814291.5698886,1508814291.7737591,44437
query,1508814291.7737632,1508814292.0922751,59618
query,1508814292.0922792,1508814292.4363098,59730
query,1508814292.436314,1508814292.7895179,57535
query,1508814292.7895224,1508814292.9489186,19136
query,1508814292.9489229,1508814293.49434,58280
query,1508814293.4943442,1508814293.9507923,59573
query,1508814293.9507966,1508814294.338109,57194
query,1508814294.338113,1508814294.8860843,56840
query,1508814294.886088,1508814295.366101,39309
query,1508814295.3661053,1508814295.6693757,38750
query,1508814295.6693926,1508814295.8456821,31691
query,1508814295.8481312,1508814296.2075026,66061
query,1508814296.2075064,1508814296.6376529,63180
query,1508814296.6376567,1508814297.2492175,79996
query,1508814297.2492218,1508814297.600455,58308
query,1508814297.6004596,1508814298.0701444,65014
query,1508814298.0701482,1508814298.1470983,7288
query,1508814298.1471026,1508814298.602841,40602
query,1508814298.602845,1508814299.0233698,65640
query,1508814299.0233736,1508814299.287402,49502
query,1508814299.287406,1508814299.6525567,90452
query,1508814299.6525607,1508814299.8057084,21377
query,1508814299.8057125,1508814300.0406995,44465
query,1508814300.0407038,1508814300.3593056,56523
query,1508814300.3593097,1508814300.696637,59992
query,1508814300.696641,1508814300.9967027,45173
query,1508814300.9967065,1508814301.0648596,14564
query,1508814301.0648634,1508814301.6010718,68681
query,1508814301.601076,1508814301.6741774,0
query,1508814301.6741815,1508814301.7244759,9543
query,1508814301.7244918,1508814302.0606418,71204
query,1508814302.0630522,1508814302.347664,52110
query,1508814302.3476682,1508814302.6134326,29967
query,1508814302.613437,1508814302.6649532,9
query,1508814302.6649573,1508814303.24196,74835
query,1508814303.2419639,1508814303.6696835,78216
query,1508814303.6696877,1508814304.1081421,74566
query,1508814304.1081464,1508814304.4929614,68338
query,1508814304.4929655,1508814304.6379051,30761
query,1508814304.637909,1508814304.7178648,11442
query,1508814304.7178686,1508814304.9274323,31939
query,1508814304.9274364,1508814305.1234462,29884
query,1508814305.12345,1508814305.4396374,63465
query,1508814305.4396417,1508814305.9325163,105844
query,1508814305.93252,1508814305.9824002,548
query,1508814305.9824045,1508814306.0700371,10039
query,1508814306.0700412,1508814306.6402512,91369
query,1508814306.6402555,1508814306.9384868,75370
query,1508814306.9384906,1508814307.3000448,58753
query,1508814307.300049,1508814307.862078,77100
query,1508814307.8620944,1508814308.3221831,57061
query,1508814308.3246632,1508814308.5585406,44597
query,1508814308.5585446,1508814308.7445753,28414
query,1508814308.7445796,1508814309.3465555,76255
query,1508814309.3465595,1508814309.5992765,60029
query,1508814309.5992806,1508814309.8510842,44768
query,1508814309.851087,1508814310.145785,54853
query,1508814310.1457899,1508814310.4534693,67117
query,1508814310.453473,1508814310.6295013,43991
query,1508814310.6295054,1508814310.822806,21435
query,1508814310.8228102,1508814311.2227554,70431
query,1508814311.2227597,1508814311.408729,43820
query,1508814311.4087334,1508814311.7803214,53350
query,1508814311.7803257,1508814312.045047,65465
query,1508814312.0450513,1508814312.2126205,44434
query,1508814312.2126243,1508814312.5220628,39367
query,1508814312.5220668,1508814312.8382947,54066
query,1508814312.8382995,1508814313.0217967,18521
query,1508814313.021801,1508814313.67007,76728
query,1508814313.6700742,1508814314.3303475,71771
query,1508814314.330365,1508814314.459973,20189
query,1508814314.4625392,1508814314.7177007,62267
query,1508814314.717705,1508814315.086098,74714
query,1508814315.0861018,1508814315.3155484,58653
query,1508814315.3155522,1508814315.400396,14780
query,1508814315.4004002,1508814315.7063904,66080
query,1508814315.706395,1508814316.1063213,70849
query,1508814316.1063254,1508814316.3100328,55116
query,1508814316.310037,1508814316.8347428,65573
query,1508814316.8347476,1508814317.1884842,72348
query,1508814317.188489,1508814317.5373259,65579
query,1508814317.53733,1508814317.8582501,76038
query,1508814317.858254,1508814318.3506947,71810
query,1508814318.3506985,1508814318.6854482,69418
query,1508814318.685452,1508814319.1286902,79956
query,1508814319.128695,1508814319.174068,4196
query,1508814319.1740725,1508814319.2976186,24580
query,1508814319.2976227,1508814319.6085935,57974
query,1508814319.6085975,1508814319.843128,30506
query,1508814319.8431318,1508814319.9907973,28760
query,1508814319.990813,1508814320.2796292,60089
query,1508814320.2828577,1508814320.5601494,61971
query,1508814320.5601535,1508814320.6236305,14678
query,1508814320.6236343,1508814321.025967,87517
query,1508814321.025971,1508814321.389175,93346
query,1508814321.389179,1508814321.773798,85613
query,1508814321.7738023,1508814322.3727255,68981
query,1508814322.3727295,1508814322.7678308,87646
query,1508814322.767835,1508814323.2383997,74714
query,1508814323.2384038,1508814323.67488,61399
query,1508814323.6748838,1508814323.7064714,2399
query,1508814323.706475,1508814324.0514746,79172
query,1508814324.0515018,1508814324.2848241,32887
query,1508814324.2848287,1508814324.625427,75824
query,1508814324.6254313,1508814324.9304833,66726
query,1508814324.9304874,1508814325.146225,30667
query,1508814325.1462288,1508814325.4940965,56720
query,1508814325.4941008,1508814325.8220847,68067
query,1508814325.8220885,1508814326.2334008,71992
query,1508814326.2334044,1508814326.712687,68681
query,1508814326.712703,1508814327.2051787,78659
query,1508814327.2075589,1508814327.651052,66254
query,1508814327.651056,1508814328.0884464,73382
query,1508814328.0884507,1508814328.5221927,66110
query,1508814328.5221965,1508814328.7459974,38906
query,1508814328.7460012,1508814328.8909063,31455
query,1508814328.8909104,1508814329.4795659,61891
query,1508814329.47957,1508814329.7698638,71428
query,1508814329.7698684,1508814329.810188,8071
query,1508814329.8101923,1508814330.2766726,60304
query,1508814330.276677,1508814330.4819841,20971
query,1508814330.4819882,1508814330.8175952,66770
query,1508814330.817599,1508814330.9678636,33410
query,1508814330.9678679,1508814331.4376314,68338
query,1508814331.4376352,1508814331.5192049,9770
query,1508814331.519209,1508814331.9552631,71918
query,1508814331.955267,1508814332.2286494,59618
query,1508814332.228654,1508814332.4672234,59599
query,1508814332.4672272,1508814332.7804923,56456
query,1508814332.7804964,1508814333.2785184,90746
query,1508814333.2785344,1508814333.7941709,66770
query,1508814333.7966247,1508814333.9296095,20093
query,1508814333.9296136,1508814334.0468261,8508
query,1508814334.0468304,1508814334.4507902,76893
query,1508814334.4507942,1508814334.9909883,59193
query,1508814334.9909923,1508814335.1749823,44006
query,1508814335.1749861,1508814335.9293618,105841
query,1508814335.929366,1508814336.0861294,20363
query,1508814336.0861332,1508814336.628048,61490
query,1508814336.628052,1508814337.2782588,67048
query,1508814337.278263,1508814337.842083,71989
query,1508814337.842087,1508814337.9979887,15111
query,1508814337.9979928,1508814338.658793,68522
query,1508814338.6587977,1508814339.1606698,59320
query,1508814339.1606734,1508814339.3767188,30443
query,1508814339.3767235,1508814339.4766808,20273
query,1508814339.476685,1508814340.098449,79732
query,1508814340.098453,1508814340.9581301,74832
query,1508814340.9581344,1508814341.273922,61020
query,1508814341.273926,1508814341.7009513,50587
query,1508814341.7009676,1508814342.0621715,38072
query,1508814342.0655093,1508814342.3440244,54034
query,1508814342.3440287,1508814342.7046487,64907
query,1508814342.7046525,1508814342.989781,50611
query,1508814342.9897847,1508814343.2768493,64557
query,1508814343.2768533,1508814343.7281938,59819
query,1508814343.7281983,1508814343.9660811,54996
query,1508814343.966085,1508814344.2047548,62607
query,1508814344.2047591,1508814344.322221,26759
query,1508814344.3222256,1508814344.379508,9998
query,1508814344.3795114,1508814344.5462675,31765
query,1508814344.5462716,1508814344.9163723,61473
query,1508814344.9163764,1508814344.9843452,3993
query,1508814344.984349,1508814345.238809,21412
query,1508814345.2388127,1508814345.7877996,75884
query,1508814345.787804,1508814346.1335952,78021
query,1508814346.1335993,1508814346.5257018,75693
query,1508814346.525706,1508814346.7239726,41740
query,1508814346.7239766,1508814347.1726766,69304
query,1508814347.1726809,1508814347.597266,51947
query,1508814347.5972817,1508814347.9052515,58541
query,1508814347.9076126,1508814348.193886,36369
query,1508814348.19389,1508814348.692102,79479
query,1508814348.6921058,1508814348.9035726,21568
query,1508814348.9035764,1508814349.088466,19776
query,1508814349.0884697,1508814349.3016112,30262
query,1508814349.3016152,1508814349.5047388,32838
query,1508814349.5047429,1508814349.7462013,53509
query,1508814349.7462049,1508814350.147525,47565
query,1508814350.147529,1508814350.243896,7645
query,1508814350.2439,1508814350.4290009,28079
query,1508814350.4290054,1508814350.55436,9938
query,1508814350.5543642,1508814350.616201,6795
query,1508814350.616205,1508814350.84206,38940
query,1508814350.842064,1508814351.0420885,20103
query,1508814351.0420923,1508814351.405892,61625
query,1508814351.405896,1508814351.8668551,65337
query,1508814351.8668592,1508814352.354352,65007
query,1508814352.3543563,1508814352.5822227,27898
query,1508814352.5822265,1508814353.0821354,85472
query,1508814353.0821517,1508814353.5888412,54718
query,1508814353.591227,1508814354.052787,85155
query,1508814354.0528343,1508814354.4297607,42094
query,1508814354.4297645,1508814354.746123,65750
query,1508814354.7461271,1508814355.0413554,68338
query,1508814355.041359,1508814355.6071486,62466
query,1508814355.6071525,1508814356.0700974,35580
query,1508814356.0701013,1508814356.172107,13151
query,1508814356.1721108,1508814356.3484251,33045
query,1508814356.3484292,1508814356.7958047,70194
query,1508814356.7958095,1508814356.9085333,9612
query,1508814356.9085371,1508814356.9520137,0
query,1508814356.9520173,1508814357.428685,59871
query,1508814357.4286888,1508814357.6535475,53014
query,1508814357.6535513,1508814357.9375434,24048
query,1508814357.9375477,1508814358.3500504,68584
query,1508814358.3500543,1508814358.5656836,33447
query,1508814358.5656874,1508814358.9217875,71090
query,1508814358.9217916,1508814359.1781616,65347
query,1508814359.1781662,1508814359.4021533,35104
query,1508814359.402171,1508814359.6938279,49248
query,1508814359.6964293,1508814359.9454584,63815
query,1508814359.9454622,1508814360.298128,49258
query,1508814360.2981322,1508814360.9421978,66726
query,1508814360.9422016,1508814361.3845718,71086
query,1508814361.3845758,1508814361.550072,38791
query,1508814361.550076,1508814361.9661393,72774
query,1508814361.9661438,1508814362.3300788,78790
query,1508814362.3300827,1508814362.8582222,69346
query,1508814362.8582263,1508814363.1541243,50676
query,1508814363.1541283,1508814363.395823,53206
query,1508814363.395827,1508814363.50204,8552
query,1508814363.5020442,1508814363.8130505,57272
query,1508814363.813055,1508814364.0691924,31965
query,1508814364.0691965,1508814364.3941426,47589
query,1508814364.3941464,1508814364.9298258,71567
query,1508814364.9298298,1508814365.2890406,71220
query,1508814365.2890449,1508814365.5553756,33136
query,1508814365.5553799,1508814365.837637,39569
query,1508814365.837641,1508814366.101191,58713
query,1508814366.1012084,1508814366.2462885,21471
query,1508814366.2492912,1508814366.605534,65117
query,1508814366.605538,1508814366.9923263,74013
query,1508814366.99233,1508814367.1260893,33496
query,1508814367.1260936,1508814367.9383383,101905
query,1508814367.9383423,1508814368.4126747,71978
query,1508814368.412679,1508814368.7789104,75322
query,1508814368.7789145,1508814369.2301338,66318
query,1508814369.2301376,1508814369.5564213,41325
query,1508814369.5564249,1508814370.2488973,70579
query,1508814370.2489014,1508814370.8061254,76441
query,1508814370.806129,1508814371.1707716,55384
query,1508814371.1707757,1508814371.4301686,38816
query,1508814371.4301727,1508814371.6641374,33130
query,1508814371.6641414,1508814371.7047367,6
query,1508814371.7047403,1508814372.1987793,65610
query,1508814372.1987832,1508814372.5666523,71709
query,1508814372.5666566,1508814372.8420398,57823
query,1508814372.8420436,1508814373.36191,60226
query,1508814373.3619144,1508814373.4256995,10154
query,1508814373.425717,1508814373.5441704,23314
query,1508814373.5469391,1508814373.6310754,18391
query,1508814373.6310794,1508814374.1353066,65582
query,1508814374.1353104,1508814374.2332294,9522
query,1508814374.2332337,1508814374.277994,1135
query,1508814374.2779977,1508814374.902106,73415
query,1508814374.9021099,1508814375.3607621,78022
query,1508814375.3607662,1508814375.9304392,76918
query,1508814375.930443,1508814376.3340826,69021
query,1508814376.3340864,1508814376.4420967,9252
query,1508814376.4421008,1508814376.5782366,30151
query,1508814376.5782409,1508814376.911678,75251
query,1508814376.9116821,1508814377.315026,65649
query,1508814377.3150299,1508814377.6780028,59546
query,1508814377.6780066,1508814377.8791835,33095
query,1508814377.8791876,1508814378.1394851,48551
query,1508814378.1394892,1508814378.167244,306
query,1508814378.1672478,1508814378.6854799,64856
query,1508814378.685484,1508814378.7381113,215
query,1508814378.738115,1508814378.986147,34823
query,1508814378.9861639,1508814379.5490718,55069
query,1508814379.5516748,1508814379.721344,43165
query,1508814379.721348,1508814380.1683178,58312
query,1508814380.1683218,1508814380.2820408,7611
query,1508814380.2820446,1508814380.6461425,61187
query,1508814380.6461465,1508814380.9783597,66730
query,1508814380.9783638,1508814381.069998,19023
query,1508814381.0700026,1508814381.4622524,67048
query,1508814381.462256,1508814381.6365535,22102
query,1508814381.6365576,1508814381.8904958,30309
query,1508814381.8905,1508814382.3500957,105802
query,1508814382.3500998,1508814382.8712273,74714
query,1508814382.8712318,1508814383.0437756,28938
query,1508814383.0437796,1508814383.7416186,74712
query,1508814383.7416232,1508814383.9978044,43653
query,1508814383.9978085,1508814384.1995409,51911
query,1508814384.1995451,1508814384.4600146,43993
query,1508814384.4600186,1508814384.5764198,19933
query,1508814384.5764236,1508814384.912957,33606
query,1508814384.9129608,1508814385.410109,67138
query,1508814385.4101255,1508814385.6621127,33472
query,1508814385.6645737,1508814386.2950544,72531
query,1508814386.2950592,1508814386.7180436,78040
query,1508814386.7180479,1508814387.1662319,76523
query,1508814387.166236,1508814387.4086082,47513
query,1508814387.4086123,1508814388.4581945,112346
query,1508814388.4581985,1508814388.7547953,57603
query,1508814388.7547991,1508814389.2422132,67482
query,1508814389.242217,1508814389.8520296,68623
query,1508814389.8520336,1508814390.3308907,71774
query,1508814390.3308952,1508814390.6683378,47340
query,1508814390.6683424,1508814391.0044684,69681
query,1508814391.0044727,1508814391.3509898,66720
query,1508814391.350994,1508814391.836231,70909
query,1508814391.8362353,1508814392.1367683,30881
query,1508814392.1367726,1508814392.4017086,56930
query,1508814392.4017127,1508814393.040696,102018
query,1508814393.0407002,1508814393.4003084,58071
query,1508814393.4003124,1508814393.8123317,63740
query,1508814393.8123362,1508814394.2777972,76175
query,1508814394.2778132,1508814394.4523733,36892
query,1508814394.4552808,1508814394.7652051,58002
query,1508814394.7652097,1508814394.9746234,32956
query,1508814394.9746277,1508814395.0537887,2608
query,1508814395.053793,1508814395.357866,52573
query,1508814395.35787,1508814395.6297662,45902
query,1508814395.6297703,1508814395.6980803,144
query,1508814395.6980839,1508814395.9540527,56936
query,1508814395.9540565,1508814396.2905517,71810
query,1508814396.2905555,1508814396.672902,61272
query,1508814396.6729062,1508814397.0659266,65117
query,1508814397.0659304,1508814397.4521337,58548
query,1508814397.4521375,1508814397.622587,20931
query,1508814397.6225908,1508814397.9546158,40711
query,1508814397.9546196,1508814398.2623088,59938
query,1508814398.262313,1508814398.5276093,68259
query,1508814398.5276132,1508814398.8498616,75149
query,1508814398.8498652,1508814399.0871196,57049
query,1508814399.0871236,1508814399.3542259,39282
query,1508814399.3542302,1508814399.7645562,72042
query,1508814399.7645724,1508814400.040757,52759
query,1508814400.0439055,1508814400.3182216,43653
query,1508814400.3182254,1508814400.3741202,9532
query,1508814400.374124,1508814400.41402,2218
query,1508814400.414024,1508814400.7453456,66198
query,1508814400.7453496,1508814400.7895298,17
query,1508814400.7895339,1508814400.9755197,45732
query,1508814400.9755232,1508814401.0125575,7045
query,1508814401.012561,1508814401.4893198,78894
query,1508814401.489324,1508814401.633135,20814
query,1508814401.6331394,1508814401.7838058,28637
query,1508814401.7838101,1508814402.1337173,72807
query,1508814402.1337218,1508814402.5026197,55949
query,1508814402.5026236,1508814402.838323,74714
query,1508814402.8383272,1508814402.9267333,17192
query,1508814402.926737,1508814403.2066662,43910
query,1508814403.20667,1508814403.455609,64400
query,1508814403.4556131,1508814403.7041006,43047
query,1508814403.7041044,1508814404.0301878,59590
query,1508814404.0301926,1508814404.2781389,32840
query,1508814404.2781546,1508814404.426124,36241
query,1508814404.42926,1508814404.7855196,39419
query,1508814404.785524,1508814404.9141378,29453
query,1508814404.914142,1508814405.2527158,65411
query,1508814405.2527196,1508814405.298034,3726
query,1508814405.2980378,1508814405.3660243,2608
query,1508814405.3660285,1508814405.8518426,105649
query,1508814405.8518467,1508814405.9860642,30779
query,1508814405.9860687,1508814406.0578728,11123
query,1508814406.0578768,1508814406.3950224,71709
query,1508814406.3950262,1508814406.7811615,65955
query,1508814406.781166,1508814407.2339633,82597
query,1508814407.2339673,1508814407.774616,57123
query,1508814407.7746198,1508814408.3226821,78790
query,1508814408.3226864,1508814408.4541032,20140
query,1508814408.4541073,1508814408.8142679,74714
query,1508814408.8142724,1508814409.0172403,45182
query,1508814409.0172453,1508814409.4581745,98485
query,1508814409.4581788,1508814409.8716161,71955
query,1508814409.8716202,1508814410.234335,63458
query,1508814410.234352,1508814410.68922,90515
query,1508814410.6915598,1508814411.2832246,72357
query,1508814411.2832284,1508814411.6545744,71471
query,1508814411.6545784,1508814411.787422,7611
query,1508814411.7874262,1508814412.148567,46216
query,1508814412.1485705,1508814412.2914462,20365
query,1508814412.29145,1508814412.352539,13215
query,1508814412.352543,1508814412.7057133,50011
query,1508814412.7057173,1508814413.0341327,54547
query,1508814413.0341365,1508814413.4806721,68259
query,1508814413.4806762,1508814413.7896726,67048
query,1508814413.7896764,1508814414.0722835,32134
query,1508814414.0722873,1508814414.1436079,11239
query,1508814414.1436121,1508814414.4980967,63120
query,1508814414.4981003,1508814414.9607441,74492
query,1508814414.9607487,1508814415.0112255,135
query,1508814415.0112293,1508814415.072928,6876
query,1508814415.0729322,1508814415.2482734,41968
query,1508814415.2482774,1508814415.329145,11752
query,1508814415.3291488,1508814415.6671975,50599
query,1508814415.6672149,1508814415.8939087,37463
query,1508814415.8963318,1508814416.1646907,68002
query,1508814416.1646945,1508814416.444218,44693
query,1508814416.4442222,1508814416.9074006,76835
query,1508814416.9074047,1508814417.057156,30416
query,1508814417.0571606,1508814417.3180487,39642
query,1508814417.3180525,1508814417.8588355,61292
query,1508814417.8588395,1508814418.2339475,69446
query,1508814418.2339516,1508814418.5341308,70287
query,1508814418.5341356,1508814418.9982023,72820
query,1508814418.998206,1508814419.3673437,66453
query,1508814419.367348,1508814419.679303,71636
query,1508814419.6793072,1508814419.9652736,59259
query,1508814419.9652777,1508814420.3540142,65835
query,1508814420.354018,1508814420.405677,6406
query,1508814420.4056814,1508814420.735846,59890
query,1508814420.7358503,1508814421.0440454,39951
query,1508814421.0440495,1508814421.6843688,74775
query,1508814421.684373,1508814421.9976475,66691
query,1508814421.9976513,1508814422.45015,74403
query,1508814422.4501646,1508814422.818667,69346
query,1508814422.8215313,1508814422.905061,13246
query,1508814422.905065,1508814423.2585294,61272
query,1508814423.2585337,1508814423.6566145,61851
query,1508814423.6566184,1508814423.732591,10789
query,1508814423.7325947,1508814423.907002,28411
query,1508814423.9070058,1508814423.9737787,2608
query,1508814423.9737825,1508814424.442674,62012
query,1508814424.4426777,1508814424.84403,59938
query,1508814424.8440337,1508814425.27822,72230
query,1508814425.2782242,1508814425.7290306,79172
query,1508814425.7290347,1508814425.955734,35909
query,1508814425.955739,1508814426.3179865,71216
query,1508814426.3179903,1508814426.4451294,20093
query,1508814426.4451342,1508814426.8785696,71333
query,1508814426.8785734,1508814427.1341925,36454
query,1508814427.1341968,1508814427.1985579,4
query,1508814427.1985617,1508814427.7060785,77045
query,1508814427.7060823,1508814428.1581333,76523
query,1508814428.1581373,1508814428.2908547,30775
query,1508814428.2908711,1508814428.6292288,40613
query,1508814428.6321611,1508814428.7871854,29110
query,1508814428.7871897,1508814429.121301,57522
query,1508814429.1213055,1508814429.330451,44643
query,1508814429.3304553,1508814429.4217947,18867
query,1508814429.4217987,1508814429.8742259,60640
query,1508814429.8742297,1508814430.4684393,76918
query,1508814430.4684432,1508814430.9681873,70773
query,1508814430.9681919,1508814431.560087,111555
query,1508814431.560091,1508814431.5899413,3721
query,1508814431.5899446,1508814432.0379531,59853
query,1508814432.0379567,1508814432.6112843,74393
query,1508814432.6112878,1508814432.878709,66239
query,1508814432.8787134,1508814433.2897341,74492
query,1508814433.2897382,1508814433.5621436,68095
query,1508814433.562148,1508814433.7457347,19731
query,1508814433.7457387,1508814433.9574275,53201
query,1508814433.9574318,1508814434.1285214,42333
query,1508814434.1285255,1508814434.4769883,66354
query,1508814434.4769928,1508814434.8462725,85472
query,1508814434.8462894,1508814434.916524,4460
query,1508814434.9196365,1508814435.37711,57862
query,1508814435.3771148,1508814435.4364936,621
query,1508814435.4364974,1508814435.717101,32718
query,1508814435.7171052,1508814435.9422715,42400
query,1508814435.9422758,1508814436.102536,32622
query,1508814436.10254,1508814436.3264608,31450
query,1508814436.326465,1508814436.4703312,18870
query,1508814436.4703355,1508814436.7888222,55404
query,1508814436.7888265,1508814436.8261,2897
query,1508814436.8261042,1508814437.200861,62945
query,1508814437.2008657,1508814437.606032,58467
query,1508814437.6060362,1508814437.825092,21439
query,1508814437.8250966,1508814438.1062937,38940
query,1508814438.1062975,1508814438.1643565,3805
query,1508814438.1643603,1508814438.2940059,21876
query,1508814438.2940102,1508814438.6377134,54193
query,1508814438.6377177,1508814438.8453944,50888
query,1508814438.8453987,1508814439.0660703,31043
query,1508814439.0660741,1508814439.6105013,76835
query,1508814439.6105175,1508814439.768062,19678
query,1508814439.7710826,1508814439.9541278,39579
query,1508814439.9541318,1508814440.5319748,65382
query,1508814440.5319788,1508814440.791914,30419
query,1508814440.791918,1508814441.1741283,76747
query,1508814441.1741326,1508814441.4501786,50223
query,1508814441.4501832,1508814441.8697898,58500
query,1508814441.8697937,1508814441.9388897,1361
query,1508814441.9388936,1508814442.5912004,69299
query,1508814442.591205,1508814442.9542518,58600
query,1508814442.9542556,1508814443.416058,90939
query,1508814443.416062,1508814443.5373304,11340
query,1508814443.5373344,1508814443.9687777,63585
query,1508814443.9687822,1508814444.3185565,54602
query,1508814444.3185604,1508814444.7194269,59255
query,1508814444.7194314,1508814445.2711496,105841
query,1508814445.2711535,1508814445.557921,61845
query,1508814445.5579252,1508814445.636677,6923
query,1508814445.6366813,1508814445.741849,16293
query,1508814445.7418528,1508814446.0959225,71496
query,1508814446.0959387,1508814446.1408336,1717
query,1508814446.1431994,1508814446.3782542,35551
query,1508814446.3782582,1508814446.6261017,55730
query,1508814446.6261055,1508814446.9282706,67482
query,1508814446.9282744,1508814447.484878,73449
query,1508814447.484882,1508814448.1410534,68178
query,1508814448.141058,1508814448.321764,31043
query,1508814448.321768,1508814448.4493604,23114
query,1508814448.449365,1508814448.8064163,78257
query,1508814448.8064203,1508814449.0632472,27997
query,1508814449.063251,1508814449.116498,194
query,1508814449.116502,1508814449.5213904,84239
query,1508814449.5213943,1508814449.8983402,71661
query,1508814449.8983443,1508814450.2047753,58397
query,1508814450.2047794,1508814450.7100616,71810
query,1508814450.7100651,1508814451.0557384,62204
query,1508814451.055743,1508814451.1136694,1569
query,1508814451.1136734,1508814451.7813563,73875
query,1508814451.7813601,1508814452.0273483,26739
query,1508814452.027352,1508814452.0774941,66
query,1508814452.0775115,1508814452.4902503,71951
query,1508814452.4926507,1508814452.8148994,62459
query,1508814452.8149035,1508814453.1302989,70658
query,1508814453.1303027,1508814453.4735215,65835
query,1508814453.4735255,1508814453.6895065,55137
query,1508814453.6895123,1508814453.830807,27691
query,1508814453.8308113,1508814454.1737733,60297
query,1508814454.1737773,1508814454.4457524,53231
query,1508814454.4457567,1508814455.1044786,76835
query,1508814455.1044827,1508814455.623455,76207
query,1508814455.623459,1508814455.8612475,62142
query,1508814455.861252,1508814456.2903156,61668
query,1508814456.2903197,1508814456.7180083,84363
query,1508814456.7180123,1508814456.7974002,3646
query,1508814456.7974043,1508814457.3387606,109606
query,1508814457.3387647,1508814457.7174978,56305
query,1508814457.7175019,1508814458.0791705,57233
query,1508814458.0791748,1508814458.3714616,55457
query,1508814458.3714654,1508814458.4043279,436
query,1508814458.4043312,1508814458.7216327,71346
query,1508814458.7216487,1508814458.9296834,33334
query,1508814458.9320734,1508814459.2510655,38408
query,1508814459.2510695,1508814459.6141398,67482
query,1508814459.6141438,1508814459.7191534,10243
query,1508814459.7191572,1508814459.8810344,40590
query,1508814459.88104,1508814460.1992652,54985
query,1508814460.1992693,1508814460.541183,74315
query,1508814460.5411873,1508814460.5820663,146
query,1508814460.58207,1508814460.6365032,360
query,1508814460.6365068,1508814461.0223591,60228
query,1508814461.0223634,1508814461.1432056,21551
query,1508814461.14321,1508814461.7110164,63698
query,1508814461.7110207,1508814462.2145965,60394
query,1508814462.2146008,1508814462.4207366,32952
query,1508814462.4207408,1508814462.749688,39934
query,1508814462.7496922,1508814463.4412384,101780
query,1508814463.4412425,1508814463.8100688,36289
query,1508814463.8100734,1508814463.9737637,44464
query,1508814463.973768,1508814464.292444,42122
query,1508814464.2924483,1508814464.5149639,39023
query,1508814464.5149798,1508814464.5661716,8388
query,1508814464.568621,1508814464.7763247,36701
query,1508814464.776329,1508814465.0682576,30723
query,1508814465.068262,1508814465.304988,56318
query,1508814465.304993,1508814465.85639,90874
query,1508814465.8563943,1508814466.3853724,65400
query,1508814466.3853762,1508814466.4650767,12742
query,1508814466.4650807,1508814466.8131995,36092
query,1508814466.8132033,1508814467.0465665,62277
query,1508814467.0465705,1508814467.2239845,39038
query,1508814467.2239885,1508814467.6008427,84366
query,1508814467.600847,1508814467.7745578,44298
query,1508814467.774562,1508814468.0285802,30127
query,1508814468.0285842,1508814468.2023273,31328
query,1508814468.202331,1508814468.3741682,28496
query,1508814468.374172,1508814468.6227152,53595
query,1508814468.6227193,1508814468.759966,29297
query,1508814468.7599697,1508814469.1221383,64189
query,1508814469.122142,1508814469.3591936,62094
query,1508814469.3591971,1508814469.4834747,18152
query,1508814469.4834902,1508814469.7648313,40535
query,1508814469.7671704,1508814470.1328278,39038
query,1508814470.1328323,1508814470.4304955,56276
query,1508814470.4304993,1508814470.7017076,65534
query,1508814470.701712,1508814471.2072315,74714
query,1508814471.2072353,1508814471.5881507,83220
query,1508814471.5881546,1508814471.9265342,75959
query,1508814471.926538,1508814472.639682,67761
query,1508814472.6396859,1508814472.971198,55508
query,1508814472.9712021,1508814473.3736722,68115
query,1508814473.3736765,1508814473.7608385,64740
query,1508814473.7608428,1508814474.0046625,43367
query,1508814474.0046666,1508814474.432366,61685
query,1508814474.4323711,1508814474.5727372,27372
query,1508814474.5727415,1508814474.6227133,46
query,1508814474.6227176,1508814475.0250187,62843
query,1508814475.0250225,1508814475.085271,7761
query,1508814475.0852745,1508814475.1133916,0
query,1508814475.1133957,1508814475.5128236,57308
query,1508814475.5128286,1508814476.247767,110685
query,1508814476.247784,1508814476.5821252,53330
query,1508814476.5846808,1508814476.7175825,32621
query,1508814476.7175868,1508814476.8305435,12426
query,1508814476.8305473,1508814477.2402854,62598
query,1508814477.2402892,1508814477.2901075,3572
query,1508814477.2901115,1508814477.395269,7611
query,1508814477.3952727,1508814477.8318312,77214
query,1508814477.831835,1508814478.0662007,20778
query,1508814478.0662048,1508814478.7288547,76149
query,1508814478.7288592,1508814478.9780705,30352
query,1508814478.9780748,1508814479.0381596,1799
query,1508814479.0381634,1508814479.4902327,68681
query,1508814479.490237,1508814479.96136,64312
query,1508814479.961364,1508814480.2179282,61679
query,1508814480.2179322,1508814480.7244275,80717
query,1508814480.7244318,1508814481.0699337,74052
query,1508814481.0699382,1508814481.3495593,57333
query,1508814481.3495636,1508814481.6541493,68106
query,1508814481.6541536,1508814482.005378,76541
query,1508814482.0053818,1508814482.2298515,51173
query,1508814482.2298698,1508814482.3326247,13387
query,1508814482.335043,1508814482.5955057,28159
query,1508814482.5955098,1508814483.062859,48741
query,1508814483.0628629,1508814483.1620958,10977
query,1508814483.1620996,1508814483.4181538,42791
query,1508814483.4181576,1508814483.9141603,71140
query,1508814483.9141643,1508814484.31127,91021
query,1508814484.3112738,1508814484.369718,9969
query,1508814484.369722,1508814484.533,32125
query,1508814484.5330048,1508814484.766651,47766
query,1508814484.7666554,1508814484.801835,46
query,1508814484.8018386,1508814485.1064463,63569
query,1508814485.1064503,1508814485.4551911,74315
query,1508814485.4551957,1508814485.888948,110685
query,1508814485.888952,1508814485.9980524,18871
query,1508814485.9980564,1508814486.1045184,15950
query,1508814486.1045227,1508814486.678259,111632
query,1508814486.6782632,1508814487.1457384,74714
query,1508814487.1457431,1508814487.4567418,75884
query,1508814487.456746,1508814487.8740366,59729
query,1508814487.874053,1508814487.953987,18294
query,1508814487.9565818,1508814488.2877417,68026
query,1508814488.2877464,1508814488.6484625,76835
query,1508814488.6484668,1508814488.9843547,75824
query,1508814488.9843585,1508814489.045682,2571
query,1508814489.04569,1508814489.5702777,59786
query,1508814489.5702817,1508814489.9730678,67048
query,1508814489.9730718,1508814490.0962567,10725
query,1508814490.0962605,1508814490.372463,29738
query,1508814490.372467,1508814490.701663,77972
query,1508814490.701667,1508814491.030146,56657
query,1508814491.0301497,1508814491.3472707,45187
query,1508814491.347275,1508814491.6406806,47701
query,1508814491.6406846,1508814491.820773,21453
query,1508814491.8207767,1508814491.8452508,1
query,1508814491.845255,1508814492.0725532,33472
query,1508814492.0725574,1508814492.2515204,20202
query,1508814492.2515247,1508814492.4804575,57135
query,1508814492.4804618,1508814492.817445,63253
query,1508814492.8174493,1508814493.0025065,33963
query,1508814493.0025227,1508814493.2102387,55521
query,1508814493.2127867,1508814493.5180953,64358
query,1508814493.5180998,1508814493.7703178,58770
query,1508814493.7703216,1508814494.0886915,57792
query,1508814494.0886953,1508814494.420656,57989
query,1508814494.4206603,1508814494.7532542,76918
query,1508814494.753258,1508814495.0579896,65874
query,1508814495.0579944,1508814495.303678,63766
query,1508814495.303682,1508814495.7351503,113526
query,1508814495.735154,1508814495.8345077,16022
query,1508814495.8345113,1508814496.153596,58923
query,1508814496.1536002,1508814496.389405,62994
query,1508814496.389409,1508814496.834447,64907
query,1508814496.8344512,1508814497.354294,66834
query,1508814497.354298,1508814497.4689217,15302
query,1508814497.4689267,1508814497.5165577,734
query,1508814497.5165622,1508814497.9245737,67973
query,1508814497.9245777,1508814498.0673406,23416
query,1508814498.0673447,1508814498.3937309,71243
query,1508814498.393735,1508814498.6902266,55131
