tables,1509036421.859525,1509039314.8897893
query,1509039314.8905327,1509039317.5817504,1249
query,1509039317.5970256,1509039318.6233945,2431
query,1509039318.6233983,1509039318.7656531,1106
query,1509039318.765657,1509039318.8910182,559
query,1509039318.8910222,1509039319.0027068,1263
query,1509039319.0027106,1509039319.1652286,305
query,1509039319.1652327,1509039319.2541566,13
query,1509039319.2541604,1509039320.0437906,2023
query,1509039320.0437942,1509039320.1417801,1273
query,1509039320.1417837,1509039320.4245677,1731
query,1509039320.4245713,1509039320.4812288,0
query,1509039320.4812326,1509039320.5772576,19
query,1509039320.577261,1509039320.6726148,1186
query,1509039320.6726186,1509039321.1773498,2020
query,1509039321.1773536,1509039321.3967726,857
query,1509039321.3967762,1509039321.5191197,715
query,1509039321.5191233,1509039321.5926433,1508
query,1509039321.5926464,1509039321.801762,2377
query,1509039321.8017669,1509039322.2509453,2025
query,1509039322.250949,1509039322.3605516,294
query,1509039322.3606036,1509039322.6140046,1692
query,1509039322.6265495,1509039323.180442,2024
query,1509039323.1804469,1509039323.334391,15
query,1509039323.3343954,1509039323.6452057,2624
query,1509039323.6452096,1509039324.1384583,2020
query,1509039324.138462,1509039324.2440672,51
query,1509039324.2440712,1509039324.5198348,2482
query,1509039324.5198386,1509039324.5856636,53
query,1509039324.585667,1509039324.684547,15
query,1509039324.6845508,1509039324.7774131,1717
query,1509039324.7774174,1509039325.0384114,2806
query,1509039325.0384154,1509039325.1677055,635
query,1509039325.1677098,1509039325.3343124,1431
query,1509039325.3343163,1509039325.4558446,1285
query,1509039325.455849,1509039325.5648685,614
query,1509039325.5648727,1509039326.168107,2020
query,1509039326.1681108,1509039326.2927125,272
query,1509039326.2927167,1509039326.6327286,2103
query,1509039326.6327326,1509039327.1765974,2005
query,1509039327.1766014,1509039327.3829868,1562
query,1509039327.3830342,1509039327.5443153,1136
query,1509039327.5569525,1509039327.9759886,3345
query,1509039327.9759924,1509039328.2485158,1722
query,1509039328.2485201,1509039328.4000838,1031
query,1509039328.400088,1509039328.9402592,2021
query,1509039328.940264,1509039329.328393,2025
query,1509039329.3283975,1509039329.4156516,534
query,1509039329.4156556,1509039329.556165,1324
query,1509039329.5561688,1509039329.6313715,253
query,1509039329.6313756,1509039330.1266732,2022
query,1509039330.126677,1509039330.208361,922
query,1509039330.208365,1509039330.2566383,2
query,1509039330.2566423,1509039330.3761134,1651
query,1509039330.376118,1509039330.4748826,80
query,1509039330.4748874,1509039330.515976,1
query,1509039330.5159798,1509039330.6593688,1055
query,1509039330.6593733,1509039331.2605815,4284
query,1509039331.260586,1509039331.341792,2
query,1509039331.3417954,1509039331.3806949,1
query,1509039331.3806999,1509039331.5675704,950
query,1509039331.567622,1509039332.0432322,1993
query,1509039332.0569732,1509039332.1664245,1249
query,1509039332.1664283,1509039332.3019643,1186
query,1509039332.3019679,1509039332.4571822,790
query,1509039332.4571857,1509039332.6839063,2127
query,1509039332.6839104,1509039332.852474,1024
query,1509039332.8524778,1509039333.214288,2482
query,1509039333.214292,1509039333.4218395,1115
query,1509039333.4218438,1509039333.563741,1123
query,1509039333.5637455,1509039333.8871646,2372
query,1509039333.8871686,1509039334.2996454,2020
query,1509039334.299649,1509039334.5398784,2806
query,1509039334.5398824,1509039334.682115,2916
query,1509039334.6821194,1509039335.0641265,4129
query,1509039335.0641305,1509039335.194598,1560
query,1509039335.194602,1509039335.3089666,1059
query,1509039335.3089705,1509039335.7308176,5307
query,1509039335.7308223,1509039335.9649103,2153
query,1509039335.9649146,1509039336.0448694,4
query,1509039336.0448732,1509039336.1369107,397
query,1509039336.1369534,1509039336.316565,373
query,1509039336.330148,1509039336.4932218,182
query,1509039336.4932258,1509039336.64423,1214
query,1509039336.644234,1509039337.5682387,5073
query,1509039337.5682428,1509039337.6962912,1430
query,1509039337.6962948,1509039338.256417,6227
query,1509039338.2564216,1509039338.3608506,1353
query,1509039338.3608544,1509039338.3924572,0
query,1509039338.3924615,1509039338.4858484,1133
query,1509039338.485853,1509039338.5874796,147
query,1509039338.587483,1509039338.6939118,1260
query,1509039338.6939158,1509039339.084531,4340
query,1509039339.0845344,1509039339.2915483,69
query,1509039339.2915525,1509039339.3455613,0
query,1509039339.3455658,1509039339.5846486,2637
query,1509039339.5846524,1509039339.8719168,3795
query,1509039339.8719203,1509039339.9678602,1554
query,1509039339.9678638,1509039340.0651,1186
query,1509039340.0651038,1509039340.1508155,3
query,1509039340.1508195,1509039340.2562623,1583
query,1509039340.2563026,1509039340.4458604,1223
query,1509039340.4579778,1509039340.61906,130
query,1509039340.6190643,1509039341.5684748,4382
query,1509039341.5684788,1509039341.6726122,1094
query,1509039341.672616,1509039342.178852,3210
query,1509039342.1788564,1509039342.3552978,1130
query,1509039342.3553014,1509039342.8494015,3973
query,1509039342.8494067,1509039343.1026042,1194
query,1509039343.102608,1509039343.2308779,94
query,1509039343.230882,1509039343.7392194,5364
query,1509039343.7392237,1509039343.8481686,177
query,1509039343.8481736,1509039343.9584384,5
query,1509039343.9584432,1509039344.3718858,5122
query,1509039344.3718898,1509039344.472465,25
query,1509039344.472469,1509039344.9195266,5488
query,1509039344.9195302,1509039345.1480052,1514
query,1509039345.1480088,1509039345.2912745,14
query,1509039345.2912781,1509039345.3320656,1
query,1509039345.3320694,1509039345.8517907,2346
query,1509039345.8517942,1509039345.9574533,553
query,1509039345.9574916,1509039346.4326339,4753
query,1509039346.4447374,1509039346.9633117,3422
query,1509039346.9633157,1509039347.0946171,1204
query,1509039347.0946214,1509039347.4296844,2898
query,1509039347.4296882,1509039347.871504,2399
query,1509039347.8715084,1509039348.4058447,2968
query,1509039348.4058485,1509039348.8273466,3016
query,1509039348.8273513,1509039348.9804628,48
query,1509039348.9804661,1509039349.1085827,1013
query,1509039349.1085863,1509039349.6891537,3369
query,1509039349.6891584,1509039350.0623596,2565
query,1509039350.0623636,1509039350.4513257,5636
query,1509039350.4513292,1509039350.51387,4
query,1509039350.5138736,1509039350.9871628,2453
query,1509039350.9871664,1509039351.060578,122
query,1509039351.060582,1509039351.1547139,974
query,1509039351.1547177,1509039351.2777221,555
query,1509039351.2777257,1509039351.4265177,878
query,1509039351.4265225,1509039351.5364122,1927
query,1509039351.5364163,1509039351.6591284,36
query,1509039351.659178,1509039351.7900026,173
query,1509039351.802741,1509039352.2196648,2925
query,1509039352.2196686,1509039352.327323,1160
query,1509039352.3273265,1509039352.373347,2
query,1509039352.3733506,1509039352.8836684,3998
query,1509039352.8836727,1509039353.0547965,2974
query,1509039353.0548003,1509039353.0822968,0
query,1509039353.0823007,1509039353.1579707,1319
query,1509039353.157974,1509039353.3250713,168
query,1509039353.3250756,1509039353.6495683,2673
query,1509039353.6495724,1509039354.0553443,3007
query,1509039354.0553484,1509039354.1895454,121
query,1509039354.1895494,1509039354.329776,2614
query,1509039354.3297791,1509039354.6094663,3494
query,1509039354.60947,1509039354.695805,523
query,1509039354.695809,1509039355.1072288,4789
query,1509039355.1072333,1509039355.2305725,1056
query,1509039355.230576,1509039355.3365948,8
query,1509039355.3365989,1509039355.5482762,2701
query,1509039355.5482798,1509039355.6497357,786
query,1509039355.6497817,1509039356.170126,5592
query,1509039356.1831207,1509039357.2541063,6727
query,1509039357.25411,1509039357.3772173,965
query,1509039357.3772216,1509039357.7210016,3137
query,1509039357.7210054,1509039358.0660932,6811
query,1509039358.066097,1509039358.161477,346
query,1509039358.1614811,1509039358.2394142,38
query,1509039358.2394173,1509039358.527555,4317
query,1509039358.527559,1509039358.6307049,134
query,1509039358.630709,1509039358.9211533,3050
query,1509039358.9211571,1509039359.1939154,1949
query,1509039359.1939192,1509039359.2251546,0
query,1509039359.2251582,1509039359.2731328,1
query,1509039359.2731369,1509039359.410053,734
query,1509039359.4100566,1509039359.4892857,290
query,1509039359.4892902,1509039359.7369192,2466
query,1509039359.7369227,1509039359.7743697,1
query,1509039359.774373,1509039359.8392072,443
query,1509039359.839211,1509039359.9290533,674
query,1509039359.929057,1509039360.0150673,702
query,1509039360.0151203,1509039360.0948238,0
query,1509039360.0963438,1509039360.955496,6246
query,1509039360.9555006,1509039361.0224116,0
query,1509039361.0224159,1509039361.5308616,4357
query,1509039361.5308661,1509039361.7821915,2051
query,1509039361.7821956,1509039361.8818197,683
query,1509039361.8818247,1509039361.959286,43
query,1509039361.9592905,1509039362.0601454,1170
query,1509039362.0601497,1509039362.2119575,1848
query,1509039362.211962,1509039362.3239858,1749
query,1509039362.3239896,1509039362.9235425,5493
query,1509039362.9235466,1509039362.9724545,1
query,1509039362.9724581,1509039363.119227,52
query,1509039363.1192315,1509039363.18559,96
query,1509039363.1855938,1509039363.9691155,7270
query,1509039363.9691198,1509039364.23246,2998
query,1509039364.2324638,1509039364.4934576,655
query,1509039364.4934618,1509039364.608132,396
query,1509039364.6081376,1509039365.0009842,2465
query,1509039365.0009882,1509039365.8594606,4345
query,1509039365.85951,1509039365.959515,71
query,1509039365.971671,1509039366.08229,455
query,1509039366.0822937,1509039366.4573674,4756
query,1509039366.4573715,1509039366.7769675,2289
query,1509039366.7769723,1509039366.9331954,580
query,1509039366.9332001,1509039367.4562562,4417
query,1509039367.4562607,1509039367.711166,63
query,1509039367.711171,1509039367.895705,707
query,1509039367.8957083,1509039368.1439314,2070
query,1509039368.1439352,1509039368.6676285,3963
query,1509039368.667633,1509039368.8882458,87
query,1509039368.8882508,1509039368.9965007,0
query,1509039368.9965048,1509039369.1029816,10
query,1509039369.1029851,1509039369.5218835,5406
query,1509039369.5218873,1509039369.7790823,5167
query,1509039369.779086,1509039369.830288,4
query,1509039369.8302917,1509039371.2167711,3613
query,1509039371.2167764,1509039371.3308299,495
query,1509039371.3308337,1509039371.4230971,13
query,1509039371.4231007,1509039371.5120263,1129
query,1509039371.5120633,1509039371.8390994,5286
query,1509039371.8512914,1509039372.2158089,1418
query,1509039372.215813,1509039372.4084094,1580
query,1509039372.4084132,1509039372.8863974,3988
query,1509039372.8864012,1509039373.9973557,3409
query,1509039373.9973598,1509039374.3658166,3615
query,1509039374.3658211,1509039374.6488106,2068
query,1509039374.6488152,1509039374.8095734,1711
query,1509039374.8095775,1509039374.8482397,0
query,1509039374.8482437,1509039375.3154292,6318
query,1509039375.3154345,1509039375.738535,4697
query,1509039375.7385385,1509039375.8085885,308
query,1509039375.808593,1509039376.3492546,6031
query,1509039376.3492587,1509039376.7838209,4271
query,1509039376.783825,1509039377.3180883,5465
query,1509039377.318092,1509039377.4189656,322
query,1509039377.4189696,1509039377.4896262,110
query,1509039377.4896302,1509039377.5878494,504
query,1509039377.5878532,1509039377.6805818,869
query,1509039377.680585,1509039377.772325,6
query,1509039377.7723622,1509039378.0904725,2132
query,1509039378.103435,1509039378.3807378,5878
query,1509039378.3807418,1509039378.498522,1313
query,1509039378.4985259,1509039378.7089107,2728
query,1509039378.7089145,1509039379.2020226,5522
query,1509039379.2020273,1509039379.392165,1114
query,1509039379.3921685,1509039379.481903,8
query,1509039379.481907,1509039380.0761576,4335
query,1509039380.0761611,1509039380.5459466,5620
query,1509039380.5459511,1509039380.9994462,5181
query,1509039380.9994502,1509039381.0570762,19
query,1509039381.0570798,1509039381.4052022,3455
query,1509039381.405206,1509039381.6452618,3786
query,1509039381.645266,1509039381.7241426,729
query,1509039381.7241476,1509039381.7551558,1
query,1509039381.7551599,1509039381.7854617,2
query,1509039381.785465,1509039382.203145,4986
query,1509039382.2031486,1509039382.2460783,0
query,1509039382.246082,1509039382.3171203,2
query,1509039382.3171248,1509039382.5187538,3128
query,1509039382.5188482,1509039382.7411587,2889
query,1509039382.7538157,1509039382.8351753,1590
query,1509039382.8351789,1509039382.9514897,281
query,1509039382.9514935,1509039383.105377,0
query,1509039383.1053817,1509039383.1905975,3
query,1509039383.190601,1509039383.7043767,4805
query,1509039383.7043805,1509039383.882219,1803
query,1509039383.882223,1509039383.998222,17
query,1509039383.9982264,1509039384.0854878,4
query,1509039384.085492,1509039384.509731,3108
query,1509039384.5097353,1509039385.631621,5968
query,1509039385.6316247,1509039385.9872797,3243
query,1509039385.9872832,1509039386.0293922,1
query,1509039386.0293958,1509039386.2746773,3046
query,1509039386.2746813,1509039386.3099427,0
query,1509039386.3099458,1509039386.6762834,3618
query,1509039386.6762886,1509039387.04084,4391
query,1509039387.0408447,1509039387.1340704,108
query,1509039387.1340797,1509039387.26553,114
query,1509039387.2655346,1509039387.6280673,3530
query,1509039387.6281075,1509039387.9509516,3152
query,1509039387.9636605,1509039388.048776,698
query,1509039388.0487797,1509039388.2312412,1147
query,1509039388.231245,1509039388.2778955,4
query,1509039388.2778993,1509039388.3646934,53
query,1509039388.3646972,1509039388.4551942,525
query,1509039388.4551983,1509039388.5815394,1559
query,1509039388.581544,1509039388.6270866,2
query,1509039388.6270902,1509039388.7220662,0
query,1509039388.7220702,1509039388.8418913,1193
query,1509039388.841895,1509039388.9941382,1159
query,1509039388.9941418,1509039389.086469,15
query,1509039389.0864725,1509039389.5700111,7124
query,1509039389.5700152,1509039389.9016593,4877
query,1509039389.901663,1509039390.0032861,38
query,1509039390.00329,1509039390.1228073,1558
query,1509039390.1228108,1509039390.5718343,5218
query,1509039390.5718386,1509039390.7577252,2620
query,1509039390.7577295,1509039390.887621,1358
query,1509039390.8876247,1509039391.0720484,1743
query,1509039391.0721014,1509039391.6722617,6744
query,1509039391.683578,1509039391.7491891,3
query,1509039391.749194,1509039391.935768,2373
query,1509039391.9357724,1509039392.0225773,920
query,1509039392.022581,1509039392.1151502,22
query,1509039392.115154,1509039392.237671,62
query,1509039392.2376745,1509039392.7719755,5457
query,1509039392.7719793,1509039392.8577158,286
query,1509039392.8577204,1509039393.3030245,4807
query,1509039393.3030288,1509039393.3736236,733
query,1509039393.373628,1509039393.4394011,80
query,1509039393.4394045,1509039394.0319066,6315
query,1509039394.0319102,1509039394.173161,46
query,1509039394.173165,1509039394.2177436,1
query,1509039394.2177472,1509039394.5947328,3880
query,1509039394.5947366,1509039394.6443806,0
query,1509039394.6443853,1509039395.0602372,4842
query,1509039395.0602415,1509039395.1476388,7
query,1509039395.1476429,1509039395.2390687,107
query,1509039395.2390723,1509039395.3069336,227
query,1509039395.3069763,1509039395.7533395,4998
query,1509039395.765918,1509039396.937662,4595
query,1509039396.9376657,1509039396.9806604,2
query,1509039396.9806647,1509039397.278475,5017
query,1509039397.2784786,1509039397.3831153,172
query,1509039397.3831203,1509039397.488005,11
query,1509039397.4880111,1509039397.7442908,1902
query,1509039397.7442944,1509039397.7972887,2
query,1509039397.7972927,1509039397.9047518,281
query,1509039397.9047563,1509039398.2455313,5000
query,1509039398.245536,1509039398.335132,37
query,1509039398.3351352,1509039398.7058759,2900
query,1509039398.70588,1509039398.9349308,3133
query,1509039398.9349346,1509039399.2752955,4317
query,1509039399.2752998,1509039399.339884,1180
query,1509039399.3398876,1509039399.3918052,206
query,1509039399.391808,1509039399.6680374,3476
query,1509039399.6680415,1509039399.7212927,0
query,1509039399.721296,1509039400.2644763,5222
query,1509039400.26448,1509039400.345822,504
query,1509039400.345861,1509039400.435471,13
query,1509039400.447657,1509039400.5339406,1476
query,1509039400.5339441,1509039400.594121,22
query,1509039400.5941246,1509039400.6256773,0
query,1509039400.625681,1509039400.6633003,3
query,1509039400.663304,1509039400.7436674,856
query,1509039400.7436705,1509039401.0191453,3782
query,1509039401.0191498,1509039401.0992286,359
query,1509039401.0992327,1509039401.133167,0
query,1509039401.1331713,1509039401.3828807,279
query,1509039401.3828847,1509039401.6926138,3999
query,1509039401.6926174,1509039401.9299645,3134
query,1509039401.9299679,1509039402.1159377,2091
query,1509039402.1159415,1509039402.5170166,4421
query,1509039402.5170205,1509039402.7279785,2426
query,1509039402.7279823,1509039402.8137374,1548
query,1509039402.8137414,1509039402.9386823,466
query,1509039402.9386861,1509039403.4992032,5625
query,1509039403.4992073,1509039403.6383064,2
query,1509039403.63831,1509039403.8023248,318
query,1509039403.802367,1509039404.26029,2778
query,1509039404.2742682,1509039404.334288,3
query,1509039404.3342917,1509039404.456318,656
query,1509039404.4563212,1509039404.9714015,3793
query,1509039404.9714055,1509039405.0092103,0
query,1509039405.0092144,1509039405.06072,1
query,1509039405.060724,1509039405.1980236,541
query,1509039405.198028,1509039405.2922351,8
query,1509039405.29224,1509039405.8116934,5777
query,1509039405.811698,1509039406.0384524,2009
query,1509039406.0384562,1509039406.1203203,943
query,1509039406.1203246,1509039406.2179148,1049
query,1509039406.2179189,1509039406.702069,2356
query,1509039406.702073,1509039406.808527,118
query,1509039406.808532,1509039406.9842305,19
query,1509039406.984234,1509039407.0687,767
query,1509039407.0687041,1509039407.6263425,2659
query,1509039407.6263466,1509039408.5321076,6859
query,1509039408.532112,1509039409.1361134,323
query,1509039409.136117,1509039409.4156497,2359
query,1509039409.415689,1509039409.8921895,2814
query,1509039409.904657,1509039410.0474017,2286
query,1509039410.047406,1509039410.1149375,1683
query,1509039410.1149416,1509039410.2267635,922
query,1509039410.2267683,1509039410.4434314,2920
query,1509039410.4434352,1509039410.537532,1564
query,1509039410.5375361,1509039410.6116514,769
query,1509039410.6116552,1509039411.0720232,6265
query,1509039411.0720274,1509039411.1354275,2
query,1509039411.1354318,1509039411.5599594,4420
query,1509039411.5599642,1509039411.6307626,92
query,1509039411.6307666,1509039411.7326722,434
query,1509039411.732676,1509039411.8820002,1768
query,1509039411.8820045,1509039411.9779055,1438
query,1509039411.9779093,1509039412.0536916,682
query,1509039412.0536954,1509039412.3196332,3517
query,1509039412.3196368,1509039412.366652,1
query,1509039412.3666558,1509039412.5720353,108
query,1509039412.5720394,1509039412.6709816,363
query,1509039412.6709857,1509039412.7712636,1883
query,1509039412.7713132,1509039412.866823,20
query,1509039412.8810005,1509039413.2205386,3458
query,1509039413.2205434,1509039413.3244624,1065
query,1509039413.324467,1509039413.8393579,5179
query,1509039413.839362,1509039414.29075,4201
query,1509039414.290755,1509039414.5550575,2186
query,1509039414.5550623,1509039414.6540844,2057
query,1509039414.6540887,1509039414.7757509,1789
query,1509039414.7757554,1509039414.8490767,9
query,1509039414.849081,1509039414.953931,1310
query,1509039414.9539351,1509039415.0083394,5
query,1509039415.0083437,1509039415.3573115,2208
query,1509039415.3573155,1509039415.4630365,734
query,1509039415.4630413,1509039415.5520697,551
query,1509039415.552074,1509039416.0237682,4952
query,1509039416.023772,1509039416.5496175,6509
query,1509039416.5496216,1509039417.5203905,7148
query,1509039417.520395,1509039417.6110878,1829
query,1509039417.6110916,1509039417.704744,217
query,1509039417.7047486,1509039417.77048,5
query,1509039417.7705228,1509039418.0327358,2882
query,1509039418.0457363,1509039418.218084,33
query,1509039418.218089,1509039418.3988044,2540
query,1509039418.398808,1509039418.7377381,3744
query,1509039418.737742,1509039419.3604262,2521
query,1509039419.36043,1509039419.6198926,3686
query,1509039419.619897,1509039419.965289,5795
query,1509039419.965293,1509039420.0439622,358
query,1509039420.0439663,1509039420.084305,0
query,1509039420.0843096,1509039420.183898,889
query,1509039420.1839025,1509039420.5604062,3969
query,1509039420.5604103,1509039420.858498,2124
query,1509039420.858502,1509039421.0346155,169
query,1509039421.0346193,1509039421.0803838,0
query,1509039421.0803874,1509039421.2294135,1635
query,1509039421.229418,1509039421.5126193,2148
query,1509039421.512623,1509039421.7386959,3129
query,1509039421.7386992,1509039421.8083618,576
query,1509039421.808366,1509039421.9124393,192
query,1509039421.9124427,1509039422.2882164,5528
query,1509039422.288257,1509039422.646992,3437
query,1509039422.6599283,1509039422.8803356,2247
query,1509039422.880341,1509039423.2263865,4458
query,1509039423.2263901,1509039423.3665905,1025
query,1509039423.366594,1509039423.4321368,0
query,1509039423.4321408,1509039423.5748346,876
query,1509039423.5748396,1509039423.6456597,0
query,1509039423.6456645,1509039423.943508,4931
query,1509039423.943512,1509039424.0718503,509
query,1509039424.0718544,1509039424.3792408,4258
query,1509039424.3792448,1509039424.4699826,1230
query,1509039424.4699862,1509039424.6504102,2232
query,1509039424.650414,1509039424.7349284,886
query,1509039424.7349322,1509039424.8166723,402
query,1509039424.8166761,1509039424.9132297,78
query,1509039424.9132335,1509039425.001391,1554
query,1509039425.001395,1509039425.2758281,2747
query,1509039425.2758331,1509039425.556851,3040
query,1509039425.5568552,1509039425.6289194,2
query,1509039425.6289227,1509039425.798431,1841
query,1509039425.7984734,1509039426.2392235,2891
query,1509039426.251603,1509039426.3017738,2
query,1509039426.301778,1509039426.3697963,1559
query,1509039426.3698006,1509039426.6907492,3077
query,1509039426.690754,1509039426.9017346,2581
query,1509039426.9017384,1509039427.0387285,1672
query,1509039427.0387325,1509039427.102979,1084
query,1509039427.1029832,1509039427.4371119,4585
query,1509039427.4371154,1509039427.57524,107
query,1509039427.5752435,1509039427.6467319,186
query,1509039427.6467354,1509039428.0352776,3484
query,1509039428.035282,1509039428.393692,3959
query,1509039428.3936958,1509039428.5128589,11
query,1509039428.512863,1509039428.611351,39
query,1509039428.6113548,1509039428.9522693,3476
query,1509039428.9522731,1509039429.025398,262
query,1509039429.0254018,1509039429.0642986,0
query,1509039429.064302,1509039429.131834,1096
query,1509039429.131838,1509039429.2163246,1454
query,1509039429.216328,1509039429.470059,3583
query,1509039429.4701073,1509039429.9308293,3096
query,1509039429.9430861,1509039430.6985621,3227
query,1509039430.698566,1509039431.0942297,22
query,1509039431.0942338,1509039431.397754,5075
query,1509039431.3977582,1509039431.6466262,2620
query,1509039431.6466305,1509039432.0310602,2263
query,1509039432.031064,1509039432.67175,4961
query,1509039432.671754,1509039433.0918608,5649
query,1509039433.0918648,1509039433.20122,1
query,1509039433.2012239,1509039433.377224,213
query,1509039433.3772285,1509039433.5239255,334
query,1509039433.5239294,1509039433.8933616,5958
query,1509039433.8933654,1509039433.996673,602
query,1509039433.9966767,1509039434.1674747,2589
query,1509039434.1674783,1509039434.6073031,3393
query,1509039434.607307,1509039434.866333,3241
query,1509039434.8663378,1509039435.1180294,2040
query,1509039435.1180336,1509039435.972282,3042
query,1509039435.9722862,1509039436.0857074,311
query,1509039436.0857115,1509039436.2508037,426
query,1509039436.250846,1509039437.6167085,3614
query,1509039437.628962,1509039437.7152188,905
query,1509039437.7152226,1509039437.811105,1117
query,1509039437.8111088,1509039437.864211,1011
query,1509039437.8642154,1509039438.1274846,3480
query,1509039438.1274881,1509039438.1684477,2
query,1509039438.1684518,1509039438.256302,939
query,1509039438.256306,1509039438.3993118,874
query,1509039438.3993158,1509039438.4957924,187
query,1509039438.4957962,1509039438.5258203,0
query,1509039438.5258243,1509039438.7107522,3425
query,1509039438.7107558,1509039438.896767,2063
query,1509039438.8967707,1509039439.6731722,6355
query,1509039439.6731768,1509039439.7313771,1
query,1509039439.731381,1509039440.1908102,4027
query,1509039440.1908143,1509039440.5314517,2481
query,1509039440.5314558,1509039440.7026045,1499
query,1509039440.702608,1509039440.9870493,2916
query,1509039440.987054,1509039441.2997098,3313
query,1509039441.2997136,1509039442.2194777,3714
query,1509039442.21953,1509039442.8099327,4343
query,1509039442.8227777,1509039443.6555395,5012
query,1509039443.6555433,1509039444.7007117,7190
query,1509039444.7007215,1509039444.8592594,609
query,1509039444.8592632,1509039445.3129897,4685
query,1509039445.3129935,1509039445.55048,4193
query,1509039445.5504842,1509039445.6393278,774
query,1509039445.6393328,1509039445.679127,0
query,1509039445.6791317,1509039445.8217409,26
query,1509039445.8217454,1509039445.8983667,1286
query,1509039445.898371,1509039446.4168408,4663
query,1509039446.416845,1509039446.5438151,1385
query,1509039446.54382,1509039446.7437258,1958
query,1509039446.7437296,1509039447.1717548,2816
query,1509039447.171759,1509039447.5710042,2277
query,1509039447.5710087,1509039447.7452595,39
query,1509039447.7452636,1509039448.3258114,6979
query,1509039448.3258154,1509039448.3938446,952
query,1509039448.3938491,1509039448.592428,2168
query,1509039448.5924318,1509039448.9152467,2830
query,1509039448.9152987,1509039449.1156297,1131
query,1509039449.1285782,1509039449.2976997,432
query,1509039449.2977037,1509039449.4431114,269
query,1509039449.4431152,1509039449.544673,45
query,1509039449.5446765,1509039449.8002944,1969
query,1509039449.8002992,1509039449.9438527,454
query,1509039449.9438562,1509039450.7770069,7377
query,1509039450.7770114,1509039450.9463694,2098
query,1509039450.9463735,1509039451.0088878,566
query,1509039451.008892,1509039451.079718,711
query,1509039451.0797217,1509039451.158612,1538
query,1509039451.1586165,1509039451.574835,4106
query,1509039451.574839,1509039451.711057,1186
query,1509039451.7110608,1509039452.126917,5399
query,1509039452.126921,1509039452.485457,2718
query,1509039452.4854615,1509039453.0139282,5166
query,1509039453.0139327,1509039453.3497791,3545
query,1509039453.3497827,1509039453.636602,4958
query,1509039453.636606,1509039454.2750936,5589
query,1509039454.2750976,1509039454.3535764,92
query,1509039454.3536136,1509039454.648737,4346
query,1509039454.6610975,1509039454.967844,5000
query,1509039454.9678478,1509039455.0606894,10
query,1509039455.0606933,1509039455.4307024,2940
query,1509039455.430706,1509039455.8226306,2643
query,1509039455.8226345,1509039456.5407226,7064
query,1509039456.540727,1509039456.6360831,48
query,1509039456.6360874,1509039456.812735,46
query,1509039456.8127387,1509039456.8665195,0
query,1509039456.8665235,1509039457.562978,4571
query,1509039457.5629818,1509039457.6049018,0
query,1509039457.6049056,1509039457.930033,3093
query,1509039457.9300368,1509039457.9946797,740
query,1509039457.9946835,1509039458.0612586,636
query,1509039458.0612624,1509039458.212933,1555
query,1509039458.212937,1509039458.3321269,501
query,1509039458.3321316,1509039458.7532961,2765
query,1509039458.7533007,1509039458.8791893,180
query,1509039458.8791935,1509039459.095042,2613
query,1509039459.0950463,1509039459.1762538,1458
query,1509039459.1762948,1509039459.4344497,2191
query,1509039459.4488635,1509039459.9035025,2826
query,1509039459.9035065,1509039459.9415977,0
query,1509039459.941602,1509039460.093107,6
query,1509039460.093111,1509039460.2752876,761
query,1509039460.2752929,1509039460.3878183,1677
query,1509039460.3878233,1509039460.462323,2
query,1509039460.4623275,1509039460.5313635,25
query,1509039460.531368,1509039460.5756445,2
query,1509039460.5756488,1509039461.6147168,3613
query,1509039461.614723,1509039461.8389006,2130
query,1509039461.8389053,1509039462.2354987,6237
query,1509039462.2355037,1509039462.3098044,899
query,1509039462.309809,1509039462.341905,0
query,1509039462.3419094,1509039462.6113963,4576
query,1509039462.6114016,1509039462.7712076,1095
query,1509039462.7712123,1509039463.426698,6896
query,1509039463.4267025,1509039463.8135056,2421
query,1509039463.8135104,1509039464.0469823,2433
query,1509039464.0469868,1509039464.1544783,113
query,1509039464.1545296,1509039464.348153,62
query,1509039464.3636017,1509039464.4712803,8
query,1509039464.4712844,1509039464.8272066,5520
query,1509039464.8272102,1509039465.2992196,4400
query,1509039465.2992244,1509039465.4340007,986
query,1509039465.4340045,1509039465.8311102,3762
query,1509039465.831114,1509039466.2043316,4335
query,1509039466.2043352,1509039466.302419,389
query,1509039466.3024228,1509039466.5142057,2576
query,1509039466.5142097,1509039467.2482336,3437
query,1509039467.2482374,1509039467.2886565,0
query,1509039467.2886608,1509039467.4301324,950
query,1509039467.430192,1509039467.6077335,702
query,1509039467.6077368,1509039468.2343667,5550
query,1509039468.2343705,1509039468.4364703,2663
query,1509039468.4364743,1509039468.7096322,3093
query,1509039468.709636,1509039469.463482,5301
query,1509039469.463486,1509039469.5355546,780
query,1509039469.5355585,1509039469.6377647,2039
query,1509039469.6377692,1509039469.705541,47
query,1509039469.7055807,1509039470.1475468,2039
query,1509039470.160377,1509039470.6793213,2596
query,1509039470.679325,1509039471.139465,4585
query,1509039471.1394703,1509039471.2228293,0
query,1509039471.2228332,1509039471.6949325,2158
query,1509039471.6949363,1509039472.032146,2546
query,1509039472.0321496,1509039472.1647701,78
query,1509039472.164774,1509039472.2713335,7
query,1509039472.2713373,1509039472.6212676,3026
query,1509039472.6212716,1509039472.8664057,835
query,1509039472.8664088,1509039473.5702393,7764
query,1509039473.570244,1509039473.663098,1589
query,1509039473.6631017,1509039473.78929,131
query,1509039473.789294,1509039473.9101245,62
query,1509039473.9101284,1509039474.288715,2542
query,1509039474.288719,1509039474.3874304,1828
query,1509039474.387434,1509039474.5795174,1836
query,1509039474.579521,1509039474.6828785,9
query,1509039474.682883,1509039474.7657957,740
query,1509039474.765799,1509039474.8468215,55
query,1509039474.8468685,1509039474.913937,0
query,1509039474.9153085,1509039475.2693684,3256
query,1509039475.2693725,1509039475.3420825,40
query,1509039475.3420866,1509039476.04639,5894
query,1509039476.0463939,1509039476.142683,4
query,1509039476.1426868,1509039476.2344155,247
query,1509039476.2344198,1509039476.5298316,3637
query,1509039476.5298355,1509039476.7133062,1965
query,1509039476.7133098,1509039477.1292896,2152
query,1509039477.1292934,1509039477.6392374,4645
query,1509039477.639241,1509039478.28065,6326
query,1509039478.2806537,1509039478.8061302,5336
query,1509039478.806134,1509039479.2835228,5963
query,1509039479.2835279,1509039479.4041975,46
query,1509039479.4042015,1509039479.4442995,0
query,1509039479.4443035,1509039480.130353,5407
query,1509039480.1303568,1509039480.5353844,2590
query,1509039480.535388,1509039480.5998745,479
query,1509039480.599878,1509039480.742835,1899
query,1509039480.7428389,1509039481.0326009,1872
query,1509039481.032651,1509039481.5947452,5519
query,1509039481.6074154,1509039481.9703896,3138
query,1509039481.9703941,1509039482.0219073,0
query,1509039482.0219114,1509039482.1050522,103
query,1509039482.1050558,1509039482.166907,372
query,1509039482.1669116,1509039482.2089543,0
query,1509039482.2089581,1509039482.244144,0
query,1509039482.244148,1509039482.3434055,481
query,1509039482.3434098,1509039482.4012158,1
query,1509039482.4012203,1509039482.4813347,230
query,1509039482.4813383,1509039482.5522118,7
query,1509039482.552216,1509039482.791575,1930
query,1509039482.7915795,1509039483.1666179,1999
query,1509039483.1666222,1509039483.3275156,1122
query,1509039483.3275194,1509039483.651456,2494
query,1509039483.6514604,1509039483.7755573,1695
query,1509039483.7755613,1509039483.8916523,76
query,1509039483.8916569,1509039483.988787,1694
query,1509039483.9888506,1509039484.0299156,0
query,1509039484.0299191,1509039484.0617595,0
query,1509039484.0618024,1509039484.354455,5122
query,1509039484.3710017,1509039484.5225182,2062
query,1509039484.5225222,1509039484.5917788,130
query,1509039484.5917826,1509039484.7950664,2522
query,1509039484.7950704,1509039485.427234,4910
query,1509039485.4272375,1509039485.7564123,3670
query,1509039485.7564163,1509039486.5513134,3424
query,1509039486.5513172,1509039486.6306505,1117
query,1509039486.6306546,1509039486.8785641,3650
query,1509039486.878568,1509039487.182132,3692
query,1509039487.1821358,1509039487.7680683,5867
query,1509039487.768073,1509039488.2803812,4846
query,1509039488.2803848,1509039488.7304385,5213
query,1509039488.7304428,1509039488.7900403,0
query,1509039488.7900448,1509039488.9202952,298
query,1509039488.920299,1509039489.270766,2444
query,1509039489.2707703,1509039489.4179747,972
query,1509039489.4179795,1509039489.5009716,451
query,1509039489.5009758,1509039490.0291498,4931
query,1509039490.0291548,1509039490.1020856,479
query,1509039490.1021376,1509039490.2275522,2706
query,1509039490.2404609,1509039490.3147821,1025
query,1509039490.3147862,1509039490.406745,42
query,1509039490.4067488,1509039490.5632455,366
query,1509039490.5632498,1509039490.7103076,164
query,1509039490.7103112,1509039491.2170618,4151
query,1509039491.217066,1509039491.7425857,5281
query,1509039491.7425904,1509039491.8030317,6
query,1509039491.8030355,1509039491.8903186,251
query,1509039491.890323,1509039491.9557528,609
query,1509039491.9557574,1509039492.0282185,28
query,1509039492.028222,1509039492.179951,1599
query,1509039492.179955,1509039492.4400363,1828
query,1509039492.4400415,1509039492.5180807,24
query,1509039492.5180852,1509039493.069864,7443
query,1509039493.069868,1509039493.1778805,16
query,1509039493.1778848,1509039493.2551954,617
query,1509039493.2552001,1509039493.5635622,2663
query,1509039493.5635662,1509039493.6549563,956
query,1509039493.6549602,1509039493.7240193,2
query,1509039493.7241058,1509039494.2693639,6246
query,1509039494.2820442,1509039494.4234557,1503
query,1509039494.4234595,1509039494.6592717,2416
query,1509039494.6592753,1509039494.8860502,2793
query,1509039494.886054,1509039495.1473472,2477
query,1509039495.147352,1509039495.5126987,4506
query,1509039495.5127032,1509039496.083622,6299
query,1509039496.0836258,1509039496.495879,3831
query,1509039496.4958837,1509039496.5440116,2
query,1509039496.5440154,1509039497.0935044,6218
query,1509039497.093509,1509039497.211637,58
query,1509039497.2116408,1509039498.1230233,7150
query,1509039498.123027,1509039498.1750271,0
query,1509039498.1750312,1509039498.3100379,1582
query,1509039498.310043,1509039498.355048,0
query,1509039498.3550525,1509039498.4468198,138
query,1509039498.4468236,1509039498.5056987,2
query,1509039498.5057023,1509039498.588516,468
query,1509039498.5885198,1509039498.7711654,121
query,1509039498.7711692,1509039499.3043504,5007
query,1509039499.3043997,1509039499.4075074,6
query,1509039499.4204586,1509039500.0465963,3546
query,1509039500.0466008,1509039500.5778322,5451
query,1509039500.5778363,1509039500.675399,898
query,1509039500.6754026,1509039500.7100554,1
query,1509039500.7100585,1509039500.7857037,5
query,1509039500.7857072,1509039501.1612663,4278
query,1509039501.1612701,1509039501.2728422,5
query,1509039501.2728465,1509039501.3835957,118
query,1509039501.3836002,1509039501.9455085,3946
query,1509039501.9455128,1509039502.045181,733
query,1509039502.0451856,1509039502.474059,3788
query,1509039502.4740639,1509039502.8486903,2813
query,1509039502.8486943,1509039502.9825945,342
query,1509039502.9825983,1509039503.0104737,0
query,1509039503.0104775,1509039503.588232,5774
query,1509039503.5882363,1509039504.1202712,4969
query,1509039504.1202755,1509039504.2065144,1588
query,1509039504.2065182,1509039504.4597137,2177
query,1509039504.4597175,1509039504.574796,349
query,1509039504.5748389,1509039504.827051,2106
query,1509039504.8393102,1509039504.9077687,107
query,1509039504.9077723,1509039505.1425521,2960
query,1509039505.142556,1509039505.254739,1369
query,1509039505.2547436,1509039505.395374,21
query,1509039505.3953779,1509039505.7375054,4239
query,1509039505.7375095,1509039506.143282,3595
query,1509039506.143286,1509039506.5820289,4582
query,1509039506.5820334,1509039506.8033183,3526
query,1509039506.8033233,1509039507.2255485,6631
query,1509039507.2255526,1509039507.2616248,0
query,1509039507.2616293,1509039507.3125622,0
query,1509039507.3125663,1509039507.5988624,3835
query,1509039507.598867,1509039508.187578,5886
query,1509039508.1875818,1509039508.3290436,2016
query,1509039508.3290482,1509039508.4055028,10
query,1509039508.4055076,1509039508.947516,6162
query,1509039508.9475203,1509039509.3723793,5071
query,1509039509.3723838,1509039509.9227557,5480
query,1509039509.9227598,1509039509.9900954,524
query,1509039509.990141,1509039510.4108276,3908
query,1509039510.4234529,1509039510.5036008,1151
query,1509039510.503605,1509039510.5923374,109
query,1509039510.5923412,1509039510.7454479,17
query,1509039510.745452,1509039510.8876412,60
query,1509039510.8876455,1509039511.544786,4947
query,1509039511.5448287,1509039511.6489275,1835
query,1509039511.6489315,1509039511.7460892,1265
query,1509039511.7460935,1509039511.8662107,1465
query,1509039511.8662148,1509039512.325517,5487
query,1509039512.3255274,1509039512.4284883,953
query,1509039512.4284933,1509039512.7441728,4787
query,1509039512.7441764,1509039512.955948,1945
query,1509039512.9559522,1509039513.5517862,6163
query,1509039513.5517902,1509039514.3143587,5759
query,1509039514.3143635,1509039515.3432133,7170
query,1509039515.3432174,1509039515.4640074,756
query,1509039515.4640121,1509039515.5992124,1220
query,1509039515.5992167,1509039515.6910708,779
query,1509039515.6910748,1509039515.8565123,483
query,1509039515.8565602,1509039516.310982,5521
query,1509039516.3235958,1509039516.4137173,119
query,1509039516.413722,1509039516.481939,1
query,1509039516.481943,1509039516.9689333,5349
query,1509039516.9689379,1509039517.0409312,848
query,1509039517.0409353,1509039517.173904,249
query,1509039517.1739085,1509039517.7156954,4763
query,1509039517.7157,1509039517.9907997,2320
query,1509039517.9908032,1509039518.1743307,71
query,1509039518.1743345,1509039518.8805146,6347
query,1509039518.880519,1509039518.9980242,783
query,1509039518.9980276,1509039519.4219112,4887
query,1509039519.4219158,1509039519.8903637,4623
query,1509039519.8903675,1509039520.000409,1434
query,1509039520.0004127,1509039520.4681551,4205
query,1509039520.4681597,1509039520.9849455,4017
query,1509039520.9849498,1509039521.261528,3144
query,1509039521.2615318,1509039521.3615074,493
query,1509039521.3615108,1509039521.435252,52
query,1509039521.435255,1509039521.992559,3804
query,1509039521.9926014,1509039522.1308937,2022
query,1509039522.1438646,1509039522.252417,1046
query,1509039522.2524216,1509039522.387312,815
query,1509039522.3873158,1509039522.4500186,1560
query,1509039522.4500227,1509039522.590487,8
query,1509039522.590491,1509039523.111589,3615
query,1509039523.1115925,1509039523.3368838,2889
query,1509039523.3368878,1509039523.5416691,2051
query,1509039523.541673,1509039523.698867,1765
query,1509039523.6988719,1509039523.8402426,956
query,1509039523.8402464,1509039524.476991,4019
query,1509039524.4769952,1509039525.0187929,5757
query,1509039525.0187972,1509039525.0820365,0
query,1509039525.0820405,1509039525.5321252,5815
query,1509039525.5321293,1509039525.6464822,20
query,1509039525.6464868,1509039525.8164926,410
query,1509039525.8164966,1509039526.1303012,2068
query,1509039526.130307,1509039526.5593023,5544
query,1509039526.559308,1509039526.7012956,43
query,1509039526.7012997,1509039526.81347,1010
query,1509039526.8135211,1509039527.1317072,4382
query,1509039527.144234,1509039527.2688382,54
query,1509039527.268842,1509039527.4156857,856
query,1509039527.41569,1509039527.791488,4314
query,1509039527.7914917,1509039527.9027076,166
query,1509039527.9027116,1509039528.413517,4937
query,1509039528.4135206,1509039528.4614503,0
query,1509039528.4614544,1509039528.8230407,3348
query,1509039528.8230445,1509039528.9532807,1682
query,1509039528.9532843,1509039529.0990474,1873
query,1509039529.0990515,1509039529.3959634,3721
query,1509039529.3959672,1509039529.4286091,0
query,1509039529.4286137,1509039529.490927,583
query,1509039529.4909303,1509039529.61426,1747
query,1509039529.6142638,1509039529.8483846,3415
query,1509039529.8483884,1509039530.105775,3296
query,1509039530.105779,1509039530.5089304,2941
query,1509039530.5089343,1509039530.6204228,202
query,1509039530.6204264,1509039530.735302,921
query,1509039530.7353055,1509039530.8172336,398
query,1509039530.8172784,1509039531.1857357,3707
query,1509039531.1993275,1509039531.305438,577
query,1509039531.3054423,1509039531.5889308,2368
query,1509039531.5889351,1509039532.430603,7241
query,1509039532.430607,1509039532.738706,5010
query,1509039532.7387097,1509039532.8480775,220
query,1509039532.8480816,1509039532.9525805,1528
query,1509039532.9525845,1509039533.446891,2745
query,1509039533.4468956,1509039533.8047104,4857
query,1509039533.804714,1509039533.9145699,8
query,1509039533.9145737,1509039534.1987653,3355
query,1509039534.1987708,1509039534.564407,3988
query,1509039534.5644112,1509039534.6305804,1117
query,1509039534.630584,1509039534.713712,1280
query,1509039534.7137163,1509039535.034094,2959
query,1509039535.0340981,1509039535.112509,66
query,1509039535.112513,1509039535.2611911,9
query,1509039535.2611954,1509039535.9137876,5205
query,1509039535.9137924,1509039536.2752163,5140
query,1509039536.275221,1509039536.568278,4637
query,1509039536.5683653,1509039536.9153407,1170
query,1509039536.931357,1509039537.0883067,813
query,1509039537.0883105,1509039537.7296283,6033
query,1509039537.7296317,1509039537.8772123,1853
query,1509039537.8772168,1509039538.1185784,2054
query,1509039538.1185827,1509039538.1891904,7
query,1509039538.1891942,1509039538.831915,7789
query,1509039538.8319197,1509039538.935292,709
query,1509039538.9352958,1509039539.0429192,692
query,1509039539.042923,1509039539.662407,5361
query,1509039539.662411,1509039539.724386,149
query,1509039539.7243898,1509039539.8204086,1834
query,1509039539.8204126,1509039539.85324,0
query,1509039539.8532443,1509039540.0315363,2006
query,1509039540.0315406,1509039540.3831937,1924
query,1509039540.3831975,1509039541.045243,5500
query,1509039541.045247,1509039541.1831799,1460
query,1509039541.1831849,1509039541.4776633,3179
query,1509039541.4776676,1509039541.570872,170
query,1509039541.5708756,1509039541.671783,529
query,1509039541.6718202,1509039542.059028,2102
query,1509039542.0730286,1509039542.1744037,1467
query,1509039542.1744075,1509039542.4497561,2124
query,1509039542.4497607,1509039543.782556,3613
query,1509039543.78256,1509039543.8488784,391
query,1509039543.8488827,1509039544.2121577,4772
query,1509039544.2121618,1509039544.2950425,356
query,1509039544.2950468,1509039544.5806708,1959
query,1509039544.5806751,1509039544.639823,1
query,1509039544.6398263,1509039544.7973974,5
query,1509039544.7974014,1509039545.098393,2006
query,1509039545.0983968,1509039545.8073363,5517
query,1509039545.8073401,1509039546.095614,2874
query,1509039546.0956178,1509039546.1286752,1
query,1509039546.128679,1509039546.2364328,62
query,1509039546.236437,1509039546.3214192,63
query,1509039546.3214233,1509039546.7892404,4976
query,1509039546.7892447,1509039546.902871,28
query,1509039546.9028752,1509039546.9455593,0
query,1509039546.9455628,1509039547.0069835,1
query,1509039547.0070186,1509039547.3673015,2324
query,1509039547.3795905,1509039547.930999,3778
query,1509039547.931003,1509039547.9697585,0
query,1509039547.969763,1509039548.5042481,4235
query,1509039548.504253,1509039548.6248899,901
query,1509039548.6248937,1509039548.9357083,1995
query,1509039548.9357119,1509039549.087331,1120
query,1509039549.0873353,1509039549.224196,79
query,1509039549.2242002,1509039549.4640186,2380
query,1509039549.4640224,1509039549.5466886,5
query,1509039549.5466924,1509039549.6763973,1786
query,1509039549.6764014,1509039549.8101473,593
query,1509039549.8101509,1509039549.8480062,2
query,1509039549.8480103,1509039550.403314,4964
query,1509039550.4033184,1509039550.7481978,4971
query,1509039550.7482018,1509039550.84684,563
query,1509039550.846844,1509039550.9331422,146
query,1509039550.933147,1509039551.1016912,417
query,1509039551.1016953,1509039551.835789,6915
query,1509039551.8357928,1509039551.899312,174
query,1509039551.8993604,1509039551.9966114,197
query,1509039552.0094445,1509039552.2083697,2916
query,1509039552.2083733,1509039552.5610123,4370
query,1509039552.5610166,1509039552.8344219,2575
query,1509039552.8344257,1509039553.211498,3928
query,1509039553.2115018,1509039553.3148286,1849
query,1509039553.3148332,1509039553.578302,3211
query,1509039553.5783064,1509039553.695259,210
query,1509039553.695263,1509039554.0725539,5412
query,1509039554.0725577,1509039554.4230654,5186
query,1509039554.4230697,1509039554.5228422,595
query,1509039554.5228453,1509039555.1103845,6186
query,1509039555.1103888,1509039555.4869733,4368
query,1509039555.486977,1509039555.80989,2345
query,1509039555.8098943,1509039555.9534461,643
query,1509039555.9534504,1509039556.0097947,1
query,1509039556.009798,1509039556.2852135,4686
query,1509039556.285218,1509039556.3570163,9
query,1509039556.3570204,1509039556.4502647,288
query,1509039556.4502683,1509039557.1499658,5551
query,1509039557.1500168,1509039557.374438,1801
query,1509039557.3876143,1509039557.5113177,918
query,1509039557.5113223,1509039558.063447,4724
query,1509039558.0634506,1509039558.2105646,22
query,1509039558.2105687,1509039558.8553574,6875
query,1509039558.8553617,1509039559.4430013,4657
query,1509039559.4430048,1509039559.489487,2
query,1509039559.4894903,1509039559.6246068,268
query,1509039559.6246102,1509039559.6904302,2
query,1509039559.6904337,1509039559.7948618,459
query,1509039559.7948658,1509039560.0710633,3184
query,1509039560.0710669,1509039560.2534688,1968
query,1509039560.2534723,1509039560.8101563,3635
query,1509039560.8101602,1509039560.9393175,458
query,1509039560.9393213,1509039561.0594733,47
query,1509039561.0594773,1509039561.348309,2958
query,1509039561.3483126,1509039561.479261,1649
query,1509039561.4792647,1509039561.5259328,2
query,1509039561.5259366,1509039561.7313075,2906
query,1509039561.7313116,1509039561.853743,805
query,1509039561.8537884,1509039562.3471797,3731
query,1509039562.3628879,1509039562.4792924,42
query,1509039562.4792972,1509039562.6425622,744
query,1509039562.6425662,1509039562.7509322,94
query,1509039562.7509367,1509039562.7937727,0
query,1509039562.7937763,1509039563.151569,2480
query,1509039563.1515727,1509039563.2387466,5
query,1509039563.2387505,1509039563.5879586,2447
query,1509039563.5879629,1509039563.7160778,1719
query,1509039563.7160816,1509039563.8314037,1415
query,1509039563.8314078,1509039564.1338766,4125
query,1509039564.133882,1509039564.1820197,0
query,1509039564.1820238,1509039564.2202306,0
query,1509039564.2202344,1509039564.8352125,3389
query,1509039564.8352165,1509039564.9221778,155
query,1509039564.922182,1509039565.2668452,2961
query,1509039565.2668493,1509039565.313862,0
query,1509039565.3138669,1509039565.5937703,2202
query,1509039565.5937746,1509039566.7740536,3612
query,1509039566.7740576,1509039566.8214986,0
query,1509039566.8215384,1509039567.1020498,2523
query,1509039567.116226,1509039567.3627305,2432
query,1509039567.3627348,1509039567.4005215,0
query,1509039567.4005253,1509039567.436567,1
query,1509039567.436571,1509039567.905103,5905
query,1509039567.905107,1509039568.3238933,3768
query,1509039568.3238988,1509039568.7222567,4666
query,1509039568.722261,1509039569.1707006,4674
query,1509039569.1707041,1509039569.8674703,7158
query,1509039569.8674748,1509039569.9266555,0
query,1509039569.9266593,1509039569.9663615,1
query,1509039569.9663653,1509039570.234235,2607
query,1509039570.234239,1509039570.3778868,93
query,1509039570.3778908,1509039570.7565355,2695
query,1509039570.7565398,1509039570.8600852,276
query,1509039570.860089,1509039571.0901601,2535
query,1509039571.090164,1509039571.1714716,339
query,1509039571.1714756,1509039571.2979443,207
query,1509039571.2979486,1509039571.8159628,4960
query,1509039571.8159673,1509039572.0786877,3445
query,1509039572.078742,1509039572.8488715,5532
query,1509039572.8616014,1509039573.0894656,2185
query,1509039573.0894706,1509039573.2142358,1671
query,1509039573.2142398,1509039573.3666847,642
query,1509039573.3666887,1509039573.8400695,5156
query,1509039573.8400743,1509039573.9507058,173
query,1509039573.9507093,1509039574.0711703,1923
query,1509039574.0711746,1509039574.1170826,2
query,1509039574.1170864,1509039574.45117,5354
query,1509039574.4511735,1509039574.498332,1
query,1509039574.4983373,1509039575.0277615,3656
query,1509039575.0277655,1509039575.5450168,4635
query,1509039575.5450208,1509039575.6317003,1037
query,1509039575.631704,1509039575.9304178,3514
query,1509039575.930422,1509039576.3067882,5032
query,1509039576.3067918,1509039577.209022,5080
query,1509039577.2090268,1509039577.4635415,3551
query,1509039577.4635458,1509039578.0665984,5076
query,1509039578.066602,1509039578.3824413,4159
query,1509039578.3824453,1509039578.654511,2301
query,1509039578.6545622,1509039578.705514,0
query,1509039578.7070296,1509039579.117484,4788
query,1509039579.1174884,1509039579.1988027,999
query,1509039579.1988063,1509039579.474143,2650
query,1509039579.474147,1509039579.6283185,1115
query,1509039579.6283228,1509039580.2974946,5587
query,1509039580.2974985,1509039580.3718007,0
query,1509039580.3718054,1509039580.4471211,0
query,1509039580.4471269,1509039580.5414586,374
query,1509039580.541463,1509039580.646511,0
query,1509039580.6465154,1509039580.722604,195
query,1509039580.7226076,1509039581.1157415,5856
query,1509039581.1157455,1509039581.230762,281
query,1509039581.2307658,1509039581.505484,3365
query,1509039581.5054884,1509039581.880545,4111
query,1509039581.8805494,1509039582.2939248,5188
query,1509039582.29393,1509039582.4306757,1656
query,1509039582.4306803,1509039582.8449805,3456
query,1509039582.8449845,1509039583.1442118,4337
query,1509039583.144221,1509039583.2467937,22
query,1509039583.2468474,1509039583.5415533,2092
query,1509039583.5540495,1509039583.6927688,1287
query,1509039583.6927729,1509039583.9746182,2403
query,1509039583.974622,1509039584.11903,1960
query,1509039584.1190338,1509039584.7202976,6954
query,1509039584.7203016,1509039584.792997,382
query,1509039584.7930005,1509039585.12639,4901
query,1509039585.1263947,1509039585.6766381,5598
query,1509039585.676642,1509039585.8161714,122
query,1509039585.8161755,1509039586.0005734,2389
query,1509039586.0005777,1509039586.3324685,3972
query,1509039586.3324728,1509039586.3863823,4
query,1509039586.3863869,1509039586.4654374,1223
query,1509039586.4654431,1509039586.5315654,693
query,1509039586.5315704,1509039586.5831022,106
query,1509039586.583107,1509039586.8215044,2054
query,1509039586.82151,1509039586.9053898,13
query,1509039586.9053943,1509039586.9559488,0
query,1509039586.9559526,1509039587.3759348,3406
query,1509039587.3759396,1509039587.4941452,13
query,1509039587.4942014,1509039587.742666,3066
query,1509039587.7556796,1509039588.2303708,4733
query,1509039588.2303753,1509039588.3129592,1605
query,1509039588.3129637,1509039588.3927205,1703
query,1509039588.3927245,1509039588.533428,2124
query,1509039588.5334353,1509039588.6099026,32
query,1509039588.6099067,1509039588.915859,3424
query,1509039588.9158635,1509039589.001576,763
query,1509039589.0015798,1509039589.1368966,2246
query,1509039589.1369004,1509039589.480044,4317
query,1509039589.4800484,1509039589.5541835,1550
query,1509039589.554187,1509039589.9655323,4009
query,1509039589.9655364,1509039590.170701,1325
query,1509039590.1707048,1509039591.1443903,6556
query,1509039591.144395,1509039591.3714316,2383
query,1509039591.3714359,1509039591.5819385,2023
query,1509039591.5819428,1509039591.9886105,4216
query,1509039591.9886148,1509039592.3919454,3678
query,1509039592.3919501,1509039592.7746634,2418
query,1509039592.7746682,1509039592.9166439,699
query,1509039592.9166877,1509039593.284342,4424
query,1509039593.2969499,1509039593.364357,96
query,1509039593.3643613,1509039593.794422,4262
query,1509039593.7944267,1509039593.9130218,705
query,1509039593.9130254,1509039594.3428304,4751
query,1509039594.3428345,1509039594.5142071,663
query,1509039594.5142107,1509039594.998846,4225
query,1509039594.9988503,1509039595.1240795,713
query,1509039595.1240838,1509039595.2093601,156
query,1509039595.209364,1509039595.3203824,95
query,1509039595.320387,1509039595.5487201,1919
query,1509039595.548724,1509039595.697685,912
query,1509039595.6976888,1509039595.7654946,71
query,1509039595.7654989,1509039595.8572514,1682
query,1509039595.8572555,1509039596.1095085,3183
query,1509039596.1095128,1509039596.4156559,4894
query,1509039596.41566,1509039596.9797225,4180
query,1509039596.979727,1509039597.0247366,0
query,1509039597.0247416,1509039597.6849465,5513
query,1509039597.6849508,1509039598.2113152,3397
query,1509039598.2113655,1509039598.478725,1953
query,1509039598.4911497,1509039598.593841,1797
query,1509039598.5938451,1509039598.7585013,399
query,1509039598.7585053,1509039598.8803704,459
query,1509039598.8803742,1509039599.0226407,371
query,1509039599.0226448,1509039599.0643964,0
query,1509039599.0644002,1509039599.1755958,1266
query,1509039599.1755998,1509039599.217989,0
query,1509039599.2179933,1509039599.2972271,5
query,1509039599.2972317,1509039599.8416548,5867
query,1509039599.8416588,1509039599.934243,2091
query,1509039599.934247,1509039600.0652726,610
query,1509039600.0652766,1509039600.2089329,109
query,1509039600.2089376,1509039600.9559324,6479
query,1509039600.9559364,1509039601.0644383,755
query,1509039601.0644426,1509039601.6844072,5534
query,1509039601.6844113,1509039602.1783233,4879
query,1509039602.178327,1509039602.3259976,1239
query,1509039602.3260014,1509039602.4126997,795
query,1509039602.4127035,1509039602.54076,17
query,1509039602.5408802,1509039603.0043986,2882
query,1509039603.0170012,1509039603.7210846,7911
query,1509039603.7210884,1509039603.836506,513
query,1509039603.83651,1509039603.9361286,1577
query,1509039603.9361324,1509039604.1110065,580
query,1509039604.1110103,1509039604.2450264,839
query,1509039604.2450314,1509039604.33898,2096
query,1509039604.3389838,1509039604.6575706,3430
query,1509039604.657588,1509039605.0881767,5087
query,1509039605.0881803,1509039605.4052672,2527
query,1509039605.405271,1509039605.6793177,3959
query,1509039605.6793218,1509039605.759398,21
query,1509039605.7594018,1509039606.2245762,1993
query,1509039606.2245805,1509039606.7749124,5168
query,1509039606.774917,1509039606.9629197,1184
query,1509039606.962924,1509039607.3867302,6209
query,1509039607.3867342,1509039607.7083857,4201
query,1509039607.70839,1509039607.9570723,2403
query,1509039607.957076,1509039608.3706954,3788
query,1509039608.3706994,1509039608.467814,1605
query,1509039608.4678535,1509039608.8719254,3978
query,1509039608.8843572,1509039609.0209265,16
query,1509039609.0209303,1509039609.1063466,1179
query,1509039609.1063511,1509039609.2365248,265
query,1509039609.2365289,1509039609.6654758,6659
query,1509039609.66548,1509039609.745528,1088
query,1509039609.7455332,1509039609.8292422,844
query,1509039609.8292458,1509039609.8628004,0
query,1509039609.8628047,1509039609.9639556,2001
query,1509039609.9639597,1509039610.0346649,56
query,1509039610.034669,1509039610.0938406,264
query,1509039610.0938442,1509039610.2144847,1337
query,1509039610.2144887,1509039610.3049893,1224
query,1509039610.304994,1509039610.6263196,5060
query,1509039610.6263235,1509039611.0285518,4584
query,1509039611.0285552,1509039611.1706266,1800
query,1509039611.170631,1509039611.2741077,1
query,1509039611.2741117,1509039611.3498466,19
query,1509039611.3498504,1509039611.5645962,2864
query,1509039611.5646002,1509039611.764127,1931
query,1509039611.7641664,1509039612.0287435,1414
query,1509039612.0418556,1509039612.2376468,788
query,1509039612.2376509,1509039612.5513058,4392
query,1509039612.5513098,1509039613.0420754,4168
query,1509039613.0420794,1509039613.1036222,87
query,1509039613.1036255,1509039613.1928382,34
query,1509039613.1928427,1509039613.2751505,2332
query,1509039613.2751544,1509039613.6997957,5276
query,1509039613.6997998,1509039613.7570279,1
query,1509039613.7570314,1509039614.0111973,3098
query,1509039614.011201,1509039614.4927537,4318
query,1509039614.4927578,1509039614.6412513,60
query,1509039614.6412551,1509039614.971149,3467
query,1509039614.971154,1509039615.0910175,884
query,1509039615.0910215,1509039615.4021916,3705
query,1509039615.4021955,1509039615.4769828,38
query,1509039615.4769864,1509039615.546114,24
query,1509039615.54612,1509039615.8251781,3123
query,1509039615.8251824,1509039616.5729218,5441
query,1509039616.5729256,1509039616.774703,2074
query,1509039616.7747536,1509039617.2358024,2974
query,1509039617.2481415,1509039617.2975965,0
query,1509039617.2976,1509039617.9690466,5432
query,1509039617.9690514,1509039618.02435,0
query,1509039618.0243902,1509039618.1669955,775
query,1509039618.1669993,1509039618.3633947,173
query,1509039618.3633997,1509039618.4893844,93
query,1509039618.4893878,1509039618.983111,6467
query,1509039618.983115,1509039619.3045099,3258
query,1509039619.3045142,1509039619.701967,4630
query,1509039619.7019708,1509039619.7989254,63
query,1509039619.7989295,1509039620.2551107,2443
query,1509039620.255115,1509039620.5859647,3839
query,1509039620.5859685,1509039620.690028,14
query,1509039620.6900315,1509039620.8512027,2053
query,1509039620.851207,1509039621.4864826,4426
query,1509039621.486487,1509039621.9885314,4123
query,1509039621.9885364,1509039622.1091297,45
query,1509039622.1091337,1509039622.9639711,6061
query,1509039622.963975,1509039623.194766,2997
query,1509039623.1948087,1509039623.8178072,4196
query,1509039623.8300173,1509039623.893757,426
query,1509039623.8937612,1509039624.2614684,2637
query,1509039624.261472,1509039624.8276734,7302
query,1509039624.827678,1509039625.3012428,6172
query,1509039625.3012466,1509039625.42333,1430
query,1509039625.4233341,1509039625.6000655,20
query,1509039625.60007,1509039625.6642957,0
query,1509039625.6643002,1509039625.7037199,0
query,1509039625.7037256,1509039625.8157508,64
query,1509039625.8157554,1509039627.3601682,3613
query,1509039627.3601732,1509039627.913799,7222
query,1509039627.9138029,1509039627.993014,212
query,1509039627.9930184,1509039628.1731846,1990
query,1509039628.173189,1509039628.2491581,509
query,1509039628.249162,1509039628.7466412,4279
query,1509039628.7466455,1509039629.013189,2445
query,1509039629.0131934,1509039629.049789,0
query,1509039629.0497937,1509039629.242977,1867
query,1509039629.2429812,1509039629.5022714,3428
query,1509039629.5023158,1509039629.9915102,6796
query,1509039630.0069232,1509039630.5172658,3614
query,1509039630.5172703,1509039631.378697,7375
query,1509039631.378701,1509039631.5205119,1782
query,1509039631.5205166,1509039631.8319752,3403
query,1509039631.8319795,1509039631.9557223,248
query,1509039631.9557261,1509039632.2579894,3845
query,1509039632.2579935,1509039632.3746316,100
query,1509039632.3746355,1509039632.7674372,2421
query,1509039632.7674413,1509039633.2924938,5303
query,1509039633.292498,1509039633.4628792,204
query,1509039633.462883,1509039633.8804245,2689
query,1509039633.8804278,1509039633.9845135,8
query,1509039633.9845176,1509039634.1346278,1213
query,1509039634.134632,1509039634.5231943,3817
query,1509039634.5231984,1509039635.157355,4715
query,1509039635.1573591,1509039635.2339513,504
query,1509039635.2339556,1509039635.4961753,2587
query,1509039635.4961789,1509039636.0154893,6842
query,1509039636.0154932,1509039636.4114828,3334
query,1509039636.4115252,1509039636.569103,13
query,1509039636.5822446,1509039636.6907852,2185
query,1509039636.690789,1509039636.838589,1579
query,1509039636.8385932,1509039637.7507813,8332
query,1509039637.750786,1509039638.3568401,4757
query,1509039638.3568442,1509039638.533481,405
query,1509039638.5334854,1509039639.1607287,5441
query,1509039639.160733,1509039639.5690603,2015
query,1509039639.569064,1509039640.302396,5316
query,1509039640.3024004,1509039640.8663085,5910
query,1509039640.866313,1509039640.9805846,1960
query,1509039640.9805884,1509039641.0161455,0
query,1509039641.0161505,1509039641.2377205,3618
query,1509039641.2377243,1509039642.127728,3609
query,1509039642.1277325,1509039643.0427272,3612
query,1509039643.0427313,1509039643.5661786,5179
query,1509039643.5661826,1509039643.8110738,2043
query,1509039643.811078,1509039643.893975,855
query,1509039643.893979,1509039643.9400709,5
query,1509039643.9400747,1509039644.058536,1743
query,1509039644.058586,1509039644.2360716,1635
query,1509039644.2494817,1509039644.5336378,2210
query,1509039644.533642,1509039645.1058326,6513
query,1509039645.1058364,1509039645.2222438,1104
query,1509039645.2222476,1509039645.7521093,6056
query,1509039645.752113,1509039645.8993886,44
query,1509039645.8993933,1509039646.0478647,36
query,1509039646.0478694,1509039646.462476,3164
query,1509039646.462481,1509039646.72177,5120
query,1509039646.7217746,1509039646.788665,268
query,1509039646.7886696,1509039646.846944,26
query,1509039646.846948,1509039647.1605937,3838
query,1509039647.160598,1509039647.629017,7064
query,1509039647.6290216,1509039647.7609546,127
query,1509039647.7609587,1509039648.3524137,5662
query,1509039648.3524172,1509039648.428662,0
query,1509039648.4286656,1509039648.8792999,4642
query,1509039648.8793035,1509039648.9320748,0
query,1509039648.9320788,1509039649.0597463,1874
query,1509039649.0597498,1509039649.1415062,8
query,1509039649.1415515,1509039649.5865302,3753
query,1509039649.598984,1509039649.9681451,3834
query,1509039649.9681609,1509039650.0018263,0
query,1509039650.001831,1509039650.494344,5856
query,1509039650.4943476,1509039650.7390924,4384
query,1509039650.7390964,1509039651.0695562,4796
query,1509039651.06956,1509039651.1344545,111
query,1509039651.134458,1509039651.3669915,3462
query,1509039651.366996,1509039651.7138836,4944
query,1509039651.7138877,1509039651.813603,165
query,1509039651.813608,1509039652.400974,6586
query,1509039652.4009778,1509039652.4780397,1
query,1509039652.4780433,1509039652.5732205,40
query,1509039652.5732245,1509039652.6645873,1272
query,1509039652.664592,1509039652.8379185,2392
query,1509039652.837922,1509039653.2852156,3448
query,1509039653.2852197,1509039653.451106,299
query,1509039653.4511096,1509039653.5589566,743
query,1509039653.5589602,1509039653.6250935,444
query,1509039653.6250982,1509039654.0196912,4640
query,1509039654.019733,1509039654.1802433,8
query,1509039654.1930134,1509039654.6043355,5285
query,1509039654.6043394,1509039654.9601436,4257
query,1509039654.960147,1509039655.4324253,4683
query,1509039655.4324296,1509039655.552026,59
query,1509039655.5520303,1509039655.6018515,2
query,1509039655.601855,1509039655.683006,848
query,1509039655.6830099,1509039655.772394,1114
query,1509039655.7723987,1509039655.8221335,1
query,1509039655.8221464,1509039656.0484042,2601
query,1509039656.0484078,1509039656.116421,18
query,1509039656.1164246,1509039656.1853757,28
query,1509039656.1853793,1509039656.2740824,297
query,1509039656.274086,1509039656.623782,4522
query,1509039656.6237857,1509039656.832448,2589
query,1509039656.8324513,1509039656.9762568,4682
query,1509039656.9762623,1509039657.227308,2471
query,1509039657.2273118,1509039657.6134489,2975
query,1509039657.6134527,1509039658.1453638,6532
query,1509039658.1453676,1509039658.2179239,6
query,1509039658.21798,1509039658.8453789,7274
query,1509039658.8580008,1509039658.8873515,0
query,1509039658.887355,1509039658.966369,468
query,1509039658.966373,1509039659.0304012,44
query,1509039659.0304043,1509039659.242253,3030
query,1509039659.2422564,1509039659.807992,6733
query,1509039659.8079956,1509039659.8911226,2
query,1509039659.891126,1509039659.9975498,1247
query,1509039659.997553,1509039660.0778399,3002
query,1509039660.0778437,1509039660.1387458,0
query,1509039660.1387494,1509039660.1657248,0
query,1509039660.165728,1509039660.475138,3096
query,1509039660.4751425,1509039660.5472157,19
query,1509039660.5472193,1509039660.60425,902
query,1509039660.6042535,1509039660.9699595,3834
query,1509039660.969963,1509039661.0584416,1706
query,1509039661.0584452,1509039661.4145808,2411
query,1509039661.414585,1509039661.5035872,1204
query,1509039661.5035915,1509039661.5777874,1323
query,1509039661.577792,1509039661.6407607,470
query,1509039661.6408305,1509039662.1450791,5855
query,1509039662.1572976,1509039662.5699651,3616
query,1509039662.5699687,1509039662.609501,0
query,1509039662.6095042,1509039663.002731,4489
query,1509039663.0027351,1509039663.0598066,2
query,1509039663.0598104,1509039663.1222224,0
query,1509039663.122227,1509039663.3524108,3200
query,1509039663.352415,1509039663.9320273,5932
query,1509039663.932031,1509039664.025795,318
query,1509039664.025799,1509039664.1143236,4
query,1509039664.1143274,1509039664.3447082,475
query,1509039664.3447132,1509039664.4580123,67
query,1509039664.4580162,1509039664.5839188,1392
query,1509039664.5839229,1509039664.7556462,1758
query,1509039664.7556505,1509039665.25464,4109
query,1509039665.2546449,1509039665.966191,6556
query,1509039665.966195,1509039666.2885883,2857
query,1509039666.2885923,1509039666.834796,3999
query,1509039666.8348,1509039666.9130595,0
query,1509039666.9130638,1509039667.0188932,1372
query,1509039667.0189347,1509039667.112512,1
query,1509039667.1185389,1509039667.338414,2577
query,1509039667.3384187,1509039667.5948708,1946
query,1509039667.5948744,1509039667.7427285,2519
query,1509039667.7427325,1509039667.8868263,439
query,1509039667.8868299,1509039668.1393404,4645
query,1509039668.139344,1509039668.375432,2555
query,1509039668.3754363,1509039668.461747,110
query,1509039668.4617503,1509039668.5266175,438
query,1509039668.526621,1509039669.0609965,5216
query,1509039669.0610006,1509039669.1494842,121
query,1509039669.1494882,1509039669.550695,4127
query,1509039669.5506988,1509039669.6092105,34
query,1509039669.609214,1509039669.6979003,11
query,1509039669.6979039,1509039670.34313,5394
query,1509039670.3431342,1509039670.4720535,1644
query,1509039670.4720578,1509039670.6106637,1813
query,1509039670.610668,1509039670.7014444,585
query,1509039670.7014487,1509039670.7715242,11
query,1509039670.7715285,1509039670.8702197,20
query,1509039670.8702617,1509039670.9403212,2
query,1509039670.9562073,1509039671.01827,19
query,1509039671.0182743,1509039671.3915431,4832
query,1509039671.391547,1509039671.7365015,3137
query,1509039671.736505,1509039671.9721422,2386
query,1509039671.9721458,1509039672.201753,4955
query,1509039672.201757,1509039672.351253,2518
query,1509039672.351257,1509039672.3837292,0
query,1509039672.3837333,1509039672.5894573,2012
query,1509039672.589461,1509039672.7432935,880
query,1509039672.7432973,1509039672.8349369,132
query,1509039672.834941,1509039673.26343,2097
query,1509039673.2634351,1509039673.5339856,2119
query,1509039673.5339897,1509039674.0214946,3055
query,1509039674.0214994,1509039674.2283306,1435
query,1509039674.2283342,1509039674.3120909,0
query,1509039674.3120952,1509039674.3668516,2
query,1509039674.366855,1509039674.5099964,424
query,1509039674.51,1509039674.9876153,4385
query,1509039674.9876196,1509039675.0558684,66
query,1509039675.055897,1509039675.1584666,392
query,1509039675.173348,1509039675.5001404,1895
query,1509039675.500145,1509039675.6024697,1513
query,1509039675.6024735,1509039675.748921,417
query,1509039675.7489252,1509039676.6190531,5737
query,1509039676.6190572,1509039676.8188589,1059
query,1509039676.818863,1509039676.9857042,1921
query,1509039676.985709,1509039677.0444095,52
query,1509039677.0444136,1509039677.1333303,89
query,1509039677.1333346,1509039677.2193327,2034
query,1509039677.219337,1509039677.6661386,4705
query,1509039677.6661427,1509039677.713023,0
query,1509039677.7130268,1509039678.2998283,5206
query,1509039678.299832,1509039678.6932306,3125
query,1509039678.6932344,1509039678.8095899,1331
query,1509039678.809594,1509039678.9870906,1120
query,1509039678.9870942,1509039679.125967,2254
query,1509039679.1259708,1509039679.7902808,4738
query,1509039679.790284,1509039680.5429826,5978
query,1509039680.5429866,1509039680.8057554,3622
query,1509039680.8058054,1509039681.117179,4102
query,1509039681.1295955,1509039681.156965,0
query,1509039681.1569686,1509039681.673876,4296
query,1509039681.6738806,1509039681.985517,4502
query,1509039681.9855206,1509039682.0842104,37
query,1509039682.084214,1509039682.330244,2965
query,1509039682.3302484,1509039682.6339808,6166
query,1509039682.6339848,1509039682.773115,1714
query,1509039682.7731192,1509039683.1350746,1918
query,1509039683.1350782,1509039683.4023876,3468
query,1509039683.4023914,1509039683.5050335,1432
query,1509039683.5050368,1509039683.6158183,1401
query,1509039683.6158216,1509039683.76635,445
query,1509039683.7663538,1509039684.068952,2748
query,1509039684.0689569,1509039684.190825,894
query,1509039684.1908283,1509039684.7046225,7176
query,1509039684.704626,1509039684.7817538,0
query,1509039684.7817576,1509039685.201151,2438
query,1509039685.2011545,1509039685.515108,4458
query,1509039685.5151126,1509039685.9725647,4317
query,1509039685.97261,1509039686.1113281,16
query,1509039686.1236856,1509039686.185167,659
query,1509039686.1851711,1509039686.4520953,2305
query,1509039686.452099,1509039687.030119,4298
query,1509039687.030123,1509039688.2235675,270
query,1509039688.223571,1509039688.3532112,901
query,1509039688.3532155,1509039688.6684895,2791
query,1509039688.6684937,1509039688.759786,603
query,1509039688.75979,1509039688.9740825,2748
query,1509039688.9740865,1509039689.165496,2091
query,1509039689.1655,1509039689.59045,3500
query,1509039689.5904543,1509039690.0643551,4263
query,1509039690.0643592,1509039690.5024378,4241
query,1509039690.5024424,1509039690.7915554,2356
query,1509039690.79156,1509039691.007087,2791
query,1509039691.0070913,1509039691.1574562,10
query,1509039691.1574602,1509039691.2560995,800
query,1509039691.2561038,1509039691.500488,2990
query,1509039691.5004919,1509039691.964581,3287
query,1509039691.9645855,1509039692.0746822,110
query,1509039692.0747266,1509039692.2556307,1368
query,1509039692.2679222,1509039692.5706134,2402
query,1509039692.5706174,1509039692.7013972,1604
query,1509039692.7014003,1509039692.795102,532
query,1509039692.7951071,1509039692.8743138,859
query,1509039692.8743174,1509039692.9712236,1367
query,1509039692.9712272,1509039693.3469138,4216
query,1509039693.3469183,1509039693.533548,2126
query,1509039693.5335517,1509039694.0349996,5312
query,1509039694.0350032,1509039694.1143348,3
query,1509039694.1143382,1509039694.207653,191
query,1509039694.2076561,1509039694.3131518,1359
query,1509039694.3131554,1509039694.4511826,1155
query,1509039694.4511871,1509039694.5305982,46
query,1509039694.5306022,1509039695.0072868,5748
query,1509039695.0072906,1509039695.599855,4676
query,1509039695.5998588,1509039695.9746454,3407
query,1509039695.974649,1509039696.0081918,0
query,1509039696.0081954,1509039696.1193922,195
query,1509039696.1193957,1509039696.2799141,1464
query,1509039696.2799556,1509039696.353219,1
query,1509039696.3559995,1509039696.4596705,61
query,1509039696.4596744,1509039696.5621405,80
query,1509039696.562144,1509039696.7838356,2999
query,1509039696.7838392,1509039697.2276118,6139
query,1509039697.2276156,1509039697.2916737,46
query,1509039697.2916772,1509039697.3586018,1623
query,1509039697.3586073,1509039697.4152796,19
query,1509039697.4152837,1509039697.5860205,2619
query,1509039697.5860243,1509039697.7243855,633
query,1509039697.724389,1509039697.8713706,543
query,1509039697.8713748,1509039697.9215686,0
query,1509039697.921572,1509039698.0825038,1994
query,1509039698.0825071,1509039698.1954684,53
query,1509039698.195472,1509039698.283132,223
query,1509039698.2831357,1509039698.5676322,2461
query,1509039698.5676367,1509039698.7339764,922
query,1509039698.73398,1509039699.10786,3580
query,1509039699.1078637,1509039699.4231713,1880
query,1509039699.4231746,1509039700.408362,6552
query,1509039700.4084039,1509039700.4641716,1
query,1509039700.4667556,1509039700.800069,3487
query,1509039700.8000731,1509039700.9062335,817
query,1509039700.9062378,1509039701.0186288,135
query,1509039701.0186327,1509039701.2875552,3299
query,1509039701.287559,1509039701.3845744,1228
query,1509039701.384579,1509039701.4980962,384
query,1509039701.4981,1509039701.731648,2972
query,1509039701.7316518,1509039702.1718426,6576
query,1509039702.1718469,1509039702.4975176,2008
query,1509039702.4975216,1509039702.5512044,1
query,1509039702.5512083,1509039702.7146509,1605
query,1509039702.7146547,1509039702.7819078,51
query,1509039702.7819111,1509039702.8136604,0
query,1509039702.813664,1509039702.8630564,580
query,1509039702.8630602,1509039703.0603452,2364
query,1509039703.0603497,1509039703.1302812,901
query,1509039703.130285,1509039703.2348318,222
query,1509039703.2348359,1509039703.2600522,0
query,1509039703.2600563,1509039703.3837988,259
query,1509039703.3838415,1509039704.864649,3615
query,1509039704.8774288,1509039704.988079,1608
query,1509039704.9880838,1509039705.094794,406
query,1509039705.0947976,1509039705.1191432,3
query,1509039705.1191483,1509039705.170129,3
query,1509039705.1701326,1509039705.2462676,135
query,1509039705.2462716,1509039705.3254101,18
query,1509039705.325414,1509039705.3874137,50
query,1509039705.3874173,1509039705.448623,1257
query,1509039705.4486265,1509039705.74053,4257
query,1509039705.7405338,1509039706.102904,5962
query,1509039706.102908,1509039706.222693,40
query,1509039706.2226965,1509039706.342186,1841
query,1509039706.3421898,1509039706.4296007,966
query,1509039706.4296045,1509039706.4902914,311
query,1509039706.4902947,1509039706.554531,14
query,1509039706.554535,1509039706.608132,1
query,1509039706.6081364,1509039706.7049417,33
query,1509039706.7049465,1509039707.3518434,6354
query,1509039707.3518476,1509039707.8204064,4305
query,1509039707.8204467,1509039707.9365811,793
query,1509039707.9517875,1509039708.501347,6829
query,1509039708.5013514,1509039708.8419793,4506
query,1509039708.8419836,1509039708.9647222,297
query,1509039708.9647257,1509039709.4300656,5423
query,1509039709.4300692,1509039709.5014703,0
query,1509039709.5014746,1509039710.3323393,4256
query,1509039710.3323438,1509039710.6913188,3232
query,1509039710.6913226,1509039710.753342,671
query,1509039710.753346,1509039710.8753002,1511
query,1509039710.875304,1509039711.1466372,2644
query,1509039711.146641,1509039711.2382526,5
query,1509039711.2382574,1509039711.5536997,4631
query,1509039711.5537038,1509039711.6581125,38
query,1509039711.6581168,1509039711.792021,347
query,1509039711.7920268,1509039712.0670907,2526
query,1509039712.0670948,1509039712.6466053,7075
query,1509039712.6466093,1509039713.4741914,7168
query,1509039713.4741955,1509039713.6949172,3074
query,1509039713.6949213,1509039714.186675,4177
query,1509039714.1867182,1509039714.2845635,180
query,1509039714.2970486,1509039714.392074,1151
query,1509039714.3920786,1509039714.5147395,8
query,1509039714.5147436,1509039714.579488,426
query,1509039714.5794919,1509039714.6720572,591
query,1509039714.672061,1509039715.110309,4727
query,1509039715.110313,1509039715.312325,1035
query,1509039715.312331,1509039715.696617,4530
query,1509039715.6966207,1509039715.9715447,3345
query,1509039715.9715486,1509039716.1151042,854
query,1509039716.115108,1509039716.2848928,942
query,1509039716.2848973,1509039716.5152123,3525
query,1509039716.515216,1509039716.6916597,1858
query,1509039716.691664,1509039717.3537514,6374
query,1509039717.3537555,1509039717.5183866,99
query,1509039717.5183904,1509039717.5957096,1018
query,1509039717.5957134,1509039717.6642969,1516
query,1509039717.6643004,1509039717.7472982,401
query,1509039717.7473035,1509039717.7926319,0
query,1509039717.7926366,1509039718.1430044,2363
query,1509039718.1430523,1509039718.5776274,4095
query,1509039718.591316,1509039718.6875048,9
query,1509039718.6875095,1509039718.922501,2245
query,1509039718.9225047,1509039718.9917226,0
query,1509039718.9917262,1509039719.1254787,298
query,1509039719.1254823,1509039719.2251549,254
query,1509039719.2251587,1509039719.6942482,4320
query,1509039719.6942523,1509039720.32361,7138
query,1509039720.3236146,1509039720.661744,5808
query,1509039720.6617484,1509039720.795964,118
query,1509039720.7959678,1509039720.9667041,32
query,1509039720.9667082,1509039721.1043677,1727
query,1509039721.1043713,1509039721.3601074,3708
query,1509039721.360112,1509039721.4805198,1058
query,1509039721.4805236,1509039721.6173673,653
query,1509039721.617372,1509039721.6674325,0
query,1509039721.6674366,1509039722.0829911,3743
query,1509039722.082995,1509039722.1856463,1803
query,1509039722.1856499,1509039722.534403,5152
query,1509039722.5344067,1509039722.629881,1747
query,1509039722.629923,1509039722.6939352,0
query,1509039722.6953151,1509039723.2128274,4498
query,1509039723.2128313,1509039723.3611443,1101
query,1509039723.3611484,1509039723.3996336,0
query,1509039723.399638,1509039723.8460648,2553
query,1509039723.8460689,1509039723.9536328,1469
query,1509039723.9536364,1509039724.1988661,2922
query,1509039724.198871,1509039724.2573988,9
query,1509039724.2574034,1509039724.363677,3
query,1509039724.3636816,1509039724.471401,8
query,1509039724.4714062,1509039724.9390647,6177
query,1509039724.9390683,1509039725.2240546,1885
query,1509039725.2240582,1509039725.521904,3102
query,1509039725.521908,1509039726.1813576,6459
query,1509039726.1813612,1509039726.29263,5
query,1509039726.2926333,1509039726.5108488,2371
query,1509039726.5108528,1509039726.7255423,2223
query,1509039726.7255461,1509039726.8189826,37
query,1509039726.8189867,1509039726.9470825,129
query,1509039726.947086,1509039727.0948653,3
query,1509039727.0949109,1509039727.3141868,936
query,1509039727.327246,1509039727.825529,6811
query,1509039727.8255334,1509039727.9118588,498
query,1509039727.911864,1509039728.1275187,3078
query,1509039728.1275225,1509039728.753351,4140
query,1509039728.753355,1509039729.1842356,5427
query,1509039729.1842399,1509039729.487258,2116
query,1509039729.4872622,1509039729.5979044,1029
query,1509039729.597908,1509039730.0425148,2435
query,1509039730.0425184,1509039730.121816,1437
query,1509039730.1218197,1509039730.2050128,153
query,1509039730.2050166,1509039730.285151,398
query,1509039730.285155,1509039730.478409,1794
query,1509039730.478413,1509039730.536955,0
query,1509039730.5369594,1509039731.1406796,5285
query,1509039731.1406834,1509039731.5407624,3793
query,1509039731.5407667,1509039731.6383529,948
query,1509039731.6383564,1509039732.0943933,3442
query,1509039732.0943975,1509039732.3098745,2270
query,1509039732.309879,1509039732.470422,282
query,1509039732.470464,1509039732.5978951,0
query,1509039732.5993671,1509039732.6723704,1
query,1509039732.6723745,1509039732.9041593,1610
query,1509039732.904163,1509039733.0397701,1118
query,1509039733.0397742,1509039733.4906485,3553
query,1509039733.4906523,1509039733.9607167,5005
query,1509039733.9607203,1509039734.3778853,2337
query,1509039734.3778892,1509039734.6872518,3542
query,1509039734.6872556,1509039734.915051,2792
query,1509039734.915055,1509039735.6631238,6891
query,1509039735.6631286,1509039735.7456262,0
query,1509039735.745631,1509039736.0111096,2195
query,1509039736.0111132,1509039736.049659,1
query,1509039736.0496633,1509039736.1544127,1594
query,1509039736.154416,1509039736.6484563,5307
query,1509039736.6484601,1509039737.0828311,3051
query,1509039737.0828347,1509039737.309481,3409
query,1509039737.3094847,1509039737.358395,1
query,1509039737.3583987,1509039737.3902397,0
query,1509039737.3902433,1509039738.2310464,7340
query,1509039738.2310991,1509039738.3527646,1
query,1509039738.3554304,1509039738.3897915,1
query,1509039738.3897955,1509039739.0530405,5113
query,1509039739.053044,1509039739.4996874,4158
query,1509039739.4996912,1509039739.8637514,2509
query,1509039739.8637557,1509039739.985926,1286
query,1509039739.98593,1509039740.0449357,3
query,1509039740.0449393,1509039740.3924305,3763
query,1509039740.3924341,1509039740.6364489,2935
query,1509039740.6364534,1509039740.736422,85
query,1509039740.7364256,1509039741.029632,821
query,1509039741.0296357,1509039741.1518862,653
query,1509039741.15189,1509039741.4803534,1886
query,1509039741.4803576,1509039741.5908577,1143
query,1509039741.5908618,1509039741.6886425,41
query,1509039741.6886466,1509039742.3679254,6363
query,1509039742.367929,1509039742.5791914,1216
query,1509039742.5791962,1509039743.0023851,5140
query,1509039743.0023887,1509039743.2519004,3429
query,1509039743.2519045,1509039743.8013918,3780
query,1509039743.8014472,1509039743.9895878,118
query,1509039744.0022483,1509039744.5543547,4274
query,1509039744.5543592,1509039745.1421578,7249
query,1509039745.1421618,1509039745.1911237,1
query,1509039745.1911275,1509039745.32715,383
query,1509039745.327154,1509039745.5174422,2667
query,1509039745.517446,1509039745.6312854,1136
query,1509039745.6312895,1509039745.9453712,3565
query,1509039745.945375,1509039746.058396,337
query,1509039746.0584004,1509039746.229855,2363
query,1509039746.2298586,1509039746.2881703,674
query,1509039746.288174,1509039746.5643938,3343
query,1509039746.5643973,1509039746.635219,192
query,1509039746.6352239,1509039746.7945328,3340
query,1509039746.7945364,1509039746.9876177,1910
query,1509039746.9876223,1509039747.0358677,0
query,1509039747.0358727,1509039747.1115417,19
query,1509039747.1115458,1509039747.1582274,4
query,1509039747.1582317,1509039747.3757353,2722
query,1509039747.3757389,1509039747.4823253,958
query,1509039747.4823654,1509039747.6440992,187
query,1509039747.6568885,1509039747.7167683,478
query,1509039747.7167718,1509039748.397889,3273
query,1509039748.3978925,1509039748.5600207,1609
query,1509039748.5600255,1509039749.2253535,4158
query,1509039749.2253575,1509039749.7069633,3265
query,1509039749.7069669,1509039750.2574775,4417
query,1509039750.2574813,1509039750.327364,4
query,1509039750.327368,1509039750.6895485,5017
query,1509039750.6895535,1509039750.8871562,1290
query,1509039750.8871598,1509039751.22948,4790
query,1509039751.229485,1509039751.4469247,2881
query,1509039751.446929,1509039751.8094926,2216
query,1509039751.8094969,1509039751.9291668,2356
query,1509039751.929171,1509039752.1106753,2282
query,1509039752.1106796,1509039752.1931038,181
query,1509039752.1931071,1509039753.168731,9174
query,1509039753.1687357,1509039753.2559083,426
query,1509039753.2559128,1509039753.5672233,3323
query,1509039753.567227,1509039753.9146447,4750
query,1509039753.9146945,1509039753.9695249,0
query,1509039753.970871,1509039754.0559325,853
query,1509039754.055936,1509039754.106977,1
query,1509039754.1069803,1509039754.198472,1399
query,1509039754.1984754,1509039754.5412266,5174
query,1509039754.5412312,1509039754.7193925,2220
query,1509039754.7193978,1509039754.8131666,614
query,1509039754.8131707,1509039755.3319733,6057
query,1509039755.331977,1509039756.0755997,3500
query,1509039756.0756044,1509039756.2242546,944
query,1509039756.2242587,1509039756.2704458,0
query,1509039756.2704499,1509039756.4125853,364
query,1509039756.4125893,1509039756.4524763,0
query,1509039756.452481,1509039756.49122,0
query,1509039756.4912236,1509039756.8426235,3465
query,1509039756.8426275,1509039756.9351094,249
query,1509039756.935113,1509039756.9923425,2
query,1509039756.9923468,1509039757.2560694,3503
query,1509039757.2560747,1509039757.411062,68
query,1509039757.411066,1509039757.4960678,796
query,1509039757.4961088,1509039758.1268456,4590
query,1509039758.139658,1509039758.2412655,1731
query,1509039758.2412703,1509039758.397856,2634
query,1509039758.39786,1509039758.450318,0
query,1509039758.4503224,1509039758.8225093,2595
query,1509039758.8225138,1509039759.2345517,3318
query,1509039759.2345567,1509039759.371216,5
query,1509039759.3712206,1509039759.5257165,580
query,1509039759.5257206,1509039759.6571872,489
query,1509039759.657191,1509039759.914601,2348
query,1509039759.9146051,1509039759.9517105,0
query,1509039759.951714,1509039760.2311876,4898
query,1509039760.2311926,1509039760.3040447,0
query,1509039760.3040493,1509039760.460934,160
query,1509039760.4609377,1509039760.5549622,462
query,1509039760.5549662,1509039760.6300874,497
query,1509039760.630092,1509039760.8396342,3115
query,1509039760.8396385,1509039761.152835,5188
query,1509039761.1528387,1509039761.2551427,29
query,1509039761.255147,1509039761.7319834,4980
query,1509039761.7320285,1509039761.8143418,28
query,1509039761.8273313,1509039761.880924,0
query,1509039761.880928,1509039762.0021043,62
query,1509039762.0021088,1509039762.25159,3118
query,1509039762.2515938,1509039762.2750173,1
query,1509039762.275021,1509039762.7719643,3785
query,1509039762.771968,1509039762.832096,682
query,1509039762.8321,1509039762.98841,3383
query,1509039762.9884138,1509039763.076366,883
query,1509039763.0763702,1509039763.2792218,2480
query,1509039763.2792256,1509039763.7230258,4890
query,1509039763.7230303,1509039764.23158,6189
query,1509039764.2315845,1509039764.3717995,1879
query,1509039764.3718035,1509039764.7922826,4627
query,1509039764.7922866,1509039764.836231,0
query,1509039764.8362353,1509039765.3793523,4808
query,1509039765.3793569,1509039765.553724,584
query,1509039765.553728,1509039765.709804,1150
query,1509039765.709808,1509039765.813556,322
query,1509039765.8135602,1509039766.258488,3630
query,1509039766.2585332,1509039766.8043902,5180
query,1509039766.8168423,1509039767.1221125,5032
query,1509039767.1221168,1509039767.2941833,875
query,1509039767.294187,1509039767.7143254,2684
query,1509039767.7143295,1509039767.8721352,1118
query,1509039767.8721387,1509039768.0138452,178
query,1509039768.013849,1509039768.0893974,0
query,1509039768.0894017,1509039768.4248664,5098
query,1509039768.42487,1509039768.9646735,6957
query,1509039768.9646773,1509039769.2882545,4994
query,1509039769.288258,1509039769.9529574,5895
query,1509039769.9529612,1509039770.1135857,819
query,1509039770.1135895,1509039770.5633101,4888
query,1509039770.563314,1509039770.6234548,21
query,1509039770.6234643,1509039770.9307582,3237
query,1509039770.9307628,1509039771.6058989,5988
query,1509039771.6059031,1509039772.070297,5492
query,1509039772.070301,1509039772.209414,975
query,1509039772.2094173,1509039772.8177614,6849
query,1509039772.8177662,1509039772.9204903,836
query,1509039772.9205282,1509039773.1950486,4412
query,1509039773.2074318,1509039773.6165168,4319
query,1509039773.6165211,1509039773.7476606,1106
query,1509039773.7476645,1509039774.3868937,7158
query,1509039774.3868973,1509039774.4378233,0
query,1509039774.4378269,1509039774.7183747,2637
query,1509039774.7183788,1509039774.82495,1262
query,1509039774.824954,1509039774.8651414,1
query,1509039774.8651462,1509039775.3301668,5405
query,1509039775.3301706,1509039776.075191,6542
query,1509039776.0751948,1509039776.1903465,269
query,1509039776.1903503,1509039776.412709,2242
query,1509039776.4127126,1509039776.5076478,605
query,1509039776.5076509,1509039776.9315972,5159
query,1509039776.9316008,1509039777.4236515,3698
query,1509039777.4236553,1509039777.469975,13
query,1509039777.4699786,1509039777.7422912,2014
query,1509039777.742296,1509039777.8140812,72
query,1509039777.814086,1509039778.602022,5482
query,1509039778.602026,1509039779.1868916,5278
query,1509039779.1869373,1509039779.735286,6922
query,1509039779.748422,1509039780.1205623,4363
query,1509039780.1205661,1509039780.2148747,603
query,1509039780.2148788,1509039780.2982082,379
query,1509039780.2982116,1509039780.4036999,317
query,1509039780.4037044,1509039780.490224,28
query,1509039780.4902282,1509039781.3342261,6272
query,1509039781.3342316,1509039781.5350623,1600
query,1509039781.5350664,1509039781.8426743,4817
query,1509039781.842678,1509039781.9479723,151
query,1509039781.9479773,1509039782.042905,380
query,1509039782.042909,1509039782.62375,9108
query,1509039782.6237543,1509039782.7291992,1182
query,1509039782.7292464,1509039782.8274722,592
query,1509039782.8274767,1509039783.503982,4537
query,1509039783.503986,1509039783.8752513,3069
query,1509039783.875257,1509039784.0808783,3081
query,1509039784.0808833,1509039784.59005,6184
query,1509039784.5900538,1509039784.7096348,24
query,1509039784.7096386,1509039784.844493,366
query,1509039784.8445463,1509039785.4185126,3592
query,1509039785.4309418,1509039785.6386068,3566
query,1509039785.6386106,1509039785.7344778,1183
query,1509039785.7344813,1509039785.8085115,226
query,1509039785.808515,1509039785.890069,19
query,1509039785.8900726,1509039785.9471807,5
query,1509039785.9471843,1509039786.0346708,636
query,1509039786.0346744,1509039786.623896,6582
query,1509039786.6239,1509039786.8958397,2476
query,1509039786.8958433,1509039787.1475818,2074
query,1509039787.1475856,1509039787.8016348,5511
query,1509039787.8016396,1509039788.3027422,5138
query,1509039788.3027458,1509039788.4390278,444
query,1509039788.4390318,1509039788.8306205,5053
query,1509039788.8306243,1509039788.8898187,1
query,1509039788.889822,1509039789.2959588,4670
query,1509039789.2959623,1509039789.3586519,2
query,1509039789.3586552,1509039789.524207,1023
query,1509039789.524211,1509039790.0511835,5502
query,1509039790.0511873,1509039790.1555233,163
query,1509039790.1555681,1509039790.323373,225
query,1509039790.335737,1509039790.44396,943
query,1509039790.4439638,1509039790.8547313,4091
query,1509039790.8547363,1509039791.0650334,1624
query,1509039791.0650373,1509039791.1407247,8
query,1509039791.1407292,1509039791.1905658,2
query,1509039791.1905704,1509039791.2241783,0
query,1509039791.2241833,1509039791.262278,1
query,1509039791.2622821,1509039791.344555,1309
query,1509039791.344559,1509039791.7563164,4807
query,1509039791.75632,1509039791.9633923,2982
query,1509039791.9633968,1509039792.4634674,4464
query,1509039792.4634712,1509039792.7251663,2905
query,1509039792.7251701,1509039792.7983673,6
query,1509039792.7983713,1509039792.9052606,1683
query,1509039792.9052644,1509039792.9675772,1360
query,1509039792.9675884,1509039793.2696722,3114
query,1509039793.269676,1509039793.3611844,822
query,1509039793.361188,1509039793.425339,0
query,1509039793.4253435,1509039793.6871545,2030
query,1509039793.687206,1509039793.781592,1
query,1509039793.786298,1509039794.034937,3227
query,1509039794.0349405,1509039794.5501027,4207
query,1509039794.5501068,1509039794.655729,435
query,1509039794.655734,1509039794.6921022,0
query,1509039794.6921062,1509039794.779499,1853
query,1509039794.7795024,1509039795.1080148,3429
query,1509039795.1080184,1509039795.592428,5780
query,1509039795.5924318,1509039795.6883638,35
query,1509039795.6883678,1509039795.7744746,1719
query,1509039795.7744784,1509039795.8812904,1187
query,1509039795.8812945,1509039795.943695,17
query,1509039795.943699,1509039795.9919858,0
query,1509039795.99199,1509039796.0904117,2578
query,1509039796.0904167,1509039796.1794798,709
query,1509039796.1794837,1509039796.440368,3950
query,1509039796.4403722,1509039796.4742367,1
query,1509039796.47424,1509039796.5476608,38
query,1509039796.5476649,1509039796.9708552,3558
query,1509039796.970861,1509039797.0783787,1498
query,1509039797.0784159,1509039797.4107685,5511
query,1509039797.4270563,1509039797.6657763,3264
query,1509039797.6657798,1509039797.7090585,0
query,1509039797.709062,1509039798.1611202,4970
query,1509039798.161124,1509039798.2339766,1126
query,1509039798.2339807,1509039798.3192422,15
query,1509039798.3192458,1509039798.5556645,2110
query,1509039798.5556693,1509039798.6494882,991
query,1509039798.6494925,1509039798.6922004,7
query,1509039798.6922042,1509039798.7963264,607
query,1509039798.7963302,1509039799.2835171,3005
query,1509039799.283521,1509039799.5683804,2157
query,1509039799.5683842,1509039799.6502593,455
query,1509039799.650263,1509039799.9829373,2952
query,1509039799.982942,1509039800.0498266,1653
query,1509039800.0498307,1509039800.3238077,4815
query,1509039800.3238113,1509039800.5199594,2445
query,1509039800.519963,1509039800.654786,35
query,1509039800.6547906,1509039800.7850082,859
query,1509039800.7850115,1509039800.9221184,5
query,1509039800.922161,1509039801.6165576,5908
query,1509039801.6321576,1509039801.716257,923
query,1509039801.716261,1509039801.79405,1026
query,1509039801.7940536,1509039802.158994,4104
query,1509039802.1590047,1509039802.2534118,984
query,1509039802.2534158,1509039802.796783,5343
query,1509039802.797015,1509039803.5740638,7262
query,1509039803.5740678,1509039803.6834426,805
query,1509039803.6834474,1509039803.9799144,2879
query,1509039803.9799192,1509039804.3539784,2623
query,1509039804.3539824,1509039804.4439862,235
query,1509039804.4439898,1509039804.5097535,81
query,1509039804.5097573,1509039804.8805096,3297
query,1509039804.8805132,1509039805.3681278,4956
query,1509039805.368132,1509039805.434323,0
query,1509039805.4343271,1509039805.5894587,2533
query,1509039805.589463,1509039806.1851335,6859
query,1509039806.1851377,1509039806.3398497,2165
query,1509039806.339854,1509039806.8524485,4106
query,1509039806.852452,1509039806.9390326,823
query,1509039806.9390717,1509039807.4343314,4774
query,1509039807.4472535,1509039807.5219104,36
query,1509039807.521914,1509039807.9372501,2290
query,1509039807.9372542,1509039808.092219,299
query,1509039808.0922234,1509039808.1633174,1009
query,1509039808.1633213,1509039808.463995,3494
query,1509039808.4639986,1509039808.841372,5100
query,1509039808.841376,1509039809.1087449,3532
query,1509039809.1087487,1509039809.6238687,5653
query,1509039809.6238728,1509039809.7349603,234
query,1509039809.7349646,1509039809.846008,2788
query,1509039809.8460119,1509039809.959999,272
query,1509039809.960004,1509039810.0414965,749
query,1509039810.0415008,1509039810.5392883,5335
query,1509039810.539292,1509039811.0367293,5152
query,1509039811.0367332,1509039811.1076083,1
query,1509039811.1076121,1509039811.2371788,1027
query,1509039811.2371824,1509039811.3618138,508
query,1509039811.3618176,1509039811.4195745,0
query,1509039811.4195783,1509039811.4619272,0
query,1509039811.4619653,1509039811.6084301,536
query,1509039811.6207778,1509039811.754983,1786
query,1509039811.7549872,1509039812.1037672,3102
query,1509039812.1037714,1509039812.2429912,1619
query,1509039812.2429953,1509039812.5973485,3734
query,1509039812.5973527,1509039812.8480244,2515
query,1509039812.8480282,1509039812.9657416,25
query,1509039812.9657452,1509039813.022427,1
query,1509039813.022431,1509039813.125047,1063
query,1509039813.125051,1509039813.295943,209
query,1509039813.295947,1509039813.782251,3179
query,1509039813.7822547,1509039813.9954531,2400
query,1509039813.995457,1509039814.1268327,1642
query,1509039814.1268365,1509039814.5281157,3021
query,1509039814.5281198,1509039815.1125495,4713
query,1509039815.112554,1509039815.2377644,589
query,1509039815.2377684,1509039815.3237104,8
query,1509039815.3237147,1509039815.5292585,3426
query,1509039815.5292628,1509039815.7675824,4831
query,1509039815.7675867,1509039816.2682884,4767
