tables,1509321651.7759657,1509327221.8803556
query,1509327221.881224,1509327222.0505683,1516
query,1509327222.0663426,1509327222.3871982,6211
query,1509327222.3872025,1509327222.9039934,13961
query,1509327222.9039974,1509327222.9634976,1528
query,1509327222.9635017,1509327223.0136619,237
query,1509327223.0136664,1509327223.1652071,6173
query,1509327223.1652107,1509327223.1956148,125
query,1509327223.1956184,1509327223.229986,206
query,1509327223.2299898,1509327223.2717826,1168
query,1509327223.2717862,1509327223.303905,410
query,1509327223.3039088,1509327223.42013,1611
query,1509327223.4201338,1509327223.7083185,8668
query,1509327223.7083228,1509327223.768378,1611
query,1509327223.7683825,1509327224.1623292,7804
query,1509327224.1623347,1509327224.1967409,873
query,1509327224.196745,1509327224.4724112,6193
query,1509327224.4724157,1509327224.5001032,17
query,1509327224.5001078,1509327224.557578,1662
query,1509327224.5575826,1509327224.6021073,79
query,1509327224.6021113,1509327224.6724873,1611
query,1509327224.6725342,1509327224.761466,2919
query,1509327224.7739646,1509327224.9386718,5090
query,1509327224.9386759,1509327224.9873195,1594
query,1509327224.987324,1509327225.7493248,14888
query,1509327225.7493296,1509327225.7866762,736
query,1509327225.7866805,1509327225.857202,1611
query,1509327225.8572059,1509327225.9273744,1611
query,1509327225.9273784,1509327225.9963768,1611
query,1509327225.996381,1509327226.0676985,1611
query,1509327226.067702,1509327226.1421695,1611
query,1509327226.1421738,1509327226.1841903,227
query,1509327226.184194,1509327226.2283044,157
query,1509327226.2283082,1509327226.8232865,13719
query,1509327226.8232915,1509327226.8714054,796
query,1509327226.8714097,1509327227.9604344,20310
query,1509327227.960439,1509327228.4577253,9815
query,1509327228.457729,1509327228.4783757,2
query,1509327228.4783792,1509327228.678334,6738
query,1509327228.6783383,1509327229.1868312,9832
query,1509327229.1868358,1509327229.3863652,7696
query,1509327229.3864138,1509327230.6696978,20411
query,1509327230.6820202,1509327231.7674773,18643
query,1509327231.7674816,1509327232.645808,17537
query,1509327232.6458137,1509327233.9556239,24246
query,1509327233.955628,1509327234.0756457,3259
query,1509327234.0756507,1509327234.548181,12305
query,1509327234.5481849,1509327235.2962432,15383
query,1509327235.2962477,1509327237.1868773,30622
query,1509327237.1868813,1509327237.199247,2
query,1509327237.1992512,1509327237.2466848,89
query,1509327237.2466886,1509327237.657136,11655
query,1509327237.6571403,1509327237.6716595,0
query,1509327237.6716633,1509327238.946286,22714
query,1509327238.9462905,1509327239.2942855,11961
query,1509327239.294289,1509327239.325166,1154
query,1509327239.3251698,1509327239.5102792,6569
query,1509327239.5102835,1509327239.5903578,2675
query,1509327239.5903625,1509327240.0636225,13836
query,1509327240.0636265,1509327240.2974658,7545
query,1509327240.2974706,1509327240.343889,41
query,1509327240.3439317,1509327240.3880467,23
query,1509327240.4012547,1509327240.5327027,3878
query,1509327240.5327067,1509327241.7898114,21774
query,1509327241.7898154,1509327242.250152,12849
query,1509327242.2501562,1509327242.2990596,1020
query,1509327242.299064,1509327242.5953171,8475
query,1509327242.5953217,1509327242.7020447,3691
query,1509327242.702049,1509327243.690693,19918
query,1509327243.690697,1509327244.0975318,12941
query,1509327244.0975356,1509327244.12939,552
query,1509327244.1293936,1509327244.6627586,14009
query,1509327244.6627629,1509327245.3480952,13392
query,1509327245.3480995,1509327245.3678148,2
query,1509327245.3678186,1509327245.549826,7891
query,1509327245.5498295,1509327245.964643,9859
query,1509327245.9646468,1509327246.3029838,8270
query,1509327246.302988,1509327246.3275461,2
query,1509327246.3275497,1509327246.4635346,7435
query,1509327246.4635384,1509327246.584176,3455
query,1509327246.5841799,1509327246.6785557,6214
query,1509327246.6785989,1509327247.0176451,10389
query,1509327247.030452,1509327247.108557,2295
query,1509327247.108561,1509327247.3125012,6259
query,1509327247.312505,1509327247.338534,25
query,1509327247.3385375,1509327247.5297356,7072
query,1509327247.5297394,1509327247.5879738,828
query,1509327247.5880127,1509327247.59735,0
query,1509327247.5973537,1509327248.0694802,14599
query,1509327248.0694847,1509327248.1437888,3213
query,1509327248.1437926,1509327248.1772935,2229
query,1509327248.1772976,1509327248.2936008,5435
query,1509327248.2936044,1509327248.3952174,2753
query,1509327248.3952212,1509327248.4210844,176
query,1509327248.4210887,1509327248.48681,2000
query,1509327248.4868135,1509327248.5322173,21
query,1509327248.5322206,1509327248.8590825,11507
query,1509327248.859086,1509327249.163672,8620
query,1509327249.1636763,1509327249.4530108,13020
query,1509327249.4530144,1509327249.716353,9733
query,1509327249.7163565,1509327250.392226,17407
query,1509327250.3922758,1509327250.444148,53
query,1509327250.4603415,1509327250.953183,10980
query,1509327250.9531865,1509327251.3550315,11279
query,1509327251.355036,1509327251.384457,1215
query,1509327251.384462,1509327251.5594218,6706
query,1509327251.559426,1509327251.8451455,8979
query,1509327251.8451493,1509327252.945724,19981
query,1509327252.9457278,1509327253.0617957,4500
query,1509327253.0617995,1509327253.091518,94
query,1509327253.0915215,1509327254.0203023,17293
query,1509327254.0203059,1509327254.2590833,10835
query,1509327254.2590885,1509327254.5067406,12075
query,1509327254.5067449,1509327254.5462904,2890
query,1509327254.5462945,1509327254.5802684,1107
query,1509327254.5802722,1509327254.8413854,11052
query,1509327254.8413897,1509327254.874368,1500
query,1509327254.8743715,1509327254.9519668,2784
query,1509327254.9519708,1509327256.0602133,28726
query,1509327256.0602179,1509327256.093036,1928
query,1509327256.09304,1509327256.1423786,92
query,1509327256.1424267,1509327256.2143352,356
query,1509327256.229418,1509327256.4164503,3937
query,1509327256.416454,1509327256.9095802,13611
query,1509327256.909583,1509327256.933145,20
query,1509327256.9331489,1509327257.3150141,8693
query,1509327257.31502,1509327257.6690683,11982
query,1509327257.669072,1509327257.6987917,1092
query,1509327257.6987958,1509327259.1517901,22721
query,1509327259.1517942,1509327259.1796236,300
query,1509327259.1796274,1509327260.0943978,26104
query,1509327260.094402,1509327260.2028959,4377
query,1509327260.202901,1509327260.9055893,17411
query,1509327260.9055932,1509327261.0590253,5236
query,1509327261.0590293,1509327261.0889015,1133
query,1509327261.0889053,1509327262.2026293,21323
query,1509327262.2026331,1509327262.2346401,61
query,1509327262.2346447,1509327262.3272128,2582
query,1509327262.3272166,1509327262.5701084,10369
query,1509327262.5701132,1509327262.5993156,204
query,1509327262.5993202,1509327262.9133692,8308
query,1509327262.9134092,1509327263.1068041,6907
query,1509327263.1214507,1509327263.6156347,17795
query,1509327263.6156385,1509327263.6555257,3665
query,1509327263.6555293,1509327264.2860644,4038
query,1509327264.286068,1509327264.7563787,14344
query,1509327264.7563834,1509327266.3280475,28772
query,1509327266.3280513,1509327266.4268808,3652
query,1509327266.4268847,1509327266.4562807,1195
query,1509327266.456284,1509327267.1838474,14486
query,1509327267.183852,1509327267.4199839,10645
query,1509327267.419988,1509327267.595857,6244
query,1509327267.595861,1509327267.610917,0
query,1509327267.6109214,1509327267.6568515,1758
query,1509327267.656856,1509327267.6882014,362
query,1509327267.6882064,1509327267.7305295,60
query,1509327267.7305338,1509327267.773074,597
query,1509327267.7730834,1509327268.0553863,9234
query,1509327268.055391,1509327268.3808205,9010
query,1509327268.380825,1509327269.8299937,26965
query,1509327269.8299983,1509327270.4362075,18361
query,1509327270.43625,1509327270.610715,5542
query,1509327270.62273,1509327270.940226,9899
query,1509327270.940229,1509327271.354355,8746
query,1509327271.3543596,1509327271.5678399,6599
query,1509327271.5678437,1509327271.59912,542
query,1509327271.5991237,1509327271.6460462,474
query,1509327271.6460497,1509327271.9344268,9300
query,1509327271.9344313,1509327274.1951082,28434
query,1509327274.195112,1509327274.6529267,8773
query,1509327274.6529312,1509327274.7021365,1150
query,1509327274.7021406,1509327275.2201738,16717
query,1509327275.2201777,1509327275.4011066,3304
query,1509327275.401111,1509327275.48613,3103
query,1509327275.4861333,1509327276.010584,11158
query,1509327276.0105886,1509327277.4270623,28226
query,1509327277.4270668,1509327278.9683905,28187
query,1509327278.9683955,1509327279.016681,1138
query,1509327279.0166848,1509327279.062241,130
query,1509327279.0622444,1509327279.3231473,9065
query,1509327279.3231509,1509327279.649254,10129
query,1509327279.6492956,1509327279.8889785,10397
query,1509327279.9012384,1509327280.2549832,8301
query,1509327280.2549875,1509327280.5376203,13324
query,1509327280.5376244,1509327281.5309265,25117
query,1509327281.5309303,1509327282.330896,15292
query,1509327282.3308995,1509327282.5711446,9985
query,1509327282.5711493,1509327282.6715407,2425
query,1509327282.6715448,1509327282.716287,11
query,1509327282.7162905,1509327282.7599497,237
query,1509327282.7599537,1509327284.018206,30901
query,1509327284.01821,1509327284.2100687,5746
query,1509327284.2100728,1509327284.383068,5887
query,1509327284.383072,1509327284.3936033,3
query,1509327284.3936071,1509327284.6812434,9865
query,1509327284.681247,1509327284.6909819,0
query,1509327284.6909852,1509327285.149018,11943
query,1509327285.149022,1509327285.7604973,9938
query,1509327285.7605016,1509327286.0338752,8100
query,1509327286.0338786,1509327286.6783915,14190
query,1509327286.6783953,1509327288.7611723,23586
query,1509327288.7612157,1509327288.8856845,3096
query,1509327288.8982627,1509327288.9461806,120
query,1509327288.9461842,1509327289.1630182,6694
query,1509327289.163022,1509327289.2922304,5217
query,1509327289.292235,1509327289.624779,9152
query,1509327289.6247833,1509327290.0501733,11204
query,1509327290.050177,1509327291.1444042,23647
query,1509327291.1444087,1509327291.1857247,189
query,1509327291.1857297,1509327291.1929977,0
query,1509327291.1930022,1509327291.4976203,8531
query,1509327291.4976249,1509327291.529613,1210
query,1509327291.529617,1509327291.8116703,7218
query,1509327291.8116744,1509327292.854877,20737
query,1509327292.8548806,1509327292.9034789,1461
query,1509327292.9034827,1509327293.0103073,3777
query,1509327293.0103111,1509327293.4277573,11547
query,1509327293.4277616,1509327293.4751995,1252
query,1509327293.475204,1509327293.5788913,4085
query,1509327293.578895,1509327293.8259242,5855
query,1509327293.8259277,1509327293.9593718,3408
query,1509327293.9594176,1509327294.298418,10459
query,1509327294.3104668,1509327294.3529384,182
query,1509327294.3529422,1509327294.6389108,9903
query,1509327294.638915,1509327294.6824338,1983
query,1509327294.682438,1509327294.9939277,10888
query,1509327294.9939315,1509327296.1948054,17908
query,1509327296.1948094,1509327296.9268188,13325
query,1509327296.9268231,1509327298.2065048,24306
query,1509327298.2065089,1509327298.238562,1424
query,1509327298.2385662,1509327298.245217,0
query,1509327298.2452204,1509327298.4152877,7950
query,1509327298.4152923,1509327298.5814128,8535
query,1509327298.5814173,1509327298.6797845,3539
query,1509327298.679789,1509327299.0711036,11675
query,1509327299.0711074,1509327299.525973,10016
query,1509327299.525977,1509327299.5356033,0
query,1509327299.535607,1509327300.7378461,18684
query,1509327300.737851,1509327301.90349,28909
query,1509327301.9034944,1509327301.9344113,1135
query,1509327301.9344146,1509327301.9698424,1471
query,1509327301.9698818,1509327302.506095,13845
query,1509327302.5197368,1509327303.9708414,31345
query,1509327303.9708452,1509327304.1165628,4573
query,1509327304.1165667,1509327305.06467,15523
query,1509327305.064674,1509327306.6421425,18325
query,1509327306.6421468,1509327307.6879923,25225
query,1509327307.687996,1509327307.911073,8538
query,1509327307.9110765,1509327307.9198875,0
query,1509327307.9198914,1509327307.947568,161
query,1509327307.947572,1509327308.606233,18495
query,1509327308.6062372,1509327308.6370878,1317
query,1509327308.6370919,1509327308.6651142,11
query,1509327308.665118,1509327309.3226128,14867
query,1509327309.3226182,1509327309.357409,221
query,1509327309.3574123,1509327310.1033456,18037
query,1509327310.10335,1509327310.3510113,9549
query,1509327310.3510156,1509327311.150659,20672
query,1509327311.1506631,1509327311.1771955,4
query,1509327311.1771996,1509327311.187127,0
query,1509327311.187131,1509327311.3939257,8498
query,1509327311.3939767,1509327312.864865,23305
query,1509327312.8771195,1509327312.9103103,839
query,1509327312.910314,1509327312.9225187,0
query,1509327312.922522,1509327313.2045157,6487
query,1509327313.20452,1509327313.6270905,12646
query,1509327313.6270947,1509327313.6772752,1129
query,1509327313.6772792,1509327313.688901,0
query,1509327313.688905,1509327313.7344472,581
query,1509327313.734451,1509327315.287459,20507
query,1509327315.2874632,1509327315.3220553,17
query,1509327315.3220599,1509327315.3496566,5
query,1509327315.3496602,1509327315.4161422,4794
query,1509327315.416146,1509327315.425155,0
query,1509327315.4251585,1509327315.5673127,3533
query,1509327315.5673163,1509327315.9436517,10396
query,1509327315.943656,1509327316.7594025,14968
query,1509327316.759407,1509327316.7942457,1422
query,1509327316.7942495,1509327317.4592547,15526
query,1509327317.459259,1509327317.4876933,1512
query,1509327317.4876964,1509327317.9954903,12573
query,1509327317.995535,1509327318.0504186,67
query,1509327318.0640576,1509327319.9614837,32146
query,1509327319.9614885,1509327320.082438,4689
query,1509327320.082442,1509327320.239473,7940
query,1509327320.239477,1509327320.463665,7595
query,1509327320.4636695,1509327320.5105062,1620
query,1509327320.5105097,1509327320.6183295,4892
query,1509327320.6183343,1509327321.0708199,14383
query,1509327321.0708249,1509327321.329019,7757
query,1509327321.3290236,1509327321.435567,3032
query,1509327321.4355712,1509327321.7988634,8132
query,1509327321.798868,1509327322.1839929,11094
query,1509327322.1839974,1509327323.5504942,27649
query,1509327323.5504985,1509327323.5794013,321
query,1509327323.5794055,1509327323.5900335,0
query,1509327323.590037,1509327323.621005,982
query,1509327323.6210089,1509327323.6427696,3
query,1509327323.642773,1509327323.9609911,12635
query,1509327323.960996,1509327324.7999578,17419
query,1509327324.7999616,1509327325.1414213,10543
query,1509327325.1414597,1509327325.2967231,4719
query,1509327325.3128896,1509327325.5150878,9208
query,1509327325.515092,1509327325.8193443,11342
query,1509327325.8193488,1509327325.998541,6746
query,1509327325.9985454,1509327326.6156578,18271
query,1509327326.6156616,1509327326.656315,2249
query,1509327326.6563196,1509327327.0459566,10728
query,1509327327.045961,1509327327.471525,10453
query,1509327327.471531,1509327327.6430223,4282
query,1509327327.6430264,1509327329.9703333,33469
query,1509327329.9703372,1509327329.985191,2
query,1509327329.985195,1509327330.1209764,4629
query,1509327330.1209812,1509327330.1299038,0
query,1509327330.1299071,1509327330.1595783,576
query,1509327330.1595824,1509327331.5620868,20122
query,1509327331.5620909,1509327331.5995824,287
query,1509327331.5995865,1509327332.676178,16992
query,1509327332.676182,1509327333.113932,12490
query,1509327333.1139362,1509327333.1237848,0
query,1509327333.123788,1509327333.1625676,522
query,1509327333.1626096,1509327334.1276867,19007
query,1509327334.140109,1509327334.1934073,2333
query,1509327334.1934114,1509327335.8784018,23518
query,1509327335.878407,1509327337.766183,25990
query,1509327337.7661872,1509327337.9494333,6958
query,1509327337.9494374,1509327339.0376396,22046
query,1509327339.0376437,1509327340.1110654,20322
query,1509327340.1110697,1509327340.1929946,2673
query,1509327340.1929994,1509327340.334833,5107
query,1509327340.3348377,1509327340.7486637,12254
query,1509327340.7486677,1509327341.8384414,18928
query,1509327341.8384454,1509327343.7826853,34438
query,1509327343.78269,1509327343.7997668,1
query,1509327343.7997708,1509327343.9323337,5110
query,1509327343.932338,1509327344.2208202,7386
query,1509327344.2208245,1509327344.2720213,2767
query,1509327344.272025,1509327344.3122635,391
query,1509327344.3122678,1509327344.5017169,5309
query,1509327344.501721,1509327344.541718,1328
query,1509327344.5417223,1509327345.513566,18943
query,1509327345.5136023,1509327345.7072105,22844
query,1509327345.7196383,1509327346.9169064,23671
query,1509327346.9169102,1509327347.0234761,8682
query,1509327347.0234807,1509327347.0690393,98
query,1509327347.0690436,1509327348.2350295,20328
query,1509327348.2350338,1509327348.4588435,9525
query,1509327348.458848,1509327348.5530834,4051
query,1509327348.5530882,1509327348.6438544,4032
query,1509327348.6438587,1509327348.7277896,2950
query,1509327348.7277937,1509327349.6063888,25289
query,1509327349.6063933,1509327350.3430715,16242
query,1509327350.3430755,1509327350.5199382,7088
query,1509327350.519943,1509327350.5596244,2652
query,1509327350.5596282,1509327350.5847049,22
query,1509327350.5847085,1509327350.8854616,9987
query,1509327350.885466,1509327351.2489853,10370
query,1509327351.24899,1509327351.415072,3458
query,1509327351.4150763,1509327351.4466522,1245
query,1509327351.4466565,1509327351.45762,1
query,1509327351.4576232,1509327351.4842577,26
query,1509327351.4842966,1509327352.112934,17360
query,1509327352.1256409,1509327353.7236943,28474
query,1509327353.7236984,1509327353.7511842,7
query,1509327353.751188,1509327353.769811,4
query,1509327353.7698143,1509327354.0262172,10135
query,1509327354.0262213,1509327354.4011743,9124
query,1509327354.4011781,1509327354.7371752,10939
query,1509327354.73718,1509327354.832847,7096
query,1509327354.8328516,1509327355.0046139,6627
query,1509327355.0046182,1509327355.5274286,13484
query,1509327355.5274327,1509327355.7479496,3871
query,1509327355.7479534,1509327355.9086244,7443
query,1509327355.9086287,1509327355.9494982,1522
query,1509327355.9495025,1509327356.5968466,13992
query,1509327356.5968516,1509327356.6231015,44
query,1509327356.6231058,1509327356.663066,3047
query,1509327356.663071,1509327356.791538,6205
query,1509327356.7915423,1509327358.5443218,20850
query,1509327358.5443263,1509327358.5614166,1
query,1509327358.5614202,1509327358.6187499,4355
query,1509327358.618791,1509327358.6643484,4
query,1509327358.6747775,1509327358.7334354,1553
query,1509327358.7334394,1509327358.8695657,3335
query,1509327358.86957,1509327359.0060112,4315
query,1509327359.0060158,1509327359.880582,18260
query,1509327359.8805864,1509327360.060323,7200
query,1509327360.0603273,1509327360.089781,276
query,1509327360.0897853,1509327360.26455,4831
query,1509327360.2645543,1509327360.3611505,3842
query,1509327360.3611562,1509327360.3731353,0
query,1509327360.3731394,1509327361.0518475,19038
query,1509327361.0518522,1509327361.0861392,2067
query,1509327361.0861437,1509327361.2961624,6467
query,1509327361.2961667,1509327361.9881327,15476
query,1509327361.988137,1509327362.6059463,12835
query,1509327362.6059506,1509327363.114267,12068
query,1509327363.114271,1509327363.5153487,9154
query,1509327363.515353,1509327363.5442235,90
query,1509327363.5442276,1509327363.5559938,1
query,1509327363.5559971,1509327365.1564126,30846
query,1509327365.1564543,1509327365.4231873,8234
query,1509327365.4358845,1509327365.481322,996
query,1509327365.4813256,1509327365.787427,9393
query,1509327365.7874305,1509327366.3606846,15753
query,1509327366.3606887,1509327366.3893404,24
query,1509327366.3893447,1509327367.6055279,24374
query,1509327367.6055322,1509327367.8466854,9295
query,1509327367.8466897,1509327367.8844287,20
query,1509327367.8844328,1509327368.2138844,10573
query,1509327368.2138884,1509327369.567886,24403
query,1509327369.56789,1509327369.785209,8609
query,1509327369.7852132,1509327370.375599,13936
query,1509327370.375603,1509327370.4101703,1514
query,1509327370.410174,1509327370.4605122,699
query,1509327370.4605165,1509327370.508699,12
query,1509327370.5087028,1509327371.0985792,15039
query,1509327371.0985837,1509327371.8754637,14118
query,1509327371.8754683,1509327371.9251409,17
query,1509327371.9251459,1509327372.069487,4765
query,1509327372.0694911,1509327372.0911248,5
query,1509327372.0911577,1509327372.8119187,18231
query,1509327372.8242738,1509327372.8580809,1114
query,1509327372.8580842,1509327373.898382,16871
query,1509327373.8983867,1509327374.2932923,11925
query,1509327374.2932966,1509327374.3915012,3824
query,1509327374.3915057,1509327375.606327,27429
query,1509327375.6063313,1509327376.4879932,24383
query,1509327376.4879975,1509327376.777612,12427
query,1509327376.7776158,1509327376.9695165,6305
query,1509327376.9695208,1509327377.0157115,40
query,1509327377.015716,1509327377.1805139,3985
query,1509327377.1805189,1509327377.2252128,1148
query,1509327377.225217,1509327377.569992,7747
query,1509327377.569997,1509327377.9391797,13093
query,1509327377.9391842,1509327378.1351666,7431
query,1509327378.135171,1509327378.160072,18
query,1509327378.1600761,1509327378.199033,9
query,1509327378.1990368,1509327379.6456227,19048
query,1509327379.6456265,1509327379.690988,41
query,1509327379.6909916,1509327379.7224061,383
query,1509327379.7224517,1509327380.1572273,11507
query,1509327380.169328,1509327380.198688,232
query,1509327380.1986916,1509327380.234966,1332
query,1509327380.2349699,1509327380.3145869,3552
query,1509327380.3145907,1509327380.3535662,1559
query,1509327380.3535697,1509327380.8177633,14922
query,1509327380.8177676,1509327380.8518577,2032
query,1509327380.8518624,1509327381.3180025,20725
query,1509327381.3180072,1509327381.4062881,3784
query,1509327381.406292,1509327382.0595918,21697
query,1509327382.0595953,1509327382.4097342,11583
query,1509327382.4097385,1509327382.4374204,57
query,1509327382.4374247,1509327383.7233732,20601
query,1509327383.7233763,1509327383.7485633,20
query,1509327383.7485673,1509327384.9843795,29047
query,1509327384.9843838,1509327386.0902078,29660
query,1509327386.0902123,1509327387.6633606,26759
query,1509327387.6633651,1509327389.0777133,26640
query,1509327389.0777183,1509327389.104787,2
query,1509327389.1048145,1509327389.448524,9667
query,1509327389.4485657,1509327389.942424,12289
query,1509327389.9546497,1509327390.096636,3497
query,1509327390.0966425,1509327390.133501,1321
query,1509327390.1335063,1509327390.2888384,6364
query,1509327390.2888427,1509327390.3991857,3935
query,1509327390.3991895,1509327390.807069,16754
query,1509327390.8070734,1509327391.8013942,25223
query,1509327391.801399,1509327392.106118,11584
query,1509327392.1061218,1509327392.218776,3174
query,1509327392.21878,1509327392.4696615,7970
query,1509327392.4696655,1509327392.7585862,9251
query,1509327392.758591,1509327392.8076992,3607
query,1509327392.807704,1509327392.927619,2491
query,1509327392.9276237,1509327393.935713,20754
query,1509327393.9357173,1509327394.0072625,2210
query,1509327394.0072668,1509327394.3115315,8233
query,1509327394.3115358,1509327394.576438,11892
query,1509327394.5764425,1509327394.8249936,9917
query,1509327394.8249984,1509327394.960065,4931
query,1509327394.9600692,1509327395.1283882,7260
query,1509327395.128439,1509327395.6897867,22830
query,1509327395.7018101,1509327396.0638165,10557
query,1509327396.0638208,1509327396.3439546,9389
query,1509327396.3439589,1509327396.5263498,5264
query,1509327396.5263546,1509327396.7276626,7149
query,1509327396.7276666,1509327396.7711399,224
query,1509327396.771144,1509327396.818869,10
query,1509327396.8188746,1509327396.925516,3175
query,1509327396.9255204,1509327397.6057475,14394
query,1509327397.605752,1509327397.704277,2691
query,1509327397.704283,1509327398.6062016,18295
query,1509327398.6062062,1509327398.7792952,4882
query,1509327398.7792997,1509327400.0231483,29797
query,1509327400.0231524,1509327400.070372,53
query,1509327400.0703762,1509327400.1176019,617
query,1509327400.1176057,1509327400.925451,20093
query,1509327400.925456,1509327400.9639635,483
query,1509327400.9639678,1509327401.6641927,16254
query,1509327401.6641972,1509327401.8962166,9757
query,1509327401.896221,1509327402.7545688,15411
query,1509327402.7546136,1509327402.7840662,1
query,1509327402.7887135,1509327403.1798449,12478
query,1509327403.1798494,1509327403.2141166,2196
query,1509327403.2141206,1509327403.2403247,653
query,1509327403.2403288,1509327403.4349964,8096
query,1509327403.4350002,1509327403.7099519,12514
query,1509327403.7099562,1509327404.5483487,21690
query,1509327404.548353,1509327404.7269967,6446
query,1509327404.727001,1509327405.6126442,27712
query,1509327405.612649,1509327405.7878118,5086
query,1509327405.7878163,1509327407.1657932,30802
query,1509327407.165798,1509327408.6439133,20810
query,1509327408.643918,1509327408.6872761,161
query,1509327408.6872814,1509327408.7583063,2523
query,1509327408.7583122,1509327408.801437,582
query,1509327408.8014412,1509327410.0572095,22430
query,1509327410.057214,1509327411.8230367,33198
query,1509327411.8230417,1509327412.494506,22872
query,1509327412.4945107,1509327412.5267193,1361
query,1509327412.5267234,1509327413.246988,13877
query,1509327413.2470388,1509327413.2988074,9
query,1509327413.3136578,1509327414.2394218,18722
query,1509327414.239426,1509327414.4397514,6156
query,1509327414.4397562,1509327414.5436707,3902
query,1509327414.543675,1509327415.2370281,14515
query,1509327415.2370324,1509327415.2646062,134
query,1509327415.264611,1509327415.6787984,8948
query,1509327415.6788044,1509327415.7163928,2151
query,1509327415.7163975,1509327416.6755447,20337
query,1509327416.6755495,1509327417.9446697,21371
query,1509327417.9446738,1509327418.9034114,23969
query,1509327418.9034166,1509327419.3632712,13829
query,1509327419.3632767,1509327419.3924265,123
query,1509327419.3924308,1509327420.0700583,21249
query,1509327420.0700634,1509327420.1027682,1066
query,1509327420.102772,1509327420.3088832,9058
query,1509327420.3088877,1509327420.56124,7921
query,1509327420.5612442,1509327420.5974476,1546
query,1509327420.597451,1509327420.6170745,6
query,1509327420.617078,1509327420.9730592,13498
query,1509327420.9730964,1509327421.2236981,10118
query,1509327421.2358584,1509327421.2884548,3075
query,1509327421.2884583,1509327421.8205965,13476
query,1509327421.820601,1509327422.0059013,6337
query,1509327422.0059059,1509327422.0634954,4889
query,1509327422.0635002,1509327422.0725863,1
query,1509327422.0725894,1509327422.587693,11742
query,1509327422.5876968,1509327423.0023842,14971
query,1509327423.0023887,1509327424.4183903,20406
query,1509327424.4183958,1509327424.4488747,1241
query,1509327424.448879,1509327424.5571048,2840
query,1509327424.557109,1509327424.7537553,4308
query,1509327424.7537603,1509327425.42995,17251
query,1509327425.429955,1509327426.5169587,23922
query,1509327426.516963,1509327426.567728,1856
query,1509327426.5677316,1509327426.714306,6314
query,1509327426.7143102,1509327426.8968806,4118
query,1509327426.8968859,1509327427.293711,15094
query,1509327427.2937262,1509327427.6805344,12534
query,1509327427.680539,1509327427.7227762,1260
query,1509327427.7228117,1509327427.793495,268
query,1509327427.8057404,1509327428.0717413,9969
query,1509327428.0717454,1509327428.9754164,16625
query,1509327428.975421,1509327429.8482091,18437
query,1509327429.848214,1509327430.178748,9264
query,1509327430.178753,1509327431.0809858,18801
query,1509327431.0809896,1509327431.1078372,1244
query,1509327431.1078408,1509327432.379148,22252
query,1509327432.3791525,1509327432.6365943,5981
query,1509327432.6365986,1509327432.904132,9011
query,1509327432.9041367,1509327432.9551232,2604
query,1509327432.9551275,1509327433.1551156,6928
query,1509327433.1551208,1509327433.651392,17539
query,1509327433.651396,1509327433.8899,8580
query,1509327433.8899045,1509327434.4483943,10909
query,1509327434.4483979,1509327435.6296024,21911
query,1509327435.6296067,1509327435.8289113,8171
query,1509327435.8289154,1509327436.799411,18785
query,1509327436.799415,1509327436.9995775,4787
query,1509327436.9995813,1509327437.0449317,59
query,1509327437.0449755,1509327437.119081,531
query,1509327437.132043,1509327437.1761785,10
query,1509327437.1761825,1509327437.2164838,1909
query,1509327437.2164881,1509327437.262999,2155
query,1509327437.2630029,1509327437.345508,2295
query,1509327437.3455122,1509327437.5677087,10734
query,1509327437.5677128,1509327437.6934946,4822
query,1509327437.6934996,1509327437.9904995,12317
query,1509327437.9905033,1509327438.0201433,1960
query,1509327438.0201466,1509327438.0464587,27
query,1509327438.0464623,1509327438.6226487,16756
query,1509327438.6226532,1509327438.9837844,14707
query,1509327438.983789,1509327439.004039,5
query,1509327439.004043,1509327439.9627056,18380
query,1509327439.96271,1509327440.094271,4220
query,1509327440.094275,1509327440.1220381,207
query,1509327440.1220422,1509327440.2755473,5729
query,1509327440.275552,1509327440.365104,2439
query,1509327440.365108,1509327440.9424906,13721
query,1509327440.942495,1509327441.2975454,15336
query,1509327441.2975903,1509327441.5778642,10688
query,1509327441.5905576,1509327441.637802,468
query,1509327441.6378055,1509327442.2358165,14996
query,1509327442.2358212,1509327442.3549476,7360
query,1509327442.3549511,1509327442.3824704,1355
query,1509327442.382475,1509327442.409298,76
query,1509327442.4093022,1509327442.4521482,2997
query,1509327442.4521527,1509327442.8191886,21165
query,1509327442.8191926,1509327442.8471377,931
query,1509327442.8471415,1509327442.9021451,1917
query,1509327442.9021492,1509327443.5017846,10690
query,1509327443.5017898,1509327443.655255,2599
query,1509327443.6552594,1509327444.7580302,18356
query,1509327444.7580345,1509327445.0518038,7952
query,1509327445.0518086,1509327445.2581363,6484
query,1509327445.25814,1509327445.3066947,36
query,1509327445.3066983,1509327445.7797399,15413
query,1509327445.7797449,1509327446.4414444,19398
query,1509327446.4414496,1509327446.8569949,12043
query,1509327446.8569994,1509327448.2215235,4081
query,1509327448.2215695,1509327448.2778242,2258
query,1509327448.2902675,1509327448.3352242,1348
query,1509327448.3352282,1509327448.7614412,11184
query,1509327448.7614453,1509327449.193288,11247
query,1509327449.1932924,1509327449.2026737,0
query,1509327449.202677,1509327450.8993125,21326
query,1509327450.8993165,1509327450.988728,3161
query,1509327450.9887316,1509327451.0201924,1879
query,1509327451.0201967,1509327451.0479412,1037
query,1509327451.0479453,1509327451.2622333,8968
query,1509327451.2622373,1509327451.294676,1011
query,1509327451.2946796,1509327452.5507731,24045
query,1509327452.5507772,1509327454.0880208,28258
query,1509327454.0880249,1509327454.0985343,0
query,1509327454.098538,1509327454.1184454,3
query,1509327454.118449,1509327454.56947,12211
query,1509327454.5694737,1509327454.8466725,10501
query,1509327454.8466766,1509327455.2748594,12425
query,1509327455.2748637,1509327455.325092,64
query,1509327455.325135,1509327455.5828176,2192
query,1509327455.582862,1509327456.3148787,20957
query,1509327456.327323,1509327457.565497,18858
query,1509327457.5655015,1509327457.8509512,10986
query,1509327457.8509567,1509327458.8676758,18012
query,1509327458.8676805,1509327459.0973368,8051
query,1509327459.097341,1509327459.69524,15769
query,1509327459.6952443,1509327459.7411776,1075
query,1509327459.7411816,1509327459.832128,7100
query,1509327459.8321326,1509327460.0736318,7015
query,1509327460.073636,1509327461.3172445,21401
query,1509327461.317249,1509327462.6430092,21105
query,1509327462.643013,1509327462.679544,1425
query,1509327462.6795478,1509327463.6379983,17193
query,1509327463.6380026,1509327465.2121696,25786
query,1509327465.212174,1509327466.4486914,26964
query,1509327466.4486957,1509327467.7612832,21801
query,1509327467.7612875,1509327467.9634473,6189
query,1509327467.9634516,1509327468.5359547,11353
query,1509327468.5359592,1509327468.5641038,75
query,1509327468.564108,1509327469.3867466,14976
query,1509327469.3867931,1509327469.432649,1976
query,1509327469.445118,1509327470.5438309,25120
query,1509327470.5438354,1509327470.575474,92
query,1509327470.575478,1509327471.0075305,7885
query,1509327471.0075355,1509327471.6345007,12218
query,1509327471.6345048,1509327471.9112859,8555
query,1509327471.9112892,1509327473.1243827,27534
query,1509327473.1243868,1509327473.9074492,15042
query,1509327473.9074538,1509327474.5380008,17020
query,1509327474.5380054,1509327475.0450506,14778
query,1509327475.0450547,1509327476.097545,4053
query,1509327476.0975492,1509327476.1360848,278
query,1509327476.1360893,1509327476.25608,5054
query,1509327476.2560852,1509327477.928145,26973
query,1509327477.92815,1509327477.9460735,3
query,1509327477.9460773,1509327479.3763971,21697
query,1509327479.3764012,1509327479.7150676,8194
query,1509327479.7150722,1509327480.440634,14872
query,1509327480.4406385,1509327481.6845,21681
query,1509327481.6845043,1509327482.3721914,14940
query,1509327482.372233,1509327483.6272652,18088
query,1509327483.6411412,1509327483.6745632,201
query,1509327483.6745675,1509327483.703456,267
query,1509327483.703461,1509327484.1349752,14304
query,1509327484.1349797,1509327484.7210724,19671
query,1509327484.7210765,1509327485.428307,13872
query,1509327485.4283113,1509327486.3923979,15884
query,1509327486.392402,1509327486.4293392,2690
query,1509327486.429344,1509327486.4601521,2790
query,1509327486.460157,1509327486.5044987,279
query,1509327486.504503,1509327487.2820492,16415
query,1509327487.2820535,1509327487.3267481,12
query,1509327487.3267522,1509327487.3558376,846
query,1509327487.355841,1509327487.9360547,16785
query,1509327487.9360592,1509327488.3399787,13145
query,1509327488.3399835,1509327489.3880637,17197
query,1509327489.3880684,1509327489.5386994,5290
query,1509327489.5387032,1509327490.85104,20491
query,1509327490.8510442,1509327491.292145,7286
query,1509327491.292149,1509327491.9251099,14249
query,1509327491.9251525,1509327493.5710437,30202
query,1509327493.5837553,1509327493.8034372,5809
query,1509327493.8034415,1509327494.3294702,15455
query,1509327494.329474,1509327494.3635867,264
query,1509327494.3635907,1509327494.6770396,8883
query,1509327494.677044,1509327495.2504015,16529
query,1509327495.2504056,1509327495.607096,8908
query,1509327495.6070998,1509327495.6436741,362
query,1509327495.6436784,1509327496.933902,19464
query,1509327496.9339063,1509327497.087048,5784
query,1509327497.0870519,1509327497.122633,737
query,1509327497.1226366,1509327497.92673,18251
query,1509327497.9267342,1509327498.4615445,13430
query,1509327498.4615498,1509327499.2473927,23955
query,1509327499.2473972,1509327499.2816975,19
query,1509327499.2817013,1509327499.324638,930
query,1509327499.3246415,1509327499.3742485,2758
query,1509327499.3742533,1509327499.4112446,2082
query,1509327499.4112482,1509327499.8381085,13816
query,1509327499.8381128,1509327501.6287074,24513
query,1509327501.6287513,1509327501.9170961,10945
query,1509327501.930166,1509327502.4079127,14768
query,1509327502.4079165,1509327503.038248,15033
query,1509327503.038253,1509327503.4375343,11776
query,1509327503.437539,1509327503.535965,3456
query,1509327503.5359693,1509327503.5623214,531
query,1509327503.562326,1509327503.5888476,453
query,1509327503.588851,1509327504.2025769,17930
query,1509327504.2025812,1509327505.1070495,20794
query,1509327505.1070535,1509327506.743724,21676
query,1509327506.743728,1509327508.1282704,24957
query,1509327508.1282747,1509327508.3450077,8291
query,1509327508.345013,1509327510.7116477,28847
query,1509327510.7116516,1509327510.7388387,7
query,1509327510.7388425,1509327511.109432,10701
query,1509327511.1094365,1509327511.2062972,2647
query,1509327511.206302,1509327512.050733,18393
query,1509327512.0507371,1509327512.4933336,13291
query,1509327512.4933376,1509327512.538701,703
query,1509327512.5387046,1509327513.1367064,17707
query,1509327513.1367712,1509327513.1898313,2369
query,1509327513.2041805,1509327513.6367188,11516
query,1509327513.636723,1509327514.163204,12722
query,1509327514.1632082,1509327514.5158284,10149
query,1509327514.5158327,1509327514.5600529,429
query,1509327514.5600564,1509327514.9130795,8443
query,1509327514.9130838,1509327515.9413216,25648
query,1509327515.9413266,1509327516.2013915,11220
query,1509327516.2013958,1509327517.1907802,26953
query,1509327517.1907842,1509327517.218159,13
query,1509327517.2181628,1509327517.7598097,17231
query,1509327517.7598143,1509327518.284594,13801
query,1509327518.284598,1509327518.3096256,186
query,1509327518.3096294,1509327519.271156,23770
query,1509327519.2711601,1509327519.2989585,17
query,1509327519.2989624,1509327519.4450479,7336
query,1509327519.4450521,1509327520.026903,13913
query,1509327520.0269072,1509327520.0562627,844
query,1509327520.0562663,1509327521.0522892,17300
query,1509327521.0522935,1509327522.319301,20753
query,1509327522.3193445,1509327523.0726342,18116
query,1509327523.085241,1509327523.1570904,2352
query,1509327523.1570954,1509327523.2279134,2653
query,1509327523.2279177,1509327523.267449,1062
query,1509327523.267453,1509327523.2998161,386
query,1509327523.2998195,1509327523.3315632,227
query,1509327523.3315663,1509327523.5829742,7640
query,1509327523.5829782,1509327524.4413977,16965
query,1509327524.4414024,1509327524.4512784,1
query,1509327524.451282,1509327524.4793568,2043
query,1509327524.479361,1509327524.505111,993
query,1509327524.5051155,1509327525.451273,26090
query,1509327525.451277,1509327527.5246384,31184
query,1509327527.5246425,1509327528.3956745,17350
query,1509327528.395679,1509327528.4639602,3086
query,1509327528.4639645,1509327530.1707723,23124
query,1509327530.170777,1509327530.4986792,11934
query,1509327530.4986835,1509327530.7272093,5769
query,1509327530.7272131,1509327530.8915427,5258
query,1509327530.8915467,1509327531.5745947,15315
query,1509327531.5746403,1509327532.0636704,7966
query,1509327532.0762324,1509327532.4524648,10833
query,1509327532.4524693,1509327533.342482,20684
query,1509327533.3424869,1509327533.350482,0
query,1509327533.3504856,1509327535.4919248,23912
query,1509327535.4919288,1509327535.5236313,625
query,1509327535.5236351,1509327535.98966,10515
query,1509327535.9896648,1509327536.3822784,13302
query,1509327536.3822827,1509327537.2852533,17806
query,1509327537.285257,1509327537.6605754,12055
query,1509327537.6605797,1509327537.6964943,555
query,1509327537.6964993,1509327537.8206806,4349
query,1509327537.8206842,1509327538.361994,14555
query,1509327538.3619983,1509327538.4063485,17
query,1509327538.4063523,1509327539.0751045,14721
query,1509327539.075109,1509327539.6549082,13599
query,1509327539.6549122,1509327539.6853352,766
query,1509327539.6853395,1509327539.7267685,65
query,1509327539.726772,1509327540.7201345,19755
query,1509327540.7201388,1509327540.731406,0
query,1509327540.731442,1509327541.387969,14192
query,1509327541.4002547,1509327541.873959,14486
query,1509327541.8739636,1509327541.905996,1748
query,1509327541.9060004,1509327542.7989793,18807
query,1509327542.7989829,1509327542.829781,28
query,1509327542.8297849,1509327543.781638,21639
query,1509327543.7816427,1509327543.9586082,6455
query,1509327543.958613,1509327544.0865982,2485
query,1509327544.0866027,1509327544.5269156,12060
query,1509327544.5269194,1509327544.99227,14366
query,1509327544.992274,1509327546.3679602,4081
query,1509327546.3679645,1509327547.8395345,21959
query,1509327547.8395383,1509327548.0225,9677
query,1509327548.022504,1509327548.3981996,13802
query,1509327548.3982036,1509327548.5629117,7129
query,1509327548.562916,1509327549.1438887,14562
query,1509327549.143893,1509327549.6067033,11464
query,1509327549.6067078,1509327549.6344702,1013
query,1509327549.6344745,1509327549.7503214,3096
query,1509327549.750326,1509327549.80168,2272
query,1509327549.8017197,1509327549.847835,1
query,1509327549.8507392,1509327549.8925023,181
query,1509327549.892507,1509327551.1599765,4081
query,1509327551.1599803,1509327551.2847207,3707
query,1509327551.2847245,1509327552.1715329,17266
query,1509327552.1715376,1509327552.7497728,17458
query,1509327552.749777,1509327553.1488318,13353
query,1509327553.1488364,1509327553.3507197,10525
query,1509327553.3507242,1509327553.3769135,115
query,1509327553.3769178,1509327553.406194,813
query,1509327553.4061975,1509327554.704975,22174
query,1509327554.7049792,1509327554.940189,10309
query,1509327554.9401934,1509327556.3332877,23872
query,1509327556.3332927,1509327556.811383,13104
query,1509327556.811387,1509327557.3687682,11442
query,1509327557.3687723,1509327557.555195,6298
query,1509327557.555199,1509327558.6101086,24814
query,1509327558.610113,1509327558.8290763,9932
query,1509327558.8290799,1509327558.8603845,1469
query,1509327558.860388,1509327559.7014363,17642
query,1509327559.701479,1509327561.0293705,29196
query,1509327561.0415485,1509327561.3409643,10116
query,1509327561.3409684,1509327561.4824283,6344
query,1509327561.4824321,1509327561.6151812,3771
query,1509327561.6151855,1509327562.31082,17558
query,1509327562.3108244,1509327563.8242486,26068
query,1509327563.8242524,1509327563.858723,1367
query,1509327563.8587267,1509327563.8877213,26
query,1509327563.8877244,1509327564.2831645,14278
query,1509327564.2831683,1509327564.9377205,18782
query,1509327564.9377246,1509327565.0519326,3185
query,1509327565.0519369,1509327565.0634727,0
query,1509327565.0634756,1509327565.1061552,20
query,1509327565.106159,1509327565.4899719,12622
query,1509327565.4899766,1509327565.737294,9455
query,1509327565.7372978,1509327566.1493003,15173
query,1509327566.1493046,1509327566.1671991,3
query,1509327566.167203,1509327567.5708935,28517
query,1509327567.570898,1509327567.6249259,3147
query,1509327567.6249304,1509327568.6844387,4069
query,1509327568.6844847,1509327568.783087,3271
query,1509327568.7951443,1509327569.7469473,23721
query,1509327569.746951,1509327569.8187497,4055
query,1509327569.8187537,1509327569.847048,187
query,1509327569.8470514,1509327569.8806536,1771
query,1509327569.880657,1509327569.9297051,958
query,1509327569.929709,1509327570.398078,13497
query,1509327570.3980818,1509327570.9023883,10563
query,1509327570.902393,1509327571.0890439,6622
query,1509327571.0890477,1509327571.1323242,1525
query,1509327571.1323633,1509327571.163076,1001
query,1509327571.1630807,1509327571.189601,26
query,1509327571.1896048,1509327571.8856146,19261
query,1509327571.8856184,1509327571.9289923,129
query,1509327571.928996,1509327571.9723666,621
query,1509327571.9723704,1509327572.013862,96
query,1509327572.0138657,1509327572.2963681,11056
query,1509327572.2963722,1509327572.4784489,6957
query,1509327572.4784539,1509327572.7855723,11419
query,1509327572.7855768,1509327573.3068774,11874
query,1509327573.3069184,1509327573.6829743,12974
query,1509327573.6953561,1509327573.918414,7237
query,1509327573.9184186,1509327573.9614677,76
query,1509327573.961472,1509327574.0063107,1146
query,1509327574.0063152,1509327574.0344524,92
query,1509327574.0344565,1509327574.1585412,4410
query,1509327574.1585457,1509327574.1899433,135
query,1509327574.1899474,1509327574.2195961,406
query,1509327574.2196002,1509327574.2500114,1071
query,1509327574.2500153,1509327574.4170613,5020
query,1509327574.4170656,1509327574.8580754,11016
query,1509327574.8580792,1509327574.8868482,322
query,1509327574.886852,1509327574.9171653,431
query,1509327574.917169,1509327575.014002,6121
query,1509327575.0140054,1509327575.1288912,5552
query,1509327575.128895,1509327575.362226,6681
query,1509327575.3622305,1509327575.6714041,9577
query,1509327575.6714084,1509327576.265735,18615
query,1509327576.2657392,1509327576.6376007,14867
query,1509327576.637605,1509327577.6277409,19840
query,1509327577.627783,1509327578.3819046,14896
query,1509327578.3939662,1509327579.3946366,20318
query,1509327579.3946412,1509327579.4460945,2831
query,1509327579.446099,1509327579.4883752,215
query,1509327579.4883795,1509327579.5215516,962
query,1509327579.5215569,1509327579.5501502,1013
query,1509327579.5501542,1509327580.24379,16975
query,1509327580.2437944,1509327580.9353232,15393
query,1509327580.9353278,1509327581.0905416,4119
query,1509327581.0905457,1509327581.1246548,38
query,1509327581.1246588,1509327581.1547008,258
query,1509327581.1547043,1509327581.1858675,32
query,1509327581.1858714,1509327581.8923342,17430
query,1509327581.8923388,1509327581.9230654,22
query,1509327581.9230692,1509327581.9557743,2662
query,1509327581.9557786,1509327582.7348692,24645
query,1509327582.7348738,1509327582.8732142,6015
query,1509327582.8732185,1509327583.1851087,8646
query,1509327583.185113,1509327583.3898518,6644
query,1509327583.389856,1509327583.6322322,11106
query,1509327583.6322768,1509327584.409363,14638
query,1509327584.421476,1509327584.4515305,755
query,1509327584.4515347,1509327584.6345086,7438
query,1509327584.6345136,1509327584.9715595,13113
query,1509327584.9715645,1509327585.2441587,15302
query,1509327585.244164,1509327585.9642718,14568
query,1509327585.9642763,1509327586.4673924,15308
query,1509327586.4673965,1509327586.731297,8121
query,1509327586.7313013,1509327586.7478745,1
query,1509327586.7478778,1509327588.3613307,31731
query,1509327588.361335,1509327588.3701756,0
query,1509327588.3701794,1509327588.3806016,1
query,1509327588.3806047,1509327588.3918684,2
query,1509327588.3918722,1509327588.3987944,0
query,1509327588.3987978,1509327588.6372864,10845
query,1509327588.6372914,1509327588.64578,0
query,1509327588.645784,1509327589.2980864,17923
query,1509327589.2980905,1509327589.3442376,6
query,1509327589.3442414,1509327590.0532954,17464
query,1509327590.0532997,1509327590.1105344,2594
query,1509327590.1105754,1509327590.1865418,53
query,1509327590.1991985,1509327591.1372664,16027
query,1509327591.137271,1509327591.2877421,7401
query,1509327591.2877464,1509327591.3266048,550
query,1509327591.3266091,1509327591.8471894,9366
query,1509327591.8471937,1509327592.1862247,11210
query,1509327592.1862295,1509327592.8183525,16300
query,1509327592.8183568,1509327592.8692722,1453
query,1509327592.8692758,1509327593.0817842,8292
query,1509327593.0817888,1509327593.451776,9015
query,1509327593.451781,1509327593.8272703,11910
query,1509327593.8272743,1509327593.9798129,3512
query,1509327593.9798176,1509327594.1575851,7887
query,1509327594.1575894,1509327594.5389223,9726
query,1509327594.5389266,1509327594.747667,6014
query,1509327594.7476716,1509327594.7883232,3850
query,1509327594.7883272,1509327595.1196625,13723
query,1509327595.119666,1509327595.1566377,2040
query,1509327595.1566412,1509327596.0874112,21103
query,1509327596.0874147,1509327596.1311321,42
query,1509327596.131171,1509327596.1740348,684
query,1509327596.1862407,1509327596.2235665,4
query,1509327596.2235699,1509327596.5059896,11149
query,1509327596.505994,1509327596.5543315,1785
query,1509327596.5543358,1509327596.9953854,24646
query,1509327596.9953902,1509327597.159047,6213
query,1509327597.1590507,1509327597.4145582,8616
query,1509327597.4145627,1509327598.9353948,26970
query,1509327598.9353993,1509327599.3201206,12265
query,1509327599.320125,1509327600.2740264,25312
query,1509327600.2740304,1509327600.4451082,8249
query,1509327600.4451125,1509327601.2699652,23692
query,1509327601.2699695,1509327601.815891,12728
query,1509327601.8158948,1509327601.9921389,8318
query,1509327601.9921432,1509327602.3076751,10466
query,1509327602.3076797,1509327602.6067421,10850
query,1509327602.6067464,1509327602.7248452,3568
query,1509327602.7248497,1509327602.939525,10665
query,1509327602.93953,1509327602.986579,694
query,1509327602.9865828,1509327603.0344152,902
query,1509327603.034474,1509327603.0962958,959
query,1509327603.1137178,1509327603.9727192,15571
query,1509327603.9727237,1509327604.0643692,3548
query,1509327604.0643737,1509327604.8029423,17495
query,1509327604.8029466,1509327605.7017803,16966
query,1509327605.7017844,1509327607.2472205,23066
query,1509327607.247225,1509327607.5336657,10688
query,1509327607.5336695,1509327607.5449126,0
query,1509327607.544916,1509327608.5808964,27822
query,1509327608.5809007,1509327608.6130278,18
query,1509327608.6130314,1509327609.7361586,22222
query,1509327609.7361634,1509327609.7865412,1871
query,1509327609.7865455,1509327609.8320334,821
query,1509327609.8320382,1509327611.5457258,18822
query,1509327611.5457304,1509327611.5560458,0
query,1509327611.5560493,1509327612.3489716,17057
query,1509327612.3489761,1509327613.6258533,20017
query,1509327613.6258576,1509327614.689434,19505
query,1509327614.689438,1509327615.1994908,14394
query,1509327615.1994953,1509327615.5322344,10997
query,1509327615.5322814,1509327615.685972,3219
query,1509327615.6986117,1509327615.7255225,7
query,1509327615.7255254,1509327615.7702394,33
query,1509327615.7702436,1509327615.8150487,28
query,1509327615.8150523,1509327615.8440857,491
query,1509327615.8440897,1509327616.634476,20445
query,1509327616.634481,1509327617.353759,14122
query,1509327617.3537638,1509327617.8243036,13431
query,1509327617.824308,1509327618.2611406,11066
query,1509327618.2611444,1509327619.2984698,27559
query,1509327619.2984746,1509327619.3260388,6
query,1509327619.3260427,1509327619.4382577,3528
query,1509327619.4382615,1509327619.5854635,5046
query,1509327619.5854673,1509327620.1429172,14986
query,1509327620.1429205,1509327620.5873544,12516
query,1509327620.5873582,1509327620.8259206,12043
query,1509327620.8259246,1509327621.6785374,18971
query,1509327621.678542,1509327621.8253224,4396
query,1509327621.8253272,1509327621.8672035,1260
query,1509327621.8672082,1509327622.0557017,7188
query,1509327622.0557432,1509327622.5047522,9862
query,1509327622.51706,1509327622.551451,1243
query,1509327622.5514545,1509327623.0814745,15109
query,1509327623.0814788,1509327623.4353416,8998
query,1509327623.4353461,1509327624.9021275,20693
query,1509327624.9021313,1509327625.570624,15089
query,1509327625.5706284,1509327626.4018102,15830
query,1509327626.4018142,1509327626.4124894,1
query,1509327626.4124928,1509327626.7016582,8194
query,1509327626.7016628,1509327626.7628903,2712
query,1509327626.7628946,1509327626.8080935,288
query,1509327626.8080974,1509327626.851892,14
query,1509327626.851896,1509327627.1653316,10803
query,1509327627.1653357,1509327627.3247175,5749
query,1509327627.3247218,1509327629.0993016,28830
query,1509327629.0993063,1509327630.406338,22588
query,1509327630.4063494,1509327630.953783,16163
query,1509327630.9537868,1509327631.0354543,2767
query,1509327631.0354586,1509327631.0938306,3229
query,1509327631.0938344,1509327631.5074682,8036
query,1509327631.507512,1509327631.6342978,3914
query,1509327631.6471338,1509327631.6968842,948
query,1509327631.696888,1509327632.5813756,14587
query,1509327632.5813797,1509327632.6189423,317
query,1509327632.6189463,1509327632.6464877,0
query,1509327632.6464908,1509327633.4169216,18134
query,1509327633.4169266,1509327635.1329598,31573
query,1509327635.132964,1509327635.183747,574
query,1509327635.1837516,1509327635.7362323,20909
query,1509327635.7362363,1509327635.7862754,2276
query,1509327635.7862797,1509327636.0157132,5960
query,1509327636.0157185,1509327636.5362232,9638
query,1509327636.5362277,1509327637.166199,18803
query,1509327637.166204,1509327637.3847165,7198
query,1509327637.3847203,1509327637.602573,6889
query,1509327637.6025767,1509327637.690332,2433
query,1509327637.6903355,1509327638.6694603,28219
query,1509327638.6694653,1509327639.2086306,13676
query,1509327639.2086349,1509327639.2363987,9
query,1509327639.236403,1509327639.2714188,777
query,1509327639.2714782,1509327639.6861582,8197
query,1509327639.698546,1509327640.7625,18820
query,1509327640.7625046,1509327641.2034676,10726
query,1509327641.2034721,1509327641.2458289,24
query,1509327641.2458332,1509327642.067673,17526
query,1509327642.067678,1509327642.6599743,13294
query,1509327642.6599796,1509327643.2861936,13508
query,1509327643.286198,1509327643.492423,9721
query,1509327643.4924269,1509327643.8111806,7714
query,1509327643.8111846,1509327644.0277462,7328
query,1509327644.0277507,1509327644.0726755,1131
query,1509327644.07268,1509327644.083512,0
query,1509327644.083516,1509327645.9265273,22242
query,1509327645.9265327,1509327646.3383093,8475
query,1509327646.338314,1509327648.1233096,31491
query,1509327648.123314,1509327648.2452893,3924
query,1509327648.2452936,1509327648.4721932,10639
query,1509327648.4721978,1509327649.381784,17519
query,1509327649.3817885,1509327650.042444,13500
query,1509327650.0424488,1509327650.994128,23219
query,1509327650.994175,1509327651.7806177,19416
query,1509327651.793518,1509327652.0087576,8176
query,1509327652.0087628,1509327652.615379,17823
query,1509327652.6153831,1509327652.835835,8805
query,1509327652.8358393,1509327652.8760037,143
query,1509327652.8760076,1509327652.9128218,1902
query,1509327652.9128253,1509327652.9435823,386
query,1509327652.9435863,1509327652.9884694,641
query,1509327652.9884737,1509327653.6220787,14911
query,1509327653.6220827,1509327653.8142521,7632
query,1509327653.8142564,1509327653.8259463,0
query,1509327653.82595,1509327654.275963,11103
query,1509327654.2759676,1509327654.3071935,556
query,1509327654.307197,1509327654.3606815,1462
query,1509327654.3606858,1509327654.7588522,15388
query,1509327654.7588573,1509327655.1088295,10357
query,1509327655.1088347,1509327656.746522,24809
query,1509327656.7465262,1509327658.5339563,21314
query,1509327658.5339606,1509327659.6852515,26182
query,1509327659.6852562,1509327659.7147005,828
query,1509327659.7147403,1509327659.8935695,5468
query,1509327659.9058795,1509327660.549391,10091
query,1509327660.5493953,1509327660.6155486,2641
query,1509327660.6155522,1509327662.3757558,36730
query,1509327662.37576,1509327662.5573518,5989
query,1509327662.5573559,1509327663.02034,11083
query,1509327663.0203445,1509327663.0336907,2
query,1509327663.0336945,1509327663.6320674,16040
query,1509327663.6320724,1509327663.7442932,3552
query,1509327663.7443,1509327664.1836383,13443
query,1509327664.1836424,1509327664.6041908,14650
query,1509327664.6041954,1509327666.024196,26930
query,1509327666.0242002,1509327666.8888628,17483
query,1509327666.8888671,1509327666.9125164,5
query,1509327666.91252,1509327667.3653464,17173
query,1509327667.3653502,1509327667.55943,7390
query,1509327667.559434,1509327667.609205,436
query,1509327667.6092086,1509327668.687219,18306
query,1509327668.6872227,1509327669.771515,22407
query,1509327669.771519,1509327670.8399692,23330
query,1509327670.840007,1509327671.1920915,7421
query,1509327671.2047842,1509327671.2505274,1282
query,1509327671.2505314,1509327671.4498286,6839
query,1509327671.4498327,1509327672.911653,22722
query,1509327672.9116585,1509327672.9487252,1916
query,1509327672.9487307,1509327673.1783228,9527
query,1509327673.1783276,1509327673.9897056,18536
query,1509327673.9897106,1509327674.0027,1
query,1509327674.0027037,1509327674.5814312,15493
query,1509327674.5814364,1509327676.267633,20783
query,1509327676.267644,1509327676.7033389,11611
query,1509327676.7033439,1509327676.743472,384
query,1509327676.7434764,1509327677.374093,15756
query,1509327677.3740978,1509327677.9917805,11749
query,1509327677.9917846,1509327678.022379,664
query,1509327678.0223832,1509327678.0554025,13
query,1509327678.0554066,1509327678.0645118,0
query,1509327678.0645154,1509327678.1810079,3332
query,1509327678.181012,1509327678.9785404,14140
query,1509327678.9785457,1509327679.5149465,14448
query,1509327679.515,1509327679.5484934,55
query,1509327679.5611093,1509327680.5380044,23789
query,1509327680.5380087,1509327681.564398,15861
query,1509327681.5644023,1509327682.156121,14473
query,1509327682.156125,1509327682.2185702,3170
query,1509327682.2185745,1509327682.461439,5557
query,1509327682.4614432,1509327682.6264212,4511
query,1509327682.6264253,1509327682.662653,508
query,1509327682.6626573,1509327683.8145654,24507
query,1509327683.8145695,1509327684.6446207,18877
query,1509327684.6446245,1509327684.9380074,9255
query,1509327684.9380114,1509327685.0250833,2395
query,1509327685.0250878,1509327685.052253,107
query,1509327685.052256,1509327686.0276964,18465
query,1509327686.0277004,1509327686.0571697,4
query,1509327686.0571737,1509327686.0852268,1058
query,1509327686.0852306,1509327686.1278057,150
query,1509327686.12781,1509327687.6419115,23499
query,1509327687.6419156,1509327687.6913502,4649
query,1509327687.691354,1509327687.7914448,2808
query,1509327687.791482,1509327687.9203498,4142
query,1509327687.932656,1509327688.0466392,3455
query,1509327688.0466433,1509327689.5028255,26600
query,1509327689.50283,1509327689.5131962,1
query,1509327689.5132003,1509327689.555586,16
query,1509327689.5555902,1509327689.5971918,124
query,1509327689.5971959,1509327691.1416383,19154
query,1509327691.1416426,1509327691.1860268,111
query,1509327691.1860313,1509327692.3548281,20240
query,1509327692.3548312,1509327692.4815195,4081
query,1509327692.4815235,1509327692.516663,15
query,1509327692.516667,1509327692.6630306,5990
query,1509327692.6630344,1509327693.6256697,4051
query,1509327693.625674,1509327693.8795843,10439
query,1509327693.8795886,1509327693.9780524,3309
query,1509327693.978056,1509327694.1442854,7479
query,1509327694.1442897,1509327694.6414037,11536
query,1509327694.6414075,1509327695.787388,18313
query,1509327695.7873926,1509327695.8773992,3184
query,1509327695.8774035,1509327696.4483485,14487
query,1509327696.4483879,1509327697.4404967,27218
query,1509327697.4531672,1509327698.2277405,16653
query,1509327698.227745,1509327698.315454,3016
query,1509327698.315458,1509327698.3538222,1239
query,1509327698.3538263,1509327698.3901088,487
query,1509327698.3901122,1509327698.816301,12398
query,1509327698.816305,1509327698.8353302,3
query,1509327698.8353336,1509327698.8682814,994
query,1509327698.8682845,1509327699.3181286,14562
query,1509327699.3181329,1509327699.573426,11296
query,1509327699.5734298,1509327699.96022,10158
query,1509327699.9602246,1509327700.0614107,3176
query,1509327700.061415,1509327701.5643196,21450
query,1509327701.5643234,1509327702.8344994,28197
query,1509327702.8345037,1509327703.106376,9614
query,1509327703.1063802,1509327703.2375925,5978
query,1509327703.2375963,1509327703.268429,2114
query,1509327703.2684338,1509327703.4990532,6838
query,1509327703.4990575,1509327703.5114262,1
query,1509327703.5114295,1509327703.5594993,312
query,1509327703.5595367,1509327703.9503787,8632
query,1509327703.9629786,1509327704.0424418,2766
query,1509327704.0424464,1509327704.0750432,271
query,1509327704.075047,1509327704.1153197,3695
query,1509327704.1153245,1509327704.4527147,9382
query,1509327704.4527187,1509327704.4957695,27
query,1509327704.495774,1509327704.5345595,1301
query,1509327704.5345647,1509327704.5461705,0
query,1509327704.5461743,1509327705.0343137,14008
query,1509327705.034318,1509327706.6612697,31795
query,1509327706.661274,1509327706.6893601,210
query,1509327706.6893635,1509327706.7153587,206
query,1509327706.715362,1509327707.1900432,13871
query,1509327707.1900473,1509327707.4158201,8103
query,1509327707.4158244,1509327707.4410481,266
query,1509327707.4410522,1509327708.240484,18906
query,1509327708.2404885,1509327708.3739102,6898
query,1509327708.3739142,1509327708.4020865,3
query,1509327708.4020903,1509327708.617288,8919
query,1509327708.6172924,1509327708.6467836,40
query,1509327708.6468189,1509327709.1522467,20726
query,1509327709.1646192,1509327709.2842832,4478
query,1509327709.2842867,1509327710.7866747,31429
query,1509327710.7866786,1509327711.6245885,19811
query,1509327711.624594,1509327711.781844,8167
query,1509327711.7818482,1509327712.064608,10231
query,1509327712.0646122,1509327712.1747808,2915
query,1509327712.174785,1509327713.2745337,20371
query,1509327713.274538,1509327713.490302,5978
query,1509327713.4903061,1509327713.717598,9238
query,1509327713.7176023,1509327714.986826,20907
query,1509327714.98683,1509327715.180588,7722
query,1509327715.180593,1509327715.5091789,12733
query,1509327715.509183,1509327716.4104514,18453
query,1509327716.4104552,1509327716.6535676,9984
query,1509327716.653572,1509327717.921411,26588
query,1509327717.9214156,1509327718.8426974,19881
query,1509327718.8427017,1509327719.609143,16103
query,1509327719.6091473,1509327719.8368912,9265
query,1509327719.8368952,1509327719.8657482,353
query,1509327719.8657837,1509327719.921077,981
query,1509327719.9332273,1509327720.414061,13359
query,1509327720.4140654,1509327720.442827,265
query,1509327720.4428306,1509327720.6608553,5882
query,1509327720.66086,1509327721.093077,14978
query,1509327721.093081,1509327721.1856616,2953
query,1509327721.1856654,1509327721.2293766,3924
query,1509327721.2293804,1509327721.2676458,2451
query,1509327721.26765,1509327721.6555846,14557
query,1509327721.6555882,1509327722.1269314,12727
query,1509327722.1269355,1509327722.157678,1505
query,1509327722.1576817,1509327722.8980048,17024
query,1509327722.8980088,1509327722.9309297,1706
query,1509327722.930933,1509327722.9629302,101
query,1509327722.962934,1509327723.638126,16253
query,1509327723.63813,1509327724.4824703,23377
query,1509327724.4824748,1509327725.255243,20083
query,1509327725.2552476,1509327726.0996218,13399
query,1509327726.0996263,1509327726.2703762,9376
query,1509327726.2703803,1509327726.2984335,19
query,1509327726.2984686,1509327726.3219652,0
query,1509327726.3232908,1509327726.3330724,0
query,1509327726.3330753,1509327726.5003564,7236
query,1509327726.5003603,1509327726.5072484,0
query,1509327726.5072522,1509327726.541233,1122
query,1509327726.5412366,1509327726.5494075,0
query,1509327726.5494106,1509327726.8374639,9511
query,1509327726.837468,1509327726.8659666,13
query,1509327726.8659708,1509327727.6605632,15823
query,1509327727.660567,1509327728.317348,13671
query,1509327728.317352,1509327728.527867,6924
query,1509327728.5278714,1509327728.8346639,7890
query,1509327728.8346684,1509327729.1185527,8387
query,1509327729.1185577,1509327729.146098,216
query,1509327729.1461017,1509327729.7749295,13986
query,1509327729.7749338,1509327729.863995,3243
query,1509327729.8639996,1509327730.8674836,28722
query,1509327730.867488,1509327730.8774781,0
query,1509327730.877482,1509327731.01868,3204
query,1509327731.0186837,1509327731.1678495,5621
query,1509327731.1678874,1509327731.245528,1530
query,1509327731.2580395,1509327731.409668,3924
query,1509327731.4096718,1509327731.8952308,12781
query,1509327731.8952353,1509327731.905177,0
query,1509327731.9051802,1509327732.4700758,13463
query,1509327732.4700797,1509327733.3753717,25322
query,1509327733.3753765,1509327733.875456,13596
query,1509327733.8754606,1509327734.0464275,4872
query,1509327734.0464325,1509327735.1597567,4141
query,1509327735.1597612,1509327735.883467,17223
query,1509327735.8834715,1509327736.2349122,10880
query,1509327736.2349162,1509327736.7838526,15236
query,1509327736.7838576,1509327737.1170785,8128
query,1509327737.1170826,1509327737.8731534,14458
query,1509327737.8731573,1509327737.9982924,5904
query,1509327737.9982975,1509327738.0774837,2644
query,1509327738.0774877,1509327738.1759076,2752
query,1509327738.1759117,1509327738.298006,2816
query,1509327738.2980103,1509327738.6514275,10825
query,1509327738.6514316,1509327738.6800866,1101
query,1509327738.6801274,1509327739.5481203,15592
query,1509327739.561297,1509327740.0637386,13397
query,1509327740.063742,1509327740.1706014,3204
query,1509327740.1706057,1509327740.3139226,5125
query,1509327740.3139267,1509327740.6113243,11476
query,1509327740.6113281,1509327740.6272938,1
query,1509327740.6272972,1509327740.713766,2656
query,1509327740.7137702,1509327740.7294757,1
query,1509327740.7294796,1509327740.758438,7
query,1509327740.7584417,1509327740.784829,2
query,1509327740.7848327,1509327742.033043,24533
query,1509327742.033047,1509327742.073056,964
query,1509327742.0730608,1509327742.098632,6
query,1509327742.0986369,1509327742.4775407,10972
query,1509327742.477545,1509327743.65695,20179
query,1509327743.6569548,1509327743.8096845,3841
query,1509327743.8096888,1509327743.9071562,4036
query,1509327743.9071603,1509327743.936626,226
query,1509327743.93663,1509327744.413393,14314
query,1509327744.413398,1509327744.7406366,11654
query,1509327744.7406805,1509327745.130192,11546
query,1509327745.1460545,1509327745.7087471,14791
query,1509327745.7087512,1509327746.0162091,12698
query,1509327746.0162137,1509327747.5027616,28564
query,1509327747.502766,1509327747.7666967,9211
query,1509327747.7667007,1509327747.7779086,0
query,1509327747.777913,1509327748.2142775,9476
query,1509327748.2142828,1509327748.2450554,950
query,1509327748.2450604,1509327748.2840798,2215
query,1509327748.2840838,1509327748.548175,10719
query,1509327748.548179,1509327748.7292833,8891
query,1509327748.7292879,1509327748.930515,6674
query,1509327748.9305196,1509327749.0190165,2566
query,1509327749.0190206,1509327749.2139232,7259
query,1509327749.2139275,1509327749.3940344,6103
query,1509327749.3940394,1509327749.489148,4121
query,1509327749.4891517,1509327749.529306,28
query,1509327749.5293097,1509327750.5453238,28053
query,1509327750.5453267,1509327751.5278141,15915
query,1509327751.5278184,1509327752.9246576,22254
query,1509327752.9246984,1509327753.1820908,13733
query,1509327753.1944065,1509327753.3154335,5791
query,1509327753.3154376,1509327753.6044602,8315
query,1509327753.6044655,1509327754.413312,22492
query,1509327754.413316,1509327754.8580902,13797
query,1509327754.8580947,1509327755.2721133,10475
query,1509327755.2721174,1509327755.4076223,5188
query,1509327755.4076264,1509327756.3885849,18329
query,1509327756.388589,1509327756.610472,5209
query,1509327756.6104763,1509327756.7797854,6745
query,1509327756.7797892,1509327757.3897603,14776
query,1509327757.3897643,1509327757.5849867,5540
query,1509327757.584991,1509327757.8803315,10222
query,1509327757.880335,1509327757.8986716,1
query,1509327757.8986754,1509327758.918966,18439
query,1509327758.9189696,1509327758.9499757,124
query,1509327758.9499793,1509327760.1929317,21696
query,1509327760.1929364,1509327760.2223923,1540
query,1509327760.2223976,1509327760.2576962,599
query,1509327760.2577007,1509327760.2742252,1
query,1509327760.274261,1509327760.8985732,12476
query,1509327760.912011,1509327761.9272084,27065
query,1509327761.9272122,1509327762.0712678,4298
query,1509327762.0712726,1509327762.083774,0
query,1509327762.0837784,1509327762.133598,637
query,1509327762.1336021,1509327762.469604,10488
query,1509327762.4696078,1509327762.4918933,3
query,1509327762.491897,1509327762.787053,10825
query,1509327762.7870574,1509327764.6229143,24205
query,1509327764.6229186,1509327764.6371882,2
query,1509327764.6371913,1509327764.72581,2377
query,1509327764.7258139,1509327765.0190866,10101
query,1509327765.0190914,1509327765.3271716,9260
query,1509327765.3271766,1509327765.395295,2330
query,1509327765.3952994,1509327765.4397855,20
query,1509327765.4397898,1509327765.7947009,9048
query,1509327765.7947056,1509327765.8257957,1150
query,1509327765.8258002,1509327765.9389508,4958
query,1509327765.938955,1509327765.9691963,347
query,1509327765.9692004,1509327766.3576987,11496
query,1509327766.3577402,1509327766.475833,4102
query,1509327766.4884813,1509327767.0570865,18632
query,1509327767.0570912,1509327767.6572876,13638
query,1509327767.657292,1509327768.341332,13468
query,1509327768.341336,1509327768.3784332,1800
query,1509327768.378437,1509327768.415,1191
query,1509327768.4150035,1509327768.4539132,2090
query,1509327768.4539175,1509327768.462681,0
query,1509327768.4626849,1509327768.8655689,8847
query,1509327768.8655727,1509327768.9874463,3605
query,1509327768.9874504,1509327769.0233653,35
query,1509327769.0233696,1509327769.0783212,2890
query,1509327769.0783255,1509327769.4290607,8667
query,1509327769.4290657,1509327769.4661207,527
query,1509327769.466124,1509327771.0890539,21214
query,1509327771.0890586,1509327771.1370595,823
query,1509327771.1370637,1509327771.825536,24138
query,1509327771.8255403,1509327772.1133783,8661
query,1509327772.1133826,1509327772.1913588,2452
query,1509327772.191363,1509327772.2433934,3454
query,1509327772.2434316,1509327773.4134235,19907
query,1509327773.4264758,1509327774.2846217,15025
query,1509327774.2846262,1509327774.5379736,7645
query,1509327774.5379782,1509327774.639136,3074
query,1509327774.6391401,1509327774.680878,90
query,1509327774.6808817,1509327774.7268124,46
query,1509327774.7268162,1509327774.7702653,301
query,1509327774.7702692,1509327774.8507314,5119
query,1509327774.8507354,1509327775.5459425,13223
query,1509327775.545947,1509327777.2339056,24730
query,1509327777.2339094,1509327777.3899097,11319
query,1509327777.389914,1509327777.4370189,132
query,1509327777.437023,1509327777.4931192,3026
query,1509327777.493123,1509327778.796424,24107
query,1509327778.796429,1509327779.3478472,15874
query,1509327779.3478508,1509327779.6223083,9804
query,1509327779.622313,1509327779.6765735,1789
query,1509327779.676578,1509327780.5072265,26760
query,1509327780.507232,1509327780.551196,1283
query,1509327780.5512018,1509327780.71699,5908
query,1509327780.7170458,1509327782.3387687,28998
query,1509327782.3531587,1509327782.9555826,21267
query,1509327782.9555864,1509327783.6522498,24594
query,1509327783.652254,1509327783.679097,272
query,1509327783.6791012,1509327784.0976667,11468
query,1509327784.0976708,1509327784.9384804,20610
query,1509327784.938484,1509327785.501866,13837
query,1509327785.5018702,1509327785.934451,15397
query,1509327785.934455,1509327786.6091044,17874
query,1509327786.6091082,1509327787.157693,14654
query,1509327787.1576974,1509327787.2846875,6542
query,1509327787.2846916,1509327787.499248,6521
query,1509327787.4992526,1509327787.5086367,0
query,1509327787.5086422,1509327788.629406,21597
query,1509327788.6294105,1509327790.1561134,30037
query,1509327790.1561177,1509327790.1681933,1
query,1509327790.168197,1509327790.2223637,3484
query,1509327790.222368,1509327791.6447835,24962
query,1509327791.6448324,1509327792.185831,13721
query,1509327792.1858354,1509327792.653502,12213
query,1509327792.6535485,1509327793.1785789,14608
query,1509327793.1909554,1509327794.2469578,23120
query,1509327794.2469623,1509327794.3482633,2860
query,1509327794.3482668,1509327794.5780396,7128
query,1509327794.5780437,1509327796.3401926,30179
query,1509327796.3401968,1509327796.3714306,1862
query,1509327796.3714345,1509327798.1199982,27474
query,1509327798.1200023,1509327798.1535163,409
query,1509327798.153521,1509327798.3291085,5639
query,1509327798.3291128,1509327798.6529531,13156
query,1509327798.652958,1509327798.756492,3204
query,1509327798.7564967,1509327798.8716586,4534
query,1509327798.8716629,1509327799.022591,7372
query,1509327799.0225956,1509327800.0173056,26913
query,1509327800.0173097,1509327800.1086144,6261
query,1509327800.1086185,1509327800.141038,4
query,1509327800.141042,1509327800.1699452,14
query,1509327800.1699488,1509327800.1985188,320
query,1509327800.1985223,1509327800.3455813,4046
query,1509327800.3455853,1509327800.3840792,408
query,1509327800.3841176,1509327800.551556,6106
query,1509327800.5640533,1509327800.6283925,2249
query,1509327800.628396,1509327800.6739693,1368
query,1509327800.6739728,1509327801.120564,9573
query,1509327801.1205692,1509327801.5141034,12919
query,1509327801.5141077,1509327801.522692,0
query,1509327801.5226955,1509327801.5499537,533
query,1509327801.549958,1509327801.670231,4845
query,1509327801.6702359,1509327801.7062163,1323
query,1509327801.7062209,1509327801.741783,1782
query,1509327801.7417872,1509327802.3666742,17363
query,1509327802.3666782,1509327802.3956687,816
query,1509327802.3956726,1509327803.0120947,14304
query,1509327803.0120993,1509327803.137092,4264
query,1509327803.1370964,1509327803.245232,4102
query,1509327803.2452362,1509327803.2803671,16
query,1509327803.2803712,1509327803.3065953,4
query,1509327803.3065991,1509327803.4520676,5784
query,1509327803.4520714,1509327804.3470213,26406
query,1509327804.3470254,1509327804.3835533,2093
query,1509327804.3835943,1509327804.6231978,8564
query,1509327804.6369534,1509327804.665523,31
query,1509327804.665527,1509327805.7053316,32674
query,1509327805.705338,1509327805.7324507,563
query,1509327805.7324548,1509327806.0740538,12647
query,1509327806.0740576,1509327807.0355816,18491
query,1509327807.0355854,1509327807.203598,5855
query,1509327807.2036028,1509327807.8173954,14353
query,1509327807.8174,1509327808.1737173,10610
query,1509327808.1737216,1509327809.118188,19461
query,1509327809.1181917,1509327809.7333581,17364
query,1509327809.733362,1509327810.7231395,26209
query,1509327810.7231438,1509327811.380134,12420
query,1509327811.3801389,1509327812.061159,16810
query,1509327812.0611632,1509327812.4803176,11335
query,1509327812.480322,1509327813.3162444,20702
query,1509327813.3162484,1509327813.3422391,154
query,1509327813.3422432,1509327814.647229,29068
query,1509327814.6472332,1509327814.8965065,8016
query,1509327814.8965104,1509327814.9125235,2
query,1509327814.9125617,1509327815.43584,14425
query,1509327815.4492748,1509327815.957691,21548
query,1509327815.9576955,1509327816.1027439,4977
query,1509327816.1027489,1509327816.4012644,9086
query,1509327816.401269,1509327816.8921342,13272
query,1509327816.8921397,1509327817.2624333,10775
query,1509327817.2624376,1509327818.2019293,22760
query,1509327818.201934,1509327818.4985037,12513
query,1509327818.4985077,1509327818.5386024,1152
query,1509327818.5386066,1509327818.570882,1880
query,1509327818.5708861,1509327818.9873745,12403
query,1509327818.9873784,1509327819.873316,17323
query,1509327819.8733199,1509327819.8825366,0
query,1509327819.882541,1509327821.8222864,24135
query,1509327821.822291,1509327822.0918233,8632
query,1509327822.0918276,1509327822.114997,63
query,1509327822.115,1509327822.2120004,4467
query,1509327822.212005,1509327822.443286,9424
query,1509327822.443291,1509327822.8223264,9541
query,1509327822.8223305,1509327822.8320844,1
query,1509327822.8321197,1509327823.009488,6736
query,1509327823.026425,1509327823.0377457,0
query,1509327823.0377493,1509327823.611651,11939
query,1509327823.611655,1509327823.6425495,1098
query,1509327823.6425526,1509327824.2302532,16882
query,1509327824.2302587,1509327824.718615,13662
query,1509327824.7186186,1509327825.234976,15830
query,1509327825.2349796,1509327825.3414035,5281
query,1509327825.341408,1509327825.4346805,4705
query,1509327825.4346845,1509327825.4815195,923
query,1509327825.481523,1509327826.8399541,29874
query,1509327826.8399587,1509327826.8704288,1644
query,1509327826.870435,1509327827.2473516,12460
query,1509327827.2473567,1509327827.2790208,34
query,1509327827.2790248,1509327828.7931015,25107
query,1509327828.793106,1509327829.6346254,17433
query,1509327829.6346307,1509327830.0392394,11944
query,1509327830.0392442,1509327831.7483,35138
query,1509327831.7483046,1509327832.055231,10195
query,1509327832.0552356,1509327832.0849266,66
query,1509327832.0849798,1509327832.1240087,415
query,1509327832.136371,1509327833.1812315,18705
query,1509327833.1812358,1509327833.453289,7349
query,1509327833.453293,1509327834.6498246,28350
query,1509327834.6498291,1509327835.278039,22859
query,1509327835.2780437,1509327835.5747185,8936
query,1509327835.5747232,1509327835.6403928,2037
query,1509327835.6403973,1509327835.6749988,936
query,1509327835.6750035,1509327835.7105205,1269
query,1509327835.710525,1509327835.7383044,1074
query,1509327835.7383082,1509327835.98416,8474
query,1509327835.984164,1509327836.2098172,9122
query,1509327836.2098217,1509327837.1466591,17130
query,1509327837.1466634,1509327837.7296803,16641
query,1509327837.7296844,1509327837.758108,114
query,1509327837.7581117,1509327838.3574607,11975
query,1509327838.3574648,1509327838.6599367,10496
query,1509327838.6599412,1509327838.8168893,5179
query,1509327838.8168933,1509327838.9516995,5150
query,1509327838.951732,1509327839.858138,18258
query,1509327839.8581805,1509327839.948269,2782
query,1509327839.9604616,1509327840.1274104,8528
query,1509327840.1274147,1509327840.3990402,8118
query,1509327840.399045,1509327840.4804723,3612
query,1509327840.4804766,1509327842.0374808,25558
query,1509327842.037485,1509327842.205309,12337
query,1509327842.205313,1509327843.6067643,21703
query,1509327843.6067686,1509327843.618117,0
query,1509327843.6181219,1509327843.786994,6347
query,1509327843.7869983,1509327844.148591,12983
query,1509327844.1485949,1509327844.192687,48
query,1509327844.192691,1509327845.075823,16300
query,1509327845.0758276,1509327845.417366,15262
query,1509327845.4173703,1509327846.0417984,12121
query,1509327846.0418022,1509327846.2838402,10908
query,1509327846.2838447,1509327846.40106,4490
query,1509327846.4010649,1509327846.7284362,11355
query,1509327846.7284417,1509327846.7576168,921
query,1509327846.7576208,1509327846.7879717,1146
query,1509327846.7879753,1509327849.0001407,32859
query,1509327849.000183,1509327849.157554,3174
query,1509327849.1701877,1509327849.369991,4739
query,1509327849.369995,1509327849.6220758,6121
query,1509327849.62208,1509327849.9441407,10272
query,1509327849.944145,1509327851.7330706,20895
query,1509327851.733075,1509327852.4839494,15607
query,1509327852.483953,1509327852.6665084,9180
query,1509327852.6665125,1509327854.0168386,18578
query,1509327854.0168428,1509327854.2220693,6866
query,1509327854.2220736,1509327854.249737,47
query,1509327854.249741,1509327855.643072,24208
query,1509327855.643076,1509327855.6745458,1207
query,1509327855.6745503,1509327856.4817214,18792
query,1509327856.4817266,1509327857.2534297,16420
query,1509327857.2534337,1509327857.2854912,68
query,1509327857.2854948,1509327858.3694048,23818
query,1509327858.3694088,1509327858.4070375,1980
query,1509327858.4070413,1509327860.2479064,31207
query,1509327860.2479112,1509327860.8712428,13575
query,1509327860.871247,1509327862.9384122,23982
query,1509327862.938453,1509327863.2023003,9116
query,1509327863.215022,1509327863.247065,122
query,1509327863.2470703,1509327863.2778661,241
query,1509327863.2778697,1509327863.2982366,4
query,1509327863.2982404,1509327863.6555624,9706
query,1509327863.6555707,1509327865.5118186,29334
query,1509327865.5118234,1509327865.5501766,100
query,1509327865.5501814,1509327865.5935895,3536
query,1509327865.5935936,1509327867.1226296,24249
query,1509327867.122634,1509327867.1540914,835
query,1509327867.1540952,1509327867.8816924,15508
query,1509327867.8816967,1509327868.0224788,4170
query,1509327868.0224836,1509327868.3365,10360
query,1509327868.3365047,1509327868.567713,8929
query,1509327868.567717,1509327868.6012094,569
query,1509327868.6012135,1509327868.6265845,119
query,1509327868.6265879,1509327869.159431,17780
query,1509327869.1594355,1509327869.19385,2329
query,1509327869.1938539,1509327869.472056,9249
query,1509327869.47206,1509327869.5069947,160
query,1509327869.5070395,1509327869.8126812,7601
query,1509327869.8257306,1509327869.86068,22
query,1509327869.8606846,1509327870.818906,20577
query,1509327870.8189101,1509327872.797764,31306
query,1509327872.797768,1509327873.9265122,23608
query,1509327873.9265163,1509327874.893113,26241
query,1509327874.8931167,1509327874.9080923,1
query,1509327874.908096,1509327874.9437299,51
query,1509327874.9437342,1509327875.0391862,4038
query,1509327875.0391905,1509327875.3012648,7290
query,1509327875.30127,1509327875.9568255,13925
query,1509327875.9568303,1509327877.297898,23907
query,1509327877.2979023,1509327877.328133,370
query,1509327877.3281374,1509327877.411928,2430
query,1509327877.411933,1509327877.8093715,14690
query,1509327877.8093755,1509327877.8384292,282
query,1509327877.8384333,1509327877.8531847,3
query,1509327877.853188,1509327877.8994954,1079
query,1509327877.899499,1509327877.9434824,1889
query,1509327877.9434857,1509327878.084053,4124
query,1509327878.084096,1509327878.2230372,5235
query,1509327878.2355704,1509327879.0982196,21123
query,1509327879.0982234,1509327879.1265352,31
query,1509327879.1265395,1509327879.310012,5873
query,1509327879.3100164,1509327879.4764009,5074
query,1509327879.476405,1509327879.5210705,362
query,1509327879.5210752,1509327879.5663784,561
query,1509327879.5663826,1509327879.7226725,2532
query,1509327879.7226763,1509327879.7342405,0
query,1509327879.7342453,1509327879.9246674,7566
query,1509327879.9246716,1509327879.9919863,2378
query,1509327879.99199,1509327881.5016499,21973
query,1509327881.501654,1509327881.901604,9203
query,1509327881.9016082,1509327882.1634736,9517
query,1509327882.1634781,1509327882.2180715,3590
query,1509327882.218076,1509327883.265674,16198
query,1509327883.2656791,1509327884.8902454,21998
query,1509327884.8902502,1509327885.9304318,14189
query,1509327885.9304366,1509327886.7705839,21054
query,1509327886.7705882,1509327887.5536864,24878
query,1509327887.5537271,1509327888.4775474,20579
query,1509327888.4906337,1509327889.4792337,19335
query,1509327889.4792378,1509327891.7372537,34912
query,1509327891.7372577,1509327891.9863362,7956
query,1509327891.9863408,1509327892.5386848,17578
query,1509327892.538689,1509327892.8888812,12175
query,1509327892.8888857,1509327893.455786,19071
query,1509327893.4557905,1509327894.1991339,17830
query,1509327894.199138,1509327894.528565,15972
query,1509327894.5285692,1509327894.5913332,2401
query,1509327894.5913374,1509327896.724988,23339
query,1509327896.7249928,1509327896.8800066,2811
query,1509327896.8800104,1509327896.975497,4226
query,1509327896.9755015,1509327896.9856374,0
query,1509327896.9856405,1509327897.0152736,160
query,1509327897.0152771,1509327897.4704657,12032
query,1509327897.47047,1509327897.5214202,479
query,1509327897.5214252,1509327898.0588,14406
query,1509327898.058804,1509327898.3843322,11541
query,1509327898.3843367,1509327898.5462623,4981
query,1509327898.5463028,1509327898.5861084,417
query,1509327898.5994768,1509327899.144495,15084
query,1509327899.1444993,1509327899.9137268,22049
query,1509327899.9137313,1509327899.9481254,1334
query,1509327899.948129,1509327900.0575018,3451
query,1509327900.0575054,1509327900.9248502,16933
query,1509327900.9248555,1509327901.1655943,8847
query,1509327901.1655984,1509327901.1907465,69
query,1509327901.1907508,1509327901.238571,685
query,1509327901.2385755,1509327902.2521706,20487
query,1509327902.2521744,1509327902.279869,28
query,1509327902.2798731,1509327902.4111707,4497
query,1509327902.4111764,1509327902.4311728,1
query,1509327902.4311764,1509327902.6613624,9144
query,1509327902.661367,1509327903.3005445,15765
query,1509327903.3005488,1509327903.6039534,9920
query,1509327903.6039577,1509327905.3692038,23823
query,1509327905.3692086,1509327905.6504283,7125
query,1509327905.650432,1509327905.9598827,8808
query,1509327905.9598868,1509327905.9975598,99
query,1509327905.9975977,1509327906.0348215,87
query,1509327906.0471606,1509327906.0566514,0
query,1509327906.0566547,1509327906.0738459,4
query,1509327906.0738497,1509327908.0191262,24371
query,1509327908.0191302,1509327908.0548193,77
query,1509327908.0548239,1509327908.4568577,10642
query,1509327908.4568624,1509327908.7136588,18459
query,1509327908.713663,1509327908.7243922,0
query,1509327908.7243958,1509327908.7513015,289
query,1509327908.751305,1509327908.8779335,3061
query,1509327908.8779376,1509327909.0891917,10486
query,1509327909.0891955,1509327909.512955,14283
query,1509327909.5129592,1509327909.8588467,9244
query,1509327909.8588514,1509327910.0692868,6361
query,1509327910.0692909,1509327910.1413813,4827
query,1509327910.141385,1509327910.151507,1
query,1509327910.1515107,1509327910.3253899,6066
query,1509327910.325394,1509327910.3626294,891
query,1509327910.3626332,1509327911.2004776,20435
query,1509327911.2004817,1509327911.2324414,157
query,1509327911.2324817,1509327911.5785768,12360
query,1509327911.5908334,1509327911.6442544,241
query,1509327911.6442587,1509327911.9040725,11158
query,1509327911.9040763,1509327912.775686,22153
query,1509327912.775691,1509327912.8032296,680
query,1509327912.8032339,1509327913.285784,15368
query,1509327913.2857883,1509327913.576987,8225
query,1509327913.5769913,1509327914.0234804,17116
query,1509327914.023485,1509327914.3294811,9011
query,1509327914.3294852,1509327914.3788502,682
query,1509327914.3788538,1509327914.6428666,21887
query,1509327914.642871,1509327914.7426927,4724
query,1509327914.7426965,1509327915.7457175,18817
query,1509327915.7457216,1509327915.898883,5224
query,1509327915.8988876,1509327916.527244,18060
query,1509327916.5272481,1509327916.5813828,9
query,1509327916.581387,1509327916.6223457,1758
query,1509327916.62235,1509327916.6709602,1699
query,1509327916.6709638,1509327916.7795644,2711
query,1509327916.7795687,1509327917.448525,15013
query,1509327917.4485707,1509327917.4944408,967
query,1509327917.5068357,1509327917.8712327,11935
query,1509327917.8712368,1509327917.9054024,1070
query,1509327917.9054074,1509327918.0351515,3578
query,1509327918.0351562,1509327918.495388,15729
query,1509327918.4953926,1509327918.5306876,1560
query,1509327918.5306916,1509327918.5624332,62
query,1509327918.5624375,1509327918.5754068,0
query,1509327918.5754108,1509327918.6097112,1651
query,1509327918.6097152,1509327918.7182763,2960
query,1509327918.7182808,1509327918.76443,19
query,1509327918.7644348,1509327919.11373,9333
query,1509327919.113736,1509327919.1403828,45
query,1509327919.140389,1509327921.3809714,29299
query,1509327921.3809764,1509327923.0187624,30230
query,1509327923.0187666,1509327923.2689984,8597
query,1509327923.2690032,1509327923.3709786,3831
query,1509327923.3709826,1509327923.8811474,11911
query,1509327923.8811517,1509327924.9110465,16381
query,1509327924.911051,1509327925.0344849,3915
query,1509327925.034529,1509327925.977949,16149
query,1509327925.9931345,1509327926.0285726,1768
query,1509327926.0285761,1509327926.293388,7479
query,1509327926.2933927,1509327927.012588,11693
query,1509327927.0125923,1509327927.661175,13407
query,1509327927.661179,1509327927.6716971,0
query,1509327927.6717002,1509327927.6833816,1
query,1509327927.6833856,1509327927.7089958,35
query,1509327927.708999,1509327927.8326278,3841
query,1509327927.8326323,1509327927.8789139,292
query,1509327927.8789177,1509327927.930263,1866
query,1509327927.9302669,1509327929.2239716,20718
query,1509327929.2239757,1509327931.3631334,34651
query,1509327931.3631377,1509327932.1766553,15502
query,1509327932.1766593,1509327933.0958858,27060
query,1509327933.09589,1509327933.3694723,8923
query,1509327933.3694768,1509327933.4711156,5013
query,1509327933.4711206,1509327933.5267248,664
query,1509327933.5267284,1509327934.186914,15900
query,1509327934.186918,1509327934.6647842,11486
query,1509327934.6648676,1509327934.801333,5497
query,1509327934.814196,1509327935.2220345,12927
query,1509327935.2220397,1509327935.7172499,12580
query,1509327935.7172537,1509327936.1736872,12415
query,1509327936.173691,1509327936.486977,7313
query,1509327936.4869812,1509327936.5173724,406
query,1509327936.5173767,1509327936.5494483,165
query,1509327936.5494523,1509327936.6833725,4595
query,1509327936.6833768,1509327936.9443204,10234
query,1509327936.9443233,1509327937.0659528,5302
query,1509327937.0659568,1509327938.5607796,27752
query,1509327938.560784,1509327938.6620696,3007
query,1509327938.6620743,1509327940.568017,22096
query,1509327940.568021,1509327941.6140685,18548
query,1509327941.6140716,1509327941.6675706,1582
query,1509327941.6675754,1509327942.261497,13226
query,1509327942.261501,1509327942.536874,6803
query,1509327942.5368793,1509327943.4574409,19965
query,1509327943.4574451,1509327944.0958054,16134
query,1509327944.0958097,1509327944.4447873,9255
query,1509327944.4448583,1509327944.468638,0
query,1509327944.4701254,1509327944.904596,11864
query,1509327944.9046001,1509327945.5861304,14469
query,1509327945.5861344,1509327945.6305275,419
query,1509327945.630531,1509327945.7818592,5118
query,1509327945.7818642,1509327946.0415957,8772
query,1509327946.0415995,1509327946.469579,15085
query,1509327946.469583,1509327946.5108526,3289
query,1509327946.5108564,1509327947.2493489,18650
query,1509327947.2493534,1509327947.2795455,1906
query,1509327947.2795494,1509327947.4047222,3902
query,1509327947.404726,1509327947.5293329,4354
query,1509327947.529337,1509327947.8821886,10808
query,1509327947.8821926,1509327947.9089952,108
query,1509327947.9089992,1509327948.8325565,14375
query,1509327948.8325608,1509327948.8766067,162
query,1509327948.8766108,1509327948.9264395,1923
query,1509327948.926443,1509327949.4350696,12431
query,1509327949.4350739,1509327950.886233,21880
query,1509327950.8862383,1509327952.1215198,4081
query,1509327952.12156,1509327952.3944206,11905
query,1509327952.402038,1509327952.7788076,11061
query,1509327952.7788124,1509327953.6640275,21901
query,1509327953.6640317,1509327953.8414264,4866
query,1509327953.8414311,1509327954.3133466,12124
query,1509327954.313351,1509327954.3404768,162
query,1509327954.340481,1509327954.3679078,1553
query,1509327954.3679123,1509327954.8927813,19063
query,1509327954.892786,1509327955.0515423,3284
query,1509327955.0515466,1509327955.1973734,4127
query,1509327955.197378,1509327955.2390897,1181
query,1509327955.2390935,1509327957.1902626,23291
query,1509327957.1902668,1509327957.3797002,6715
query,1509327957.3797047,1509327958.38401,20580
query,1509327958.3840148,1509327958.498729,3191
query,1509327958.4987335,1509327958.985038,14936
query,1509327958.9850423,1509327959.0128999,67
query,1509327959.012904,1509327959.0493596,54
query,1509327959.0493634,1509327959.5384963,13275
query,1509327959.5385003,1509327961.1951988,22743
query,1509327961.1952457,1509327961.5320878,9833
query,1509327961.544877,1509327961.5819056,1493
query,1509327961.581909,1509327961.5998251,10
query,1509327961.5998287,1509327962.2145383,14639
query,1509327962.2145429,1509327962.224303,0
query,1509327962.2243068,1509327962.2680163,3024
query,1509327962.2680206,1509327962.301912,2225
query,1509327962.3019166,1509327962.5809886,9978
query,1509327962.580993,1509327962.9854913,13274
query,1509327962.985495,1509327963.1647131,5568
query,1509327963.164717,1509327963.5089402,10565
query,1509327963.5089447,1509327963.7329354,8803
query,1509327963.73294,1509327963.8132977,4218
query,1509327963.8133028,1509327965.8637655,26480
query,1509327965.8637695,1509327966.2683053,11158
query,1509327966.2683098,1509327967.7533028,20820
query,1509327967.7533076,1509327968.0999358,10147
query,1509327968.0999405,1509327968.408166,8336
query,1509327968.408171,1509327969.022647,15788
query,1509327969.0226514,1509327969.0740063,1582
query,1509327969.0740418,1509327969.2990775,5126
query,1509327969.3117893,1509327969.4080768,3316
query,1509327969.4080815,1509327969.671643,11436
query,1509327969.6716473,1509327969.8688927,3973
query,1509327969.8688982,1509327970.091452,7767
query,1509327970.0914564,1509327970.1126585,3
query,1509327970.1126633,1509327970.6047168,17508
query,1509327970.6047208,1509327970.721764,5211
query,1509327970.721768,1509327971.112648,9640
query,1509327971.1126523,1509327971.1438053,1188
query,1509327971.1438096,1509327971.179897,1439
query,1509327971.1799016,1509327971.2202237,2551
query,1509327971.2202282,1509327971.8200057,15694
query,1509327971.8200095,1509327973.1651623,23045
query,1509327973.1651661,1509327973.3812788,9548
query,1509327973.3812826,1509327973.7848382,10102
query,1509327973.784842,1509327974.1257963,15520
query,1509327974.1258004,1509327976.1250925,31649
query,1509327976.125097,1509327976.251668,3569
query,1509327976.251672,1509327976.3872657,5577
query,1509327976.3873045,1509327976.5802243,7619
query,1509327976.5929382,1509327977.0118191,13354
query,1509327977.0118234,1509327977.2064927,6339
query,1509327977.2064972,1509327977.2597,2023
query,1509327977.259704,1509327978.7338204,22451
query,1509327978.7338235,1509327978.7624285,4
query,1509327978.7624319,1509327979.9292808,21554
query,1509327979.9292858,1509327980.7746882,16058
query,1509327980.7746923,1509327980.7844574,0
query,1509327980.7844613,1509327981.446713,17638
query,1509327981.4467173,1509327981.673709,6214
query,1509327981.673713,1509327982.1322496,14494
query,1509327982.1322534,1509327982.2850552,4450
query,1509327982.2850595,1509327982.8858726,16421
query,1509327982.885877,1509327982.9156272,8
query,1509327982.9156318,1509327983.1341524,4056
query,1509327983.1341567,1509327983.6692965,13502
query,1509327983.669301,1509327984.0929472,7638
query,1509327984.092951,1509327984.811077,15520
query,1509327984.811081,1509327985.7126522,20386
query,1509327985.7126958,1509327986.0012279,12428
query,1509327986.0144343,1509327986.9788063,24476
query,1509327986.9788105,1509327987.4909055,3827
query,1509327987.4909093,1509327989.2260394,21597
query,1509327989.226044,1509327989.8362014,14617
query,1509327989.8362055,1509327989.846955,0
query,1509327989.846959,1509327989.879445,1520
query,1509327989.8794491,1509327990.1956856,12011
query,1509327990.1956902,1509327990.5507991,10060
query,1509327990.5508037,1509327991.6035185,20595
query,1509327991.6035235,1509327991.7450316,5360
query,1509327991.745036,1509327992.7895794,16861
query,1509327992.7895834,1509327992.801734,1
query,1509327992.801738,1509327993.1813362,9446
query,1509327993.1813412,1509327993.518428,7931
query,1509327993.5184321,1509327993.7096367,7889
query,1509327993.7096405,1509327994.4322684,13846
query,1509327994.4322722,1509327994.5564525,5827
query,1509327994.5564566,1509327994.5843582,189
query,1509327994.5843627,1509327994.7122357,8780
query,1509327994.7122781,1509327996.692678,28323
query,1509327996.7053165,1509327996.7566986,400
query,1509327996.7567027,1509327996.7701907,0
query,1509327996.7701945,1509327997.0505087,10170
query,1509327997.0505135,1509327997.1249154,3206
query,1509327997.1249197,1509327998.0149636,16955
query,1509327998.0149674,1509327998.9044878,17924
query,1509327998.9044921,1509327999.0469947,4146
query,1509327999.046999,1509327999.0796263,1033
query,1509327999.0796306,1509327999.6415713,13198
query,1509327999.6415753,1509327999.7081609,4700
query,1509327999.708165,1509327999.8774712,4059
query,1509327999.8774753,1509328000.6571474,24241
query,1509328000.6571527,1509328000.6990762,197
query,1509328000.6990802,1509328000.9574926,9145
query,1509328000.957497,1509328000.9720435,0
query,1509328000.9720485,1509328001.6104076,13747
query,1509328001.610412,1509328002.165253,14162
query,1509328002.1652572,1509328002.2104852,342
query,1509328002.2104895,1509328002.256915,2327
query,1509328002.2569602,1509328002.2967565,259
query,1509328002.309256,1509328002.338683,1012
query,1509328002.3386862,1509328003.4057713,21420
query,1509328003.4057755,1509328004.3460858,18752
query,1509328004.3460896,1509328004.829078,13648
query,1509328004.829082,1509328005.1311505,14761
query,1509328005.1311545,1509328005.7122273,18814
query,1509328005.712231,1509328005.9479594,9474
query,1509328005.9479632,1509328005.959495,0
query,1509328005.959499,1509328006.363411,15834
query,1509328006.3634148,1509328006.5390816,4695
query,1509328006.5390859,1509328007.5724008,20343
query,1509328007.5724053,1509328007.8142073,6266
query,1509328007.8142114,1509328008.5220428,15274
query,1509328008.522047,1509328010.0908155,21712
query,1509328010.0908206,1509328010.331313,9984
query,1509328010.3313174,1509328010.364839,1189
query,1509328010.364843,1509328010.3746428,0
query,1509328010.374646,1509328010.5236154,4043
query,1509328010.5236197,1509328010.8741395,15311
query,1509328010.8741791,1509328011.107029,5912
query,1509328011.1193774,1509328011.1512742,1440
query,1509328011.1512775,1509328011.1805606,137
query,1509328011.1805644,1509328011.2108684,1729
query,1509328011.2108722,1509328012.006577,15087
query,1509328012.0065813,1509328012.0204453,2
query,1509328012.0204492,1509328012.6068351,13289
query,1509328012.606839,1509328013.1388292,15409
query,1509328013.1388333,1509328013.1634178,170
query,1509328013.1634219,1509328013.563421,11899
query,1509328013.5634258,1509328013.6895714,6130
query,1509328013.6895757,1509328013.7345133,1256
query,1509328013.734517,1509328014.2751827,14216
query,1509328014.275187,1509328014.3092763,2355
query,1509328014.3092802,1509328015.831816,23367
query,1509328015.83182,1509328015.8759394,2470
query,1509328015.8759444,1509328015.9014003,345
query,1509328015.9014053,1509328015.975304,2334
query,1509328015.975308,1509328016.0022593,265
query,1509328016.0022635,1509328016.0285506,357
query,1509328016.0285919,1509328017.105475,21458
query,1509328017.118545,1509328017.2406597,4248
query,1509328017.2406642,1509328017.6772332,9748
query,1509328017.677238,1509328017.6870012,1
query,1509328017.6870048,1509328017.729071,1284
query,1509328017.729075,1509328017.7945974,4766
query,1509328017.7946012,1509328018.0785675,10198
query,1509328018.0785713,1509328018.1565976,3498
query,1509328018.156602,1509328018.3215957,5945
query,1509328018.3216,1509328018.5875351,9339
query,1509328018.5875394,1509328018.7991085,8615
query,1509328018.799113,1509328019.011527,7827
query,1509328019.0115314,1509328019.1788242,4559
query,1509328019.1788287,1509328019.7199583,18916
query,1509328019.7199628,1509328021.2669642,4081
query,1509328021.2669685,1509328021.3128905,2362
query,1509328021.3128955,1509328021.341241,210
query,1509328021.341245,1509328022.0044925,16282
query,1509328022.0044978,1509328022.5066557,11583
query,1509328022.50666,1509328022.9911346,13915
