tables,1508938656.6233573,1508943101.7747633
query,1508943101.7752776,1508943102.1778631,1805
query,1508943102.191514,1508943102.5468125,4777
query,1508943102.5468166,1508943102.6836154,3836
query,1508943102.6836188,1508943102.7735386,1565
query,1508943102.7735426,1508943102.8021247,202
query,1508943102.8021283,1508943103.0604732,9390
query,1508943103.0604768,1508943103.0851526,10
query,1508943103.085156,1508943103.115554,423
query,1508943103.115557,1508943103.1532054,2211
query,1508943103.1532087,1508943103.1769886,634
query,1508943103.1770024,1508943104.097327,1674
query,1508943104.0973308,1508943104.352306,10974
query,1508943104.352309,1508943104.5651844,1736
query,1508943104.5651882,1508943104.8667092,7338
query,1508943104.8667126,1508943104.912141,1086
query,1508943104.9121447,1508943105.0763981,4406
query,1508943105.0764017,1508943105.1009972,104
query,1508943105.101,1508943105.2694998,2121
query,1508943105.2695036,1508943105.3236148,1439
query,1508943105.3236184,1508943105.611729,105
query,1508943105.6117775,1508943105.6777663,1494
query,1508943105.6906545,1508943105.785004,2710
query,1508943105.785008,1508943105.9205785,320
query,1508943105.9205823,1508943106.2631783,12040
query,1508943106.2631826,1508943106.2918513,981
query,1508943106.2918556,1508943106.521539,1753
query,1508943106.5215435,1508943106.730741,1305
query,1508943106.7307448,1508943106.8808544,78
query,1508943106.880858,1508943107.1077287,1720
query,1508943107.1077323,1508943107.361344,80
query,1508943107.3613477,1508943107.3856363,91
query,1508943107.3856401,1508943107.4150503,325
query,1508943107.4150536,1508943107.8424525,9659
query,1508943107.842456,1508943107.9023917,1934
query,1508943107.9023955,1508943108.1297657,11565
query,1508943108.1297693,1508943108.3191137,4784
query,1508943108.319117,1508943108.3308713,2
query,1508943108.330875,1508943108.3945928,1734
query,1508943108.3945966,1508943108.646126,4536
query,1508943108.6461306,1508943108.7047243,1808
query,1508943108.7047756,1508943109.3150418,9064
query,1508943109.327397,1508943109.6814086,14248
query,1508943109.6814125,1508943110.073389,11652
query,1508943110.0733933,1508943110.7800372,16702
query,1508943110.7800412,1508943110.8121617,1001
query,1508943110.8121657,1508943111.1166213,9291
query,1508943111.1166253,1508943111.4553545,11650
query,1508943111.455358,1508943112.053091,12722
query,1508943112.0530944,1508943112.0785246,4
query,1508943112.0785282,1508943112.1224089,15
query,1508943112.1224124,1508943112.335918,10312
query,1508943112.3359215,1508943112.3646255,0
query,1508943112.3646293,1508943112.9866552,19110
query,1508943112.9866593,1508943113.1585767,10998
query,1508943113.1585805,1508943113.2050982,1282
query,1508943113.205102,1508943113.302816,3442
query,1508943113.30282,1508943113.4483275,3746
query,1508943113.4483314,1508943113.6882405,11475
query,1508943113.6882439,1508943113.9226334,4116
query,1508943113.9226377,1508943113.95516,189
query,1508943113.9552054,1508943113.9989583,6
query,1508943114.0122516,1508943114.0945852,2235
query,1508943114.0945888,1508943114.9753144,19190
query,1508943114.9753182,1508943115.3038394,11276
query,1508943115.3038425,1508943115.3357847,336
query,1508943115.335788,1508943115.3822484,1516
query,1508943115.382252,1508943115.4171088,795
query,1508943115.4171126,1508943116.014409,12971
query,1508943116.0144124,1508943116.2150428,11314
query,1508943116.2150471,1508943116.3234499,4117
query,1508943116.323454,1508943116.4829316,7312
query,1508943116.4829352,1508943116.994986,12855
query,1508943116.99499,1508943117.0081851,0
query,1508943117.0081892,1508943117.050801,1311
query,1508943117.0508049,1508943117.2498538,4132
query,1508943117.2498577,1508943117.6368728,6015
query,1508943117.6368766,1508943117.6898582,1
query,1508943117.6898618,1508943117.7302396,713
query,1508943117.7302434,1508943117.7937381,1191
query,1508943117.793742,1508943117.8914442,1862
query,1508943117.891488,1508943118.174502,10963
query,1508943118.1871085,1508943118.2645714,1853
query,1508943118.264575,1508943118.372344,6107
query,1508943118.3723474,1508943118.3944342,118
query,1508943118.3944378,1508943118.524845,9092
query,1508943118.5248485,1508943118.617131,5018
query,1508943118.6171348,1508943118.6516562,0
query,1508943118.6516612,1508943118.8895679,15348
query,1508943118.8895712,1508943118.9143403,1409
query,1508943118.9143438,1508943118.9524279,1426
query,1508943118.9524312,1508943119.1234171,6845
query,1508943119.1234207,1508943119.1761398,2147
query,1508943119.176144,1508943119.2228608,49
query,1508943119.2228644,1508943119.3107655,1978
query,1508943119.3107688,1508943119.3692262,82
query,1508943119.3692296,1508943119.6802351,10251
query,1508943119.6802385,1508943119.8585753,5698
query,1508943119.8585787,1508943120.1700842,15686
query,1508943120.1700883,1508943120.3032782,11107
query,1508943120.303282,1508943120.878035,18662
query,1508943120.8780844,1508943120.9247355,23
query,1508943120.937495,1508943121.071726,4047
query,1508943121.0717294,1508943121.2058494,4676
query,1508943121.2058527,1508943121.2472544,700
query,1508943121.2472584,1508943121.3424537,3260
query,1508943121.3424578,1508943121.5790257,7411
query,1508943121.5790296,1508943122.0729754,18099
query,1508943122.0729797,1508943122.171605,4056
query,1508943122.1716094,1508943122.231432,1815
query,1508943122.231436,1508943122.6294513,11984
query,1508943122.629455,1508943122.7987053,2623
query,1508943122.7987103,1508943122.9511516,6852
query,1508943122.9511557,1508943123.053733,2951
query,1508943123.0537372,1508943123.1140034,953
query,1508943123.114008,1508943123.1642966,1659
query,1508943123.1643004,1508943123.2404945,82
query,1508943123.2404985,1508943123.3345654,2777
query,1508943123.3345695,1508943123.7698638,8603
query,1508943123.7698674,1508943123.8800464,4683
query,1508943123.88005,1508943123.9286823,166
query,1508943123.9287245,1508943124.0224874,286
query,1508943124.0386422,1508943124.1567397,4227
query,1508943124.1567438,1508943124.7012894,9498
query,1508943124.7012932,1508943124.7604716,15
query,1508943124.7604754,1508943124.8787553,2638
query,1508943124.8787599,1508943125.118968,10130
query,1508943125.1189716,1508943125.170833,391
query,1508943125.1708374,1508943125.8757985,21762
query,1508943125.8758023,1508943125.908146,163
query,1508943125.9081492,1508943126.3578303,13556
query,1508943126.3578339,1508943126.4564366,3696
query,1508943126.4564416,1508943126.690891,5394
query,1508943126.6908958,1508943126.7417376,470
query,1508943126.7417412,1508943126.7986262,1112
query,1508943126.7986298,1508943127.3218265,13130
query,1508943127.3218303,1508943127.3501318,14
query,1508943127.3501353,1508943127.3817961,344
query,1508943127.3817995,1508943127.6461968,17901
query,1508943127.6462016,1508943127.8031056,6477
query,1508943127.8031092,1508943128.010889,4948
query,1508943128.0109265,1508943128.1828554,4021
query,1508943128.1950905,1508943128.3845892,10093
query,1508943128.384593,1508943128.5063047,2815
query,1508943128.5063093,1508943128.8406901,3693
query,1508943128.8406944,1508943129.2291918,11018
query,1508943129.229196,1508943130.0024722,19178
query,1508943130.0024755,1508943130.1463113,8886
query,1508943130.146315,1508943130.2398171,4894
query,1508943130.2398205,1508943130.5226567,8411
query,1508943130.5226603,1508943130.692463,2483
query,1508943130.692467,1508943130.8093336,7227
query,1508943130.8093379,1508943130.8250875,1
query,1508943130.8250906,1508943130.9380288,7688
query,1508943130.9380322,1508943130.987914,1024
query,1508943130.9879186,1508943131.0361178,50
query,1508943131.0361214,1508943131.0743115,269
query,1508943131.0743148,1508943131.1927571,5756
query,1508943131.1927607,1508943131.435815,9845
query,1508943131.435819,1508943132.3942142,19093
query,1508943132.3942184,1508943132.6846163,9249
query,1508943132.6846685,1508943132.7391667,1244
query,1508943132.7522442,1508943132.9166534,4063
query,1508943132.916657,1508943133.202589,4550
query,1508943133.202593,1508943133.5424068,4628
query,1508943133.5424104,1508943133.6221907,61
query,1508943133.6221952,1508943133.6704724,439
query,1508943133.6704764,1508943133.8963454,7257
query,1508943133.8963494,1508943135.007944,24581
query,1508943135.0079474,1508943135.1684666,3623
query,1508943135.1684706,1508943135.2325277,966
query,1508943135.2325315,1508943135.399755,5417
query,1508943135.3997595,1508943135.5872183,2935
query,1508943135.5872226,1508943135.6384318,498
query,1508943135.6384354,1508943136.0444233,6112
query,1508943136.044427,1508943136.562383,10851
query,1508943136.5623868,1508943137.2562566,14881
query,1508943137.2562602,1508943137.3096635,1208
query,1508943137.3096666,1508943137.3662622,137
query,1508943137.366266,1508943137.6818645,11684
query,1508943137.681868,1508943138.0240245,9901
query,1508943138.0240679,1508943138.107441,1047
query,1508943138.1210184,1508943138.2825117,4472
query,1508943138.2825155,1508943138.5355108,7040
query,1508943138.535515,1508943138.8601973,8219
query,1508943138.860201,1508943139.3533552,10660
query,1508943139.3533587,1508943139.6003501,7530
query,1508943139.6003547,1508943139.7268724,2146
query,1508943139.726876,1508943139.7938533,3
query,1508943139.7938569,1508943139.8543031,87
query,1508943139.8543072,1508943140.3810287,18314
query,1508943140.381033,1508943140.4565058,352
query,1508943140.4565098,1508943140.5555413,2574
query,1508943140.5555446,1508943140.5920086,50
query,1508943140.5920126,1508943140.7989528,10858
query,1508943140.798957,1508943140.8243687,0
query,1508943140.824373,1508943141.1463017,15746
query,1508943141.1463056,1508943141.4867222,4345
query,1508943141.4867265,1508943141.6097891,3679
query,1508943141.6097934,1508943141.83128,6532
query,1508943141.8312838,1508943142.387029,10540
query,1508943142.3870783,1508943142.5380032,2650
query,1508943142.5524702,1508943142.5979853,14
query,1508943142.5979893,1508943142.8268156,4020
query,1508943142.8268192,1508943142.8866541,2038
query,1508943142.8866582,1508943143.1430016,4571
query,1508943143.1430051,1508943143.4116697,4805
query,1508943143.4116735,1508943143.8455734,12569
query,1508943143.8455775,1508943143.9855561,3492
query,1508943143.9855604,1508943144.0293121,0
query,1508943144.0293162,1508943144.2396536,4270
query,1508943144.2396579,1508943144.3034525,295
query,1508943144.303456,1508943144.44314,4427
query,1508943144.4431436,1508943145.2379534,11683
query,1508943145.2379568,1508943145.2983508,1212
query,1508943145.2983546,1508943145.4712372,3260
query,1508943145.471241,1508943145.7353063,5117
query,1508943145.7353103,1508943145.7862527,434
query,1508943145.7862723,1508943145.8782504,5384
query,1508943145.878254,1508943146.1705964,8827
query,1508943146.1706,1508943146.2301898,1447
query,1508943146.230232,1508943146.3603013,2407
query,1508943146.3725252,1508943146.4326663,118
query,1508943146.43267,1508943146.599322,7079
query,1508943146.599326,1508943146.6581907,1676
query,1508943146.6581943,1508943146.8210204,7075
query,1508943146.8210237,1508943147.6682367,15110
query,1508943147.66824,1508943148.0719202,8858
query,1508943148.0719235,1508943148.7113764,15297
query,1508943148.71138,1508943148.7901838,2214
query,1508943148.7901871,1508943148.8357484,0
query,1508943148.8357527,1508943148.941403,2781
query,1508943148.9414077,1508943149.1344042,4899
query,1508943149.1344094,1508943149.2543209,2416
query,1508943149.2543242,1508943149.5965135,12392
query,1508943149.5965173,1508943149.8921,4949
query,1508943149.892104,1508943149.9118836,0
query,1508943149.911887,1508943150.6363823,11032
query,1508943150.6363864,1508943151.4227462,23159
query,1508943151.42275,1508943151.4696732,35
query,1508943151.4696767,1508943151.5107477,180
query,1508943151.5107925,1508943151.8879397,12614
query,1508943151.9003675,1508943152.4410074,14855
query,1508943152.4410114,1508943152.487644,578
query,1508943152.4876473,1508943152.8348932,11953
query,1508943152.8348966,1508943153.5685894,13786
query,1508943153.5685937,1508943153.7321942,7311
query,1508943153.7321985,1508943153.943644,5796
query,1508943153.9436486,1508943153.9680939,0
query,1508943153.9680977,1508943154.0235136,43
query,1508943154.023517,1508943154.4544916,18467
query,1508943154.4544952,1508943154.5002348,1694
query,1508943154.5002384,1508943154.5788064,53
query,1508943154.5788097,1508943154.9763355,10537
query,1508943154.976339,1508943155.0301304,1721
query,1508943155.0301347,1508943155.2615166,9592
query,1508943155.261521,1508943155.4769566,12955
query,1508943155.4769602,1508943155.7793193,9693
query,1508943155.779323,1508943155.8296158,2
query,1508943155.8296196,1508943155.8716133,0
query,1508943155.8716168,1508943155.9685526,3022
query,1508943155.9685917,1508943156.595175,13685
query,1508943156.609465,1508943156.7698338,4728
query,1508943156.7698386,1508943156.8036585,0
query,1508943156.8036625,1508943156.9963627,10414
query,1508943156.996366,1508943157.161285,13953
query,1508943157.1612885,1508943157.2102752,865
query,1508943157.2102792,1508943157.2396874,0
query,1508943157.2396915,1508943157.2900047,1507
query,1508943157.2900085,1508943157.7317908,11737
query,1508943157.7317948,1508943157.7817402,32
query,1508943157.781744,1508943157.8277264,0
query,1508943157.8277307,1508943157.9336536,2454
query,1508943157.9336576,1508943157.977983,0
query,1508943157.9779868,1508943158.0712385,2640
query,1508943158.0712416,1508943158.3217413,4721
query,1508943158.3217454,1508943158.6523244,9439
query,1508943158.6523287,1508943158.7090874,2197
query,1508943158.7090921,1508943158.9620721,8727
query,1508943158.962076,1508943159.022146,219
query,1508943159.02215,1508943159.359398,9195
query,1508943159.3594747,1508943159.4445896,685
query,1508943159.459105,1508943159.9780622,12755
query,1508943159.978066,1508943160.086547,3544
query,1508943160.0865507,1508943160.2056062,2689
query,1508943160.205611,1508943160.3362672,3770
query,1508943160.3362713,1508943160.4238594,3389
query,1508943160.4238632,1508943160.5200021,3886
query,1508943160.520006,1508943160.768646,10879
query,1508943160.7686498,1508943160.8920684,4000
query,1508943160.892073,1508943160.919413,145
query,1508943160.9194176,1508943161.0319176,3767
query,1508943161.0319219,1508943161.194946,7770
query,1508943161.1949499,1508943161.744392,16883
query,1508943161.744396,1508943161.7761574,985
query,1508943161.7761614,1508943161.7856884,0
query,1508943161.7856927,1508943161.8150156,371
query,1508943161.8150196,1508943161.8408716,372
query,1508943161.8408751,1508943162.0130212,7957
query,1508943162.0130248,1508943162.2285662,7836
query,1508943162.2285702,1508943162.5476444,11538
query,1508943162.5476983,1508943162.5858881,588
query,1508943162.5983748,1508943162.7614377,7672
query,1508943162.7614412,1508943162.8827045,3108
query,1508943162.8827095,1508943163.1434405,8101
query,1508943163.1434448,1508943163.34796,7615
query,1508943163.3479643,1508943163.4161632,449
query,1508943163.416167,1508943163.7101705,12926
query,1508943163.7101746,1508943163.8464398,4083
query,1508943163.8464437,1508943163.9503071,3255
query,1508943163.950312,1508943164.6590688,19093
query,1508943164.659073,1508943164.7094846,3
query,1508943164.7094884,1508943164.844776,4778
query,1508943164.8447795,1508943164.8916256,0
query,1508943164.8916295,1508943164.9418638,21
query,1508943164.9418678,1508943165.3760927,19624
query,1508943165.3760965,1508943165.4083633,1249
query,1508943165.4083672,1508943165.8169465,12437
query,1508943165.81695,1508943165.9815602,8083
query,1508943165.9815636,1508943165.9891217,0
query,1508943165.9891257,1508943166.0160794,1825
query,1508943166.0161178,1508943166.435516,12916
query,1508943166.4476833,1508943166.498167,1159
query,1508943166.4981709,1508943167.5034182,23288
query,1508943167.5034225,1508943168.2806735,23379
query,1508943168.2806783,1508943168.3266098,1180
query,1508943168.3266137,1508943168.753085,15313
query,1508943168.7530892,1508943169.3302848,19089
query,1508943169.3302886,1508943169.414945,2597
query,1508943169.4149487,1508943169.586371,7645
query,1508943169.5863755,1508943169.7980177,9035
query,1508943169.7980218,1508943170.4053583,11728
query,1508943170.4053621,1508943170.8861778,12737
query,1508943170.8861816,1508943170.9099102,0
query,1508943170.909914,1508943170.980765,3961
query,1508943170.9807692,1508943171.2107754,7509
query,1508943171.2107794,1508943171.390065,4912
query,1508943171.3900685,1508943171.441914,122
query,1508943171.441918,1508943171.622839,8796
query,1508943171.6228774,1508943171.682493,900
query,1508943171.6824975,1508943172.1776032,14482
query,1508943172.1776412,1508943172.298583,2718
query,1508943172.310681,1508943173.5142226,24745
query,1508943173.5142267,1508943173.5724065,850
query,1508943173.57241,1508943173.6220205,46
query,1508943173.622024,1508943174.1120868,14473
query,1508943174.1120903,1508943174.2879238,9852
query,1508943174.2879276,1508943174.411798,2828
query,1508943174.411802,1508943174.5366728,8770
query,1508943174.5366771,1508943174.586247,506
query,1508943174.5862508,1508943174.9910207,12448
query,1508943174.9910243,1508943175.5335588,11018
query,1508943175.5335627,1508943175.669552,7990
query,1508943175.6695557,1508943175.766465,3510
query,1508943175.7664688,1508943175.8072464,31
query,1508943175.8072505,1508943176.1578107,10187
query,1508943176.1578143,1508943176.374207,4650
query,1508943176.3742108,1508943176.494537,3127
query,1508943176.4945414,1508943176.6031864,4059
query,1508943176.6031892,1508943176.627922,0
query,1508943176.627925,1508943176.667535,15
query,1508943176.6675646,1508943177.1312623,20350
query,1508943177.1437364,1508943177.7589264,20045
query,1508943177.7589304,1508943177.805461,3
query,1508943177.8054717,1508943177.8388705,151
query,1508943177.8388746,1508943177.9516413,4644
query,1508943177.9516454,1508943178.0122044,2174
query,1508943178.0122085,1508943178.1680615,4160
query,1508943178.168066,1508943178.3265471,6364
query,1508943178.326551,1508943178.3800714,1888
query,1508943178.3800755,1508943178.625666,7846
query,1508943178.6257062,1508943178.7630308,3161
query,1508943178.7630346,1508943178.982713,9214
query,1508943178.982717,1508943179.1092231,4788
query,1508943179.109227,1508943179.464062,13480
query,1508943179.4640656,1508943179.4994583,93
query,1508943179.4994628,1508943179.606708,2180
query,1508943179.606712,1508943179.7901983,10194
query,1508943179.7902026,1508943180.231852,11719
query,1508943180.2318556,1508943180.2936556,3
query,1508943180.2936597,1508943180.4017289,5348
query,1508943180.401772,1508943180.460009,5
query,1508943180.4712186,1508943180.5427127,1569
query,1508943180.542717,1508943180.6219015,2311
query,1508943180.6219056,1508943180.8591657,3984
query,1508943180.85917,1508943181.406358,13658
query,1508943181.4063618,1508943181.466606,1269
query,1508943181.4666102,1508943181.5270853,75
query,1508943181.5270894,1508943181.7037807,3926
query,1508943181.7037845,1508943181.754548,1413
query,1508943181.7545521,1508943181.7918305,0
query,1508943181.7918344,1508943181.9915814,8890
query,1508943181.9915864,1508943182.049998,707
query,1508943182.0500023,1508943182.106067,1999
query,1508943182.106071,1508943182.3979142,5010
query,1508943182.3979175,1508943182.5759227,4179
query,1508943182.5759265,1508943182.8214502,11818
query,1508943182.821454,1508943183.1700494,8890
query,1508943183.1700535,1508943183.225844,83
query,1508943183.2258482,1508943183.2775881,3
query,1508943183.2775917,1508943184.006597,16245
query,1508943184.0066435,1508943184.2114637,6585
query,1508943184.2282016,1508943184.2620423,1630
query,1508943184.262046,1508943184.372524,4190
query,1508943184.3725276,1508943184.5271683,9514
query,1508943184.5271719,1508943184.604575,153
query,1508943184.6045792,1508943185.388504,20094
query,1508943185.3885076,1508943185.5216372,5553
query,1508943185.5216422,1508943185.569469,15
query,1508943185.5694728,1508943185.863351,11849
query,1508943185.863355,1508943186.1291625,10868
query,1508943186.1291666,1508943186.3198073,3273
query,1508943186.3198109,1508943186.6815653,9088
query,1508943186.6815693,1508943186.7420876,59
query,1508943186.7420914,1508943186.8193324,469
query,1508943186.8193364,1508943186.885958,28
query,1508943186.8859625,1508943187.1721454,9083
query,1508943187.172149,1508943187.6435804,10885
query,1508943187.6435845,1508943187.6813657,43
query,1508943187.6813703,1508943187.8338742,2304
query,1508943187.8338797,1508943187.8812103,3
query,1508943187.8812594,1508943188.1905098,9782
query,1508943188.2027905,1508943188.2392907,683
query,1508943188.2392945,1508943188.6135058,11137
query,1508943188.6135113,1508943188.7645051,4579
query,1508943188.7645094,1508943188.8679035,3797
query,1508943188.867907,1508943189.4561615,19117
query,1508943189.456165,1508943190.0438263,17570
query,1508943190.0438304,1508943190.1929963,6699
query,1508943190.1930003,1508943190.272861,2966
query,1508943190.2728646,1508943190.2973795,17
query,1508943190.2973835,1508943190.338464,1723
query,1508943190.3384678,1508943190.3967807,408
query,1508943190.396785,1508943190.5885184,10192
query,1508943190.5885227,1508943190.7590873,8497
query,1508943190.759092,1508943190.9085379,6211
query,1508943190.9085422,1508943190.9950657,4
query,1508943190.995069,1508943191.0312588,16
query,1508943191.0312626,1508943191.600196,14714
query,1508943191.6002,1508943191.6461785,138
query,1508943191.6461823,1508943191.7063859,335
query,1508943191.7064352,1508943192.0502224,9397
query,1508943192.0623057,1508943192.1102238,378
query,1508943192.110228,1508943192.1707556,1320
query,1508943192.1707597,1508943192.294434,5340
query,1508943192.2944384,1508943192.3421135,1610
query,1508943192.342118,1508943192.632665,9680
query,1508943192.632669,1508943192.70797,1465
query,1508943192.707974,1508943192.8700497,3228
query,1508943192.8700538,1508943192.9102046,873
query,1508943192.910209,1508943193.046211,7146
query,1508943193.0462148,1508943193.2320209,5149
query,1508943193.2320247,1508943193.2819436,21
query,1508943193.2819471,1508943193.7656863,12505
query,1508943193.7656903,1508943193.8555238,10
query,1508943193.8555279,1508943194.3314364,14678
query,1508943194.3314402,1508943195.1821961,23703
query,1508943195.1822004,1508943195.5817575,12875
query,1508943195.5817616,1508943196.1433382,18863
query,1508943196.1433425,1508943196.1829267,2
query,1508943196.1829307,1508943196.4107046,3853
query,1508943196.4107547,1508943196.7913017,11344
query,1508943196.803543,1508943196.8779838,429
query,1508943196.877988,1508943197.0100572,4099
query,1508943197.0100613,1508943197.0734508,1794
query,1508943197.0734546,1508943197.1222255,1999
query,1508943197.122229,1508943197.524543,18499
query,1508943197.5245466,1508943197.9843628,14120
query,1508943197.9843671,1508943198.1090267,7105
query,1508943198.109031,1508943198.2466733,12511
query,1508943198.2466784,1508943198.4241188,2972
query,1508943198.4241228,1508943198.636116,5718
query,1508943198.6361203,1508943198.719791,4222
query,1508943198.7197955,1508943198.759999,1217
query,1508943198.760003,1508943199.5040975,23249
query,1508943199.5041022,1508943199.5864477,1791
query,1508943199.5864513,1508943199.7177694,4048
query,1508943199.7177734,1508943199.8719277,3883
query,1508943199.8719323,1508943199.9817078,3707
query,1508943199.9817119,1508943200.0980961,3218
query,1508943200.0981,1508943200.249275,6276
query,1508943200.2493174,1508943200.4500716,7600
query,1508943200.4621909,1508943200.660598,3139
query,1508943200.6606019,1508943200.9022565,4438
query,1508943200.9022598,1508943200.98972,2396
query,1508943200.9897234,1508943201.0928433,5303
query,1508943201.0928469,1508943201.1542351,264
query,1508943201.154239,1508943201.213484,34
query,1508943201.213488,1508943201.2522986,1415
query,1508943201.2523022,1508943201.5628579,10152
query,1508943201.562862,1508943201.6535022,2849
query,1508943201.6535065,1508943202.0873387,15882
query,1508943202.0873427,1508943202.3062003,4488
query,1508943202.3062043,1508943203.2790186,23101
query,1508943203.2790222,1508943203.3174748,56
query,1508943203.3174784,1508943203.384124,150
query,1508943203.3841276,1508943203.659702,11666
query,1508943203.6597059,1508943203.7098384,158
query,1508943203.7098424,1508943203.9052408,3060
query,1508943203.9052446,1508943204.0910811,10905
query,1508943204.091085,1508943204.4860914,9971
query,1508943204.4861453,1508943204.5199575,1
query,1508943204.5248573,1508943204.7671719,8851
query,1508943204.767176,1508943204.819144,932
query,1508943204.819148,1508943204.8782368,309
query,1508943204.8782406,1508943205.0756285,7418
query,1508943205.075632,1508943205.1482096,2301
query,1508943205.1482134,1508943205.5111594,11003
query,1508943205.511163,1508943205.5546544,835
query,1508943205.554659,1508943206.155827,18244
query,1508943206.1558313,1508943206.2896962,10841
query,1508943206.2897,1508943206.934867,23284
query,1508943206.9348707,1508943207.405992,11599
query,1508943207.4059956,1508943207.4698026,19
query,1508943207.4698062,1508943207.5504425,2618
query,1508943207.5504463,1508943207.592155,413
query,1508943207.5921586,1508943208.3195534,23628
query,1508943208.3195574,1508943208.7497365,14803
query,1508943208.7497404,1508943209.0808291,12775
query,1508943209.0808337,1508943209.1423368,1831
query,1508943209.142341,1508943209.366376,11552
query,1508943209.3664186,1508943209.4066703,6
query,1508943209.4190967,1508943209.697148,11948
query,1508943209.6971595,1508943209.8155992,3198
query,1508943209.8156033,1508943209.8877368,445
query,1508943209.8877401,1508943210.1175678,8051
query,1508943210.1175716,1508943210.170355,764
query,1508943210.1703591,1508943210.3187416,3673
query,1508943210.3187475,1508943210.444719,14359
query,1508943210.4447227,1508943211.132985,23268
query,1508943211.132989,1508943211.5149355,11858
query,1508943211.5149398,1508943211.9440956,14244
query,1508943211.9440992,1508943212.4110098,17356
query,1508943212.4110143,1508943212.4577143,149
query,1508943212.4577184,1508943213.0322073,18705
query,1508943213.0322108,1508943213.1239333,3214
query,1508943213.1239378,1508943213.30852,7109
query,1508943213.3085241,1508943213.54555,5899
query,1508943213.545554,1508943213.6041346,388
query,1508943213.6041381,1508943213.6533084,5
query,1508943213.6533124,1508943213.8470912,11465
query,1508943213.847138,1508943214.0161562,10735
query,1508943214.0288837,1508943214.1168456,3756
query,1508943214.116849,1508943214.2960088,5531
query,1508943214.2960134,1508943214.4415379,3453
query,1508943214.4415421,1508943214.4932704,608
query,1508943214.493276,1508943214.5358212,1
query,1508943214.5358248,1508943214.8685982,11229
query,1508943214.868602,1508943214.992954,6462
query,1508943214.9929578,1508943215.6730459,21926
query,1508943215.6730497,1508943215.7734506,1415
query,1508943215.7734544,1508943215.8189952,1620
query,1508943215.818999,1508943215.8580444,1696
query,1508943215.8580482,1508943216.2659357,15951
query,1508943216.2659395,1508943216.8065166,18915
query,1508943216.8065207,1508943216.8379958,378
query,1508943216.8379998,1508943216.8759162,1908
query,1508943216.8759196,1508943217.0170243,4554
query,1508943217.0170286,1508943217.345603,7007
query,1508943217.3456073,1508943217.4770055,6080
query,1508943217.4770093,1508943217.527127,739
query,1508943217.5271723,1508943217.582972,153
query,1508943217.5954516,1508943217.7127364,4975
query,1508943217.7127402,1508943218.0203426,11713
query,1508943218.0203466,1508943218.6936557,19845
query,1508943218.6936586,1508943218.7422292,2431
query,1508943218.7422323,1508943219.1347902,16164
query,1508943219.134794,1508943219.2017496,838
query,1508943219.2017536,1508943219.7167444,13866
query,1508943219.7167482,1508943219.9367433,8044
query,1508943219.9367473,1508943220.1440394,7160
query,1508943220.144044,1508943220.2487688,2901
query,1508943220.2487724,1508943220.4359238,8940
query,1508943220.4359279,1508943220.667518,14929
query,1508943220.6675224,1508943220.8651357,11148
query,1508943220.8651397,1508943221.1428258,6000
query,1508943221.1428294,1508943221.6679628,14939
query,1508943221.6679668,1508943221.837318,8826
query,1508943221.8373225,1508943222.1678956,8944
query,1508943222.1678991,1508943222.3855667,4603
query,1508943222.38557,1508943222.430854,20
query,1508943222.4308934,1508943222.4951706,143
query,1508943222.5099833,1508943222.5471096,2
query,1508943222.5471134,1508943222.602215,1912
query,1508943222.6022186,1508943222.7440925,2627
query,1508943222.744096,1508943222.8320107,1912
query,1508943222.8320143,1508943222.92013,4051
query,1508943222.9201338,1508943222.9553487,304
query,1508943222.955352,1508943223.2397745,18613
query,1508943223.2397788,1508943223.2728155,1811
query,1508943223.2729154,1508943223.3395853,17
query,1508943223.3395889,1508943223.5300014,5377
query,1508943223.5300057,1508943223.672853,7469
query,1508943223.672857,1508943223.7050152,8
query,1508943223.705019,1508943224.0681891,15285
query,1508943224.0681925,1508943224.1653078,5868
query,1508943224.1653118,1508943224.2094655,136
query,1508943224.2094686,1508943224.3271425,3562
query,1508943224.3271463,1508943224.4280348,5371
query,1508943224.4280388,1508943224.6702464,11099
query,1508943224.6702504,1508943224.8894916,8028
query,1508943224.8895338,1508943225.0385387,6923
query,1508943225.0512638,1508943225.0980062,126
query,1508943225.0980096,1508943225.4006402,9821
query,1508943225.400644,1508943225.4802494,3394
query,1508943225.4802527,1508943225.5285077,1357
query,1508943225.5285113,1508943225.5619504,460
query,1508943225.561954,1508943225.591026,1040
query,1508943225.5910301,1508943225.6996949,3946
query,1508943225.6996984,1508943225.749777,9
query,1508943225.749781,1508943225.7803574,1375
query,1508943225.7803612,1508943226.004003,4532
query,1508943226.0040069,1508943226.0361462,901
query,1508943226.0361497,1508943226.4757807,10720
query,1508943226.4757853,1508943226.6855786,5430
query,1508943226.6855822,1508943226.814768,6607
query,1508943226.8147724,1508943226.8569548,9
query,1508943226.8569586,1508943227.177054,8796
query,1508943227.1770577,1508943227.5173125,14994
query,1508943227.5173159,1508943227.733383,12036
query,1508943227.7333868,1508943228.3605928,4258
query,1508943228.3606308,1508943228.4321728,2823
query,1508943228.4445188,1508943228.551538,3287
query,1508943228.5515413,1508943228.8023355,9217
query,1508943228.8023396,1508943228.9899812,8088
query,1508943228.9899845,1508943229.035625,0
query,1508943229.035629,1508943229.8220534,23181
query,1508943229.8220575,1508943229.8844678,1318
query,1508943229.884472,1508943229.9347708,369
query,1508943229.9347749,1508943229.9791448,42
query,1508943229.9791486,1508943230.0265346,2064
query,1508943230.0265386,1508943230.087916,267
query,1508943230.08792,1508943231.2820194,23340
query,1508943231.2820232,1508943231.98834,16774
query,1508943231.9883437,1508943232.0181231,0
query,1508943232.0181265,1508943232.0612795,4
query,1508943232.0612836,1508943232.3966753,7783
query,1508943232.3966792,1508943232.603536,10221
query,1508943232.6035392,1508943232.9285507,15102
query,1508943232.9285548,1508943233.0028431,654
query,1508943233.0028467,1508943233.1234605,3285
query,1508943233.1234996,1508943233.3963451,9306
query,1508943233.4094572,1508943233.8947825,9692
query,1508943233.8947866,1508943234.0212069,6605
query,1508943234.0212107,1508943234.6752756,11300
query,1508943234.6752794,1508943234.7339845,2093
query,1508943234.7339892,1508943235.0872893,10900
query,1508943235.0872939,1508943235.1514893,1242
query,1508943235.1514926,1508943235.2646987,1434
query,1508943235.2647028,1508943235.4082212,8113
query,1508943235.4082253,1508943235.7814531,16740
query,1508943235.7814567,1508943236.4855466,19183
query,1508943236.4855506,1508943236.542212,1234
query,1508943236.5422158,1508943236.8963263,11972
query,1508943236.8963299,1508943237.4583712,19096
query,1508943237.4583747,1508943237.9840143,19538
query,1508943237.9840178,1508943238.3763201,12115
query,1508943238.376323,1508943238.5341587,14340
query,1508943238.5341623,1508943238.7181087,4557
query,1508943238.718113,1508943238.7631876,14
query,1508943238.7631917,1508943239.0532827,11507
query,1508943239.0533237,1508943239.1877277,10101
query,1508943239.2010698,1508943239.624386,18265
query,1508943239.6243906,1508943239.6599717,85
query,1508943239.6599767,1508943239.9380085,4692
query,1508943239.938013,1508943240.0732546,5446
query,1508943240.0732586,1508943240.2671657,11964
query,1508943240.2671697,1508943240.7970798,19148
query,1508943240.7970839,1508943241.1133733,7544
query,1508943241.113377,1508943241.5519702,11378
query,1508943241.5519736,1508943241.8484135,11780
query,1508943241.8484175,1508943242.3805141,4286
query,1508943242.380518,1508943242.4302015,331
query,1508943242.430206,1508943242.5717163,6794
query,1508943242.5717204,1508943242.913854,11637
query,1508943242.9138577,1508943242.9620018,1
query,1508943242.9620059,1508943243.335111,9644
query,1508943243.3351147,1508943243.539657,8943
query,1508943243.5396612,1508943244.1860087,23475
query,1508943244.1860125,1508943244.7504,19111
query,1508943244.7504036,1508943245.147197,10009
query,1508943245.14725,1508943245.5878925,11214
query,1508943245.600184,1508943245.6226175,72
query,1508943245.6226208,1508943245.654966,82
query,1508943245.65497,1508943245.9777577,15274
query,1508943245.9777622,1508943246.196371,10077
query,1508943246.196375,1508943246.6443973,13863
query,1508943246.6444013,1508943246.9870596,11631
query,1508943246.9870634,1508943247.03805,689
query,1508943247.0380535,1508943247.0785956,1592
query,1508943247.0785995,1508943247.109981,36
query,1508943247.1099844,1508943247.4817147,8973
query,1508943247.4817185,1508943247.5185127,8
query,1508943247.5185163,1508943247.55115,917
query,1508943247.551154,1508943247.7655451,7786
query,1508943247.765549,1508943248.0951586,16391
query,1508943248.0951626,1508943248.6743152,14452
query,1508943248.6743195,1508943248.7463593,902
query,1508943248.7463636,1508943249.4541411,23211
query,1508943249.4541447,1508943249.7148373,5515
query,1508943249.7148418,1508943250.064205,12850
query,1508943250.064242,1508943250.6147149,23859
query,1508943250.627049,1508943250.7142506,2507
query,1508943250.7142541,1508943251.0883522,18936
query,1508943251.0883567,1508943251.1617563,3560
query,1508943251.16176,1508943251.4109373,4821
query,1508943251.410941,1508943251.6741762,12038
query,1508943251.6741807,1508943251.9160037,12355
query,1508943251.9160075,1508943251.9716232,697
query,1508943251.971627,1508943252.7205455,23577
query,1508943252.7205503,1508943252.8105736,2649
query,1508943252.8105776,1508943252.8470173,113
query,1508943252.847021,1508943253.3629966,13800
query,1508943253.3630004,1508943253.686711,7480
query,1508943253.6867163,1508943253.7986174,3366
query,1508943253.798621,1508943253.8312652,14
query,1508943253.8312688,1508943253.890532,809
query,1508943253.8905358,1508943254.0286856,2858
query,1508943254.02869,1508943254.1524074,7619
query,1508943254.1524117,1508943254.5186596,11167
query,1508943254.5186632,1508943254.858752,14908
query,1508943254.8587904,1508943255.0419593,8970
query,1508943255.058681,1508943255.3555255,16181
query,1508943255.355529,1508943255.6990278,12317
query,1508943255.6990316,1508943256.0140004,10727
query,1508943256.0140047,1508943256.1712818,10231
query,1508943256.1712856,1508943256.1976237,586
query,1508943256.1976278,1508943256.2312992,85
query,1508943256.2313027,1508943256.4707856,9620
query,1508943256.47079,1508943256.7286277,9194
query,1508943256.728632,1508943257.530533,23307
query,1508943257.5305376,1508943257.918957,10726
query,1508943257.9189606,1508943258.026777,3896
query,1508943258.0267806,1508943258.582962,16601
query,1508943258.5829668,1508943258.627703,32
query,1508943258.6277063,1508943258.7658622,5906
query,1508943258.765867,1508943258.8954148,3894
query,1508943258.8954182,1508943259.317779,8928
query,1508943259.3177829,1508943259.5847628,13056
query,1508943259.5847664,1508943259.6483228,293
query,1508943259.6483262,1508943259.800664,4538
query,1508943259.8007095,1508943259.8746178,928
query,1508943259.888775,1508943260.096973,12842
query,1508943260.0969765,1508943260.298318,11345
query,1508943260.2983215,1508943260.5869207,9617
query,1508943260.5869248,1508943260.6613238,828
query,1508943260.6613271,1508943260.7750757,3357
query,1508943260.7750795,1508943261.671207,18380
query,1508943261.6712112,1508943261.8387089,11376
query,1508943261.8387136,1508943262.328526,14927
query,1508943262.3285296,1508943262.3762605,13
query,1508943262.3762643,1508943262.5981565,7922
query,1508943262.59816,1508943262.8258815,10341
query,1508943262.825885,1508943262.8825643,56
query,1508943262.8825684,1508943263.2423472,17228
query,1508943263.2423513,1508943263.2883089,5
query,1508943263.2883127,1508943263.36196,101
query,1508943263.361964,1508943263.7197533,11182
query,1508943263.7197576,1508943263.821821,3981
query,1508943263.8218246,1508943264.229827,9411
query,1508943264.2298305,1508943264.6783147,15763
query,1508943264.678352,1508943264.9049516,9304
query,1508943264.9171264,1508943264.9660735,300
query,1508943264.9660776,1508943265.0540154,4230
query,1508943265.0540197,1508943265.109958,1884
query,1508943265.1099615,1508943265.1699564,71
query,1508943265.16996,1508943265.2297137,85
query,1508943265.2297173,1508943265.346482,4710
query,1508943265.346486,1508943265.689401,13673
query,1508943265.6894052,1508943265.725776,2
query,1508943265.7257802,1508943265.7750456,1146
query,1508943265.7750497,1508943265.8238432,1760
query,1508943265.8238473,1508943266.1248279,9972
query,1508943266.124832,1508943266.683968,12945
query,1508943266.683972,1508943266.9071558,11356
query,1508943266.9071593,1508943266.9358928,131
query,1508943266.9358964,1508943267.8151195,23451
query,1508943267.8151248,1508943268.0050187,14435
query,1508943268.0050225,1508943268.097501,5883
query,1508943268.0975049,1508943268.3452036,5971
query,1508943268.3452072,1508943268.7560434,14315
query,1508943268.7560809,1508943268.9092968,4799
query,1508943268.9216657,1508943269.1782036,8998
query,1508943269.1782074,1508943269.8457394,23104
query,1508943269.845743,1508943269.870896,1
query,1508943269.8708997,1508943270.9500027,23302
query,1508943270.950007,1508943271.022301,229
query,1508943271.0223045,1508943271.3854032,11349
query,1508943271.3854067,1508943271.6021872,11061
query,1508943271.602191,1508943271.9019923,10129
query,1508943271.9019961,1508943272.2943473,10895
query,1508943272.2943518,1508943272.3558602,1107
query,1508943272.3558638,1508943272.4421437,3338
query,1508943272.4421482,1508943272.8352013,18999
query,1508943272.8352056,1508943272.870185,68
query,1508943272.8701885,1508943273.601964,12538
query,1508943273.6019678,1508943273.8780637,9679
query,1508943273.878068,1508943273.919557,1190
query,1508943273.9195616,1508943273.9443872,40
query,1508943273.944391,1508943274.2978847,12651
query,1508943274.297889,1508943274.3168476,0
query,1508943274.3169217,1508943274.6096418,6775
query,1508943274.6250386,1508943274.8762994,6881
query,1508943274.8763037,1508943274.9581995,2931
query,1508943274.9582033,1508943275.3565972,9771
query,1508943275.3566012,1508943275.3890462,160
query,1508943275.38905,1508943275.7080715,14906
query,1508943275.7080753,1508943275.7980697,2932
query,1508943275.798074,1508943275.888368,2767
query,1508943275.8883717,1508943275.9702222,3726
query,1508943275.9702263,1508943276.1190119,10071
query,1508943276.1190157,1508943276.984537,4245
query,1508943276.9845407,1508943277.3469331,15480
query,1508943277.346937,1508943277.433927,3656
query,1508943277.4339306,1508943277.6300557,8953
query,1508943277.6300592,1508943277.7753844,5973
query,1508943277.7753885,1508943277.9386008,7271
query,1508943277.9386046,1508943278.212899,11703
query,1508943278.2129037,1508943278.2626555,973
query,1508943278.2626588,1508943278.3676455,3296
query,1508943278.3676493,1508943278.4678335,3781
query,1508943278.467876,1508943278.485245,0
query,1508943278.4866757,1508943278.5176134,404
query,1508943278.517618,1508943278.9760668,4243
query,1508943278.9760706,1508943279.1098595,3482
query,1508943279.1098633,1508943279.4469368,10938
query,1508943279.446941,1508943279.7179835,12021
query,1508943279.7179873,1508943279.8923252,8297
query,1508943279.8923295,1508943280.010517,8352
query,1508943280.0105214,1508943280.0469646,268
query,1508943280.0469704,1508943280.0914626,56
query,1508943280.0914667,1508943280.8764288,23330
query,1508943280.8764327,1508943281.0787241,2690
query,1508943281.078728,1508943281.8980691,23290
query,1508943281.8980732,1508943282.2645948,18826
query,1508943282.2645993,1508943282.5064857,5758
query,1508943282.50649,1508943282.7177413,4810
query,1508943282.717745,1508943283.4277995,28140
query,1508943283.4278033,1508943283.5405855,6606
query,1508943283.540589,1508943283.563893,840
query,1508943283.5638967,1508943284.1553106,18748
query,1508943284.1553495,1508943284.4543214,9621
query,1508943284.4666085,1508943284.7502327,13387
query,1508943284.7502363,1508943284.8521478,2939
query,1508943284.8521514,1508943285.2250457,3246
query,1508943285.2250497,1508943285.518742,8199
query,1508943285.5187457,1508943286.3673096,19839
query,1508943286.3673136,1508943286.4357362,1296
query,1508943286.4357402,1508943286.4849768,18
query,1508943286.48498,1508943286.7713444,8700
query,1508943286.7713485,1508943287.01375,4951
query,1508943287.0137544,1508943287.1802046,3093
query,1508943287.1802084,1508943287.2114134,0
query,1508943287.2114172,1508943287.2695735,17
query,1508943287.269577,1508943287.4569857,11200
query,1508943287.4569893,1508943287.7263672,10554
query,1508943287.7263708,1508943287.830909,6147
query,1508943287.830913,1508943287.8663156,1
query,1508943287.866319,1508943288.596348,23411
query,1508943288.5963526,1508943288.7136977,3286
query,1508943288.7137017,1508943289.1628988,4225
query,1508943289.1629374,1508943289.2665253,2237
query,1508943289.2823513,1508943289.6719754,23142
query,1508943289.6719797,1508943289.7176592,1404
query,1508943289.7176628,1508943289.7699802,140
query,1508943289.7699838,1508943289.8812788,2699
query,1508943289.8812833,1508943289.9256804,607
query,1508943289.925684,1508943290.174651,11279
query,1508943290.174655,1508943290.4797509,12462
query,1508943290.479755,1508943290.533535,1334
query,1508943290.5335388,1508943290.582428,1593
query,1508943290.5824318,1508943290.6653738,2761
query,1508943290.6653783,1508943290.7142127,620
query,1508943290.7142165,1508943290.9300132,11269
query,1508943290.9300168,1508943290.9565043,62
query,1508943290.956508,1508943290.9806952,154
query,1508943290.9806986,1508943291.0058937,984
query,1508943291.0058973,1508943291.1025946,2940
query,1508943291.1025982,1508943291.2681618,14580
query,1508943291.2681656,1508943291.3711448,4259
query,1508943291.3711483,1508943291.6011739,9990
query,1508943291.6012223,1508943291.734717,5494
query,1508943291.748731,1508943291.9486787,7346
query,1508943291.9486828,1508943291.9892595,370
query,1508943291.9892638,1508943292.0249846,1086
query,1508943292.0249891,1508943292.051736,1700
query,1508943292.0517392,1508943292.170535,3338
query,1508943292.1705387,1508943292.201307,8
query,1508943292.201311,1508943292.255326,52
query,1508943292.2553298,1508943292.3033624,277
query,1508943292.3033657,1508943292.393508,4073
query,1508943292.3935115,1508943292.6695826,18445
query,1508943292.6695864,1508943292.707603,73
query,1508943292.7076073,1508943292.7581892,369
query,1508943292.7581928,1508943292.8041031,254
query,1508943292.8041067,1508943292.9009316,4438
query,1508943292.9009352,1508943292.9416177,1055
query,1508943292.941621,1508943293.0650938,7759
query,1508943293.0650978,1508943293.344758,9127
query,1508943293.3447616,1508943293.5493174,9448
query,1508943293.549321,1508943293.8983376,16126
query,1508943293.8983798,1508943294.153206,9343
query,1508943294.1653054,1508943294.4119754,13366
query,1508943294.41198,1508943294.4466064,540
query,1508943294.4466102,1508943294.4947193,945
query,1508943294.494724,1508943294.5540628,901
query,1508943294.5540671,1508943294.5965552,422
query,1508943294.5965605,1508943295.0002885,12999
query,1508943295.0002925,1508943295.2586703,12684
query,1508943295.2586744,1508943295.4190092,4417
query,1508943295.4190133,1508943295.4620273,374
query,1508943295.4620311,1508943295.5176997,335
query,1508943295.5177033,1508943295.5546024,3
query,1508943295.5546067,1508943295.764808,7961
query,1508943295.7648122,1508943295.8078132,391
query,1508943295.8078175,1508943295.870087,1325
query,1508943295.870091,1508943296.2674954,18138
query,1508943296.2674994,1508943296.4139173,5147
query,1508943296.4139209,1508943296.6333501,5269
query,1508943296.6333544,1508943296.8518693,4534
query,1508943296.8518734,1508943296.889365,1954
query,1508943296.8894136,1508943297.295373,12652
query,1508943297.307686,1508943297.3576534,1293
query,1508943297.357657,1508943297.4990695,3641
query,1508943297.499073,1508943297.6732366,11733
query,1508943297.673241,1508943297.8865073,3890
query,1508943297.886511,1508943298.3782098,11504
query,1508943298.3782134,1508943298.9683685,17854
query,1508943298.9683726,1508943299.0220354,2035
query,1508943299.0220392,1508943299.0835917,0
query,1508943299.0835955,1508943299.5173585,16532
query,1508943299.5173624,1508943299.5884728,0
query,1508943299.5884771,1508943299.6173275,0
query,1508943299.6173317,1508943299.6376765,1
query,1508943299.6376805,1508943299.6455648,0
query,1508943299.6455686,1508943299.9043903,11825
query,1508943299.9043944,1508943299.9127324,0
query,1508943299.912737,1508943300.1395082,12043
query,1508943300.139512,1508943300.1669314,2
query,1508943300.1669345,1508943300.5872962,13727
query,1508943300.5873003,1508943300.7839344,15129
query,1508943300.7839696,1508943300.8264928,51
query,1508943300.839456,1508943301.2309792,9523
query,1508943301.2309833,1508943301.2570024,463
query,1508943301.257006,1508943301.2874613,326
query,1508943301.2874649,1508943301.4165802,4277
query,1508943301.416584,1508943301.5667875,9303
query,1508943301.5667915,1508943301.6756516,4564
query,1508943301.6756551,1508943301.742399,1703
query,1508943301.7424026,1508943301.8495703,4506
query,1508943301.849574,1508943301.9817533,3752
query,1508943301.9817572,1508943302.1122398,6509
query,1508943302.1122441,1508943302.2900977,3173
query,1508943302.290102,1508943302.4756367,8433
query,1508943302.4756405,1508943302.5911298,4130
query,1508943302.591133,1508943302.6338267,2071
query,1508943302.6338315,1508943302.740621,4910
query,1508943302.7406247,1508943302.930438,7431
query,1508943302.9304423,1508943302.9694557,1809
query,1508943302.9694593,1508943303.2856872,11144
query,1508943303.285691,1508943303.3306148,6
query,1508943303.3306513,1508943303.3627818,467
query,1508943303.3758836,1508943303.4095137,2
query,1508943303.4095173,1508943303.539374,6581
query,1508943303.5393782,1508943303.6185653,1295
query,1508943303.6185691,1508943303.708688,1931
query,1508943303.7086918,1508943303.8308043,4252
query,1508943303.8308089,1508943303.998349,3711
query,1508943303.998353,1508943304.4151542,10742
query,1508943304.415158,1508943304.6254895,6287
query,1508943304.6254935,1508943305.040494,10227
query,1508943305.0404975,1508943305.2565565,7057
query,1508943305.2565603,1508943305.4914956,8498
query,1508943305.4914992,1508943305.6562626,6830
query,1508943305.656266,1508943305.8899238,4677
query,1508943305.8899279,1508943306.0252945,10743
query,1508943306.0252984,1508943306.2146084,7669
query,1508943306.214612,1508943306.337333,9480
query,1508943306.3373373,1508943306.3803215,196
query,1508943306.3803248,1508943306.4293933,888
query,1508943306.4293969,1508943306.4755993,1323
query,1508943306.4756384,1508943306.570795,1618
query,1508943306.5830874,1508943306.8885026,11041
query,1508943306.8885064,1508943306.926408,2092
query,1508943306.926412,1508943307.247809,10163
query,1508943307.247813,1508943307.674101,11400
query,1508943307.6741047,1508943308.6180167,23115
query,1508943308.6180203,1508943308.9229772,7923
query,1508943308.9229805,1508943308.9557054,0
query,1508943308.9557087,1508943309.2580538,16122
query,1508943309.2580576,1508943309.2887805,5
query,1508943309.2887845,1508943309.7618647,12408
query,1508943309.7618692,1508943309.8718557,3465
query,1508943309.8718598,1508943309.9260669,396
query,1508943309.9260707,1508943310.6276386,12334
query,1508943310.6276422,1508943310.6644268,0
query,1508943310.6644306,1508943310.914938,9109
query,1508943310.9149423,1508943311.3587987,11828
query,1508943311.3588026,1508943311.9779556,23419
query,1508943311.9779592,1508943312.4302166,16284
query,1508943312.4302201,1508943312.534462,2803
query,1508943312.5344954,1508943312.6600986,3102
query,1508943312.672594,1508943312.7147682,5
query,1508943312.714772,1508943312.751398,155
query,1508943312.751402,1508943312.7732198,18
query,1508943312.7732234,1508943312.8095317,129
query,1508943312.8095355,1508943313.2648873,23081
query,1508943313.2648916,1508943313.508106,10635
query,1508943313.50811,1508943313.6910324,6237
query,1508943313.6910362,1508943313.898483,4749
query,1508943313.8984864,1508943314.2406282,17319
query,1508943314.2406325,1508943314.2724712,19
query,1508943314.2724748,1508943314.3978105,3039
query,1508943314.397815,1508943314.490383,3500
query,1508943314.4903867,1508943314.687694,5567
query,1508943314.6876976,1508943315.0016284,5884
query,1508943315.0016322,1508943315.0624723,2290
query,1508943315.0624762,1508943315.5223017,13130
query,1508943315.5223055,1508943315.6178222,2908
query,1508943315.6178265,1508943315.732346,9377
query,1508943315.7323494,1508943316.0963395,11918
query,1508943316.096378,1508943316.247139,6981
query,1508943316.2597358,1508943316.3774612,2666
query,1508943316.3774657,1508943316.7557776,18619
query,1508943316.7557817,1508943317.2624738,12306
query,1508943317.2624776,1508943317.807958,9767
query,1508943317.8079617,1508943318.0938025,7313
query,1508943318.0938065,1508943318.5509715,11546
query,1508943318.5509758,1508943318.5603297,0
query,1508943318.5603337,1508943318.6843188,3890
query,1508943318.6843224,1508943318.7414577,1265
query,1508943318.7414618,1508943318.7681265,746
query,1508943318.76813,1508943318.8021739,10
query,1508943318.802178,1508943319.206928,18402
query,1508943319.2069318,1508943319.235245,1286
query,1508943319.235249,1508943320.0512636,16246
query,1508943320.0512679,1508943320.5962272,12758
query,1508943320.5962307,1508943321.080484,19024
query,1508943321.0804875,1508943321.1290505,1350
query,1508943321.129054,1508943321.1792426,2033
query,1508943321.179246,1508943321.3823252,6165
query,1508943321.3823643,1508943321.447814,1724
query,1508943321.4601595,1508943321.5421386,2455
query,1508943321.5421424,1508943321.9125783,7364
query,1508943321.9125817,1508943321.9618185,35
query,1508943321.9618223,1508943322.0045297,0
query,1508943322.004534,1508943322.6059866,16459
query,1508943322.60599,1508943323.2030091,17153
query,1508943323.2030134,1508943323.2331216,1849
query,1508943323.233127,1508943323.433972,17927
query,1508943323.433976,1508943323.5512238,3261
query,1508943323.5512273,1508943323.6803496,3589
query,1508943323.6803536,1508943323.9258142,10804
query,1508943323.9258187,1508943324.480087,23048
query,1508943324.4800909,1508943324.5229046,1893
query,1508943324.5229082,1508943324.8077886,7859
query,1508943324.8077924,1508943324.8585482,863
query,1508943324.858552,1508943325.577446,18357
query,1508943325.57745,1508943325.8463542,7761
query,1508943325.8463578,1508943325.8670902,7
query,1508943325.8670943,1508943325.8926187,1273
query,1508943325.8926563,1508943326.0207286,6893
query,1508943326.0336602,1508943326.6423748,15297
query,1508943326.6423783,1508943326.698521,1893
query,1508943326.6985247,1508943326.7191818,10
query,1508943326.7191858,1508943327.3095057,11754
query,1508943327.3095093,1508943327.6134198,10689
query,1508943327.6134233,1508943327.960359,10518
query,1508943327.9603634,1508943328.0883934,10738
query,1508943328.0883973,1508943328.326033,11889
query,1508943328.326037,1508943328.4492562,3269
query,1508943328.4492598,1508943328.5022287,546
query,1508943328.5022316,1508943328.5451958,0
query,1508943328.5452003,1508943329.14197,21666
query,1508943329.1419742,1508943329.3134656,4600
query,1508943329.3134694,1508943329.9713962,16317
query,1508943329.9714,1508943330.1823688,2523
query,1508943330.1823726,1508943330.270797,2144
query,1508943330.2708013,1508943330.5193057,9432
query,1508943330.5193093,1508943330.8618226,10265
query,1508943330.8618267,1508943331.1538637,13367
query,1508943331.153904,1508943331.4502301,9092
query,1508943331.4632256,1508943331.5994966,4644
query,1508943331.5995007,1508943331.9667923,13192
query,1508943331.966796,1508943332.066305,2874
query,1508943332.0663083,1508943332.1045406,626
query,1508943332.1045442,1508943332.2519426,14512
query,1508943332.2519464,1508943332.2920933,952
query,1508943332.2920976,1508943332.3507788,114
query,1508943332.3507829,1508943332.6580503,8454
query,1508943332.658054,1508943332.842541,5237
query,1508943332.842545,1508943332.8850226,0
query,1508943332.8850267,1508943333.0946443,8145
query,1508943333.0946481,1508943333.1678185,2459
query,1508943333.1678224,1508943333.217979,1563
query,1508943333.2179823,1508943333.4888904,9608
query,1508943333.4888945,1508943333.5406692,2857
query,1508943333.540673,1508943334.5144162,23354
query,1508943334.51442,1508943335.060588,21825
query,1508943335.0605912,1508943335.312233,8634
query,1508943335.3122368,1508943335.3477294,1057
query,1508943335.3477993,1508943335.435527,2754
query,1508943335.4475682,1508943335.5986538,3813
query,1508943335.5986583,1508943335.6459074,879
query,1508943335.6459115,1508943336.054787,10911
query,1508943336.0547905,1508943336.1404374,2662
query,1508943336.1404407,1508943336.2752857,10656
query,1508943336.2752888,1508943336.288342,3
query,1508943336.288345,1508943336.4444351,7465
query,1508943336.4444385,1508943336.4733188,593
query,1508943336.4733226,1508943336.960714,12755
query,1508943336.9607182,1508943337.1094341,4449
query,1508943337.109438,1508943337.613677,12529
query,1508943337.6136813,1508943337.8029287,9745
query,1508943337.802933,1508943337.859697,2
query,1508943337.8597012,1508943338.1536858,9340
query,1508943338.1536894,1508943338.2347357,2685
query,1508943338.2347393,1508943338.3222446,358
query,1508943338.3222485,1508943339.0064979,12127
query,1508943339.0065017,1508943339.47084,15533
query,1508943339.4708436,1508943340.2230406,15580
query,1508943340.223104,1508943340.430446,3096
query,1508943340.4438128,1508943340.4927328,1770
query,1508943340.4927368,1508943340.7426891,12104
query,1508943340.7426927,1508943341.581506,14380
query,1508943341.58151,1508943341.6622598,2617
query,1508943341.6622648,1508943341.8150434,4229
query,1508943341.815048,1508943342.408563,10971
query,1508943342.4085665,1508943342.4436111,0
query,1508943342.443615,1508943342.7605603,8796
query,1508943342.7605643,1508943343.6714506,23285
query,1508943343.6714547,1508943344.1364987,11418
query,1508943344.1365027,1508943344.296392,2052
query,1508943344.296396,1508943344.5734813,11549
query,1508943344.573485,1508943344.7783089,4616
query,1508943344.778313,1508943344.8299534,1154
query,1508943344.829957,1508943344.871809,2
query,1508943344.8718128,1508943344.8975637,0
query,1508943344.8975673,1508943344.9584053,813
query,1508943344.9584088,1508943345.3413956,11566
query,1508943345.3413994,1508943345.760343,8970
query,1508943345.7603846,1508943345.8071022,20
query,1508943345.8192084,1508943346.2903304,18737
query,1508943346.2903342,1508943346.9383674,13772
query,1508943346.938371,1508943347.3802562,9200
query,1508943347.3802598,1508943347.4382083,1238
query,1508943347.4382122,1508943347.6430848,3905
query,1508943347.6430883,1508943348.029661,4232
query,1508943348.0296645,1508943348.082044,376
query,1508943348.0820475,1508943348.4901407,10260
query,1508943348.490144,1508943348.7799616,10689
query,1508943348.7799656,1508943349.145621,7135
query,1508943349.1456254,1508943349.2580366,3726
query,1508943349.25804,1508943349.3067183,346
query,1508943349.3067224,1508943349.8387291,11678
query,1508943349.838733,1508943349.8801217,2
query,1508943349.880126,1508943349.9413505,831
query,1508943349.941354,1508943349.9933608,1185
query,1508943349.9933643,1508943350.811085,15614
query,1508943350.8110883,1508943350.9578092,3863
query,1508943350.9578125,1508943351.1101336,2339
query,1508943351.1101792,1508943351.257707,7999
query,1508943351.2713494,1508943351.458452,3222
query,1508943351.4584565,1508943352.326044,14279
query,1508943352.3260477,1508943352.3716319,1
query,1508943352.371635,1508943352.777322,7
query,1508943352.7773256,1508943353.012024,6
query,1508943353.0120275,1508943354.039694,11639
query,1508943354.0396984,1508943354.1101816,83
query,1508943354.1101859,1508943354.7804048,12307
query,1508943354.7804084,1508943354.894166,5394
query,1508943354.8941696,1508943354.9430854,20
query,1508943354.943089,1508943355.1544409,10443
query,1508943355.1544447,1508943355.7186615,4199
query,1508943355.7186654,1508943355.9811773,11444
query,1508943355.9811814,1508943356.1827197,14999
query,1508943356.1827233,1508943356.360317,11399
query,1508943356.360321,1508943356.615304,9168
query,1508943356.6153083,1508943357.1265323,12674
query,1508943357.126536,1508943357.2362394,2100
query,1508943357.2362428,1508943357.5006378,12872
query,1508943357.5006783,1508943357.8189785,11880
query,1508943357.8312182,1508943358.2436802,8621
query,1508943358.2436838,1508943358.3106966,1638
query,1508943358.310701,1508943358.362487,158
query,1508943358.3624916,1508943358.4221342,897
query,1508943358.4221377,1508943358.6225834,7904
query,1508943358.622587,1508943358.6457555,1
query,1508943358.6457586,1508943358.7018394,121
query,1508943358.7018433,1508943358.9096243,4134
query,1508943358.9096282,1508943359.1193023,9613
query,1508943359.1193058,1508943359.3024833,4786
query,1508943359.302487,1508943359.358375,1991
query,1508943359.358379,1508943359.859503,12739
query,1508943359.8595073,1508943360.470403,19883
query,1508943360.4704063,1508943360.7062793,4753
query,1508943360.706283,1508943360.7605193,1954
query,1508943360.760523,1508943360.816747,2048
query,1508943360.816751,1508943360.962054,9513
query,1508943360.9620583,1508943361.009442,1
query,1508943361.0094469,1508943361.067665,330
query,1508943361.0677054,1508943361.3509674,6881
query,1508943361.3639736,1508943361.414334,1173
query,1508943361.4143376,1508943361.474116,262
query,1508943361.4741197,1508943361.6720796,12599
query,1508943361.6720836,1508943362.078833,12508
query,1508943362.0788367,1508943362.126987,30
query,1508943362.1269913,1508943362.2063859,2025
query,1508943362.2063897,1508943362.2535906,0
query,1508943362.2535949,1508943362.538688,18473
query,1508943362.538692,1508943363.0764701,10759
query,1508943363.076474,1508943363.1257825,153
query,1508943363.125786,1508943363.181725,47
query,1508943363.1817284,1508943363.3007145,4240
query,1508943363.300718,1508943363.4388204,8033
query,1508943363.438825,1508943363.5153441,205
query,1508943363.5153477,1508943363.7992592,10780
query,1508943363.7992632,1508943363.8586054,811
query,1508943363.8586092,1508943363.930311,15
query,1508943363.9303148,1508943364.1980793,15860
query,1508943364.198083,1508943364.2361434,2297
query,1508943364.2361796,1508943364.4245489,8889
query,1508943364.4366324,1508943364.5258772,1808
query,1508943364.5258806,1508943364.9778688,9102
query,1508943364.977873,1508943365.4195237,13694
query,1508943365.4195282,1508943365.5739405,11723
query,1508943365.573944,1508943365.7724416,11009
query,1508943365.7724457,1508943365.8835645,2151
query,1508943365.883568,1508943366.1689928,10584
query,1508943366.1689968,1508943366.3068547,4848
query,1508943366.306859,1508943366.5174735,12754
query,1508943366.517477,1508943367.107892,17553
query,1508943367.1078959,1508943367.2539074,3624
query,1508943367.2539117,1508943367.5470047,6539
query,1508943367.5470085,1508943368.1470642,15682
query,1508943368.1470683,1508943368.379643,18164
query,1508943368.3796468,1508943368.8103685,17921
query,1508943368.8103724,1508943369.2443314,10472
query,1508943369.2443354,1508943369.5933878,13079
query,1508943369.5933914,1508943369.6941595,3481
query,1508943369.6941633,1508943369.7575164,189
query,1508943369.7575545,1508943369.8154764,36
query,1508943369.828348,1508943370.148206,11434
query,1508943370.1482105,1508943370.2442005,193
query,1508943370.2442045,1508943370.7633078,22864
query,1508943370.7633123,1508943370.9285913,14687
query,1508943370.9285955,1508943371.0018272,69
query,1508943371.001831,1508943371.126224,3211
query,1508943371.1262279,1508943371.312295,2623
query,1508943371.3122988,1508943371.553461,14124
query,1508943371.553465,1508943371.8056777,10740
query,1508943371.8056817,1508943371.8926146,3701
query,1508943371.8926182,1508943372.395403,19345
query,1508943372.3954067,1508943372.4579842,1608
query,1508943372.4579875,1508943372.502431,65
query,1508943372.5024345,1508943372.7589908,9302
query,1508943372.7589948,1508943373.1546452,18643
query,1508943373.154649,1508943373.409333,18208
query,1508943373.4093366,1508943373.6972802,10044
query,1508943373.6972842,1508943373.9423356,18006
query,1508943373.9423404,1508943374.0024078,8
query,1508943374.0024612,1508943374.0306802,2
query,1508943374.0366256,1508943374.0716763,0
query,1508943374.07168,1508943374.1922941,2798
query,1508943374.1922977,1508943374.2273638,0
query,1508943374.2273679,1508943374.285725,952
query,1508943374.285729,1508943374.3309362,1
query,1508943374.3309395,1508943374.4630086,5709
query,1508943374.463012,1508943374.5097604,116
query,1508943374.5097642,1508943375.2431364,19304
query,1508943375.2431402,1508943375.4591706,11537
query,1508943375.4591749,1508943375.5542178,3975
query,1508943375.5542214,1508943375.6803765,3389
query,1508943375.6803799,1508943375.8213444,4027
query,1508943375.821348,1508943375.8818085,53
query,1508943375.881812,1508943376.2041461,13979
query,1508943376.2041512,1508943376.3754878,6759
query,1508943376.3754914,1508943377.015297,18800
query,1508943377.015301,1508943377.04781,0
query,1508943377.0478134,1508943377.1666586,3117
query,1508943377.1666622,1508943377.244651,4623
query,1508943377.2446883,1508943377.3244605,670
query,1508943377.3370762,1508943377.4323308,2960
query,1508943377.4323342,1508943377.7181866,4935
query,1508943377.7181902,1508943377.7437005,0
query,1508943377.743704,1508943378.0225337,16526
query,1508943378.022537,1508943378.4066362,6823
query,1508943378.40664,1508943378.549647,6755
query,1508943378.5496516,1508943378.6693525,9454
query,1508943378.6693563,1508943379.1145198,4192
query,1508943379.1145246,1508943379.6314797,18482
query,1508943379.631484,1508943379.7431347,4065
query,1508943379.7431383,1508943380.011068,13744
query,1508943380.011072,1508943380.1573713,4507
query,1508943380.1573758,1508943380.5271692,15066
query,1508943380.527173,1508943380.5725784,1842
query,1508943380.5725822,1508943380.6544335,2193
query,1508943380.6544373,1508943380.7237353,1968
query,1508943380.723739,1508943380.815415,2513
query,1508943380.815419,1508943381.1135852,9493
query,1508943381.1135895,1508943381.164559,1682
query,1508943381.1646018,1508943381.4014125,9748
query,1508943381.4180665,1508943381.6741807,11941
query,1508943381.6741846,1508943381.7298355,1864
query,1508943381.7298388,1508943382.0527108,5822
query,1508943382.0527153,1508943382.3341677,8744
query,1508943382.3341715,1508943382.4304187,1
query,1508943382.430423,1508943382.502762,1330
query,1508943382.5027657,1508943382.5572333,2
query,1508943382.557237,1508943382.61335,9
query,1508943382.6133535,1508943382.6471725,0
query,1508943382.6471763,1508943383.1586723,15548
query,1508943383.158676,1508943383.209855,65
query,1508943383.2098584,1508943383.2382429,3
query,1508943383.2382467,1508943383.4624326,10266
query,1508943383.462437,1508943383.89851,11582
query,1508943383.8985136,1508943384.075498,3267
query,1508943384.0755022,1508943384.1234949,605
query,1508943384.1234984,1508943384.1937265,206
query,1508943384.1937299,1508943384.4118752,9101
query,1508943384.41188,1508943384.7719553,11812
query,1508943384.771998,1508943385.0027719,9222
query,1508943385.0161374,1508943385.4540803,17873
query,1508943385.454085,1508943385.6300693,10034
query,1508943385.6300733,1508943386.3791635,14224
query,1508943386.3791673,1508943386.434107,2445
query,1508943386.4341109,1508943386.4836066,1
query,1508943386.4836106,1508943386.6799092,4345
query,1508943386.6799123,1508943386.7631638,930
query,1508943386.7631664,1508943386.8134139,1156
query,1508943386.8134186,1508943386.8803694,2062
query,1508943386.8803728,1508943387.0539873,9271
query,1508943387.053991,1508943387.3053513,6599
query,1508943387.3053548,1508943387.402006,3277
query,1508943387.40201,1508943387.4636536,1535
query,1508943387.4636571,1508943387.514111,1595
query,1508943387.5141153,1508943387.5743964,1172
query,1508943387.5744011,1508943387.6360862,0
query,1508943387.6360905,1508943388.0015192,10539
query,1508943388.0015233,1508943388.3985271,11074
query,1508943388.3985314,1508943388.8782268,12625
query,1508943388.8782687,1508943388.9649224,1943
query,1508943388.9768112,1508943389.053894,1433
query,1508943389.0538976,1508943389.2531807,7500
query,1508943389.2531848,1508943389.5465214,11614
query,1508943389.5465255,1508943389.8542128,13179
query,1508943389.8542166,1508943390.0058427,4551
query,1508943390.0058463,1508943390.2522163,5290
query,1508943390.25222,1508943390.646362,12585
query,1508943390.6464028,1508943390.7292843,4241
query,1508943390.7292879,1508943390.898103,6419
query,1508943390.898107,1508943391.1890748,18009
query,1508943391.189078,1508943391.3140187,4158
query,1508943391.3140235,1508943391.4403775,6008
query,1508943391.440381,1508943391.4791582,1
query,1508943391.4791625,1508943392.1258175,11227
query,1508943392.1258214,1508943392.1832542,69
query,1508943392.1832578,1508943392.913694,16775
query,1508943392.9136975,1508943392.9620733,1692
query,1508943392.9620767,1508943393.0221386,139
query,1508943393.022143,1508943393.063718,0
query,1508943393.0637538,1508943393.5122006,12844
query,1508943393.525045,1508943393.7940104,15035
query,1508943393.7940712,1508943393.9345543,3366
query,1508943393.9345584,1508943393.9795487,0
query,1508943393.9795532,1508943394.0306797,1008
query,1508943394.0306833,1508943394.2143857,4419
query,1508943394.2143896,1508943394.2451937,2
query,1508943394.2451975,1508943394.4475467,9736
query,1508943394.4475503,1508943395.0770469,18520
query,1508943395.077051,1508943395.1037576,3
query,1508943395.103761,1508943395.2256725,7913
query,1508943395.225675,1508943395.4210439,12376
query,1508943395.421048,1508943395.681051,8960
query,1508943395.6810548,1508943395.729741,1303
query,1508943395.7297454,1508943395.7746797,98
query,1508943395.774683,1508943396.0622923,8270
query,1508943396.062296,1508943396.1137636,678
query,1508943396.113767,1508943396.215049,591
query,1508943396.215053,1508943396.281044,8
query,1508943396.2810478,1508943396.5225332,5435
query,1508943396.522581,1508943396.6524541,3149
query,1508943396.665908,1508943396.8801603,5778
query,1508943396.880164,1508943397.198268,11545
query,1508943397.1982718,1508943397.3862185,8363
query,1508943397.3862226,1508943397.496701,3236
query,1508943397.4967046,1508943397.5468533,1395
query,1508943397.5468574,1508943397.6563833,3297
query,1508943397.6563861,1508943397.675953,0
query,1508943397.6759555,1508943397.9314148,7338
query,1508943397.9314196,1508943397.974125,435
query,1508943397.9741287,1508943398.0263298,69
query,1508943398.0263336,1508943398.1260278,5481
query,1508943398.1260316,1508943398.328577,4688
query,1508943398.328581,1508943398.3761678,426
query,1508943398.3761725,1508943399.0922565,23084
query,1508943399.0922604,1508943399.1466756,574
query,1508943399.1466796,1508943399.3664486,18345
query,1508943399.3664522,1508943399.5380435,4928
query,1508943399.5380478,1508943399.6380455,5491
query,1508943399.63805,1508943399.7062652,646
query,1508943399.7063136,1508943400.1383824,11534
query,1508943400.1540859,1508943400.5077426,11520
query,1508943400.5077467,1508943400.6172984,2884
query,1508943400.6173024,1508943400.7238069,2200
query,1508943400.7238107,1508943400.7742348,73
query,1508943400.7742386,1508943400.8342004,60
query,1508943400.8342037,1508943400.8948452,198
query,1508943400.8948486,1508943400.9352205,1070
query,1508943400.9352245,1508943401.3926282,12280
query,1508943401.392632,1508943402.255554,18924
query,1508943402.2555575,1508943402.3427253,1969
query,1508943402.342729,1508943402.4015222,4
query,1508943402.4015257,1508943402.6357565,4526
query,1508943402.63576,1508943403.351378,23342
query,1508943403.3513823,1508943403.5604537,7228
query,1508943403.560458,1508943403.7994523,8171
query,1508943403.7994566,1508943403.8500998,1740
query,1508943403.8501034,1508943403.999636,6255
query,1508943403.9996397,1508943404.0395677,745
query,1508943404.039572,1508943404.1878052,12799
query,1508943404.1878548,1508943404.898892,23095
query,1508943404.911803,1508943405.0693269,6694
query,1508943405.069331,1508943405.1335723,3304
query,1508943405.133576,1508943405.1588182,464
query,1508943405.1588218,1508943405.933452,18677
query,1508943405.9334562,1508943406.2149148,10298
query,1508943406.2149186,1508943406.4709394,6421
query,1508943406.4709432,1508943406.7243183,7921
query,1508943406.7243218,1508943406.991988,6930
query,1508943406.9919918,1508943407.3452308,13194
query,1508943407.345235,1508943407.5308154,6185
query,1508943407.5308192,1508943407.7503176,4781
query,1508943407.7503211,1508943407.7955472,0
query,1508943407.795551,1508943408.4603407,12119
query,1508943408.4603448,1508943409.2238877,23095
query,1508943409.223892,1508943409.2675536,0
query,1508943409.2675571,1508943409.3657146,2690
query,1508943409.3657186,1508943410.5382736,23310
query,1508943410.5382788,1508943410.875554,10739
query,1508943410.8755598,1508943411.0897744,4979
query,1508943411.0898237,1508943411.4217546,9246
query,1508943411.4351814,1508943412.057272,23097
query,1508943412.0572755,1508943412.2018087,3511
query,1508943412.2018123,1508943412.3484077,3711
query,1508943412.3484116,1508943412.9417517,13283
query,1508943412.9417558,1508943413.001953,139
query,1508943413.0019565,1508943413.4244213,13234
query,1508943413.4244251,1508943413.4836752,495
query,1508943413.4836795,1508943413.5936527,3253
query,1508943413.593656,1508943414.0686016,23057
query,1508943414.068606,1508943414.2556782,3188
query,1508943414.2556825,1508943414.314348,2405
query,1508943414.3143516,1508943414.439142,7291
query,1508943414.4391458,1508943415.0547538,23109
query,1508943415.0547578,1508943415.1464143,2472
query,1508943415.146418,1508943415.1977487,5
query,1508943415.197752,1508943415.238875,6
query,1508943415.2388859,1508943415.297531,16
query,1508943415.2975347,1508943415.453578,3211
query,1508943415.4535823,1508943415.5140722,630
query,1508943415.5141168,1508943415.6711402,3145
query,1508943415.6837282,1508943415.771549,5610
query,1508943415.7715526,1508943415.8125632,730
query,1508943415.8125665,1508943415.9609983,4289
query,1508943415.961002,1508943416.0715945,3806
query,1508943416.0715983,1508943416.0798688,0
query,1508943416.079873,1508943416.1167428,1015
query,1508943416.1167467,1508943416.2250183,4335
query,1508943416.2250223,1508943416.2610054,216
query,1508943416.2610097,1508943416.2954648,1603
query,1508943416.2954686,1508943416.607764,8844
query,1508943416.6077688,1508943416.6299949,34
query,1508943416.6299984,1508943416.9224877,7403
query,1508943416.9224913,1508943417.0374238,3312
query,1508943417.0374281,1508943417.1249375,3367
query,1508943417.124941,1508943417.1623416,263
query,1508943417.1623456,1508943417.202714,6
query,1508943417.2027183,1508943417.402739,10450
query,1508943417.4027426,1508943417.7439156,9219
query,1508943417.7439194,1508943417.8062015,1049
query,1508943417.8062572,1508943418.0652606,12280
query,1508943418.0776894,1508943418.1008728,1
query,1508943418.1008766,1508943418.2942202,6164
query,1508943418.2942235,1508943418.323798,55
query,1508943418.3238018,1508943418.5160043,7277
query,1508943418.516008,1508943418.8860118,11367
query,1508943418.886016,1508943419.0253842,10248
query,1508943419.0253878,1508943419.163512,9374
query,1508943419.163516,1508943419.3473635,7967
query,1508943419.347368,1508943419.7550662,14441
query,1508943419.75507,1508943419.9011333,5126
query,1508943419.901137,1508943420.3037612,19844
query,1508943420.303765,1508943420.605333,7351
query,1508943420.6053371,1508943420.9568892,11595
query,1508943420.9568927,1508943421.149205,7761
query,1508943421.1492088,1508943421.503578,15591
query,1508943421.5035818,1508943421.5759108,118
query,1508943421.5759149,1508943422.2511485,19818
query,1508943422.2511525,1508943422.4885757,5512
query,1508943422.4885795,1508943422.5791972,2671
query,1508943422.5792387,1508943422.7654655,11328
query,1508943422.7775729,1508943422.9832904,8959
query,1508943422.983294,1508943423.176374,4939
query,1508943423.1763778,1508943423.367164,5751
query,1508943423.367168,1508943423.6107838,7791
query,1508943423.6107876,1508943423.7747402,6945
query,1508943423.7747443,1508943424.6992064,23079
query,1508943424.6992123,1508943424.8700442,7612
query,1508943424.870048,1508943424.9816263,3713
query,1508943424.9816298,1508943425.0303528,1290
query,1508943425.030356,1508943425.272035,7270
query,1508943425.2720392,1508943425.6802468,9922
query,1508943425.6802506,1508943425.7236428,0
query,1508943425.7236466,1508943426.3617322,21643
query,1508943426.3617358,1508943426.5550025,3576
query,1508943426.5550063,1508943426.6178515,135
query,1508943426.617855,1508943426.720122,5495
query,1508943426.7201254,1508943426.884781,9700
query,1508943426.884785,1508943427.104449,6487
query,1508943427.1044533,1508943427.1247523,0
query,1508943427.1248875,1508943427.239856,4187
query,1508943427.2564769,1508943427.2897904,0
query,1508943427.2897944,1508943427.592518,7291
query,1508943427.5925217,1508943427.6283875,1796
query,1508943427.6283903,1508943427.8810017,8935
query,1508943427.8810053,1508943428.368281,14552
query,1508943428.368285,1508943428.7388108,11628
query,1508943428.7388144,1508943428.8984113,10994
query,1508943428.8984149,1508943428.9589808,1494
query,1508943428.9589849,1508943429.0177765,593
query,1508943429.01778,1508943429.933629,23391
query,1508943429.933633,1508943430.0204422,3910
query,1508943430.0204463,1508943430.2193782,5322
query,1508943430.219381,1508943430.251409,0
query,1508943430.2514124,1508943430.6982508,12272
query,1508943430.6982548,1508943430.9658527,8703
query,1508943430.9658582,1508943431.2803,12053
query,1508943431.2803037,1508943431.8467274,17159
query,1508943431.8467307,1508943432.0226347,4422
query,1508943432.0226388,1508943432.0815823,23
query,1508943432.0816238,1508943432.132994,43
query,1508943432.145741,1508943432.6787722,10127
query,1508943432.6787758,1508943432.9594593,7497
query,1508943432.959463,1508943433.6776736,19267
query,1508943433.677677,1508943434.017628,10608
query,1508943434.0176315,1508943434.2078195,5145
query,1508943434.2078242,1508943434.2521482,991
query,1508943434.2521527,1508943434.314195,638
query,1508943434.3142,1508943434.40919,2486
query,1508943434.4091945,1508943434.4494774,1502
query,1508943434.449482,1508943434.7359006,11767
query,1508943434.7359052,1508943434.908614,4600
query,1508943434.9086175,1508943435.2776577,14062
query,1508943435.2776613,1508943435.702394,18636
query,1508943435.7023973,1508943435.7579756,71
query,1508943435.7579794,1508943436.0219853,7020
query,1508943436.021989,1508943436.1700134,8504
query,1508943436.170017,1508943436.2476285,2643
query,1508943436.247632,1508943436.4252245,3148
query,1508943436.425228,1508943436.765441,9753
query,1508943436.765481,1508943436.8125186,1680
query,1508943436.825314,1508943436.96676,7253
query,1508943436.966764,1508943437.1790776,5859
query,1508943437.1790814,1508943437.223823,1302
query,1508943437.223827,1508943437.719812,15652
query,1508943437.7198157,1508943437.8284912,1830
query,1508943437.828495,1508943438.2207165,16131
query,1508943438.2207203,1508943438.2514615,0
query,1508943438.2514648,1508943438.55074,11505
query,1508943438.5507436,1508943438.8110197,18446
query,1508943438.8110232,1508943438.8559248,26
query,1508943438.8559282,1508943439.1114018,7823
query,1508943439.1114056,1508943439.1904676,3971
query,1508943439.1904714,1508943439.361312,5365
query,1508943439.3613157,1508943439.557598,16302
query,1508943439.5576036,1508943439.6482968,3095
query,1508943439.6483006,1508943439.9001503,11356
query,1508943439.900154,1508943439.9835405,2268
query,1508943439.9835448,1508943440.0207403,131
query,1508943440.0207436,1508943440.8536484,15076
query,1508943440.85369,1508943440.9772356,3102
query,1508943440.992172,1508943441.2050562,4334
query,1508943441.2050595,1508943441.431234,5056
query,1508943441.431238,1508943441.6225588,5902
query,1508943441.6225631,1508943442.087922,11688
query,1508943442.0879264,1508943442.5686903,10485
query,1508943442.5686939,1508943442.6945205,3862
query,1508943442.6945243,1508943443.224685,11261
query,1508943443.2246883,1508943443.4642248,4007
query,1508943443.4642286,1508943443.5139558,481
query,1508943443.5139594,1508943444.071153,16157
query,1508943444.0711567,1508943444.2468336,3282
query,1508943444.2468371,1508943444.6351182,9061
query,1508943444.6351218,1508943445.1067872,13838
query,1508943445.1067915,1508943445.1464,24
query,1508943445.1464036,1508943445.8755639,19846
query,1508943445.8755674,1508943445.9141932,575
query,1508943445.9141967,1508943446.656438,19182
query,1508943446.656442,1508943446.8752952,9442
query,1508943446.8752992,1508943447.641242,15742
query,1508943447.6412828,1508943447.7883432,7382
query,1508943447.8004806,1508943447.8578372,281
query,1508943447.8578417,1508943447.9255712,54
query,1508943447.9255748,1508943447.9615216,1
query,1508943447.961525,1508943448.2028813,5380
query,1508943448.2028852,1508943449.1056943,23628
query,1508943449.1056976,1508943449.1331048,286
query,1508943449.1331086,1508943449.2596285,6164
query,1508943449.2596328,1508943450.124437,23288
query,1508943450.124441,1508943450.1626272,883
query,1508943450.1626308,1508943450.645781,13768
query,1508943450.6457856,1508943450.7449982,2463
query,1508943450.7450018,1508943450.7873015,2078
query,1508943450.787305,1508943450.9554968,15492
query,1508943450.955501,1508943451.0238125,2130
query,1508943451.023816,1508943451.052683,34
query,1508943451.0526872,1508943451.3360412,14191
query,1508943451.3360457,1508943451.3691225,1846
query,1508943451.369126,1508943451.5124938,6951
query,1508943451.5124977,1508943451.5821722,153
query,1508943451.5822117,1508943451.75135,5014
query,1508943451.7639215,1508943451.7970557,212
query,1508943451.7970595,1508943452.1423273,19019
query,1508943452.1423311,1508943452.839716,14798
query,1508943452.8397202,1508943453.1920478,11851
query,1508943453.192052,1508943453.3730621,7163
query,1508943453.3730662,1508943453.4279754,1
query,1508943453.4279792,1508943453.513821,29
query,1508943453.5138247,1508943453.5634768,574
query,1508943453.5634804,1508943453.7940023,15828
query,1508943453.794007,1508943453.9699001,10698
query,1508943453.9699042,1508943454.2599676,9414
query,1508943454.2599714,1508943454.300589,565
query,1508943454.300593,1508943454.4224303,2517
query,1508943454.422434,1508943454.9650006,17080
query,1508943454.9650052,1508943454.9920523,120
query,1508943454.9920564,1508943455.0540018,65
query,1508943455.0540056,1508943455.1141353,1110
query,1508943455.1141393,1508943455.1820643,270
query,1508943455.182068,1508943455.2341855,1933
query,1508943455.2342231,1508943455.3954287,4527
query,1508943455.4083478,1508943456.0847476,23567
query,1508943456.0847514,1508943456.1206331,62
query,1508943456.1206367,1508943456.2753394,9665
query,1508943456.2753432,1508943456.3769941,3734
query,1508943456.376998,1508943456.437755,144
query,1508943456.4377587,1508943456.4977598,469
query,1508943456.4977632,1508943456.6551883,3640
query,1508943456.6551926,1508943456.687337,0
query,1508943456.687341,1508943456.805425,4042
query,1508943456.8054287,1508943456.866117,449
query,1508943456.8661218,1508943457.1945782,10622
query,1508943457.194582,1508943457.2666595,3369
query,1508943457.266663,1508943457.4187229,11718
query,1508943457.4187272,1508943457.4604897,1735
query,1508943457.460494,1508943457.9327018,10425
query,1508943457.9327059,1508943458.4288795,9846
query,1508943458.4288836,1508943458.9455936,12371
query,1508943458.9455972,1508943459.1553624,8971
query,1508943459.155366,1508943459.5042295,17303
query,1508943459.504271,1508943459.9203084,11862
query,1508943459.9325829,1508943460.4214702,12008
query,1508943460.4214807,1508943461.0836883,12742
query,1508943461.083692,1508943461.2967684,10219
query,1508943461.2967722,1508943461.545765,7703
query,1508943461.5457685,1508943461.8949473,22517
query,1508943461.8949509,1508943462.2748964,14833
query,1508943462.2749002,1508943462.8145983,19401
query,1508943462.8146017,1508943462.9847567,10223
query,1508943462.9847603,1508943463.0151982,534
query,1508943463.0152025,1508943463.5376854,15663
query,1508943463.537689,1508943463.6077034,1141
query,1508943463.6077073,1508943463.6590426,1634
query,1508943463.6590462,1508943463.6894627,0
query,1508943463.6894665,1508943463.7387807,328
query,1508943463.7387843,1508943464.0452113,15267
query,1508943464.0452151,1508943464.082474,1116
query,1508943464.082478,1508943464.278782,5670
query,1508943464.2787862,1508943464.376788,4795
query,1508943464.3768587,1508943464.4876873,6124
query,1508943464.4877238,1508943464.5420504,1127
query,1508943464.5549216,1508943464.925958,11811
query,1508943464.9259624,1508943465.2428102,15700
query,1508943465.2428145,1508943465.284992,919
query,1508943465.2849956,1508943465.4422634,14427
query,1508943465.4422674,1508943465.8341446,11745
query,1508943465.8341484,1508943466.0047247,5868
query,1508943466.0047283,1508943466.0330272,25
query,1508943466.0330307,1508943466.0739934,1114
query,1508943466.0739968,1508943466.3069625,7399
query,1508943466.3069663,1508943466.3569078,10
query,1508943466.3569112,1508943466.509529,8392
query,1508943466.509533,1508943466.5615454,3
query,1508943466.5615497,1508943466.7572336,14720
query,1508943466.7572377,1508943467.0066137,8859
query,1508943467.0066175,1508943467.1228786,2633
query,1508943467.122883,1508943467.5742102,11885
query,1508943467.5742145,1508943467.663346,3002
query,1508943467.6633494,1508943467.858792,4061
query,1508943467.8587954,1508943467.9057255,55
query,1508943467.9057631,1508943467.955589,42
query,1508943467.9745333,1508943467.9845817,0
query,1508943467.984585,1508943468.018829,9
query,1508943468.0188327,1508943468.5290358,16148
query,1508943468.5290396,1508943468.5571675,1766
query,1508943468.5571713,1508943468.8869715,11172
query,1508943468.8869753,1508943468.9895782,1648
query,1508943468.989583,1508943468.9991946,0
query,1508943468.9991999,1508943469.0469322,487
query,1508943469.046936,1508943469.1774545,3096
query,1508943469.177458,1508943469.325363,3700
query,1508943469.3253665,1508943469.541386,10434
query,1508943469.54139,1508943469.663262,4457
query,1508943469.6632657,1508943469.8322058,8804
query,1508943469.8322093,1508943469.910216,1425
query,1508943469.9102194,1508943469.9507618,2
query,1508943469.9507654,1508943470.079574,5134
query,1508943470.0795782,1508943470.1165285,485
query,1508943470.1165318,1508943470.3084805,8308
query,1508943470.308484,1508943470.3616126,29
query,1508943470.3616502,1508943470.5786712,8918
query,1508943470.5907123,1508943470.6410022,774
query,1508943470.6410062,1508943470.6908221,1731
query,1508943470.6908262,1508943471.184472,15180
query,1508943471.1844766,1508943471.262362,1352
query,1508943471.2623656,1508943471.515196,12077
query,1508943471.5151994,1508943471.6804364,3798
query,1508943471.6804402,1508943471.894261,11448
query,1508943471.8942647,1508943472.053953,3798
query,1508943472.053957,1508943472.1174147,432
query,1508943472.1174188,1508943472.2084992,1887
query,1508943472.2085032,1508943472.309708,2457
query,1508943472.3097115,1508943472.5902734,10320
query,1508943472.590277,1508943472.7300792,7470
query,1508943472.7300828,1508943473.3548894,12543
query,1508943473.3548934,1508943473.4401493,56
query,1508943473.4401538,1508943473.4993794,234
query,1508943473.4993832,1508943473.5591235,272
query,1508943473.559128,1508943473.673556,3197
query,1508943473.6735601,1508943474.0101202,15123
query,1508943474.0101612,1508943474.1780238,2899
query,1508943474.19355,1508943474.337366,5020
query,1508943474.33737,1508943474.4542587,1330
query,1508943474.4542625,1508943474.6151273,3094
query,1508943474.6151316,1508943474.8497412,14784
query,1508943474.8497458,1508943474.8996215,936
query,1508943474.8996253,1508943474.957792,22
query,1508943474.957796,1508943474.9996316,0
query,1508943474.9996362,1508943475.0970383,3254
query,1508943475.0970428,1508943475.1895006,4170
query,1508943475.1895041,1508943475.2254715,31
query,1508943475.225475,1508943475.5663452,4236
query,1508943475.5663495,1508943475.611577,92
query,1508943475.6115816,1508943476.3052819,14778
query,1508943476.3052857,1508943476.8823416,23478
query,1508943476.882346,1508943476.9936574,5443
query,1508943476.9936614,1508943477.1695712,10235
query,1508943477.1695752,1508943477.3141036,4529
query,1508943477.3141072,1508943477.5328968,9019
query,1508943477.5329006,1508943477.5551112,228
query,1508943477.5551612,1508943478.0411906,11883
query,1508943478.0549939,1508943478.121753,170
query,1508943478.1217566,1508943478.231615,3290
query,1508943478.231619,1508943478.6751287,6999
query,1508943478.6751328,1508943479.1184483,9081
query,1508943479.1184523,1508943479.136706,0
query,1508943479.13671,1508943479.1534631,0
query,1508943479.1534667,1508943479.1975982,7
query,1508943479.1976023,1508943479.2463193,1017
query,1508943479.2463229,1508943479.3100073,147
query,1508943479.3100111,1508943479.3667743,2971
query,1508943479.3667784,1508943479.968274,23197
query,1508943479.968278,1508943480.4708734,11935
query,1508943480.4708774,1508943480.7144358,11689
query,1508943480.7144394,1508943481.119163,19239
query,1508943481.1191669,1508943481.255237,5838
query,1508943481.2552404,1508943481.291203,1232
query,1508943481.2912068,1508943481.3419757,633
query,1508943481.3419802,1508943481.5406451,8109
query,1508943481.5406487,1508943481.710976,10378
query,1508943481.711017,1508943481.8987904,7470
query,1508943481.9110594,1508943482.123878,18640
query,1508943482.1238818,1508943482.3676503,10564
query,1508943482.3676543,1508943482.5603666,5074
query,1508943482.5603707,1508943482.82196,4115
query,1508943482.821964,1508943482.8896377,465
query,1508943482.889641,1508943482.9324605,840
query,1508943482.9324644,1508943483.177945,4489
query,1508943483.1779485,1508943483.453142,17025
query,1508943483.4531455,1508943483.5327716,5275
query,1508943483.5327754,1508943483.9682648,11865
query,1508943483.9682689,1508943484.0200553,1466
query,1508943484.0200593,1508943484.6284778,18100
query,1508943484.6284819,1508943484.9094517,12302
query,1508943484.9094558,1508943484.958277,664
query,1508943484.9582806,1508943485.2941892,9691
query,1508943485.2941926,1508943485.5043485,5436
query,1508943485.5043519,1508943485.9073484,10905
query,1508943485.907352,1508943486.2226574,9079
query,1508943486.222661,1508943486.497427,5432
query,1508943486.4974675,1508943486.5117702,0
query,1508943486.513549,1508943486.7007678,5226
query,1508943486.700772,1508943487.0482266,11867
query,1508943487.048231,1508943487.0814848,461
query,1508943487.0814886,1508943487.2049434,3340
query,1508943487.2049477,1508943487.371713,7990
query,1508943487.3717172,1508943487.655958,10706
query,1508943487.6559618,1508943487.7808907,3543
query,1508943487.7808945,1508943487.9708252,7755
query,1508943487.970829,1508943488.030882,331
query,1508943488.0308862,1508943488.179083,4261
query,1508943488.1790872,1508943488.3231792,3683
query,1508943488.323183,1508943488.6095214,9578
query,1508943488.609526,1508943488.645132,73
query,1508943488.6451359,1508943489.09015,7380
query,1508943489.0901544,1508943489.1443443,14
query,1508943489.144348,1508943489.2550478,2932
query,1508943489.2550519,1508943489.5052364,17045
query,1508943489.5052404,1508943489.9584677,11544
query,1508943489.9584725,1508943490.5471277,4243
query,1508943490.5471666,1508943490.6014352,1611
query,1508943490.6137156,1508943490.8543775,4715
query,1508943490.8543813,1508943491.3130414,18921
query,1508943491.3130457,1508943491.509689,4025
query,1508943491.5096924,1508943491.7606297,9729
query,1508943491.7606337,1508943491.8137648,288
query,1508943491.8137684,1508943491.8747838,1703
query,1508943491.874787,1508943492.0661497,10231
query,1508943492.0661535,1508943492.095126,1811
query,1508943492.0951297,1508943492.2430165,3560
query,1508943492.2430203,1508943492.2837803,413
query,1508943492.283784,1508943492.61569,9612
query,1508943492.6156936,1508943492.7693145,5461
query,1508943492.769318,1508943493.370884,15480
query,1508943493.3708875,1508943493.4707842,3174
query,1508943493.4707878,1508943493.62095,11748
query,1508943493.6209545,1508943493.6820734,31
query,1508943493.6820776,1508943493.7357895,49
query,1508943493.7357936,1508943493.8883684,5511
query,1508943493.8883722,1508943494.7593348,23450
query,1508943494.7593725,1508943494.9460125,7030
query,1508943494.9584086,1508943495.02281,1653
query,1508943495.0228136,1508943495.0482702,1
query,1508943495.0482733,1508943495.4183395,11450
query,1508943495.418343,1508943495.4405065,0
query,1508943495.44051,1508943495.49001,1903
query,1508943495.4900136,1508943495.618863,2971
query,1508943495.6188679,1508943495.756614,4468
query,1508943495.7566187,1508943495.8023617,2703
query,1508943495.8023663,1508943495.913713,3457
query,1508943495.913717,1508943496.2217827,21483
query,1508943496.2217867,1508943496.3006127,2422
query,1508943496.300616,1508943496.4365742,12429
query,1508943496.4365776,1508943497.1471741,20784
query,1508943497.147178,1508943497.3069084,4014
query,1508943497.306912,1508943497.6663215,12521
query,1508943497.6663253,1508943497.8963494,11591
query,1508943497.896353,1508943498.0907352,9206
query,1508943498.0907388,1508943498.4167867,13560
query,1508943498.4170666,1508943498.4899714,2411
query,1508943498.4900136,1508943498.5856986,3077
query,1508943498.59821,1508943498.709873,5527
query,1508943498.7098765,1508943498.8023288,2227
query,1508943498.8023326,1508943498.9790027,3230
query,1508943498.9790075,1508943499.167506,11541
query,1508943499.1675096,1508943499.191542,2
query,1508943499.191545,1508943499.285296,5932
query,1508943499.2852993,1508943499.4202912,8005
query,1508943499.4202945,1508943499.648101,10089
query,1508943499.6481044,1508943499.675753,213
query,1508943499.6757567,1508943499.7265923,734
query,1508943499.7265956,1508943499.8405592,2951
query,1508943499.840563,1508943500.0822597,6936
query,1508943500.0822637,1508943500.5675492,12040
query,1508943500.5675528,1508943500.6608799,3107
query,1508943500.6608846,1508943500.901276,5845
query,1508943500.9013054,1508943501.0719187,7435
query,1508943501.0719228,1508943501.6685536,15042
query,1508943501.6685576,1508943501.8046083,5139
query,1508943501.8046117,1508943502.003079,12540
query,1508943502.003116,1508943502.1192496,3542
query,1508943502.1328897,1508943502.5203743,8110
query,1508943502.5203784,1508943502.6415887,6826
query,1508943502.641592,1508943502.817873,2930
query,1508943502.817877,1508943503.458781,12254
query,1508943503.4587846,1508943503.5016732,2
query,1508943503.5016768,1508943504.3076067,23430
query,1508943504.3076112,1508943504.5575821,10193
query,1508943504.5575855,1508943504.5838277,0
query,1508943504.583831,1508943504.841067,7826
query,1508943504.8410718,1508943504.8821175,2066
query,1508943504.8821218,1508943505.1265504,9940
query,1508943505.1265543,1508943505.2263732,3448
query,1508943505.2263772,1508943505.3525598,6415
query,1508943505.3525631,1508943505.3860817,3
query,1508943505.3860853,1508943505.593343,3435
query,1508943505.5933475,1508943505.8392313,12374
query,1508943505.8392353,1508943505.9621546,4151
query,1508943505.9621582,1508943506.1183228,6639
query,1508943506.1183264,1508943506.5336711,13419
query,1508943506.5337148,1508943506.7959146,11617
query,1508943506.8086276,1508943507.4461093,18778
query,1508943507.4461129,1508943507.6456738,4103
query,1508943507.6456776,1508943508.417574,23271
query,1508943508.4175777,1508943508.5712113,4638
query,1508943508.571215,1508943508.5916266,0
query,1508943508.5916305,1508943508.649939,714
query,1508943508.6499424,1508943508.7260647,2305
query,1508943508.726068,1508943508.9024625,4845
query,1508943508.9024663,1508943509.4125018,12327
query,1508943509.412506,1508943509.5423336,3839
query,1508943509.542338,1508943509.9470375,11541
query,1508943509.9470415,1508943509.970313,1
query,1508943509.9703166,1508943510.1087613,4075
query,1508943510.1087654,1508943510.3032084,10812
query,1508943510.3032122,1508943510.4246624,10210
query,1508943510.4246664,1508943510.7964046,12236
query,1508943510.7964084,1508943510.8299932,1318
query,1508943510.8299973,1508943510.8635883,207
query,1508943510.8635921,1508943510.9459522,3524
query,1508943510.9459937,1508943511.987815,24580
query,1508943512.000603,1508943512.0507874,854
query,1508943512.0507908,1508943512.0952647,0
query,1508943512.0952678,1508943512.1951525,4259
query,1508943512.1951563,1508943512.2479293,1923
query,1508943512.2479324,1508943512.513933,6617
query,1508943512.5139363,1508943512.8495169,9224
query,1508943512.849521,1508943512.902096,2121
query,1508943512.9020996,1508943512.957854,530
query,1508943512.9578576,1508943513.1072552,5695
query,1508943513.1072586,1508943513.2390623,4237
query,1508943513.2390661,1508943513.39637,4251
query,1508943513.3963735,1508943513.8504179,8622
query,1508943513.8504212,1508943513.90157,277
query,1508943513.9015734,1508943514.0589466,5932
query,1508943514.0589492,1508943514.1034982,0
query,1508943514.1035008,1508943514.4084942,7405
query,1508943514.4084978,1508943514.6600397,5495
query,1508943514.6600437,1508943514.7178097,1100
query,1508943514.717813,1508943514.91779,2844
query,1508943514.9178288,1508943514.9676926,654
query,1508943514.9832282,1508943515.1023088,2751
query,1508943515.1023126,1508943515.710705,11885
query,1508943515.7107089,1508943516.0609362,11844
query,1508943516.06094,1508943516.3679338,9536
query,1508943516.367937,1508943516.4423513,2778
query,1508943516.442355,1508943516.8227713,19420
query,1508943516.8227751,1508943516.9422994,4771
query,1508943516.9423032,1508943516.9529157,0
query,1508943516.9529202,1508943517.4323623,18274
query,1508943517.4323664,1508943517.4897962,1241
query,1508943517.4897997,1508943517.9481885,11793
query,1508943517.9481926,1508943518.0614376,3377
query,1508943518.0614414,1508943518.4647734,10142
query,1508943518.4647772,1508943519.0014887,14376
query,1508943519.0014927,1508943519.0519013,1859
query,1508943519.0519054,1508943519.0767677,670
query,1508943519.0767713,1508943519.0935695,0
query,1508943519.0935729,1508943519.193471,4821
query,1508943519.193475,1508943519.3096917,7167
query,1508943519.3097298,1508943519.4914637,4512
query,1508943519.5047317,1508943519.5764506,1222
query,1508943519.576454,1508943519.6343222,1889
query,1508943519.6343262,1508943519.7311833,2089
query,1508943519.7311869,1508943519.9794881,9739
query,1508943519.9794915,1508943520.0245676,2
query,1508943520.024571,1508943520.321043,11908
query,1508943520.3210466,1508943520.6143315,15322
query,1508943520.614335,1508943520.6657963,142
query,1508943520.6657999,1508943521.118264,17460
query,1508943521.1182685,1508943521.2130177,2828
query,1508943521.213022,1508943521.2664165,1277
query,1508943521.26642,1508943521.6951475,12466
query,1508943521.6951516,1508943521.828371,2895
query,1508943521.8283741,1508943522.1692336,11299
query,1508943522.1692376,1508943522.2484224,2004
query,1508943522.2484264,1508943522.2858973,177
query,1508943522.2859018,1508943522.350637,1266
query,1508943522.3506415,1508943522.4101803,370
query,1508943522.4101846,1508943522.469995,230
query,1508943522.4700356,1508943522.8837981,12009
query,1508943522.896345,1508943523.0599513,4128
query,1508943523.0599546,1508943523.1694562,7914
query,1508943523.1694598,1508943523.1998932,2
query,1508943523.1998963,1508943523.4007416,4165
query,1508943523.4007459,1508943523.4566026,1932
query,1508943523.4566066,1508943523.579989,3454
query,1508943523.5799928,1508943523.7345679,3213
query,1508943523.7345717,1508943523.8647354,3555
query,1508943523.8647397,1508943524.0444367,7714
query,1508943524.0444405,1508943524.1810563,11081
query,1508943524.18106,1508943524.2715342,7456
query,1508943524.2715378,1508943524.3664007,3657
query,1508943524.3664045,1508943524.671448,18110
query,1508943524.6714518,1508943525.4957943,4255
query,1508943525.4957983,1508943525.5955086,2633
query,1508943525.595513,1508943525.686198,202
query,1508943525.686202,1508943525.9765022,14672
query,1508943525.9765062,1508943526.1353917,5114
query,1508943526.1353958,1508943526.4722557,13559
