tables,1508947471.3110678,1508950236.4730296
query,1508950236.473978,1508950236.893717,531
query,1508950236.9082344,1508950237.7366927,9410
query,1508950237.736697,1508950238.0686266,5455
query,1508950238.0686302,1508950238.2249944,2254
query,1508950238.224998,1508950238.2745013,311
query,1508950238.2745054,1508950238.7414877,8558
query,1508950238.7414918,1508950238.7898443,43
query,1508950238.7898479,1508950238.8427203,464
query,1508950238.8427238,1508950239.0457368,1180
query,1508950239.045741,1508950239.1029255,344
query,1508950239.1029294,1508950239.5135484,2550
query,1508950239.513553,1508950240.013954,9993
query,1508950240.0139582,1508950240.6039212,2552
query,1508950240.6039255,1508950241.1073174,5596
query,1508950241.107321,1508950241.2204752,897
query,1508950241.220479,1508950241.841573,9477
query,1508950241.8415768,1508950241.8919997,126
query,1508950241.8920035,1508950242.144896,2457
query,1508950242.1448996,1508950242.1938174,388
query,1508950242.1938221,1508950242.2992873,280
query,1508950242.2993312,1508950242.3944395,2675
query,1508950242.4065552,1508950242.5911396,3986
query,1508950242.5911434,1508950242.6616778,412
query,1508950242.6616817,1508950243.343792,9823
query,1508950243.3437965,1508950243.4405527,981
query,1508950243.4405568,1508950243.9222481,2553
query,1508950243.9222524,1508950244.2392979,2550
query,1508950244.239302,1508950244.362185,2388
query,1508950244.362189,1508950244.833029,2555
query,1508950244.8330336,1508950245.053735,2537
query,1508950245.0537388,1508950245.0993655,34
query,1508950245.099369,1508950245.161995,413
query,1508950245.1619987,1508950246.1360366,19231
query,1508950246.1360404,1508950246.263476,2044
query,1508950246.2634802,1508950246.5942318,6007
query,1508950246.5942361,1508950246.910156,4420
query,1508950246.91016,1508950246.9582953,2
query,1508950246.9582992,1508950247.273268,6420
query,1508950247.2732725,1508950247.5796154,5420
query,1508950247.5796194,1508950247.6627595,1310
query,1508950247.662804,1508950248.890148,19449
query,1508950248.9025052,1508950249.8295655,18984
query,1508950249.8295696,1508950250.3053308,10244
query,1508950250.3053362,1508950251.553526,13565
query,1508950251.5535305,1508950251.6884773,1841
query,1508950251.6884823,1508950252.2789977,6343
query,1508950252.279002,1508950253.0340018,10084
query,1508950253.034006,1508950254.658894,17436
query,1508950254.6588984,1508950254.6983545,1
query,1508950254.6983583,1508950254.7693756,7
query,1508950254.7693799,1508950255.0713453,6335
query,1508950255.0713496,1508950255.1033232,0
query,1508950255.1033275,1508950256.0734775,11587
query,1508950256.073482,1508950256.3275824,4565
query,1508950256.3275867,1508950256.6095905,2462
query,1508950256.609595,1508950257.0128965,9282
query,1508950257.0129006,1508950257.1119032,1649
query,1508950257.1119072,1508950257.487158,5207
query,1508950257.4871624,1508950258.2296474,7598
query,1508950258.2296517,1508950258.2778196,13
query,1508950258.27786,1508950258.352573,20
query,1508950258.3669643,1508950258.5128314,2250
query,1508950258.5128353,1508950259.3978345,11717
query,1508950259.3978386,1508950260.155491,6927
query,1508950260.155495,1508950260.2282133,336
query,1508950260.2282171,1508950260.4866562,5099
query,1508950260.48666,1508950260.7131531,4896
query,1508950260.7131574,1508950262.5002968,21460
query,1508950262.5003004,1508950263.0103395,7947
query,1508950263.0103438,1508950263.069986,102
query,1508950263.06999,1508950263.472174,9289
query,1508950263.4721782,1508950264.056079,7389
query,1508950264.0560825,1508950264.08699,11
query,1508950264.0869942,1508950264.1966503,2333
query,1508950264.1966536,1508950264.4656913,3618
query,1508950264.4656954,1508950264.861001,4621
query,1508950264.8610048,1508950264.9029539,3
query,1508950264.9029574,1508950264.9610724,45
query,1508950264.9610772,1508950265.4416268,11256
query,1508950265.4416306,1508950265.5991735,9125
query,1508950265.5992565,1508950266.1373746,11223
query,1508950266.1494112,1508950266.2711387,2563
query,1508950266.2711422,1508950266.6818092,11264
query,1508950266.6818128,1508950266.7140162,147
query,1508950266.71402,1508950267.1123602,8840
query,1508950267.1123643,1508950267.2112098,399
query,1508950267.2112138,1508950267.2333138,0
query,1508950267.233318,1508950267.9164836,9561
query,1508950267.9164875,1508950268.074157,2033
query,1508950268.074162,1508950268.2919533,5690
query,1508950268.2919574,1508950268.68627,8725
query,1508950268.6862743,1508950268.7360263,494
query,1508950268.7360306,1508950268.8027747,420
query,1508950268.802778,1508950268.964184,3462
query,1508950268.9641876,1508950269.0139382,23
query,1508950269.0139422,1508950269.5078106,8625
query,1508950269.5078146,1508950269.65661,2623
query,1508950269.6566138,1508950270.1958835,11323
query,1508950270.1958873,1508950270.901553,19019
query,1508950270.9015574,1508950271.7086554,12922
query,1508950271.7086978,1508950271.7512832,44
query,1508950271.7636511,1508950272.326219,7803
query,1508950272.3262231,1508950272.5622325,5452
query,1508950272.5622365,1508950272.6328464,646
query,1508950272.63285,1508950272.717989,1178
query,1508950272.7179928,1508950273.2374442,9703
query,1508950273.237448,1508950273.9425735,13080
query,1508950273.9425774,1508950274.1033857,3977
query,1508950274.1033895,1508950274.127448,147
query,1508950274.1274521,1508950274.7206626,9270
query,1508950274.720666,1508950274.9023292,4266
query,1508950274.9023342,1508950275.5615067,12125
query,1508950275.5615106,1508950275.7219086,2734
query,1508950275.7219129,1508950275.8183339,2799
query,1508950275.818338,1508950275.9617462,2606
query,1508950275.9617505,1508950276.004617,133
query,1508950276.004621,1508950276.1191084,2167
query,1508950276.1191123,1508950277.287374,19573
query,1508950277.2873778,1508950277.3710504,632
query,1508950277.3710544,1508950277.419261,121
query,1508950277.4193017,1508950277.6634765,5627
query,1508950277.6758668,1508950277.8359964,2752
query,1508950277.8360002,1508950278.8083332,12320
query,1508950278.8083372,1508950278.8713706,608
query,1508950278.8713744,1508950279.063449,3324
query,1508950279.0634537,1508950279.439198,6276
query,1508950279.4392016,1508950279.4991992,2126
query,1508950279.4992032,1508950280.3149889,14568
query,1508950280.314993,1508950280.3665392,110
query,1508950280.366543,1508950281.2756343,16873
query,1508950281.2756379,1508950281.7584474,11163
query,1508950281.758453,1508950282.4670324,11073
query,1508950282.4670362,1508950282.5267425,1053
query,1508950282.5267465,1508950282.593695,1112
query,1508950282.5936983,1508950283.261798,9615
query,1508950283.2618022,1508950283.3218706,403
query,1508950283.3218741,1508950283.4529307,2527
query,1508950283.452934,1508950283.8197634,4542
query,1508950283.8197684,1508950283.9269867,2709
query,1508950283.9269905,1508950284.3409963,3638
query,1508950284.3410342,1508950284.519843,2659
query,1508950284.5325031,1508950285.102084,10805
query,1508950285.1020877,1508950285.3053086,2367
query,1508950285.3053126,1508950285.8835855,3407
query,1508950285.8835893,1508950287.0991087,20683
query,1508950287.0991135,1508950289.1589985,23187
query,1508950289.159003,1508950289.493333,6360
query,1508950289.4933379,1508950289.5515714,215
query,1508950289.5515754,1508950290.4357183,8851
query,1508950290.4357228,1508950290.6372075,1069
query,1508950290.6372113,1508950290.7928772,2031
query,1508950290.7928817,1508950290.8128836,0
query,1508950290.8128872,1508950291.160348,8350
query,1508950291.1603518,1508950291.2063293,195
query,1508950291.206333,1508950291.24387,16
query,1508950291.2438736,1508950291.3323734,458
query,1508950291.3323781,1508950291.5169406,4347
query,1508950291.5169454,1508950291.8374665,6438
query,1508950291.8374703,1508950292.7454047,13287
query,1508950292.745409,1508950293.783181,17120
query,1508950293.7832234,1508950294.148376,6451
query,1508950294.1611135,1508950294.593696,9924
query,1508950294.5937,1508950294.8995352,4018
query,1508950294.8995392,1508950295.1245944,2931
query,1508950295.1245987,1508950295.1838934,509
query,1508950295.1838973,1508950295.24487,238
query,1508950295.2448745,1508950295.5867298,8663
query,1508950295.5867343,1508950297.3749595,19732
query,1508950297.3749635,1508950297.5099938,2473
query,1508950297.5099978,1508950297.7165241,3729
query,1508950297.7165282,1508950298.5893476,16135
query,1508950298.5893521,1508950298.831157,3155
query,1508950298.8311608,1508950299.1284752,7231
query,1508950299.1284792,1508950299.8615217,6786
query,1508950299.8615258,1508950300.400555,8415
query,1508950300.4005592,1508950301.2125897,19216
query,1508950301.2125936,1508950301.3067937,699
query,1508950301.306798,1508950301.3895547,18
query,1508950301.3895586,1508950301.8600104,11177
query,1508950301.8600142,1508950302.4260044,5905
query,1508950302.4260635,1508950302.6826167,2662
query,1508950302.6946084,1508950302.97079,4289
query,1508950302.9707947,1508950303.3666022,10350
query,1508950303.3666065,1508950304.1155114,16044
query,1508950304.1155152,1508950304.8337975,11023
query,1508950304.8338015,1508950305.1273413,6003
query,1508950305.1273463,1508950305.367908,5870
query,1508950305.3679123,1508950305.42473,11
query,1508950305.4247346,1508950305.4781153,64
query,1508950305.4781206,1508950306.344567,17254
query,1508950306.3445716,1508950306.4794936,949
query,1508950306.479498,1508950306.6270564,2679
query,1508950306.6270602,1508950306.700444,3
query,1508950306.700448,1508950307.0990381,9280
query,1508950307.0990424,1508950307.1374927,3
query,1508950307.1374967,1508950307.613761,7464
query,1508950307.613765,1508950308.1433876,6756
query,1508950308.1433918,1508950308.2776322,2526
query,1508950308.2776365,1508950308.627891,6506
query,1508950308.6278949,1508950310.055595,20884
query,1508950310.055642,1508950310.2508593,2922
query,1508950310.2628913,1508950310.305015,105
query,1508950310.3050191,1508950310.8748794,5653
query,1508950310.8748832,1508950311.4622312,7063
query,1508950311.4622362,1508950311.8625305,5425
query,1508950311.8625343,1508950312.4719079,5548
query,1508950312.4719124,1508950313.598786,19530
query,1508950313.5987906,1508950313.8618133,9386
query,1508950313.8618174,1508950313.8846836,0
query,1508950313.884689,1508950314.2786143,5082
query,1508950314.278618,1508950314.3958635,395
query,1508950314.3958673,1508950315.0200763,7792
query,1508950315.0200803,1508950315.791672,11021
query,1508950315.7916758,1508950315.9071922,1141
query,1508950315.9071965,1508950316.1105056,3137
query,1508950316.1105096,1508950316.6023638,5299
query,1508950316.602368,1508950316.734841,2793
query,1508950316.7348468,1508950317.0695713,6038
query,1508950317.0695758,1508950317.3233137,6114
query,1508950317.3233178,1508950317.447809,1186
query,1508950317.4478633,1508950317.7129772,3892
query,1508950317.7249837,1508950317.774081,114
query,1508950317.774085,1508950318.0025172,3408
query,1508950318.002521,1508950318.178451,3303
query,1508950318.1784556,1508950318.7879286,12698
query,1508950318.7879322,1508950319.956917,11826
query,1508950319.9569216,1508950320.8885303,8408
query,1508950320.8885345,1508950321.8582976,14306
query,1508950321.8583019,1508950322.0137913,3505
query,1508950322.0137956,1508950322.0322192,1
query,1508950322.0322235,1508950322.2823207,4903
query,1508950322.282326,1508950322.8879073,5815
query,1508950322.8879132,1508950323.068768,4502
query,1508950323.0687723,1508950323.4299114,3814
query,1508950323.4299161,1508950323.7998936,5664
query,1508950323.7998977,1508950323.8197312,0
query,1508950323.819736,1508950324.5417306,13051
query,1508950324.5417354,1508950325.8329844,16497
query,1508950325.8329885,1508950325.873212,208
query,1508950325.8732166,1508950325.9574153,1819
query,1508950325.9574573,1508950326.664512,10504
query,1508950326.6791658,1508950327.6710565,18132
query,1508950327.6710608,1508950327.8179765,2977
query,1508950327.8179808,1508950328.3647327,9698
query,1508950328.3647375,1508950329.3093252,13379
query,1508950329.3093312,1508950330.402581,13740
query,1508950330.4025855,1508950331.1382844,7649
query,1508950331.1382887,1508950331.1533344,0
query,1508950331.1533382,1508950331.2421854,1518
query,1508950331.24219,1508950331.7564156,11354
query,1508950331.75642,1508950331.8981802,1558
query,1508950331.898185,1508950331.9830637,22
query,1508950331.9830685,1508950332.6589937,10255
query,1508950332.6589994,1508950332.7178388,16
query,1508950332.7178426,1508950333.7484248,19684
query,1508950333.7484288,1508950334.3255458,5443
query,1508950334.3255508,1508950335.0739431,11143
query,1508950335.0739486,1508950335.1065702,8
query,1508950335.106575,1508950335.151226,0
query,1508950335.1512303,1508950335.413228,3766
query,1508950335.4133406,1508950336.8112094,19961
query,1508950336.8266375,1508950336.9023974,1061
query,1508950336.9024007,1508950336.9588616,0
query,1508950336.9588656,1508950337.2377007,5372
query,1508950337.2377048,1508950337.5306299,5124
query,1508950337.530634,1508950337.6546628,1938
query,1508950337.6546667,1508950337.7035997,0
query,1508950337.703604,1508950337.7926404,548
query,1508950337.7926447,1508950338.718895,10998
query,1508950338.7188993,1508950338.7804499,12
query,1508950338.7804542,1508950338.828023,2
query,1508950338.8280272,1508950338.9939854,5257
query,1508950338.9939892,1508950339.027416,0
query,1508950339.02742,1508950339.2023096,1772
query,1508950339.2023134,1508950339.6803484,6566
query,1508950339.6803527,1508950340.5287378,16284
query,1508950340.5287426,1508950340.823102,7943
query,1508950340.823106,1508950341.2796965,7692
query,1508950341.279701,1508950341.3364856,87
query,1508950341.3364897,1508950342.2996147,12077
query,1508950342.299667,1508950342.3464696,153
query,1508950342.358837,1508950343.8003457,20356
query,1508950343.8003497,1508950343.9129813,2376
query,1508950343.9129853,1508950344.1011975,3720
query,1508950344.101202,1508950344.2519674,2150
query,1508950344.2519717,1508950344.441376,5144
query,1508950344.44138,1508950344.5509193,1602
query,1508950344.5509233,1508950345.1718974,11333
query,1508950345.1719022,1508950345.4268348,4731
query,1508950345.4268389,1508950345.4686024,187
query,1508950345.4686062,1508950345.891739,5848
query,1508950345.891743,1508950346.2890406,6409
query,1508950346.2890449,1508950347.2076592,16211
query,1508950347.2076635,1508950347.2925065,1090
query,1508950347.2925107,1508950347.3095043,0
query,1508950347.309508,1508950347.3929026,1212
query,1508950347.3929071,1508950347.4258637,83
query,1508950347.425869,1508950347.8796136,9467
query,1508950347.879618,1508950348.742889,20265
query,1508950348.7428927,1508950349.1774967,6935
query,1508950349.17754,1508950349.3269334,1480
query,1508950349.3402653,1508950349.5050097,3244
query,1508950349.5050142,1508950349.8685029,7031
query,1508950349.8685074,1508950350.175032,5457
query,1508950350.1750357,1508950350.9326193,17058
query,1508950350.9326239,1508950351.0161624,3042
query,1508950351.0161662,1508950351.4341605,9307
query,1508950351.4341643,1508950351.952698,8373
query,1508950351.952703,1508950352.388362,4163
query,1508950352.3883657,1508950353.5255468,16670
query,1508950353.525551,1508950353.5725532,4
query,1508950353.5725577,1508950354.0584326,9928
query,1508950354.0584369,1508950354.0781863,0
query,1508950354.0781906,1508950354.1206129,7
query,1508950354.120617,1508950355.1690233,14388
query,1508950355.1690273,1508950355.2378147,594
query,1508950355.2378187,1508950355.9424,10142
query,1508950355.9424043,1508950356.955179,10035
query,1508950356.9551828,1508950357.035537,0
query,1508950357.0355418,1508950357.0982695,139
query,1508950357.098319,1508950357.7979007,12240
query,1508950357.8097284,1508950358.0113828,4538
query,1508950358.011387,1508950359.6893897,23393
query,1508950359.6893942,1508950361.2229283,23193
query,1508950361.222933,1508950361.407367,2551
query,1508950361.407371,1508950362.0832212,11502
query,1508950362.083226,1508950363.2592916,14579
query,1508950363.2592964,1508950363.5531843,5575
query,1508950363.5531886,1508950363.666944,2461
query,1508950363.6669488,1508950364.192184,10461
query,1508950364.1921883,1508950365.4403403,10381
query,1508950365.4403448,1508950366.500084,20670
query,1508950366.5000887,1508950366.5371182,1
query,1508950366.5371222,1508950366.662702,3340
query,1508950366.6627061,1508950366.9705186,6252
query,1508950366.9705226,1508950367.2087257,2756
query,1508950367.2087307,1508950367.2875216,936
query,1508950367.2875257,1508950367.6100795,4569
query,1508950367.6100833,1508950367.678678,791
query,1508950367.6786819,1508950368.927727,21086
query,1508950368.927771,1508950369.1107302,12953
query,1508950369.1228566,1508950370.7878907,23304
query,1508950370.787895,1508950370.8539667,3635
query,1508950370.8539715,1508950370.905818,98
query,1508950370.9058218,1508950372.4177568,21241
query,1508950372.4177608,1508950372.5996702,1947
query,1508950372.599674,1508950373.0045958,8258
query,1508950373.0046017,1508950373.2109585,4774
query,1508950373.2109628,1508950373.2676737,79
query,1508950373.2676778,1508950374.0095804,11223
query,1508950374.0095847,1508950374.6833973,9106
query,1508950374.683401,1508950374.937161,5747
query,1508950374.9371648,1508950375.2508264,6291
query,1508950375.2508304,1508950375.301691,122
query,1508950375.3016953,1508950375.7245905,7233
query,1508950375.7245948,1508950376.1682594,7856
query,1508950376.1682637,1508950376.368677,3153
query,1508950376.3686812,1508950376.4422836,845
query,1508950376.4422877,1508950376.465537,0
query,1508950376.465541,1508950376.4985602,120
query,1508950376.4986043,1508950377.594622,22501
query,1508950377.6073873,1508950379.242006,19732
query,1508950379.2420104,1508950379.3085532,37
query,1508950379.3085568,1508950379.3738165,36
query,1508950379.3738203,1508950379.5804133,3310
query,1508950379.5804172,1508950379.915431,5402
query,1508950379.915435,1508950380.3260045,3901
query,1508950380.3260086,1508950380.4982374,2517
query,1508950380.498242,1508950380.651227,3006
query,1508950380.651231,1508950381.3054056,9636
query,1508950381.3054097,1508950381.608155,3163
query,1508950381.6081593,1508950382.013002,4892
query,1508950382.0130055,1508950382.10032,1516
query,1508950382.1003244,1508950382.5808923,9018
query,1508950382.5808969,1508950382.6186714,65
query,1508950382.6186764,1508950382.7883468,2686
query,1508950382.7883515,1508950383.6336539,13588
query,1508950383.633658,1508950384.1826477,8279
query,1508950384.182652,1508950384.2078094,3
query,1508950384.2078133,1508950384.4667964,3450
query,1508950384.4668548,1508950384.5017984,1
query,1508950384.5065796,1508950384.623049,1569
query,1508950384.6230543,1508950384.7016327,606
query,1508950384.7016363,1508950385.0015147,2295
query,1508950385.001519,1508950385.6057413,10384
query,1508950385.6057453,1508950385.7852662,3120
query,1508950385.785326,1508950385.831594,517
query,1508950385.831598,1508950386.1262639,3085
query,1508950386.1262681,1508950386.3359087,4776
query,1508950386.3359127,1508950386.37952,0
query,1508950386.3795245,1508950386.852103,10544
query,1508950386.8521075,1508950386.9062722,662
query,1508950386.9062762,1508950387.0323188,2276
query,1508950387.0323234,1508950387.5182452,7074
query,1508950387.5182493,1508950388.0334125,7571
query,1508950388.0334167,1508950388.5684628,9913
query,1508950388.568467,1508950388.9657302,7667
query,1508950388.9657345,1508950389.0179136,89
query,1508950389.0179176,1508950389.0774472,28
query,1508950389.0774512,1508950390.4472558,22334
query,1508950390.4473078,1508950391.0354497,6408
query,1508950391.0489447,1508950391.1155124,930
query,1508950391.115517,1508950391.5081425,9675
query,1508950391.5081458,1508950391.9510784,8895
query,1508950391.951083,1508950392.0016236,39
query,1508950392.0016282,1508950393.4414613,17252
query,1508950393.4414656,1508950393.634089,2696
query,1508950393.634093,1508950393.6862776,49
query,1508950393.6862822,1508950394.2044013,7472
query,1508950394.2044053,1508950395.2381287,20567
query,1508950395.2381334,1508950395.8344474,9237
query,1508950395.8344514,1508950396.6443596,9496
query,1508950396.6443636,1508950396.904495,5515
query,1508950396.9044993,1508950396.943486,200
query,1508950396.9434903,1508950397.0321214,5235
query,1508950397.0321255,1508950397.8055758,9549
query,1508950397.80558,1508950398.3760152,10995
query,1508950398.3760195,1508950398.4172757,12
query,1508950398.417338,1508950398.6552415,3621
query,1508950398.6552458,1508950398.6992047,9
query,1508950398.6992517,1508950399.002474,6699
query,1508950399.0144997,1508950399.2162895,4127
query,1508950399.2162933,1508950400.1004272,11395
query,1508950400.100432,1508950400.6458392,11497
query,1508950400.6458435,1508950400.7557738,2518
query,1508950400.7557778,1508950402.2334456,19653
query,1508950402.2334497,1508950403.4446633,20879
query,1508950403.4446676,1508950403.7172296,4613
query,1508950403.7172334,1508950404.1442175,8270
query,1508950404.1442213,1508950404.1956174,16
query,1508950404.195622,1508950404.2810512,1735
query,1508950404.2810557,1508950404.3634665,727
query,1508950404.3634706,1508950404.6974041,6228
query,1508950404.6974087,1508950405.4743235,11459
query,1508950405.4743278,1508950405.989958,10408
query,1508950405.9899623,1508950406.044187,14
query,1508950406.0441914,1508950406.112513,7
query,1508950406.1125176,1508950407.6270485,21272
query,1508950407.6270525,1508950407.6861687,44
query,1508950407.6861727,1508950407.7458842,174
query,1508950407.745931,1508950408.1997073,8113
query,1508950408.2120738,1508950408.2683291,190
query,1508950408.268333,1508950408.3260663,132
query,1508950408.3260698,1508950408.546081,5122
query,1508950408.5460854,1508950408.7198367,1185
query,1508950408.719841,1508950409.0309074,7319
query,1508950409.0309122,1508950409.2213244,5651
query,1508950409.2213295,1508950409.887852,14412
query,1508950409.8878572,1508950410.0029044,1830
query,1508950410.0029085,1508950410.733525,18808
query,1508950410.733529,1508950411.4073796,8164
query,1508950411.4073837,1508950411.4402864,51
query,1508950411.4402907,1508950412.3140924,11536
query,1508950412.3140965,1508950412.357045,1
query,1508950412.357049,1508950413.6179783,17419
query,1508950413.6179826,1508950415.0383766,22295
query,1508950415.0383809,1508950416.3032224,20061
query,1508950416.3032272,1508950417.609212,19471
query,1508950417.6092162,1508950417.662161,5
query,1508950417.6621654,1508950418.0139446,4246
query,1508950418.0139978,1508950418.543138,9811
query,1508950418.5558386,1508950418.7444491,4168
query,1508950418.7444541,1508950418.88462,989
query,1508950418.8846247,1508950419.0669606,4060
query,1508950419.0669649,1508950419.2140393,1746
query,1508950419.2140431,1508950420.3620408,17691
query,1508950420.362045,1508950421.350794,17035
query,1508950421.3507977,1508950421.8444924,9588
query,1508950421.8445091,1508950421.9138186,1334
query,1508950421.9138238,1508950422.137368,3998
query,1508950422.1373723,1508950422.2818298,2535
query,1508950422.2818344,1508950422.4043784,2269
query,1508950422.404383,1508950422.5437584,2048
query,1508950422.543763,1508950423.4624186,12626
query,1508950423.462423,1508950423.584293,2313
query,1508950423.5842974,1508950424.019563,4626
query,1508950424.0195668,1508950424.35629,7545
query,1508950424.3562946,1508950424.490539,3133
query,1508950424.4905431,1508950424.8643484,5608
query,1508950424.8643534,1508950425.4224617,10837
query,1508950425.4225163,1508950426.489658,17491
query,1508950426.5030906,1508950426.8015869,5537
query,1508950426.8015907,1508950427.210443,5892
query,1508950427.2104473,1508950427.3978138,1750
query,1508950427.397818,1508950427.6351643,4295
query,1508950427.635168,1508950427.6817863,111
query,1508950427.68179,1508950427.731058,4
query,1508950427.731062,1508950427.9142003,4003
query,1508950427.914205,1508950429.3424568,20994
query,1508950429.342461,1508950429.5127542,1889
query,1508950429.5127583,1508950430.295905,11354
query,1508950430.2959092,1508950430.5663664,3377
query,1508950430.5663705,1508950432.0626595,22463
query,1508950432.0626636,1508950432.0932686,16
query,1508950432.0932724,1508950432.1719735,1627
query,1508950432.1719773,1508950433.3219528,20847
query,1508950433.3219569,1508950433.39697,895
query,1508950433.3969738,1508950433.7841594,5543
query,1508950433.7841635,1508950434.283411,9119
query,1508950434.2834153,1508950434.8815742,10391
query,1508950434.8816133,1508950434.9238493,6
query,1508950434.9359744,1508950435.3943255,9569
query,1508950435.39433,1508950435.5510993,3760
query,1508950435.551103,1508950435.6677146,903
query,1508950435.6677186,1508950436.132475,10127
query,1508950436.1324787,1508950436.2382362,1560
query,1508950436.2382402,1508950437.0529866,11192
query,1508950437.0529904,1508950437.6125429,18857
query,1508950437.6125467,1508950438.890579,23584
query,1508950438.8905828,1508950439.0815496,3721
query,1508950439.081554,1508950440.3874462,23403
query,1508950440.38745,1508950441.1957417,8095
query,1508950441.1957462,1508950441.2647038,404
query,1508950441.2647083,1508950441.4824662,5912
query,1508950441.4824712,1508950441.5505888,264
query,1508950441.5505934,1508950442.6449847,17230
query,1508950442.6449893,1508950444.154343,17629
query,1508950444.1543474,1508950445.3340793,22392
query,1508950445.334083,1508950445.4056716,490
query,1508950445.4056761,1508950445.946749,9747
query,1508950445.9467897,1508950446.0084217,13
query,1508950446.0222776,1508950446.700968,10851
query,1508950446.7009718,1508950446.9315777,5947
query,1508950446.9315815,1508950447.0033467,1125
query,1508950447.003351,1508950447.5897517,8799
query,1508950447.5897558,1508950447.6561854,197
query,1508950447.6561897,1508950448.0656636,6991
query,1508950448.0656686,1508950448.2501194,3506
query,1508950448.2501235,1508950449.616561,19007
query,1508950449.6165657,1508950450.5523918,13257
query,1508950450.5523956,1508950451.451747,16275
query,1508950451.451751,1508950452.0987554,13455
query,1508950452.0987601,1508950452.158501,592
query,1508950452.1585045,1508950453.0528288,15189
query,1508950453.0528328,1508950453.1747255,1924
query,1508950453.1747298,1508950453.3529165,3140
query,1508950453.3529203,1508950453.598696,4201
query,1508950453.5987003,1508950453.6545248,389
query,1508950453.654529,1508950453.6867704,5
query,1508950453.6867747,1508950453.8022397,2201
query,1508950453.802279,1508950454.024567,5604
query,1508950454.0365286,1508950454.3508844,7210
query,1508950454.3508885,1508950454.84211,10466
query,1508950454.8421144,1508950455.0618827,3130
query,1508950455.0618873,1508950455.1307113,1147
query,1508950455.1307158,1508950455.1731465,3
query,1508950455.1731508,1508950455.874258,11210
query,1508950455.8742626,1508950456.166227,6908
query,1508950456.1662323,1508950457.377923,15491
query,1508950457.377927,1508950457.4751952,1815
query,1508950457.4752,1508950457.6788723,4121
query,1508950457.6788764,1508950457.7851121,1141
query,1508950457.7851164,1508950458.6203783,14254
query,1508950458.620383,1508950459.602557,15086
query,1508950459.602562,1508950459.7063837,2260
query,1508950459.7063878,1508950460.0615408,7326
query,1508950460.0615456,1508950460.3780708,3444
query,1508950460.3780758,1508950460.9954948,11352
query,1508950460.9954987,1508950461.5473948,10681
query,1508950461.5473988,1508950461.6038966,552
query,1508950461.6039367,1508950461.6957972,2049
query,1508950461.7082267,1508950461.9065928,3759
query,1508950461.9065971,1508950462.5031655,10431
query,1508950462.5031698,1508950463.0860424,9709
query,1508950463.0860465,1508950463.3661902,4572
query,1508950463.366195,1508950464.2065785,12197
query,1508950464.2065828,1508950464.271385,1288
query,1508950464.2713892,1508950465.0609658,13543
query,1508950465.0609708,1508950465.3041313,5832
query,1508950465.3041363,1508950465.7259512,9344
query,1508950465.7259555,1508950465.9057364,1895
query,1508950465.9057426,1508950466.3358948,9521
query,1508950466.3359005,1508950466.9577162,13123
query,1508950466.9577208,1508950467.3354979,9228
query,1508950467.335502,1508950467.96701,8266
query,1508950467.967014,1508950468.9741223,15139
query,1508950468.9741266,1508950469.3571544,4867
query,1508950469.3571587,1508950470.2252626,15265
query,1508950470.2252667,1508950470.5305684,3665
query,1508950470.5305727,1508950470.5630655,149
query,1508950470.5631027,1508950470.6543589,1119
query,1508950470.6674395,1508950470.695292,3
query,1508950470.6952958,1508950471.2038932,16409
query,1508950471.2038975,1508950471.4436064,4402
query,1508950471.443611,1508950471.7507703,9638
query,1508950471.7507744,1508950471.956545,2438
query,1508950471.9565492,1508950472.0241172,1259
query,1508950472.0241218,1508950472.686213,13373
query,1508950472.6862175,1508950472.7647274,1430
query,1508950472.7647316,1508950472.7986903,15
query,1508950472.7986944,1508950473.2220545,7551
query,1508950473.2220592,1508950473.7884624,13142
query,1508950473.7884665,1508950473.8376873,5
query,1508950473.8376913,1508950474.4395666,11183
query,1508950474.4395707,1508950474.5021746,868
query,1508950474.502179,1508950474.574505,199
query,1508950474.5745087,1508950474.8412921,7150
query,1508950474.8412974,1508950474.8985963,253
query,1508950474.8986003,1508950475.3898108,9285
query,1508950475.389815,1508950475.521534,2756
query,1508950475.5215802,1508950476.1239135,10820
query,1508950476.1365626,1508950476.1751676,84
query,1508950476.175172,1508950476.9764318,19103
query,1508950476.9764361,1508950477.1265326,3289
query,1508950477.1265366,1508950477.3004766,3902
query,1508950477.3004806,1508950477.3268206,30
query,1508950477.3268242,1508950477.4191036,2383
query,1508950477.419108,1508950477.47985,739
query,1508950477.479854,1508950477.6055822,9
query,1508950477.6055858,1508950477.6553862,471
query,1508950477.65539,1508950478.31536,8261
query,1508950478.3153653,1508950478.3646696,737
query,1508950478.3646736,1508950478.9315286,8787
query,1508950478.9315326,1508950479.1201863,2514
query,1508950479.1201906,1508950479.5232723,6190
query,1508950479.5232763,1508950479.5635345,5
query,1508950479.5635383,1508950480.2860713,11772
query,1508950480.2860758,1508950481.0828643,19133
query,1508950481.0828683,1508950481.4472895,7818
query,1508950481.4472933,1508950482.3643324,3259
query,1508950482.3643737,1508950482.4984481,2891
query,1508950482.510694,1508950482.5952384,813
query,1508950482.5952423,1508950483.121116,9064
query,1508950483.1211202,1508950483.622977,9313
query,1508950483.6229808,1508950483.6558242,1
query,1508950483.655829,1508950484.815128,13838
query,1508950484.8151324,1508950484.9598982,1651
query,1508950484.959903,1508950485.0928428,1132
query,1508950485.0928485,1508950485.1892524,1871
query,1508950485.1892571,1508950485.39847,2834
query,1508950485.3984745,1508950485.4580898,601
query,1508950485.458094,1508950486.8065195,19207
query,1508950486.806524,1508950487.8447864,13674
query,1508950487.844821,1508950487.8692608,0
query,1508950487.8692648,1508950487.9310977,5
query,1508950487.9311016,1508950488.4485247,9127
query,1508950488.448529,1508950488.780406,6030
query,1508950488.7804105,1508950489.0981321,4750
query,1508950489.0981362,1508950489.1603694,87
query,1508950489.160374,1508950489.339707,1846
query,1508950489.339761,1508950489.9139316,11443
query,1508950489.9271498,1508950491.035794,20086
query,1508950491.035798,1508950491.2257378,4896
query,1508950491.225742,1508950492.553377,10857
query,1508950492.553383,1508950492.7521362,3722
query,1508950492.7521403,1508950493.6345325,11308
query,1508950493.6345365,1508950493.9062774,3164
query,1508950493.906282,1508950493.9487283,826
query,1508950493.9487324,1508950494.2166128,6706
query,1508950494.2166169,1508950494.7678857,11334
query,1508950494.7678897,1508950495.7245157,12127
query,1508950495.7245197,1508950495.8660226,1911
query,1508950495.866027,1508950496.5801032,9687
query,1508950496.5801075,1508950497.6261036,16620
query,1508950497.626108,1508950498.674627,17407
query,1508950498.6746316,1508950500.3523412,21026
query,1508950500.3523452,1508950500.890464,15283
query,1508950500.890468,1508950501.2915459,4912
query,1508950501.2915509,1508950501.3339474,141
query,1508950501.3339524,1508950502.195342,12167
query,1508950502.1953928,1508950502.5113118,4411
query,1508950502.523622,1508950503.5488977,18483
query,1508950503.548902,1508950503.604909,29
query,1508950503.6049135,1508950503.9584289,4465
query,1508950503.958433,1508950504.371731,9125
query,1508950504.371735,1508950504.7480266,5955
query,1508950504.748031,1508950505.7902968,16926
query,1508950505.7903006,1508950506.314003,10375
query,1508950506.3140068,1508950507.2150834,12134
query,1508950507.2150874,1508950507.8461103,9687
query,1508950507.8461144,1508950508.4435925,3192
query,1508950508.4435968,1508950508.4932687,285
query,1508950508.4932728,1508950508.647611,1973
query,1508950508.6476154,1508950510.0913665,21880
query,1508950510.091372,1508950510.191627,1
query,1508950510.191631,1508950511.3919797,20260
query,1508950511.391984,1508950511.8397954,9317
query,1508950511.8398006,1508950513.1347516,22473
query,1508950513.134756,1508950513.9466681,11431
query,1508950513.9466727,1508950515.1715603,20929
query,1508950515.171669,1508950516.0542834,9538
query,1508950516.0665116,1508950516.118273,57
query,1508950516.1182775,1508950516.1740565,102
query,1508950516.174061,1508950517.19493,21902
query,1508950517.194934,1508950518.044845,16383
query,1508950518.0448496,1508950518.6215258,7620
query,1508950518.6215296,1508950519.5000641,15454
query,1508950519.5000687,1508950519.588296,1225
query,1508950519.5883,1508950519.7758152,1592
query,1508950519.7758195,1508950519.830155,264
query,1508950519.830159,1508950520.576862,10941
query,1508950520.576866,1508950520.6348946,5
query,1508950520.634899,1508950520.7542503,1144
query,1508950520.7542546,1508950521.5510883,11264
query,1508950521.5510924,1508950522.3977284,17399
query,1508950522.3977325,1508950523.4347377,10381
query,1508950523.434742,1508950523.5083678,1441
query,1508950523.5083718,1508950524.5270188,14661
query,1508950524.5270233,1508950525.253521,9336
query,1508950525.2535257,1508950525.5937018,5766
query,1508950525.5937805,1508950527.4029293,22329
query,1508950527.415619,1508950527.529473,611
query,1508950527.5294776,1508950528.2865906,15291
query,1508950528.2865946,1508950528.4072075,1291
query,1508950528.407212,1508950528.828886,4562
query,1508950528.8288906,1508950529.43085,9275
query,1508950529.430854,1508950530.0824668,7819
query,1508950530.082471,1508950530.1345584,248
query,1508950530.1345623,1508950531.6802974,19031
query,1508950531.6803014,1508950532.3138866,15374
query,1508950532.3138907,1508950532.35273,125
query,1508950532.3527339,1508950533.3882885,8388
query,1508950533.3882926,1508950534.0458333,7482
query,1508950534.0458384,1508950534.3320844,6089
query,1508950534.3320887,1508950534.368684,17
query,1508950534.3686879,1508950534.5046096,2181
query,1508950534.504614,1508950534.7161715,4219
query,1508950534.7161753,1508950535.0186753,2396
query,1508950535.0186794,1508950535.3663285,4945
query,1508950535.3663325,1508950536.3155305,19701
query,1508950536.3155715,1508950536.8971226,10760
query,1508950536.9117897,1508950537.493559,11282
query,1508950537.493563,1508950538.0641303,10735
query,1508950538.0641344,1508950538.597065,8882
query,1508950538.5970688,1508950538.7851803,4865
query,1508950538.7851849,1508950538.8960376,1531
query,1508950538.8960416,1508950538.9436998,238
query,1508950538.943704,1508950539.8887265,20662
query,1508950539.8887315,1508950540.4704103,8205
query,1508950540.4704142,1508950541.4720426,15802
query,1508950541.4720466,1508950542.9856844,20192
query,1508950542.9856887,1508950543.2578256,5374
query,1508950543.25783,1508950544.7614374,18496
query,1508950544.761442,1508950544.798932,38
query,1508950544.798936,1508950545.1316772,5202
query,1508950545.131682,1508950545.387911,6383
query,1508950545.3879151,1508950546.484873,21138
query,1508950546.484877,1508950547.094895,11035
query,1508950547.0948987,1508950547.1501265,230
query,1508950547.1501303,1508950547.6633472,8606
query,1508950547.663394,1508950547.7727542,610
query,1508950547.7872195,1508950548.300688,10211
query,1508950548.300692,1508950549.0735903,15104
query,1508950549.0735946,1508950549.6239994,9531
query,1508950549.6240032,1508950549.696415,940
query,1508950549.696419,1508950549.998447,4183
query,1508950549.9984515,1508950551.1996531,17456
query,1508950551.199658,1508950551.834578,6253
query,1508950551.8345826,1508950553.7185438,17750
query,1508950553.7185478,1508950553.7897713,10
query,1508950553.7897751,1508950554.3092747,7630
query,1508950554.3092792,1508950554.9671528,8287
query,1508950554.9671566,1508950555.0356977,408
query,1508950555.0357018,1508950555.9808896,18293
query,1508950555.980894,1508950556.0505004,12
query,1508950556.0505044,1508950556.1347785,2376
query,1508950556.1347835,1508950556.8106427,9402
query,1508950556.8106468,1508950556.8624496,335
query,1508950556.8624535,1508950557.4949744,7976
query,1508950557.4949787,1508950558.41125,15602
query,1508950558.4112887,1508950558.785623,7896
query,1508950558.798787,1508950558.8466706,325
query,1508950558.846676,1508950558.9661422,3031
query,1508950558.9661467,1508950559.1531672,5139
query,1508950559.1531718,1508950559.2066436,74
query,1508950559.2066479,1508950559.2415385,189
query,1508950559.2415438,1508950559.5984612,7767
query,1508950559.598466,1508950560.3221307,13491
query,1508950560.3221354,1508950560.358616,1
query,1508950560.3586202,1508950560.4287004,373
query,1508950560.4287055,1508950560.488727,478
query,1508950560.4887311,1508950561.5083117,13181
query,1508950561.5083158,1508950563.4124944,21017
query,1508950563.4124987,1508950564.4625978,19826
query,1508950564.462602,1508950564.5470767,161
query,1508950564.547081,1508950566.5759006,23771
query,1508950566.5759053,1508950566.919367,6499
query,1508950566.919371,1508950567.1471415,5070
query,1508950567.147146,1508950567.3861668,3150
query,1508950567.3861713,1508950568.2123084,18812
query,1508950568.212348,1508950568.507355,3477
query,1508950568.5208774,1508950569.0380642,8318
query,1508950569.0380683,1508950569.9556935,14338
query,1508950569.9556978,1508950569.9938858,1
query,1508950569.99389,1508950571.345745,15586
query,1508950571.3457494,1508950571.4049444,290
query,1508950571.4049485,1508950572.1449966,9948
query,1508950572.145001,1508950572.7095418,11773
query,1508950572.7095463,1508950573.2688897,7246
query,1508950573.268894,1508950573.8345625,9545
query,1508950573.8345675,1508950573.8948221,57
query,1508950573.894827,1508950574.199713,8955
query,1508950574.1997173,1508950574.826488,15367
query,1508950574.826493,1508950574.8778968,14
query,1508950574.8779008,1508950575.4316576,10427
query,1508950575.431662,1508950575.7991471,6581
query,1508950575.7991514,1508950575.8706405,629
query,1508950575.8706448,1508950575.9394815,64
query,1508950575.9394855,1508950576.5466669,9874
query,1508950576.546671,1508950576.58738,0
query,1508950576.5874276,1508950577.3014898,9801
query,1508950577.3139694,1508950577.8547478,7171
query,1508950577.8547525,1508950578.0279744,2281
query,1508950578.0279796,1508950579.269077,11185
query,1508950579.2690818,1508950579.3033152,57
query,1508950579.3033197,1508950579.8866825,13516
query,1508950579.886688,1508950580.3572505,8540
query,1508950580.3572543,1508950580.5615585,4130
query,1508950580.5615628,1508950580.890655,6344
query,1508950580.8906596,1508950581.1299024,4216
query,1508950581.129907,1508950582.0157392,3259
query,1508950582.0157433,1508950583.1525104,13649
query,1508950583.1525145,1508950583.4500895,5089
query,1508950583.4500947,1508950583.9567156,7633
query,1508950583.9567196,1508950584.3060925,7403
query,1508950584.3060968,1508950584.7055504,10273
query,1508950584.7055545,1508950585.5462792,10879
query,1508950585.5462837,1508950585.6119437,866
query,1508950585.611949,1508950585.786278,1906
query,1508950585.786282,1508950585.9003801,2406
query,1508950585.900466,1508950585.940852,0
query,1508950585.942634,1508950586.018749,199
query,1508950586.0187533,1508950587.013748,3259
query,1508950587.013752,1508950587.3325126,4324
query,1508950587.3325167,1508950588.4555767,9194
query,1508950588.4555802,1508950588.9193528,9787
query,1508950588.9193568,1508950589.5050495,7656
query,1508950589.505054,1508950589.625852,2270
query,1508950589.6258564,1508950589.7016182,140
query,1508950589.7016237,1508950589.7347708,155
query,1508950589.734775,1508950590.9679093,19181
query,1508950590.9679136,1508950591.4127538,10473
query,1508950591.412758,1508950592.7331939,16399
query,1508950592.733199,1508950593.5608659,13627
query,1508950593.5608702,1508950594.1189635,7459
query,1508950594.118968,1508950594.4025757,2865
query,1508950594.4025805,1508950595.728132,18452
query,1508950595.7281363,1508950596.027793,3639
query,1508950596.0277972,1508950596.100694,2364
query,1508950596.100698,1508950597.923934,19653
query,1508950597.9239879,1508950599.143228,19742
query,1508950599.15531,1508950599.6594243,9657
query,1508950599.6594286,1508950599.951367,4370
query,1508950599.951371,1508950600.2808874,4262
query,1508950600.2808914,1508950600.9959104,13954
query,1508950600.9959147,1508950602.1240625,17352
query,1508950602.124067,1508950602.2566128,991
query,1508950602.256617,1508950602.2919827,25
query,1508950602.2919874,1508950603.0189345,15260
query,1508950603.0189383,1508950603.730266,12760
query,1508950603.7302704,1508950603.9704783,3096
query,1508950603.9704828,1508950604.0130713,0
query,1508950604.0130756,1508950604.0660322,34
query,1508950604.066036,1508950604.5672219,10197
query,1508950604.5672262,1508950605.1167064,9743
query,1508950605.1167102,1508950605.2978156,2212
query,1508950605.2978206,1508950605.3444092,2
query,1508950605.3444138,1508950606.936112,19653
query,1508950606.9361162,1508950607.179564,4300
query,1508950607.179568,1508950607.900938,3363
query,1508950607.9009771,1508950608.248742,8344
query,1508950608.2612627,1508950609.2268708,16274
query,1508950609.226875,1508950609.2780106,157
query,1508950609.2780154,1508950609.3552086,517
query,1508950609.3552125,1508950609.5672126,4212
query,1508950609.567217,1508950609.7178056,836
query,1508950609.7178094,1508950610.2040172,9635
query,1508950610.204021,1508950611.0042665,11556
query,1508950611.0042715,1508950611.2230632,2269
query,1508950611.2230673,1508950611.3177786,1057
query,1508950611.3177826,1508950611.439578,723
query,1508950611.4395826,1508950611.5055978,43
query,1508950611.5056021,1508950612.004874,9851
query,1508950612.0048783,1508950612.0410569,189
query,1508950612.0410612,1508950612.1073205,659
query,1508950612.107325,1508950612.1589823,142
query,1508950612.1589866,1508950612.376488,4319
query,1508950612.376492,1508950612.7201383,7551
query,1508950612.720143,1508950612.9212115,4450
query,1508950612.9212162,1508950613.6396096,9831
query,1508950613.6396532,1508950614.113442,7033
query,1508950614.1256745,1508950614.5005734,8548
query,1508950614.5005772,1508950614.5366569,106
query,1508950614.5366604,1508950614.7671657,4283
query,1508950614.7671707,1508950614.8120527,178
query,1508950614.8120563,1508950614.9698627,2620
query,1508950614.9698672,1508950615.0190456,81
query,1508950615.0190516,1508950615.0782232,32
query,1508950615.0782273,1508950615.1484656,24
query,1508950615.1484697,1508950615.424894,6046
query,1508950615.4248981,1508950616.0595825,15786
query,1508950616.0595868,1508950616.116989,1012
query,1508950616.1169925,1508950616.1991513,1514
query,1508950616.199155,1508950616.2565696,1308
query,1508950616.2565737,1508950616.4752102,6002
query,1508950616.4752145,1508950616.5461447,767
query,1508950616.5461488,1508950616.9666085,10760
query,1508950616.9666126,1508950618.019627,20241
query,1508950618.0196316,1508950618.4725559,7695
query,1508950618.4725955,1508950619.1610618,11453
query,1508950619.1611,1508950619.8085878,11855
query,1508950619.82069,1508950620.70684,9793
query,1508950620.706845,1508950620.8629508,1009
query,1508950620.862956,1508950620.9211674,608
query,1508950620.9211733,1508950621.010088,903
query,1508950621.010092,1508950621.0793576,666
query,1508950621.0793617,1508950621.8703413,11196
query,1508950621.8703454,1508950622.5685446,10412
query,1508950622.5685484,1508950622.6418512,1281
query,1508950622.6418552,1508950622.690192,24
query,1508950622.690196,1508950622.7758133,1571
query,1508950622.7758179,1508950622.830131,5
query,1508950622.830135,1508950623.8871524,20454
query,1508950623.8871562,1508950623.911699,79
query,1508950623.911703,1508950624.0385094,2432
query,1508950624.0385137,1508950624.848295,19577
query,1508950624.8482993,1508950625.3555677,9278
query,1508950625.3555722,1508950625.5857685,3269
query,1508950625.585773,1508950625.963146,6327
query,1508950625.963152,1508950626.2201128,5629
query,1508950626.2201514,1508950627.0865083,10409
query,1508950627.0987108,1508950627.179082,1161
query,1508950627.179086,1508950627.4904687,4346
query,1508950627.4904733,1508950627.7781262,6646
query,1508950627.7781308,1508950628.2775824,13412
query,1508950628.277587,1508950628.9118993,10178
query,1508950628.9119031,1508950630.063266,18057
query,1508950630.0632703,1508950630.3187833,4297
query,1508950630.3187873,1508950630.3280904,1
query,1508950630.3280942,1508950631.272767,20917
query,1508950631.2727726,1508950631.2884617,0
query,1508950631.2884657,1508950631.3066213,1
query,1508950631.3066256,1508950631.3295138,3
query,1508950631.3295178,1508950631.3552978,0
query,1508950631.3553026,1508950631.9551525,13481
query,1508950631.9551566,1508950631.9734514,0
query,1508950631.9734569,1508950632.6425827,12629
query,1508950632.642587,1508950632.6685908,5
query,1508950632.668595,1508950633.632159,19241
query,1508950633.632163,1508950633.8080075,3368
query,1508950633.80805,1508950633.842296,99
query,1508950633.8551672,1508950634.6715298,13848
query,1508950634.6715343,1508950634.9260385,4800
query,1508950634.9260426,1508950634.9755778,333
query,1508950634.975583,1508950635.2952123,4750
query,1508950635.2952166,1508950635.7765145,10566
query,1508950635.7765198,1508950636.2065558,11035
query,1508950636.20656,1508950636.2872918,504
query,1508950636.2872963,1508950636.6283193,6997
query,1508950636.6283233,1508950636.814924,1985
query,1508950636.8149278,1508950637.0496008,4914
query,1508950637.049605,1508950637.2752137,4124
query,1508950637.275218,1508950637.9754748,11418
query,1508950637.9754796,1508950638.2560759,4635
query,1508950638.2560797,1508950638.5016775,5882
query,1508950638.5016816,1508950638.7845962,4327
query,1508950638.7846005,1508950639.4439003,9946
query,1508950639.443905,1508950639.5608666,1126
query,1508950639.5608704,1508950640.3742208,12045
query,1508950640.3742251,1508950640.4306605,15
query,1508950640.4307132,1508950640.4928436,222
query,1508950640.504963,1508950640.5464349,5
query,1508950640.546439,1508950640.7786043,4460
query,1508950640.7786088,1508950640.8800297,1520
query,1508950640.8800347,1508950641.015123,1087
query,1508950641.015128,1508950641.1792073,3259
query,1508950641.1792114,1508950641.5947423,9637
query,1508950641.5947466,1508950642.7850184,18419
query,1508950642.7850225,1508950642.9144375,1934
query,1508950642.9144416,1508950643.5199075,8857
query,1508950643.5199115,1508950644.5151472,17389
query,1508950644.5151513,1508950645.1770384,14131
query,1508950645.1770425,1508950646.1859913,9700
query,1508950646.1859956,1508950646.638401,11032
query,1508950646.6384058,1508950646.7959087,3062
query,1508950646.7959125,1508950647.214154,9727
query,1508950647.2141583,1508950647.4227636,4547
query,1508950647.4227679,1508950647.562692,1471
query,1508950647.562696,1508950647.6716132,2177
query,1508950647.6716173,1508950647.7550454,1278
query,1508950647.7550936,1508950647.8545408,2764
query,1508950647.8670497,1508950648.46829,9690
query,1508950648.4682944,1508950648.5986125,1822
query,1508950648.5986166,1508950649.4101117,18880
query,1508950649.4101162,1508950650.1402252,10137
query,1508950650.1402292,1508950651.3238885,15273
query,1508950651.3238924,1508950652.0555248,10473
query,1508950652.055529,1508950652.0678735,0
query,1508950652.0678782,1508950652.4894667,8465
query,1508950652.4894707,1508950652.515349,4
query,1508950652.5153527,1508950653.1615937,12230
query,1508950653.161598,1508950653.2826126,2145
query,1508950653.2826176,1508950653.3522015,538
query,1508950653.3522055,1508950654.7848878,21200
query,1508950654.7848933,1508950654.8108437,0
query,1508950654.8108485,1508950655.4451418,12409
query,1508950655.445146,1508950656.5023108,11839
query,1508950656.5023148,1508950657.4063592,15383
query,1508950657.406363,1508950657.9498641,10682
query,1508950657.949868,1508950658.1126044,2860
query,1508950658.112646,1508950658.2838418,3103
query,1508950658.2960997,1508950658.3310003,4
query,1508950658.331005,1508950658.3765886,4
query,1508950658.3765924,1508950658.4095583,1
query,1508950658.4095623,1508950658.4706166,811
query,1508950658.4706202,1508950659.0612676,15142
query,1508950659.061272,1508950659.3950815,4158
query,1508950659.3950858,1508950659.6737344,5607
query,1508950659.6737387,1508950660.291458,8099
query,1508950660.2914622,1508950661.5842676,17824
query,1508950661.584273,1508950661.6558797,34
query,1508950661.6558838,1508950662.0072446,4222
query,1508950662.0072489,1508950662.2758036,5638
query,1508950662.2758076,1508950662.588279,3787
query,1508950662.588283,1508950663.1311195,8048
query,1508950663.1311243,1508950663.3239172,4600
query,1508950663.3239217,1508950664.0905163,10924
query,1508950664.0905209,1508950664.800634,11962
query,1508950664.800638,1508950665.095814,5856
query,1508950665.0958178,1508950665.867601,18895
query,1508950665.8676388,1508950666.5867941,15399
query,1508950666.5989454,1508950666.715124,1490
query,1508950666.715128,1508950667.2727225,13448
query,1508950667.272727,1508950668.0004048,8172
query,1508950668.0004091,1508950670.2065125,21461
query,1508950670.2065165,1508950670.6920142,9654
query,1508950670.6920178,1508950671.3026266,9692
query,1508950671.3026304,1508950671.328575,0
query,1508950671.3285792,1508950671.550491,4197
query,1508950671.5504954,1508950671.628985,922
query,1508950671.6289887,1508950671.904735,9104
query,1508950671.904739,1508950671.94469,59
query,1508950671.9446938,1508950672.9892588,15342
query,1508950672.989263,1508950673.13363,1496
query,1508950673.133634,1508950674.7087433,19712
query,1508950674.7087476,1508950675.5733042,12779
query,1508950675.5733092,1508950676.3020356,8611
query,1508950676.3020396,1508950676.3830795,1244
query,1508950676.3830838,1508950676.6142106,2148
query,1508950676.6142147,1508950676.9914815,6131
query,1508950676.991518,1508950677.074689,2578
query,1508950677.0874538,1508950677.1371608,563
query,1508950677.137164,1508950678.0548077,9595
query,1508950678.0548117,1508950678.1148975,57
query,1508950678.114902,1508950678.159836,0
query,1508950678.1598408,1508950678.9485993,11408
query,1508950678.9486034,1508950680.2958517,18021
query,1508950680.295856,1508950680.4800527,4126
query,1508950680.480057,1508950680.7183778,3330
query,1508950680.7183821,1508950680.9012609,2074
query,1508950680.9012656,1508950681.13431,3847
query,1508950681.1343148,1508950681.7111812,7371
query,1508950681.7111852,1508950682.4171276,13389
query,1508950682.4171321,1508950682.7053611,6096
query,1508950682.7053654,1508950682.8789556,2432
query,1508950682.8789597,1508950683.0643659,2430
query,1508950683.06437,1508950684.1665657,16596
query,1508950684.1665695,1508950684.6978192,8441
query,1508950684.6978238,1508950684.7713826,3
query,1508950684.7713864,1508950684.950349,5437
query,1508950684.950389,1508950685.2245555,4918
query,1508950685.237437,1508950685.9300983,12296
query,1508950685.9301028,1508950686.1775973,4803
query,1508950686.1776018,1508950686.2279258,9
query,1508950686.2279298,1508950687.4584515,20948
query,1508950687.4584556,1508950688.1479366,8927
query,1508950688.1479409,1508950688.9947166,10383
query,1508950688.9947205,1508950689.590502,9568
query,1508950689.5905063,1508950689.9152877,5789
query,1508950689.9152915,1508950690.1579733,2469
query,1508950690.1579773,1508950690.218341,320
query,1508950690.2183452,1508950690.263686,0
query,1508950690.2636902,1508950691.562546,13884
query,1508950691.562551,1508950692.0211496,5087
query,1508950692.0211542,1508950693.7321084,20586
query,1508950693.7321124,1508950693.932047,2620
query,1508950693.9320512,1508950694.027334,1089
query,1508950694.0273378,1508950694.513229,8609
query,1508950694.5132327,1508950695.2008317,10714
query,1508950695.2008357,1508950696.0838773,12640
query,1508950696.0839336,1508950696.8478353,10871
query,1508950696.8604975,1508950697.0423794,3070
query,1508950697.0423834,1508950697.7451987,8356
query,1508950697.7452025,1508950697.8719568,1263
query,1508950697.8719606,1508950697.9285498,304
query,1508950697.9285536,1508950698.0605724,2038
query,1508950698.060577,1508950698.2201335,3720
query,1508950698.2201378,1508950698.7364864,15020
query,1508950698.7364907,1508950699.5858822,10082
query,1508950699.5858867,1508950699.950762,6795
query,1508950699.9507668,1508950699.9879937,0
query,1508950699.987998,1508950700.3503737,6781
query,1508950700.350378,1508950700.4347644,1431
query,1508950700.434769,1508950700.5344057,1461
query,1508950700.5344095,1508950701.266931,11278
query,1508950701.266936,1508950701.4506257,3867
query,1508950701.4506304,1508950702.682064,15147
query,1508950702.682068,1508950704.213784,15549
query,1508950704.2137878,1508950705.0983114,14725
query,1508950705.0983157,1508950705.1643655,670
query,1508950705.1644218,1508950705.5514927,9186
query,1508950705.5646312,1508950706.2006714,5889
query,1508950706.2006762,1508950706.312103,658
query,1508950706.3121076,1508950707.5719316,20015
query,1508950707.5719357,1508950707.7969239,2986
query,1508950707.796928,1508950708.182388,8920
query,1508950708.1823928,1508950708.219793,1
query,1508950708.219797,1508950708.947839,13633
query,1508950708.9478433,1508950709.046652,1194
query,1508950709.0466566,1508950709.4859629,6255
query,1508950709.4859672,1508950709.8233569,5376
query,1508950709.8233616,1508950710.9444208,17939
query,1508950710.9444253,1508950711.3583505,9295
query,1508950711.3583546,1508950711.3892517,2
query,1508950711.3892553,1508950711.7219813,6441
query,1508950711.7219856,1508950711.8272865,1612
query,1508950711.8272903,1508950711.895934,1726
query,1508950711.8959382,1508950712.9967277,13865
query,1508950712.9967318,1508950713.7571383,11299
query,1508950713.7571428,1508950714.469586,11552
query,1508950714.4696317,1508950714.6331582,3060
query,1508950714.645272,1508950714.7588012,1036
query,1508950714.7588053,1508950715.3457987,12058
query,1508950715.3458028,1508950716.109234,12312
query,1508950716.1092389,1508950716.1862977,999
query,1508950716.186303,1508950716.6292493,10824
query,1508950716.6292536,1508950717.3717003,11713
query,1508950717.371704,1508950717.4158187,0
query,1508950717.4158225,1508950717.9162595,7531
query,1508950717.9162636,1508950719.0377522,12995
query,1508950719.0377567,1508950719.7786915,15182
query,1508950719.778696,1508950719.8379064,472
query,1508950719.837911,1508950720.1838918,7443
query,1508950720.183896,1508950720.5000618,5692
query,1508950720.500066,1508950720.6738238,4477
query,1508950720.6738284,1508950720.701498,2
query,1508950720.7015023,1508950720.7479746,0
query,1508950720.7479792,1508950720.8434598,1116
query,1508950720.8434637,1508950721.482757,8230
query,1508950721.4827614,1508950722.1667612,11680
query,1508950722.1668031,1508950722.2148995,44
query,1508950722.227402,1508950723.3116317,16897
query,1508950723.3116357,1508950724.2113109,8529
query,1508950724.2113152,1508950724.9903278,9876
query,1508950724.9903316,1508950725.062577,1735
query,1508950725.0625808,1508950725.3446553,3633
query,1508950725.3446598,1508950725.8234322,5991
query,1508950725.8234363,1508950725.9223728,191
query,1508950725.9223769,1508950727.4084363,19337
query,1508950727.4084404,1508950728.052478,8954
query,1508950728.0524821,1508950728.3343158,5854
query,1508950728.3343196,1508950728.529278,1877
query,1508950728.5292828,1508950728.5902648,171
query,1508950728.590269,1508950729.3926377,11561
query,1508950729.3926418,1508950729.4168086,3
query,1508950729.4168131,1508950729.4545965,336
query,1508950729.4546003,1508950729.4870276,8
query,1508950729.4870312,1508950730.3878362,11513
query,1508950730.3878407,1508950730.5308864,2389
query,1508950730.5308907,1508950730.666409,2380
query,1508950730.6664526,1508950730.9313066,5690
query,1508950730.9435637,1508950731.1170518,2994
query,1508950731.1170561,1508950732.81605,18699
query,1508950732.8160543,1508950732.8297184,0
query,1508950732.8297224,1508950732.877315,11
query,1508950732.877319,1508950732.9157615,11
query,1508950732.915766,1508950733.7006178,11343
query,1508950733.7006233,1508950733.78736,1510
query,1508950733.787365,1508950734.7540789,13848
query,1508950734.754083,1508950735.0601583,7835
query,1508950735.060162,1508950735.0913153,50
query,1508950735.0913198,1508950735.6306133,13754
query,1508950735.6306176,1508950736.4442453,3259
query,1508950736.4442492,1508950737.3505647,19592
query,1508950737.3505685,1508950737.543825,3202
query,1508950737.5438292,1508950737.7973387,3201
query,1508950737.7973428,1508950738.408903,10049
query,1508950738.4089072,1508950739.386142,13847
query,1508950739.3861465,1508950739.5173588,2368
query,1508950739.5173628,1508950739.869853,6911
query,1508950739.8699307,1508950740.5981426,13846
query,1508950740.610169,1508950741.5063715,19361
query,1508950741.5063767,1508950741.644387,1956
query,1508950741.644391,1508950741.708898,198
query,1508950741.7089024,1508950741.7661948,629
query,1508950741.7661986,1508950742.180192,6611
query,1508950742.1801958,1508950742.2129588,1
query,1508950742.2129624,1508950742.2907119,1417
query,1508950742.2907162,1508950742.603348,4078
query,1508950742.603352,1508950743.0286205,11323
query,1508950743.0286248,1508950743.3070135,5903
query,1508950743.3070178,1508950743.4639385,2794
query,1508950743.4639425,1508950744.7366629,21453
query,1508950744.736667,1508950746.0382671,17432
query,1508950746.0382712,1508950746.4384122,6415
query,1508950746.4384165,1508950746.5292563,1039
query,1508950746.5292604,1508950746.6844456,1324
query,1508950746.684451,1508950746.8946636,3860
query,1508950746.894668,1508950746.9510915,1
query,1508950746.9510958,1508950747.0454938,306
query,1508950747.0455375,1508950747.487825,4321
query,1508950747.5002131,1508950747.5662277,673
query,1508950747.566232,1508950747.6546426,231
query,1508950747.6546466,1508950747.7975729,3071
query,1508950747.7975771,1508950748.1281254,5036
query,1508950748.1281295,1508950748.1739235,145
query,1508950748.1739278,1508950748.290141,1885
query,1508950748.2901459,1508950748.3357408,0
query,1508950748.3357449,1508950749.0942636,9935
query,1508950749.0942678,1508950750.272523,19310
query,1508950750.2725267,1508950750.3184524,562
query,1508950750.3184564,1508950750.3788207,207
query,1508950750.3788264,1508950750.5621796,1925
query,1508950750.5621839,1508950751.0586193,6806
query,1508950751.0586233,1508950751.1180582,128
query,1508950751.1180623,1508950751.9474425,19425
query,1508950751.9474466,1508950751.9981344,116
query,1508950751.9981384,1508950752.0440784,1
query,1508950752.044082,1508950752.355323,5539
query,1508950752.3553271,1508950752.406095,45
query,1508950752.4061346,1508950752.7787993,5518
query,1508950752.7909322,1508950752.9524117,2886
query,1508950752.952416,1508950753.846848,13044
query,1508950753.8468523,1508950754.592963,13152
query,1508950754.592968,1508950754.7213829,2940
query,1508950754.7213867,1508950755.2295327,11280
query,1508950755.2295375,1508950755.3980215,2422
query,1508950755.398026,1508950756.4072344,19236
query,1508950756.4072387,1508950756.8882656,9227
query,1508950756.8882701,1508950757.6290863,13632
query,1508950757.62909,1508950758.4912696,14488
query,1508950758.4912739,1508950759.418773,19012
query,1508950759.418777,1508950760.1170177,11427
query,1508950760.1170218,1508950760.9357555,10587
query,1508950760.93576,1508950761.6608336,15029
query,1508950761.6608386,1508950762.5744984,12223
query,1508950762.5745027,1508950763.3282416,11037
query,1508950763.3282459,1508950763.87364,11093
query,1508950763.8736444,1508950764.3940897,9954
query,1508950764.3940938,1508950764.4544194,224
query,1508950764.454457,1508950764.5581796,1391
query,1508950764.5700788,1508950764.9232895,6670
query,1508950764.923294,1508950765.0352356,989
query,1508950765.0352395,1508950765.6100683,15301
query,1508950765.6100726,1508950766.117138,10058
query,1508950766.1171422,1508950766.1914885,1173
query,1508950766.1914926,1508950766.694215,8256
query,1508950766.6942198,1508950766.928472,4223
query,1508950766.9284759,1508950767.4547095,11804
query,1508950767.4547148,1508950768.0756984,7829
query,1508950768.0757024,1508950768.1263833,440
query,1508950768.1263874,1508950769.2445996,15353
query,1508950769.2446043,1508950769.3850846,1367
query,1508950769.3850887,1508950769.4458961,69
query,1508950769.4459,1508950770.0824194,8769
query,1508950770.0824232,1508950770.5157943,7922
query,1508950770.515798,1508950771.465946,16275
query,1508950771.4659507,1508950772.1192923,9699
query,1508950772.119297,1508950772.417814,3298
query,1508950772.4178183,1508950772.4704137,25
query,1508950772.4704616,1508950772.5229077,0
query,1508950772.5242445,1508950772.5462248,0
query,1508950772.5462286,1508950772.9345307,9220
query,1508950772.9345355,1508950772.9677072,0
query,1508950772.9677117,1508950773.068229,2561
query,1508950773.068233,1508950773.0887055,0
query,1508950773.0887094,1508950773.5534825,8835
query,1508950773.5534873,1508950773.61269,8
query,1508950773.6126938,1508950774.676758,11535
query,1508950774.6767623,1508950775.4020073,15090
query,1508950775.4020112,1508950775.580529,2746
query,1508950775.580533,1508950775.907777,3047
query,1508950775.9077814,1508950776.1383045,5229
query,1508950776.1383095,1508950776.3066118,2919
query,1508950776.306616,1508950777.1307623,10009
query,1508950777.1307662,1508950777.2623715,2835
query,1508950777.2623758,1508950778.1809418,12215
query,1508950778.180946,1508950778.220454,0
query,1508950778.220458,1508950778.444462,3119
query,1508950778.444466,1508950778.5824223,2784
query,1508950778.582468,1508950778.7082238,2142
query,1508950778.7206833,1508950778.9849737,2960
query,1508950778.984978,1508950779.7446175,6779
query,1508950779.7446213,1508950779.7994616,0
query,1508950779.7994657,1508950780.4878378,10464
query,1508950780.4878418,1508950780.8467336,8378
query,1508950780.8467376,1508950781.2190943,6148
query,1508950781.2190986,1508950781.4018092,2536
query,1508950781.4018147,1508950782.1808846,3259
query,1508950782.1808884,1508950783.3471797,18691
query,1508950783.3471851,1508950783.918049,7431
query,1508950783.9180532,1508950784.6651776,12722
query,1508950784.665183,1508950785.1924448,7554
query,1508950785.19245,1508950785.9577575,10988
query,1508950785.9577618,1508950786.0795672,3042
query,1508950786.0795712,1508950786.2620883,2768
query,1508950786.262092,1508950786.484303,5996
query,1508950786.4843075,1508950786.5996764,2027
query,1508950786.5996804,1508950786.9343355,4526
query,1508950786.9343393,1508950787.0153532,578
query,1508950787.0153933,1508950787.8307781,12160
query,1508950787.845477,1508950788.3880367,9176
query,1508950788.3880405,1508950788.466467,1153
query,1508950788.4664712,1508950788.7697098,3426
query,1508950788.7697139,1508950789.352354,10200
query,1508950789.352358,1508950789.3943648,3
query,1508950789.3943686,1508950789.4446347,337
query,1508950789.4446385,1508950789.4912994,1
query,1508950789.4913032,1508950789.5241942,1
query,1508950789.5241983,1508950789.5713952,8
query,1508950789.5713997,1508950791.0632365,17123
query,1508950791.0632405,1508950791.2240043,2974
query,1508950791.2240086,1508950791.281832,5
query,1508950791.281836,1508950791.995793,6864
query,1508950791.9957972,1508950793.8986094,21455
query,1508950793.898614,1508950794.1115377,2679
query,1508950794.1115417,1508950794.3827264,7750
query,1508950794.3827302,1508950794.4498115,199
query,1508950794.4498155,1508950794.9809766,9465
query,1508950794.9809818,1508950795.9247158,10584
query,1508950795.9247603,1508950796.5779629,7646
query,1508950796.589891,1508950797.309366,10992
query,1508950797.3093698,1508950797.7950873,8832
query,1508950797.7950919,1508950798.9583254,16899
query,1508950798.9583302,1508950799.3467813,9224
query,1508950799.3467855,1508950799.3708713,0
query,1508950799.370875,1508950799.8293378,6423
query,1508950799.8293421,1508950799.9414961,870
query,1508950799.9415019,1508950800.0575173,1959
query,1508950800.0575213,1508950800.2432678,3785
query,1508950800.243272,1508950800.489642,5069
query,1508950800.4896462,1508950800.688067,4397
query,1508950800.688071,1508950800.8082273,2005
query,1508950800.8082316,1508950801.3340266,8877
query,1508950801.3340323,1508950801.4890068,2606
query,1508950801.489011,1508950801.5859272,667
query,1508950801.5859313,1508950801.6130407,7
query,1508950801.6130443,1508950802.2890422,14501
query,1508950802.2890465,1508950802.9320278,10652
query,1508950802.9320319,1508950803.8224473,13871
query,1508950803.8225422,1508950804.0057628,4988
query,1508950804.0190487,1508950804.0967171,475
query,1508950804.0967224,1508950804.4218078,6748
query,1508950804.4218135,1508950804.9724545,11418
query,1508950804.9724586,1508950805.554535,10958
query,1508950805.5545392,1508950805.8489003,2637
query,1508950805.8489041,1508950806.2765374,4173
query,1508950806.2765415,1508950807.5275946,19901
query,1508950807.527599,1508950807.8498867,4342
query,1508950807.8498917,1508950808.224975,7987
query,1508950808.2249792,1508950809.476476,17359
query,1508950809.47648,1508950809.7500446,3129
query,1508950809.7500486,1508950809.8943527,2363
query,1508950809.8943567,1508950809.9324179,25
query,1508950809.932422,1508950810.6233582,11290
query,1508950810.6233623,1508950810.6837997,819
query,1508950810.6838038,1508950811.541677,13681
query,1508950811.5416815,1508950811.6364381,722
query,1508950811.6364434,1508950811.6741695,488
query,1508950811.6741748,1508950811.7119524,0
query,1508950811.7119937,1508950812.247705,7860
query,1508950812.2598307,1508950812.7523773,7778
query,1508950812.7523816,1508950813.014295,6395
query,1508950813.0143,1508950813.0442662,0
query,1508950813.0442703,1508950813.119538,1411
query,1508950813.1195424,1508950813.658824,10378
query,1508950813.6588283,1508950813.7240725,17
query,1508950813.7240767,1508950814.0134175,4344
query,1508950814.013422,1508950814.9192321,11774
query,1508950814.9192364,1508950814.97586,1
query,1508950814.975864,1508950815.2314482,5385
query,1508950815.231452,1508950815.7787752,5716
query,1508950815.77878,1508950816.1766567,8455
query,1508950816.1766622,1508950816.547724,5422
query,1508950816.547728,1508950816.6023118,26
query,1508950816.6023166,1508950817.0699503,9667
query,1508950817.0699544,1508950817.1897721,2379
query,1508950817.1897764,1508950817.3222773,3163
query,1508950817.3222814,1508950817.372593,9
query,1508950817.3725972,1508950817.8110735,7258
query,1508950817.811115,1508950818.4156816,10511
query,1508950818.4277186,1508950819.4278905,20590
query,1508950819.4278944,1508950820.2364886,15098
query,1508950820.2364926,1508950820.9294403,7490
query,1508950820.9295044,1508950821.0411353,1183
query,1508950821.0411391,1508950821.4744987,10631
query,1508950821.4745035,1508950821.6712615,2172
query,1508950821.6712656,1508950821.7040231,0
query,1508950821.7040281,1508950822.1369016,7339
query,1508950822.1369064,1508950822.2941499,3609
query,1508950822.2941542,1508950822.3286529,1308
query,1508950822.3286572,1508950822.4344447,1633
query,1508950822.434449,1508950822.7022712,3493
query,1508950822.7022755,1508950822.7981813,1683
query,1508950822.7981853,1508950824.0902965,19576
query,1508950824.0903013,1508950824.1433244,186
query,1508950824.1433284,1508950824.4412298,5540
query,1508950824.4412339,1508950824.65723,3665
query,1508950824.6572347,1508950824.8879874,4571
query,1508950824.8879914,1508950825.1123328,13303
query,1508950825.1123712,1508950825.756529,8936
query,1508950825.7685711,1508950826.4459574,10255
query,1508950826.4459624,1508950826.831188,9389
query,1508950826.831194,1508950827.0427163,5493
query,1508950827.0427206,1508950827.0871902,22
query,1508950827.0871942,1508950827.1459742,175
query,1508950827.1459777,1508950827.2221088,367
query,1508950827.2221127,1508950827.2665982,190
query,1508950827.2666023,1508950827.8095648,7906
query,1508950827.8095696,1508950829.0797453,22454
query,1508950829.0797498,1508950829.2509468,5061
query,1508950829.2509513,1508950829.3085272,11
query,1508950829.3085315,1508950829.626337,7534
query,1508950829.6263416,1508950830.9556813,14946
query,1508950830.955686,1508950831.516847,15043
query,1508950831.5168514,1508950831.8464804,7020
query,1508950831.8464844,1508950831.9588463,2143
query,1508950831.9588509,1508950832.2226965,4176
query,1508950832.222701,1508950832.5771787,9216
query,1508950832.577184,1508950832.870683,6627
query,1508950832.8707242,1508950834.3354921,19711
query,1508950834.3480358,1508950834.838187,11476
query,1508950834.838191,1508950835.440716,13437
query,1508950835.4407198,1508950835.4912145,420
query,1508950835.4912186,1508950836.196277,12053
query,1508950836.1962812,1508950836.8188655,6527
query,1508950836.8188696,1508950837.5207322,7084
query,1508950837.5207367,1508950837.7566776,5176
query,1508950837.756682,1508950838.4747748,13280
query,1508950838.474779,1508950839.091322,9228
query,1508950839.0913258,1508950839.2970865,3431
query,1508950839.2970908,1508950839.5099578,3142
query,1508950839.5099618,1508950839.5485497,0
query,1508950839.5485547,1508950840.242856,12244
query,1508950840.2428598,1508950841.5042944,15434
query,1508950841.5042984,1508950841.544244,1
query,1508950841.5442483,1508950841.7266572,3817
query,1508950841.7266612,1508950843.2995539,19566
query,1508950843.2995582,1508950843.9399235,11353
query,1508950843.9399278,1508950844.338294,6553
query,1508950844.338331,1508950844.9717429,10106
query,1508950844.9841576,1508950845.8842382,15786
query,1508950845.884242,1508950846.2180824,5865
query,1508950846.2180865,1508950846.47906,4543
query,1508950846.4790637,1508950848.1613348,21266
query,1508950848.1613388,1508950848.199922,316
query,1508950848.1999257,1508950849.584928,18620
query,1508950849.5849319,1508950849.618942,222
query,1508950849.618946,1508950849.8159955,1841
query,1508950849.8160002,1508950850.7274802,16273
query,1508950850.727485,1508950850.937684,3190
query,1508950850.9376879,1508950851.097892,2662
query,1508950851.0978959,1508950851.535353,9231
query,1508950851.535358,1508950852.579865,17517
query,1508950852.579869,1508950852.882243,10360
query,1508950852.8822472,1508950852.9307947,8
query,1508950852.9307983,1508950852.9818842,69
query,1508950852.9818885,1508950853.0394025,124
query,1508950853.0394063,1508950853.211963,3168
query,1508950853.2119665,1508950853.3902845,4123
query,1508950853.3903306,1508950853.5989597,5165
query,1508950853.6122203,1508950853.782091,2362
query,1508950853.7820954,1508950853.888854,2142
query,1508950853.8888578,1508950854.2299404,5151
query,1508950854.2299452,1508950854.7580473,9994
query,1508950854.7580519,1508950854.7878172,0
query,1508950854.787821,1508950854.8980105,2164
query,1508950854.8980143,1508950855.101916,4842
query,1508950855.1019201,1508950855.1629877,354
query,1508950855.1629918,1508950855.3792737,1603
query,1508950855.3792782,1508950856.2148323,11384
query,1508950856.2148366,1508950856.2938917,75
query,1508950856.2938955,1508950856.887978,9686
query,1508950856.887982,1508950857.1259127,2333
query,1508950857.1259167,1508950857.3116722,4843
query,1508950857.3116763,1508950857.3505852,16
query,1508950857.3505888,1508950857.4019516,3
query,1508950857.4019558,1508950857.9529402,11211
query,1508950857.9529436,1508950859.0232441,19521
query,1508950859.0232482,1508950859.0825932,312
query,1508950859.0829241,1508950859.554818,9013
query,1508950859.5678997,1508950859.6124835,4
query,1508950859.6124876,1508950860.4581046,19204
query,1508950860.4581084,1508950860.5104158,128
query,1508950860.5104198,1508950860.948888,8932
query,1508950860.948892,1508950861.6565704,8889
query,1508950861.6565752,1508950861.890841,3176
query,1508950861.890845,1508950862.4577205,10636
query,1508950862.4577253,1508950862.8288891,4261
query,1508950862.8288977,1508950863.9432468,19870
query,1508950863.9432507,1508950864.6537573,12583
query,1508950864.6537616,1508950865.775598,16834
query,1508950865.7756028,1508950866.5490444,9595
query,1508950866.5490491,1508950867.0694015,9136
query,1508950867.0694053,1508950867.5687847,6842
query,1508950867.5688102,1508950868.250534,10768
query,1508950868.2505383,1508950868.2911205,419
query,1508950868.2911246,1508950869.1439748,13640
query,1508950869.143979,1508950869.4618278,6004
query,1508950869.461832,1508950869.49573,144
query,1508950869.4957829,1508950869.926734,6561
query,1508950869.9386995,1508950870.579207,13135
query,1508950870.5792115,1508950870.9325347,3686
query,1508950870.93254,1508950871.3438106,8892
query,1508950871.3438146,1508950871.9825172,7073
query,1508950871.9825215,1508950872.4042037,6342
query,1508950872.4042077,1508950873.2807431,13310
query,1508950873.2807481,1508950873.6776545,8874
query,1508950873.6776586,1508950873.7399883,592
query,1508950873.7399924,1508950873.894426,2009
query,1508950873.89443,1508950874.2277713,7722
query,1508950874.227775,1508950875.5747497,21807
query,1508950875.574754,1508950875.6199698,0
query,1508950875.619974,1508950877.0648637,14568
query,1508950877.0648677,1508950877.5979147,9427
query,1508950877.5979187,1508950877.6808786,665
query,1508950877.680883,1508950877.8267596,3098
query,1508950877.8267639,1508950878.2883267,8091
query,1508950878.2883322,1508950878.8511367,7208
query,1508950878.8511415,1508950878.8960438,0
query,1508950878.8960812,1508950879.206467,3913
query,1508950879.2187817,1508950879.2544854,0
query,1508950879.25449,1508950879.918915,9820
query,1508950879.918919,1508950880.0143752,585
query,1508950880.0143793,1508950880.5462832,8904
query,1508950880.5462875,1508950881.0439622,7678
query,1508950881.0439663,1508950881.7898064,11376
query,1508950881.7898107,1508950881.9834633,4816
query,1508950881.9834673,1508950882.1274128,2765
query,1508950882.1274166,1508950882.190452,400
query,1508950882.1904564,1508950883.5106652,22472
query,1508950883.5106692,1508950883.5704045,229
query,1508950883.5704088,1508950883.9792194,5477
query,1508950883.9792247,1508950884.0158167,0
query,1508950884.0158205,1508950885.3731575,19746
query,1508950885.3731616,1508950886.5565174,20306
query,1508950886.5565221,1508950887.3656664,10640
query,1508950887.3656704,1508950889.0909884,19835
query,1508950889.0909927,1508950889.9676046,19552
query,1508950889.9676094,1508950890.0384533,5
query,1508950890.038499,1508950890.1160014,83
query,1508950890.128148,1508950891.3251882,21175
query,1508950891.3251925,1508950891.9745424,9424
query,1508950891.9745464,1508950892.9795554,15208
query,1508950892.9795592,1508950893.7696111,17186
query,1508950893.7696152,1508950894.1418116,6100
query,1508950894.141816,1508950894.180999,82
query,1508950894.1810036,1508950894.2427,413
query,1508950894.2427053,1508950894.3979926,1879
query,1508950894.3979976,1508950894.4960506,558
query,1508950894.4960546,1508950894.902248,9210
query,1508950894.9022522,1508950895.312286,9324
query,1508950895.3122907,1508950896.0006628,10898
query,1508950896.000667,1508950896.8207285,17976
query,1508950896.820733,1508950896.878321,123
query,1508950896.8783252,1508950897.4026139,10045
query,1508950897.4026186,1508950898.0879261,9212
query,1508950898.0879304,1508950898.657118,6304
query,1508950898.6571226,1508950898.9620848,5496
query,1508950898.9620893,1508950899.8228228,10537
query,1508950899.822869,1508950900.047508,5460
query,1508950900.0628877,1508950900.8015647,11270
query,1508950900.8015697,1508950901.2273827,3635
query,1508950901.227388,1508950901.4110577,5384
query,1508950901.4110622,1508950902.1350813,11461
query,1508950902.1350858,1508950902.3107545,9177
query,1508950902.3107584,1508950903.1450577,13327
query,1508950903.1450622,1508950903.181216,0
query,1508950903.18122,1508950903.371385,4022
query,1508950903.371389,1508950904.0469224,12873
query,1508950904.0469263,1508950904.080647,5
query,1508950904.0806503,1508950904.6427734,10209
query,1508950904.6427777,1508950904.8466744,4081
query,1508950904.8466792,1508950905.2596378,5930
query,1508950905.259642,1508950905.5629907,4180
query,1508950905.562996,1508950905.7175589,3313
query,1508950905.7175636,1508950906.136986,7417
query,1508950906.1369913,1508950906.2594452,913
query,1508950906.2594507,1508950906.3073049,422
query,1508950906.307309,1508950907.8644683,19675
query,1508950907.8645084,1508950908.0340416,3105
query,1508950908.0462744,1508950908.333876,3540
query,1508950908.3338804,1508950908.598396,4519
query,1508950908.5984004,1508950909.102466,5053
query,1508950909.1024706,1508950910.02867,10431
query,1508950910.028674,1508950910.7113745,10772
query,1508950910.7113788,1508950910.946197,3538
query,1508950910.9462016,1508950912.339334,21169
query,1508950912.3393385,1508950912.6387672,4267
query,1508950912.6387715,1508950912.690763,124
query,1508950912.690767,1508950913.492781,11504
query,1508950913.4927852,1508950913.613994,818
query,1508950913.6139982,1508950914.2824185,10756
query,1508950914.2824235,1508950914.9699712,8018
query,1508950914.9699752,1508950914.9926562,56
query,1508950914.99266,1508950916.1206176,16489
query,1508950916.1206214,1508950916.2434297,765
query,1508950916.243441,1508950917.6400442,22472
query,1508950917.6400483,1508950918.5483468,12112
query,1508950918.5483508,1508950919.9467485,15499
query,1508950919.9467874,1508950920.5753114,6469
query,1508950920.5874426,1508950920.6553307,129
query,1508950920.655335,1508950920.7113433,230
query,1508950920.7113473,1508950920.7473352,0
query,1508950920.7473392,1508950921.17463,7569
query,1508950921.1746345,1508950922.7898636,23193
query,1508950922.7898686,1508950922.9102187,1241
query,1508950922.9102232,1508950923.4091942,8496
query,1508950923.409208,1508950925.3077614,23393
query,1508950925.3077655,1508950925.3811712,764
query,1508950925.3811758,1508950926.3063693,9965
query,1508950926.3063731,1508950926.5041656,3549
query,1508950926.5041697,1508950926.915862,5337
query,1508950926.9158664,1508950927.5678027,15054
query,1508950927.567807,1508950927.9398532,9094
query,1508950927.939857,1508950927.9899275,20
query,1508950927.9899313,1508950929.0468853,20733
query,1508950929.0468895,1508950929.3673522,8904
query,1508950929.3673565,1508950929.7555544,6196
query,1508950929.7555585,1508950929.806433,265
query,1508950929.8064716,1508950930.1793203,4368
query,1508950930.1928315,1508950930.2434974,95
query,1508950930.2435012,1508950930.9476764,13335
query,1508950930.9476805,1508950932.4508052,19259
query,1508950932.4508092,1508950933.4228005,12284
query,1508950933.4228044,1508950934.6040614,15087
query,1508950934.6040657,1508950934.6384418,2
query,1508950934.6384456,1508950934.7112057,15
query,1508950934.71121,1508950934.8411233,1795
query,1508950934.841131,1508950935.5789754,11806
query,1508950935.5789804,1508950935.9143224,5387
query,1508950935.9143264,1508950937.219232,20522
query,1508950937.219236,1508950937.342276,3414
query,1508950937.3422801,1508950937.606308,4294
query,1508950937.6063144,1508950938.2134614,8121
query,1508950938.2134662,1508950938.2621396,63
query,1508950938.2621434,1508950938.2978501,1
query,1508950938.2978544,1508950938.3607032,419
query,1508950938.3607075,1508950938.4237256,190
query,1508950938.42373,1508950938.6306052,3870
query,1508950938.6306467,1508950938.806471,2728
query,1508950938.8186104,1508950939.909537,14464
query,1508950939.9095411,1508950939.9726603,13
query,1508950939.9726644,1508950940.1553292,4377
query,1508950940.155333,1508950940.4116874,6656
query,1508950940.4116914,1508950940.477409,1182
query,1508950940.477413,1508950940.5492473,444
query,1508950940.5492516,1508950940.6719759,1183
query,1508950940.672014,1508950940.6796293,0
query,1508950940.6796339,1508950940.9827244,4792
query,1508950940.9827282,1508950941.1235163,5431
query,1508950941.1235204,1508950942.445621,20401
query,1508950942.445625,1508950942.9377694,7942
query,1508950942.9377732,1508950943.430054,6854
query,1508950943.430058,1508950943.6014314,1735
query,1508950943.6014354,1508950944.107977,10850
query,1508950944.1079812,1508950945.1605682,19530
query,1508950945.1605728,1508950945.9425833,9100
query,1508950945.9425876,1508950946.9499834,20469
query,1508950946.9499876,1508950947.5504918,13678
query,1508950947.5505378,1508950948.138492,10722
query,1508950948.1509798,1508950949.0509923,11511
query,1508950949.0509968,1508950950.5118177,19191
query,1508950950.5118225,1508950950.903792,6491
query,1508950950.9037964,1508950951.7243004,17004
query,1508950951.7243044,1508950951.9990022,6197
query,1508950951.9990063,1508950952.4884,11152
query,1508950952.4884043,1508950953.1400251,9699
query,1508950953.1400292,1508950953.3578575,3642
query,1508950953.3578613,1508950953.8051555,9634
query,1508950953.8051608,1508950954.934309,12305
query,1508950954.9343128,1508950955.0566974,1310
query,1508950955.0567014,1508950955.2017405,2546
query,1508950955.2017448,1508950955.22889,0
query,1508950955.2288947,1508950955.3114653,529
query,1508950955.3114696,1508950955.701262,6226
query,1508950955.7012668,1508950955.7907977,462
query,1508950955.7908025,1508950956.2350986,7366
query,1508950956.235103,1508950956.5784507,6876
query,1508950956.578455,1508950956.9571767,5864
query,1508950956.9572182,1508950957.045219,1267
query,1508950957.0585148,1508950957.6752071,7767
query,1508950957.6752112,1508950958.5986757,12541
query,1508950958.5986798,1508950958.6924975,1145
query,1508950958.6925023,1508950958.8227985,1236
query,1508950958.822802,1508950959.9972343,21140
query,1508950959.9972389,1508950960.286136,4926
query,1508950960.2861407,1508950960.3487403,15
query,1508950960.3487444,1508950960.401246,350
query,1508950960.4012501,1508950961.277224,16597
query,1508950961.277228,1508950961.3581212,12
query,1508950961.3581257,1508950961.4920824,2372
query,1508950961.4920876,1508950961.5298843,2
query,1508950961.529889,1508950961.92355,9003
query,1508950961.9235544,1508950962.4572246,11182
query,1508950962.4572284,1508950962.6768384,5108
query,1508950962.6768427,1508950963.8304114,19872
query,1508950963.8304162,1508950964.0332723,3737
query,1508950964.033276,1508950964.5152822,7860
query,1508950964.5152867,1508950964.5624309,420
query,1508950964.5624752,1508950964.6316595,35
query,1508950964.6439676,1508950964.680601,0
query,1508950964.6806052,1508950964.7284129,9
query,1508950964.7284174,1508950965.9494216,15414
query,1508950965.9494255,1508950966.0149915,45
query,1508950966.0149953,1508950966.415992,5996
query,1508950966.4159973,1508950966.624709,10632
query,1508950966.6247137,1508950966.6598392,0
query,1508950966.6598434,1508950966.716178,94
query,1508950966.716182,1508950966.9473846,3101
query,1508950966.9473884,1508950967.1363614,3612
query,1508950967.1363654,1508950967.6844625,9007
query,1508950967.6844673,1508950968.0168328,6581
query,1508950968.016837,1508950968.4108825,8457
query,1508950968.4108872,1508950968.5465753,5783
query,1508950968.5465794,1508950968.5998447,1
query,1508950968.5998485,1508950968.9825234,6216
query,1508950968.9825275,1508950969.0463154,405
query,1508950969.0463197,1508950969.4832025,5245
query,1508950969.4832063,1508950969.5342703,602
query,1508950969.5343113,1508950969.8983653,7096
query,1508950969.91262,1508950969.9621382,501
query,1508950969.9621432,1508950970.1682768,4673
query,1508950970.1682806,1508950971.1288998,21105
query,1508950971.128905,1508950971.5172317,15014
query,1508950971.517236,1508950971.9228299,10759
query,1508950971.9228337,1508950972.2871244,3856
query,1508950972.2871284,1508950972.622518,6392
query,1508950972.6225228,1508950972.9887474,5893
query,1508950972.9887514,1508950973.052756,256
query,1508950973.0527604,1508950973.1607032,3252
query,1508950973.1607072,1508950973.420058,4183
query,1508950973.420062,1508950974.7367654,19512
query,1508950974.7367697,1508950975.3271568,15095
query,1508950975.3271613,1508950975.85838,9988
query,1508950975.858384,1508950975.9232862,16
query,1508950975.9232903,1508950976.0082145,1526
query,1508950976.0082197,1508950976.141547,973
query,1508950976.1415515,1508950976.2998047,2177
query,1508950976.299809,1508950976.8246582,11273
query,1508950976.824705,1508950976.9313023,1929
query,1508950976.9437613,1508950977.3524327,8085
query,1508950977.3524368,1508950977.5623078,6068
query,1508950977.5623124,1508950977.8887205,4124
query,1508950977.8887253,1508950978.3213732,7652
query,1508950978.321377,1508950978.4198205,1457
query,1508950978.4198244,1508950978.4701755,8
query,1508950978.4701793,1508950978.515898,0
query,1508950978.5159028,1508950978.6822722,3109
query,1508950978.6822762,1508950978.8911543,3180
query,1508950978.891158,1508950978.9750125,58
query,1508950978.9750166,1508950979.5670443,9293
query,1508950979.567049,1508950979.627797,81
query,1508950979.627802,1508950981.3179371,18987
query,1508950981.3179414,1508950982.2674663,17319
query,1508950982.2674706,1508950982.6957376,5597
query,1508950982.6957417,1508950982.7645264,682
query,1508950982.7645302,1508950983.0992475,4291
query,1508950983.0992522,1508950983.7275972,9391
query,1508950983.7276015,1508950983.8312178,2161
query,1508950983.8312619,1508950984.7296927,11894
query,1508950984.7422273,1508950985.056692,6305
query,1508950985.0566964,1508950985.194817,2166
query,1508950985.194821,1508950985.7807171,8788
query,1508950985.7807212,1508950986.4027345,8845
query,1508950986.4027386,1508950986.4479783,0
query,1508950986.4479828,1508950986.4777584,0
query,1508950986.4777632,1508950986.5219817,7
query,1508950986.5219858,1508950986.6421049,1017
query,1508950986.6421092,1508950986.6694102,175
query,1508950986.6694138,1508950986.9782841,6292
query,1508950986.978288,1508950988.6152244,22878
query,1508950988.6152287,1508950990.2040966,20787
query,1508950990.2041006,1508950991.2625134,21373
query,1508950991.2625177,1508950992.174188,15134
query,1508950992.174192,1508950992.3388453,3998
query,1508950992.3388498,1508950992.969988,11258
query,1508950992.9699929,1508950993.0475202,580
query,1508950993.047524,1508950994.2409844,20476
query,1508950994.2409887,1508950994.5726058,6470
query,1508950994.5726547,1508950994.8268442,3929
query,1508950994.8389788,1508950995.4056072,15299
query,1508950995.4056125,1508950995.9328558,9226
query,1508950995.9328604,1508950996.3573747,8989
query,1508950996.3573792,1508950996.6702352,5557
query,1508950996.6702392,1508950996.7186577,204
query,1508950996.7186615,1508950996.7748075,142
query,1508950996.7748115,1508950997.0091867,2633
query,1508950997.0091908,1508950997.5588148,15037
query,1508950997.558819,1508950997.9292812,9096
query,1508950997.9292853,1508950998.8170211,16656
query,1508950998.8170257,1508950998.8760302,372
query,1508950998.8760352,1508950999.889874,14691
query,1508950999.8898778,1508951000.6828845,11452
query,1508951000.6828885,1508951000.7950351,1123
query,1508951000.7950392,1508951001.3282192,7431
query,1508951001.3282237,1508951001.6198716,5781
query,1508951001.6198773,1508951002.122457,9972
query,1508951002.122461,1508951002.7031126,9860
query,1508951002.7031164,1508951003.1368582,4875
query,1508951003.1369076,1508951003.1645079,0
query,1508951003.165937,1508951003.542983,5855
query,1508951003.5429869,1508951004.3171947,8240
query,1508951004.317199,1508951004.3959897,812
query,1508951004.3959937,1508951004.5950313,2789
query,1508951004.5950358,1508951005.061862,7273
query,1508951005.0618658,1508951005.6233215,9986
query,1508951005.6233256,1508951005.933882,9328
query,1508951005.9338863,1508951006.4401803,10420
query,1508951006.4401846,1508951006.494706,786
query,1508951006.4947097,1508951006.6674387,2995
query,1508951006.6674428,1508951006.953242,3688
query,1508951006.9532475,1508951007.3108554,5841
query,1508951007.3108597,1508951007.359128,29
query,1508951007.3591325,1508951008.1669142,9708
query,1508951008.1669185,1508951008.2144113,22
query,1508951008.214416,1508951008.5489736,4167
query,1508951008.5489767,1508951009.3079567,15264
query,1508951009.3079605,1508951010.3966699,11530
query,1508951010.3966746,1508951011.4088888,3259
query,1508951011.408932,1508951011.5490096,1575
query,1508951011.5617216,1508951012.2138333,8305
query,1508951012.2138376,1508951013.348476,21935
query,1508951013.348481,1508951013.6232445,2912
query,1508951013.623249,1508951014.0136468,6692
query,1508951014.013651,1508951014.059723,7
query,1508951014.059727,1508951014.1142533,650
query,1508951014.1142573,1508951015.123162,17006
query,1508951015.123166,1508951015.246776,1639
query,1508951015.2467809,1508951015.453107,2990
query,1508951015.4531114,1508951015.5504515,547
query,1508951015.5504556,1508951017.046877,20576
query,1508951017.0468822,1508951017.3744922,4663
query,1508951017.3744972,1508951018.1269612,10346
query,1508951018.1269662,1508951018.2958767,3178
query,1508951018.295881,1508951018.7378528,9106
query,1508951018.7378573,1508951018.786524,120
query,1508951018.7865283,1508951018.846366,34
query,1508951018.8463712,1508951019.427862,8746
query,1508951019.427866,1508951021.0120301,23304
query,1508951021.0120804,1508951021.441571,8477
query,1508951021.453962,1508951021.567407,1827
query,1508951021.567411,1508951021.6034505,830
query,1508951021.6034544,1508951022.7699142,19971
query,1508951022.7699184,1508951022.7849495,0
query,1508951022.784953,1508951023.0834599,4755
query,1508951023.0834644,1508951023.1790926,2164
query,1508951023.1790981,1508951023.6844106,5816
query,1508951023.684415,1508951023.826217,3432
query,1508951023.8262212,1508951023.9758492,1989
query,1508951023.975853,1508951024.4988284,12858
query,1508951024.4988327,1508951024.9061623,6224
query,1508951024.906166,1508951025.1683028,5496
query,1508951025.168307,1508951026.5382304,20069
query,1508951026.5382347,1508951027.05997,6225
query,1508951027.0599742,1508951027.902879,10874
query,1508951027.902883,1508951028.5644379,12138
query,1508951028.5644422,1508951029.0487206,6591
query,1508951029.0487242,1508951029.746759,9639
query,1508951029.7467628,1508951030.0050797,4650
query,1508951030.0051246,1508951030.4081335,5890
query,1508951030.4217582,1508951030.5843823,1673
query,1508951030.5843878,1508951030.6680648,1737
query,1508951030.6680696,1508951030.97213,4187
query,1508951030.9721339,1508951031.3910546,8141
query,1508951031.3910582,1508951031.4520304,1
query,1508951031.4520345,1508951032.0043883,18901
query,1508951032.0043926,1508951032.179451,1287
query,1508951032.1794553,1508951032.6054096,8755
query,1508951032.6054134,1508951032.647828,173
query,1508951032.6478317,1508951032.7413497,1177
query,1508951032.7413535,1508951032.9328766,2008
query,1508951032.9328804,1508951033.4285505,10794
query,1508951033.4285543,1508951034.393992,13875
query,1508951034.3939958,1508951034.7597222,7116
query,1508951034.759727,1508951034.9909537,4333
query,1508951034.990958,1508951035.618166,13005
query,1508951035.6181705,1508951037.1246831,22671
query,1508951037.1246872,1508951037.3879983,2620
query,1508951037.3880024,1508951037.7326722,5040
query,1508951037.732718,1508951038.3542285,15615
query,1508951038.3669503,1508951039.0170717,11368
query,1508951039.0170755,1508951039.3886285,6349
query,1508951039.3886325,1508951039.565552,2764
query,1508951039.565556,1508951040.56791,12806
query,1508951040.5679138,1508951040.6434298,2
query,1508951040.6434336,1508951042.1839485,19350
query,1508951042.1839535,1508951042.8452609,9985
query,1508951042.8452652,1508951042.891909,0
query,1508951042.891914,1508951043.7789485,12525
query,1508951043.778955,1508951043.9942763,5218
query,1508951043.99428,1508951044.5857449,9165
query,1508951044.585749,1508951044.9721997,9402
query,1508951044.9722042,1508951045.36796,8777
query,1508951045.3679643,1508951045.3909955,3
query,1508951045.3910005,1508951045.5738838,3437
query,1508951045.5738878,1508951046.160261,11166
query,1508951046.1602647,1508951046.498906,2928
query,1508951046.4989102,1508951047.2237246,9603
query,1508951047.2237287,1508951047.7410457,9952
query,1508951047.741104,1508951048.0688667,7202
query,1508951048.0815325,1508951049.3690162,18335
query,1508951049.3690202,1508951049.9513836,3259
query,1508951049.951388,1508951051.1351159,15822
query,1508951051.1351204,1508951051.6864967,11309
query,1508951051.6865005,1508951051.6980498,0
query,1508951051.6980534,1508951051.7582142,445
query,1508951051.758218,1508951051.9491458,4513
query,1508951051.9491498,1508951052.4427586,10576
query,1508951052.442763,1508951053.4534843,13935
query,1508951053.4534903,1508951053.8899395,9994
query,1508951053.8899443,1508951054.734613,12570
query,1508951054.7346172,1508951054.7604609,0
query,1508951054.7604647,1508951054.9403493,2173
query,1508951054.9403744,1508951055.415211,6762
query,1508951055.4152153,1508951055.8913853,8299
query,1508951055.8913894,1508951056.6471884,11206
query,1508951056.647193,1508951056.8967574,2339
query,1508951056.896762,1508951056.9423347,191
query,1508951056.9423387,1508951057.3357272,6650
query,1508951057.3357794,1508951058.743106,20812
query,1508951058.7550464,1508951058.8074424,1127
query,1508951058.8074462,1508951058.8477871,0
query,1508951058.847791,1508951059.3040762,9800
query,1508951059.3040802,1508951059.4456146,790
query,1508951059.4456198,1508951060.4064207,11214
query,1508951060.406425,1508951061.2560477,10893
query,1508951061.256052,1508951061.8386364,5359
query,1508951061.8386407,1508951062.1622608,5660
query,1508951062.1622648,1508951062.5436904,6750
query,1508951062.5436952,1508951062.8813581,3229
query,1508951062.8813622,1508951062.9291613,692
query,1508951062.9291654,1508951063.590678,11485
query,1508951063.5906827,1508951063.6420043,97
query,1508951063.6420088,1508951063.8734283,4039
query,1508951063.8734324,1508951063.8951347,0
query,1508951063.8951387,1508951064.555897,9742
query,1508951064.555901,1508951065.0082355,9774
query,1508951065.0082397,1508951065.0747247,685
query,1508951065.074729,1508951065.3503976,4265
query,1508951065.3504531,1508951065.4782975,831
query,1508951065.491328,1508951065.561098,188
query,1508951065.5611024,1508951066.5865517,12237
query,1508951066.5865557,1508951067.455005,9625
query,1508951067.4550092,1508951068.0008867,7565
query,1508951068.000891,1508951068.2235386,5022
query,1508951068.2235427,1508951068.8396585,10511
query,1508951068.8396628,1508951069.158641,7016
query,1508951069.1586447,1508951069.1918304,0
query,1508951069.1918344,1508951070.1781225,15465
query,1508951070.1781266,1508951070.3192391,2022
query,1508951070.319243,1508951071.2030544,11606
query,1508951071.2030587,1508951071.5362973,9256
query,1508951071.5363016,1508951072.1342857,10942
query,1508951072.1342897,1508951072.7718515,11941
query,1508951072.7718568,1508951073.1584318,9432
query,1508951073.158436,1508951073.5944643,9156
query,1508951073.5944695,1508951073.639762,0
query,1508951073.6397662,1508951073.725938,1101
query,1508951073.725942,1508951074.1860347,13226
query,1508951074.1860764,1508951074.5623465,5307
query,1508951074.5744433,1508951074.6680167,1715
query,1508951074.6680207,1508951074.7259612,252
query,1508951074.7259655,1508951074.8282878,1612
query,1508951074.828292,1508951075.6857655,11303
query,1508951075.68577,1508951075.739725,3
query,1508951075.7397294,1508951076.3619814,9307
query,1508951076.3619854,1508951076.9812503,11289
query,1508951076.9812546,1508951077.019582,115
query,1508951077.019586,1508951077.5662446,8049
query,1508951077.5662498,1508951077.8867996,5663
query,1508951077.8868034,1508951078.2437065,4850
query,1508951078.2437103,1508951079.064501,10016
query,1508951079.064505,1508951079.1550903,1749
query,1508951079.1550949,1508951080.2309537,12281
query,1508951080.23096,1508951080.42883,2761
query,1508951080.4288342,1508951080.477461,250
query,1508951080.4774652,1508951080.5300791,641
query,1508951080.530083,1508951080.6494513,927
query,1508951080.6494553,1508951080.728301,848
query,1508951080.7283518,1508951081.669389,12792
query,1508951081.6813672,1508951082.0093706,6000
query,1508951082.0093746,1508951082.268705,5302
query,1508951082.2687092,1508951082.3121367,2
query,1508951082.3121407,1508951082.3786442,769
query,1508951082.3786485,1508951082.562789,3205
query,1508951082.5627928,1508951083.0455825,6982
query,1508951083.0455878,1508951083.1769283,3867
query,1508951083.1769326,1508951083.364878,3755
query,1508951083.3648822,1508951083.8247547,7194
query,1508951083.8247595,1508951084.2689984,6545
query,1508951084.269003,1508951084.365002,591
query,1508951084.3650067,1508951084.5474174,4465
query,1508951084.547422,1508951085.3021226,16325
query,1508951085.3021276,1508951086.2019608,3259
query,1508951086.201966,1508951086.4579399,5653
query,1508951086.4579444,1508951086.5138307,492
query,1508951086.5138352,1508951087.671626,19163
query,1508951087.6716301,1508951088.0941648,5426
query,1508951088.0941687,1508951088.9183307,9818
