tables,1509302460.7496667,1509305410.3042336
query,1509305410.3059793,1509305417.6299717,225
query,1509305417.649533,1509305418.2160676,2082
query,1509305418.2160733,1509305418.8550534,3933
query,1509305418.855058,1509305418.9543974,154
query,1509305418.954403,1509305419.0906358,77
query,1509305419.0906413,1509305419.3454785,957
query,1509305419.345483,1509305419.3866904,6
query,1509305419.3866944,1509305419.4600267,150
query,1509305419.4600308,1509305419.718152,688
query,1509305419.7181563,1509305419.8153615,178
query,1509305419.8153653,1509305423.541705,1506
query,1509305423.5417104,1509305424.110607,3368
query,1509305424.1106122,1509305424.1977842,1506
query,1509305424.1977887,1509305424.7573466,2971
query,1509305424.757352,1509305424.8418233,428
query,1509305424.8418288,1509305425.3215442,2337
query,1509305425.321549,1509305425.457363,8
query,1509305425.4573667,1509305425.6486852,1457
query,1509305425.648689,1509305425.7592282,20
query,1509305425.7592335,1509305425.8993964,1482
query,1509305425.8994524,1509305426.098563,315
query,1509305426.1119747,1509305426.2526884,887
query,1509305426.252693,1509305426.3820078,1406
query,1509305426.3820128,1509305426.9430523,3685
query,1509305426.9430592,1509305427.0801528,372
query,1509305427.080158,1509305427.1899924,1506
query,1509305427.1899977,1509305427.2695348,1506
query,1509305427.269539,1509305427.379793,1506
query,1509305427.3797984,1509305427.4770536,1506
query,1509305427.4770606,1509305427.657801,1506
query,1509305427.6578054,1509305432.488043,7
query,1509305432.488048,1509305432.615255,12
query,1509305432.6152608,1509305434.7104492,6140
query,1509305434.7104533,1509305434.7998974,243
query,1509305434.7999027,1509305435.296057,7532
query,1509305435.2960618,1509305435.6768074,3118
query,1509305435.6768126,1509305435.6940022,0
query,1509305435.6940079,1509305435.8069382,419
query,1509305435.8069432,1509305436.0196586,1503
query,1509305436.019664,1509305436.064674,99
query,1509305436.0647273,1509305436.945374,9068
query,1509305436.958922,1509305437.3799415,7786
query,1509305437.3799474,1509305437.8480759,9227
query,1509305437.8480816,1509305438.734588,9257
query,1509305438.7345943,1509305438.9074895,388
query,1509305438.9074976,1509305439.6188827,7796
query,1509305439.6188865,1509305440.2405062,5193
query,1509305440.24051,1509305442.4571028,12418
query,1509305442.4571085,1509305442.4781148,2
query,1509305442.4781203,1509305442.554073,1
query,1509305442.5540798,1509305443.3371236,2212
query,1509305443.3371289,1509305443.3547697,0
query,1509305443.3547745,1509305443.7676907,8158
query,1509305443.767695,1509305443.8727133,1270
query,1509305443.872722,1509305443.9708679,989
query,1509305443.9708736,1509305444.0214698,347
query,1509305444.0214753,1509305444.1754584,1059
query,1509305444.1754649,1509305444.4013174,5158
query,1509305444.4013236,1509305444.5026777,5090
query,1509305444.5026834,1509305444.5211866,1
query,1509305444.5212417,1509305444.5392647,1
query,1509305444.5456233,1509305444.6292825,709
query,1509305444.629288,1509305445.0364966,10572
query,1509305445.0365021,1509305445.6152787,1347
query,1509305445.615286,1509305445.6685293,7
query,1509305445.6685345,1509305446.7699375,462
query,1509305446.7699416,1509305446.9110384,768
query,1509305446.9110441,1509305448.040495,9913
query,1509305448.0405,1509305448.3039155,717
query,1509305448.3039198,1509305448.5377972,4
query,1509305448.537801,1509305448.7781045,3923
query,1509305448.778109,1509305449.0686505,4837
query,1509305449.068656,1509305449.0866263,0
query,1509305449.0866313,1509305449.1731846,592
query,1509305449.1731894,1509305449.3368177,3194
query,1509305449.3368227,1509305449.5269961,3399
query,1509305449.5270014,1509305449.5426226,0
query,1509305449.5426266,1509305449.5814376,3
query,1509305449.5814428,1509305449.645602,127
query,1509305449.645607,1509305449.7016885,418
query,1509305449.7017395,1509305449.8615925,6128
query,1509305449.874397,1509305449.9283314,495
query,1509305449.9283388,1509305450.0219388,210
query,1509305450.0219443,1509305450.0625288,2
query,1509305450.0625336,1509305450.1695104,1148
query,1509305450.169514,1509305450.245034,7
query,1509305450.2450383,1509305450.26412,0
query,1509305450.2641234,1509305450.4341984,3473
query,1509305450.4342012,1509305450.49948,57
query,1509305450.4994857,1509305450.7970338,192
query,1509305450.7970364,1509305450.9274454,2176
query,1509305450.9274497,1509305450.9733765,912
query,1509305450.9733806,1509305451.0158021,6
query,1509305451.015806,1509305451.059904,9
query,1509305451.0599077,1509305451.0756302,3
query,1509305451.0756338,1509305451.1881042,1915
query,1509305451.1881082,1509305451.245566,385
query,1509305451.2455707,1509305451.3292992,2989
query,1509305451.3293045,1509305451.4310324,2917
query,1509305451.431037,1509305451.6103616,7930
query,1509305451.610422,1509305451.6703372,1
query,1509305451.6727304,1509305451.801546,2753
query,1509305451.8015501,1509305451.9532473,4632
query,1509305451.9532518,1509305452.0321774,136
query,1509305452.0321815,1509305452.0857959,59
query,1509305452.0857987,1509305452.2141247,5968
query,1509305452.2141297,1509305452.3545885,6841
query,1509305452.3545923,1509305452.4328532,469
query,1509305452.4328573,1509305452.481265,8
query,1509305452.4812686,1509305452.7341352,10013
query,1509305452.7341394,1509305452.813479,1311
query,1509305452.813485,1509305452.9150321,537
query,1509305452.9150367,1509305452.971408,267
query,1509305452.9714134,1509305453.0253284,32
query,1509305453.0253346,1509305453.0811775,416
query,1509305453.0811825,1509305453.1491578,30
query,1509305453.1491628,1509305453.2185266,209
query,1509305453.2185318,1509305453.4536352,10442
query,1509305453.4536412,1509305453.5136993,1277
query,1509305453.5137033,1509305453.5598516,11
query,1509305453.5599258,1509305453.6088715,8
query,1509305453.6222408,1509305453.6772678,2350
query,1509305453.6772702,1509305453.829926,9020
query,1509305453.8299305,1509305453.8623981,2
query,1509305453.8624022,1509305453.9421897,1548
query,1509305453.9421961,1509305454.000701,3937
query,1509305454.000705,1509305454.034644,36
query,1509305454.034648,1509305454.1671875,8230
query,1509305454.1671913,1509305454.2141712,75
query,1509305454.214174,1509305454.3575191,6059
query,1509305454.3575232,1509305454.4086487,672
query,1509305454.4086533,1509305454.536699,6133
query,1509305454.5367033,1509305454.5910172,76
query,1509305454.5910237,1509305454.6680403,83
query,1509305454.6680472,1509305454.854772,7517
query,1509305454.8547885,1509305454.9000847,5
query,1509305454.900088,1509305454.9371812,245
query,1509305454.9371865,1509305454.987064,1205
query,1509305454.9870691,1509305455.0247092,13
query,1509305455.0247142,1509305455.129972,2816
query,1509305455.1300268,1509305455.214207,490
query,1509305455.2251258,1509305455.2772803,5298
query,1509305455.2772832,1509305455.330343,902
query,1509305455.330346,1509305455.5067706,3255
query,1509305455.506775,1509305455.6039865,6589
query,1509305455.603991,1509305458.42522,14783
query,1509305458.4252262,1509305458.51462,886
query,1509305458.5146232,1509305458.5496325,3
query,1509305458.5496373,1509305458.803474,8962
query,1509305458.8034794,1509305458.936539,1056
query,1509305458.9365423,1509305458.990923,1510
query,1509305458.9909263,1509305459.006794,0
query,1509305459.0067976,1509305459.0732167,3439
query,1509305459.0732207,1509305459.1365,175
query,1509305459.1365058,1509305459.1536689,0
query,1509305459.153672,1509305460.491278,14
query,1509305460.4912848,1509305460.5517514,1219
query,1509305460.5517561,1509305460.656565,2829
query,1509305460.6565695,1509305460.8770008,8290
query,1509305460.8770046,1509305461.7063649,6860
query,1509305461.7063982,1509305461.8136244,2651
query,1509305461.8294015,1509305461.9170048,4271
query,1509305461.9170094,1509305462.1623828,4033
query,1509305462.1623883,1509305462.8318129,2329
query,1509305462.8318176,1509305462.8735998,5
query,1509305462.8736043,1509305462.9291608,15
query,1509305462.9291778,1509305463.0233207,2796
query,1509305463.0233257,1509305463.1951673,11722
query,1509305463.1951733,1509305463.2358134,1620
query,1509305463.2358189,1509305463.271762,63
query,1509305463.2717655,1509305463.356414,9201
query,1509305463.356418,1509305463.4149528,3045
query,1509305463.4149585,1509305463.4582245,306
query,1509305463.4582279,1509305463.5245652,5688
query,1509305463.5245707,1509305463.5848782,4878
query,1509305463.5848832,1509305463.6718075,9826
query,1509305463.6718128,1509305463.7095544,88
query,1509305463.7095582,1509305463.7426815,3
query,1509305463.742685,1509305463.804813,1399
query,1509305463.8048167,1509305463.8519685,2608
query,1509305463.8520129,1509305463.9702919,433
query,1509305463.9832737,1509305464.064192,2189
query,1509305464.0641966,1509305464.1400845,3166
query,1509305464.1400886,1509305464.2261448,7000
query,1509305464.2261481,1509305464.3228874,6083
query,1509305464.322891,1509305464.4202557,2078
query,1509305464.4202614,1509305464.46264,266
query,1509305464.4626455,1509305464.4864311,4
query,1509305464.4864373,1509305464.532944,92
query,1509305464.5329509,1509305464.6318343,9007
query,1509305464.6318507,1509305464.6704328,685
query,1509305464.6704364,1509305464.7060533,41
query,1509305464.706057,1509305464.7205212,0
query,1509305464.7205248,1509305464.7635217,2185
query,1509305464.7635264,1509305464.7773414,0
query,1509305464.7773452,1509305464.8380816,5781
query,1509305464.8380854,1509305464.9215088,5952
query,1509305464.921529,1509305464.9598603,201
query,1509305464.959865,1509305465.0348442,4480
query,1509305465.0348492,1509305465.1644974,11084
query,1509305465.1645393,1509305465.2624257,1167
query,1509305465.2705693,1509305465.2904446,1
query,1509305465.290447,1509305465.4391723,3938
query,1509305465.4391766,1509305465.4987426,3248
query,1509305465.4987493,1509305465.5654428,5828
query,1509305465.5654492,1509305465.630719,5924
query,1509305465.6307237,1509305465.7338538,7297
query,1509305465.733858,1509305465.7739558,128
query,1509305465.773961,1509305465.7888036,0
query,1509305465.788809,1509305465.8547432,2694
query,1509305465.8547475,1509305465.902044,33
query,1509305465.9020493,1509305465.9463735,1168
query,1509305465.9463778,1509305466.048749,10903
query,1509305466.0487578,1509305466.085861,65
query,1509305466.0858686,1509305466.137823,524
query,1509305466.1378276,1509305466.2094831,5453
query,1509305466.209487,1509305466.2482965,493
query,1509305466.248306,1509305466.2906287,25
query,1509305466.2906337,1509305466.3447404,1374
query,1509305466.344745,1509305466.3981562,267
query,1509305466.3982267,1509305466.4608052,1216
query,1509305466.4795725,1509305466.5256593,14
query,1509305466.5256643,1509305466.5972726,1029
query,1509305466.5972762,1509305466.6455035,133
query,1509305466.645507,1509305466.708392,2252
query,1509305466.708396,1509305466.8630488,12415
query,1509305466.8630533,1509305466.9970343,11047
query,1509305466.9970396,1509305467.0814693,8192
query,1509305467.0814743,1509305467.1193447,67
query,1509305467.1193526,1509305467.13569,0
query,1509305467.135694,1509305467.1872547,5365
query,1509305467.187258,1509305467.2458575,1157
query,1509305467.245862,1509305467.2833421,85
query,1509305467.283348,1509305467.3426833,643
query,1509305467.3426876,1509305467.4030573,3275
query,1509305467.4030612,1509305467.4179926,0
query,1509305467.417996,1509305467.545275,8726
query,1509305467.5452802,1509305467.6691566,8984
query,1509305467.6691616,1509305467.7239797,278
query,1509305467.7239833,1509305467.7666671,77
query,1509305467.7667098,1509305467.8609288,2583
query,1509305467.8727496,1509305467.9803355,7027
query,1509305467.9803426,1509305468.0364475,163
query,1509305468.0364523,1509305468.1024654,2852
query,1509305468.1024704,1509305468.2471375,11597
query,1509305468.2471416,1509305468.3320627,3996
query,1509305468.332067,1509305468.4109633,4654
query,1509305468.4109666,1509305468.432164,0
query,1509305468.432168,1509305468.4688041,15
query,1509305468.4688082,1509305468.5182295,3701
query,1509305468.518233,1509305468.5589995,514
query,1509305468.5590048,1509305468.6235695,2
query,1509305468.6235747,1509305468.7023823,7577
query,1509305468.7023869,1509305468.7268593,3
query,1509305468.7268615,1509305468.812022,8276
query,1509305468.812027,1509305468.874493,2245
query,1509305468.8744977,1509305468.9840944,8455
query,1509305468.9840999,1509305469.0092692,0
query,1509305469.0092735,1509305469.0248156,0
query,1509305469.0248196,1509305469.078713,888
query,1509305469.0787613,1509305469.2359061,8697
query,1509305469.243559,1509305469.2991285,91
query,1509305469.2991333,1509305469.314547,0
query,1509305469.314552,1509305469.3986907,6740
query,1509305469.3986952,1509305469.4446323,1331
query,1509305469.4446373,1509305469.5092337,1876
query,1509305469.5092375,1509305469.5253732,0
query,1509305469.5253773,1509305469.5623817,37
query,1509305469.562385,1509305469.6857476,10211
query,1509305469.6857631,1509305469.709312,2
query,1509305469.7093146,1509305469.7255507,0
query,1509305469.7255561,1509305469.7677264,280
query,1509305469.7677445,1509305469.7818234,0
query,1509305469.7818272,1509305469.8296647,823
query,1509305469.829669,1509305469.914294,6412
query,1509305469.9142988,1509305470.0041158,5833
query,1509305470.0041237,1509305470.055878,183
query,1509305470.0558834,1509305470.1411405,5858
query,1509305470.1411448,1509305470.1859202,18
query,1509305470.1859257,1509305470.2777991,6823
query,1509305470.2778451,1509305470.3291044,31
query,1509305470.342194,1509305470.446295,8166
query,1509305470.4462986,1509305470.4917161,407
query,1509305470.4917216,1509305470.5348299,96
query,1509305470.5348334,1509305470.586435,1607
query,1509305470.5864398,1509305470.6450212,397
query,1509305470.6450276,1509305470.7130926,463
query,1509305470.7130978,1509305470.8042624,4527
query,1509305470.804266,1509305470.8744638,1429
query,1509305470.874469,1509305470.9188423,115
query,1509305470.918847,1509305470.9699473,1469
query,1509305470.9699502,1509305471.022498,2217
query,1509305471.0225024,1509305471.3875117,11769
query,1509305471.3875172,1509305471.4341476,100
query,1509305471.4341528,1509305471.4533556,0
query,1509305471.4533598,1509305471.5111628,96
query,1509305471.5111682,1509305471.528267,0
query,1509305471.5282722,1509305471.5928316,2297
query,1509305471.592838,1509305471.677129,3513
query,1509305471.677134,1509305471.7546525,2652
query,1509305471.7547143,1509305471.8415098,91
query,1509305471.8547525,1509305471.902694,1059
query,1509305471.9026988,1509305471.9618962,1886
query,1509305471.9619007,1509305472.0317883,3585
query,1509305472.0317926,1509305472.1080694,3785
query,1509305472.1080756,1509305472.158476,284
query,1509305472.1584787,1509305472.2228518,1699
query,1509305472.2228541,1509305472.2977316,2203
query,1509305472.2977378,1509305472.3707478,1560
query,1509305472.3707523,1509305472.5272708,13658
query,1509305472.527275,1509305472.5426702,0
query,1509305472.5426745,1509305472.599674,1215
query,1509305472.5996795,1509305472.6152332,0
query,1509305472.6152399,1509305472.6318653,0
query,1509305472.6318705,1509305472.746225,6859
query,1509305472.7462304,1509305472.8026452,63
query,1509305472.8026521,1509305473.0194273,4474
query,1509305473.0194333,1509305473.1546035,4422
query,1509305473.154608,1509305473.1729267,0
query,1509305473.1729293,1509305473.226214,29
query,1509305473.2262502,1509305473.334034,6518
query,1509305473.342671,1509305473.3781614,103
query,1509305473.378164,1509305473.5254884,10899
query,1509305473.5254936,1509305473.6230304,9697
query,1509305473.623036,1509305473.8114665,1035
query,1509305473.8114722,1509305474.503812,8457
query,1509305474.5038173,1509305474.6132622,9074
query,1509305474.613266,1509305474.658886,230
query,1509305474.6588902,1509305474.7644963,3539
query,1509305474.7645013,1509305475.423025,3448
query,1509305475.4230287,1509305475.5596037,9431
query,1509305475.5596085,1509305475.6781864,8418
query,1509305475.6781912,1509305475.7017634,1
query,1509305475.7017689,1509305475.756934,638
query,1509305475.7569385,1509305475.814466,2117
query,1509305475.8144698,1509305475.865724,563
query,1509305475.8657298,1509305475.9144635,143
query,1509305475.9144685,1509305476.0055177,6284
query,1509305476.0055227,1509305476.0580182,242
query,1509305476.0580227,1509305476.1857715,10365
query,1509305476.1858375,1509305476.2712033,1672
query,1509305476.2856445,1509305476.429722,10993
query,1509305476.4297256,1509305476.476118,140
query,1509305476.4761205,1509305476.514558,7
query,1509305476.5145612,1509305476.6173203,8882
query,1509305476.6173248,1509305476.6797867,1826
query,1509305476.6797888,1509305476.7357733,1843
query,1509305476.7357767,1509305476.8001833,459
query,1509305476.8001873,1509305476.834613,75
query,1509305476.8346171,1509305476.8982904,4555
query,1509305476.8982944,1509305477.0102446,8399
query,1509305477.010249,1509305477.0676427,1218
query,1509305477.0676475,1509305477.128864,1201
query,1509305477.128868,1509305477.1726766,9
query,1509305477.1726818,1509305477.2412047,3585
query,1509305477.2412102,1509305477.2965252,3037
query,1509305477.2965302,1509305477.3404512,2713
query,1509305477.3404558,1509305477.3759112,524
query,1509305477.3759158,1509305477.3905506,0
query,1509305477.3905551,1509305477.424186,6
query,1509305477.4242435,1509305477.5651684,11591
query,1509305477.5795195,1509305477.683557,8758
query,1509305477.6835623,1509305477.7025917,1
query,1509305477.7025957,1509305477.7184408,0
query,1509305477.7184453,1509305477.7954443,5019
query,1509305477.7954485,1509305477.8473084,3213
query,1509305477.8473132,1509305477.8855474,319
query,1509305477.885554,1509305477.9480484,2302
query,1509305477.948052,1509305477.9872394,270
query,1509305477.9872441,1509305478.0557244,10603
query,1509305478.0557282,1509305478.1082394,2254
query,1509305478.1082442,1509305478.1561186,1329
query,1509305478.156125,1509305478.2092645,130
query,1509305478.209269,1509305478.291227,7406
query,1509305478.2912316,1509305478.3208,3
query,1509305478.3208058,1509305478.359727,167
query,1509305478.3597317,1509305478.4271913,3979
query,1509305478.4271982,1509305478.5183191,7627
query,1509305478.5183234,1509305478.5345366,1
query,1509305478.534541,1509305478.577389,206
query,1509305478.5779955,1509305478.6091883,1
query,1509305478.612129,1509305478.6780896,91
query,1509305478.678096,1509305478.7425804,2245
query,1509305478.742585,1509305478.8184526,2281
query,1509305478.8184566,1509305478.9299319,7143
query,1509305478.9299357,1509305478.985904,726
query,1509305478.9859092,1509305479.0253959,4
query,1509305479.0254028,1509305479.0976515,2007
query,1509305479.0976562,1509305479.1498067,253
query,1509305479.1498113,1509305479.164725,0
query,1509305479.1647294,1509305479.209192,1371
query,1509305479.2091966,1509305479.2485545,115
query,1509305479.248559,1509305479.2951322,2655
query,1509305479.2951362,1509305479.394255,5609
query,1509305479.3942587,1509305479.4935796,6783
query,1509305479.4935844,1509305479.5672586,5502
query,1509305479.567263,1509305479.6242158,3169
query,1509305479.6242192,1509305479.6618402,8
query,1509305479.6618426,1509305479.6788692,1
query,1509305479.6788719,1509305479.7966983,12370
query,1509305479.7967443,1509305479.8989894,2709
query,1509305479.9137905,1509305479.959795,322
query,1509305479.9598012,1509305480.0131438,1393
query,1509305480.0131483,1509305480.08079,5146
query,1509305480.0807936,1509305480.1399407,10
query,1509305480.139947,1509305480.2769728,13697
query,1509305480.276976,1509305480.3422413,1352
query,1509305480.3422458,1509305480.3922267,6
query,1509305480.392232,1509305480.4517848,5962
query,1509305480.4517896,1509305480.5569866,7304
query,1509305480.5569909,1509305480.603585,2707
query,1509305480.603588,1509305480.682342,6812
query,1509305480.6823463,1509305480.7210455,331
query,1509305480.7210503,1509305480.7695718,101
query,1509305480.7695763,1509305480.8204172,12
query,1509305480.820424,1509305480.921456,8212
query,1509305480.9214616,1509305481.027983,7353
query,1509305481.027988,1509305481.0595791,4
query,1509305481.0595868,1509305481.150005,7638
query,1509305481.1500092,1509305481.1746917,2
query,1509305481.1747417,1509305481.2361424,3348
query,1509305481.2492692,1509305481.3024094,55
query,1509305481.3024137,1509305481.3848073,3973
query,1509305481.3848147,1509305481.4697466,6407
query,1509305481.4697516,1509305481.5084968,135
query,1509305481.508501,1509305481.6403413,15083
query,1509305481.6403456,1509305481.7633622,8936
query,1509305481.7633672,1509305481.8233132,2691
query,1509305481.8233173,1509305481.867523,1667
query,1509305481.8675284,1509305481.890529,1
query,1509305481.8905358,1509305481.9362416,120
query,1509305481.9362469,1509305482.0023158,271
query,1509305482.0023212,1509305482.071814,1433
query,1509305482.0718193,1509305482.1572008,5528
query,1509305482.1572084,1509305482.210762,1588
query,1509305482.210766,1509305482.239725,2
query,1509305482.2397296,1509305482.2605808,0
query,1509305482.260585,1509305482.3940427,11137
query,1509305482.3940477,1509305482.4286706,4
query,1509305482.4286766,1509305482.465549,27
query,1509305482.4655988,1509305482.5618708,5274
query,1509305482.5801606,1509305482.6479897,60
query,1509305482.647994,1509305482.727633,99
query,1509305482.7276373,1509305482.7798593,236
query,1509305482.779863,1509305482.832203,849
query,1509305482.8322077,1509305482.8743737,1231
query,1509305482.8743782,1509305482.9170043,565
query,1509305482.9170074,1509305482.9587889,1381
query,1509305482.958792,1509305483.001559,33
query,1509305483.001564,1509305483.0692754,3547
query,1509305483.0692792,1509305483.1734796,6522
query,1509305483.1734834,1509305483.198787,1
query,1509305483.1987913,1509305483.3231308,11777
query,1509305483.3231347,1509305483.3380055,0
query,1509305483.338008,1509305483.4176745,6471
query,1509305483.4176767,1509305483.553286,9462
query,1509305483.5532913,1509305483.6924775,12583
query,1509305483.6924813,1509305483.795135,6979
query,1509305483.795138,1509305483.8098798,0
query,1509305483.8098822,1509305483.8732505,1753
query,1509305483.8732905,1509305484.026031,8183
query,1509305484.039986,1509305484.0978887,575
query,1509305484.097893,1509305484.1555896,382
query,1509305484.1555924,1509305484.2106097,395
query,1509305484.210613,1509305484.2548,511
query,1509305484.2548032,1509305484.3319986,2297
query,1509305484.3320014,1509305484.4623282,9968
query,1509305484.4623306,1509305484.5182714,2064
query,1509305484.5182736,1509305484.5682526,109
query,1509305484.5682554,1509305484.6323094,3291
query,1509305484.6323113,1509305484.7020688,1595
query,1509305484.7020712,1509305484.765153,1118
query,1509305484.765155,1509305484.8179045,242
query,1509305484.8179085,1509305484.9139342,8143
query,1509305484.9139383,1509305484.957104,410
query,1509305484.957108,1509305485.0250907,2116
query,1509305485.025094,1509305485.0827029,1091
query,1509305485.082707,1509305485.1447685,96
query,1509305485.1447716,1509305485.2021117,3169
query,1509305485.2021148,1509305485.2732167,5390
query,1509305485.2732527,1509305485.357335,5471
query,1509305485.3709276,1509305485.4177816,3015
query,1509305485.4177856,1509305485.481058,4560
query,1509305485.4810603,1509305485.5248573,636
query,1509305485.5248604,1509305485.5898395,1356
query,1509305485.5898461,1509305485.6462288,11
query,1509305485.646232,1509305485.6784556,2
query,1509305485.678463,1509305485.735019,167
query,1509305485.7350237,1509305489.6575575,5692
query,1509305489.6575637,1509305489.918666,511
query,1509305489.9186723,1509305490.0878935,7311
query,1509305490.087899,1509305490.155806,2704
query,1509305490.1558118,1509305490.3054357,8068
query,1509305490.3054407,1509305490.3209434,0
query,1509305490.320949,1509305490.3757355,156
query,1509305490.3757403,1509305490.4727383,11177
query,1509305490.4727433,1509305491.503541,68
query,1509305491.5035546,1509305491.5827086,4041
query,1509305491.5827153,1509305491.6609778,3833
query,1509305491.6609833,1509305491.791452,10194
query,1509305491.7915118,1509305492.3972058,0
query,1509305492.4000545,1509305493.0341945,3519
query,1509305493.0341997,1509305493.0717738,425
query,1509305493.071779,1509305493.1068044,254
query,1509305493.1068091,1509305493.1693425,2423
query,1509305493.1693478,1509305493.2288425,594
query,1509305493.228847,1509305493.5154681,6637
query,1509305493.5154736,1509305493.571542,262
query,1509305493.5715463,1509305493.6778247,6662
query,1509305493.6778302,1509305493.7467055,837
query,1509305493.7467089,1509305493.8416135,7659
query,1509305493.8416188,1509305493.9611218,10671
query,1509305493.961127,1509305494.014186,12
query,1509305494.0141895,1509305494.066175,110
query,1509305494.0661807,1509305494.1100576,154
query,1509305494.1100633,1509305494.221962,9551
query,1509305494.2219672,1509305494.3268223,8780
query,1509305494.32683,1509305494.4076016,6590
query,1509305494.407607,1509305494.4495842,164
query,1509305494.4495895,1509305494.5044546,4924
query,1509305494.5044897,1509305494.541309,2
query,1509305494.5462356,1509305494.6218452,9162
query,1509305494.6218488,1509305494.6585686,858
query,1509305494.658572,1509305494.6948495,17
query,1509305494.6948538,1509305494.756915,7774
query,1509305494.7569182,1509305494.7921383,29
query,1509305494.7921453,1509305494.8398073,5284
query,1509305494.8398135,1509305494.8745453,479
query,1509305494.8745508,1509305494.9691823,10148
query,1509305494.9691877,1509305495.041261,8111
query,1509305495.041265,1509305495.0864127,2101
query,1509305495.0864172,1509305495.1700652,7967
query,1509305495.1700718,1509305495.2241044,10
query,1509305495.2241092,1509305495.328337,13198
query,1509305495.3283424,1509305495.3869934,434
query,1509305495.3869982,1509305495.4402785,1054
query,1509305495.4402835,1509305495.5078328,1570
query,1509305495.507838,1509305495.5576923,535
query,1509305495.5576968,1509305495.5793345,1
query,1509305495.5793383,1509305495.649369,1671
query,1509305495.6494327,1509305495.756742,2369
query,1509305495.7641895,1509305495.8491874,624
query,1509305495.8491929,1509305495.9180627,3512
query,1509305495.9180682,1509305495.9805553,2586
query,1509305495.9805634,1509305496.0384107,10
query,1509305496.0384176,1509305496.0675676,0
query,1509305496.0675714,1509305496.155423,6696
query,1509305496.1554368,1509305496.253124,6574
query,1509305496.2531278,1509305496.3627636,8019
query,1509305496.3627672,1509305496.4032009,626
query,1509305496.4032056,1509305496.455615,505
query,1509305496.455621,1509305496.518396,733
query,1509305496.518402,1509305496.6421092,6851
query,1509305496.642117,1509305496.7493422,8128
query,1509305496.749349,1509305496.7929556,125
query,1509305496.7929606,1509305496.8569882,2823
query,1509305496.856994,1509305496.9071987,1335
query,1509305496.9072042,1509305496.9980495,7468
query,1509305496.9980547,1509305497.0418987,2444
query,1509305497.0419037,1509305497.0867093,11
query,1509305497.0867465,1509305497.14826,12
query,1509305497.157927,1509305497.2009647,1995
query,1509305497.2009687,1509305497.2672806,4095
query,1509305497.267284,1509305497.3502975,6531
query,1509305497.3503032,1509305497.3955529,1128
query,1509305497.3955564,1509305497.4627392,6508
query,1509305497.4627473,1509305497.5222418,14
query,1509305497.5222476,1509305497.655279,9949
query,1509305497.6552832,1509305497.734437,8643
query,1509305497.7344427,1509305497.7772713,1828
query,1509305497.7772768,1509305497.812195,407
query,1509305497.8122005,1509305497.8689606,4110
query,1509305497.8689663,1509305497.9680836,5845
query,1509305497.9680903,1509305498.0328987,2383
query,1509305498.0329046,1509305498.1105063,6279
query,1509305498.1105168,1509305498.196293,7228
query,1509305498.196298,1509305498.2571354,2843
query,1509305498.2571394,1509305498.3356419,7003
query,1509305498.3356469,1509305498.4148896,3482
query,1509305498.4148936,1509305498.43137,1
query,1509305498.4314423,1509305498.4895773,7
query,1509305498.5028877,1509305498.5178633,0
query,1509305498.5178673,1509305498.5725753,135
query,1509305498.572579,1509305498.6345434,1494
query,1509305498.6345477,1509305498.6914124,874
query,1509305498.6914177,1509305498.7471578,49
query,1509305498.7471616,1509305498.800583,69
query,1509305498.8005855,1509305498.8487918,3484
query,1509305498.8487973,1509305498.9098015,1933
query,1509305498.9098065,1509305498.9406722,2
query,1509305498.9406767,1509305499.0179179,3429
query,1509305499.0179222,1509305499.0831804,1682
query,1509305499.0831866,1509305499.1049116,2
query,1509305499.104918,1509305499.2011912,6346
query,1509305499.2011957,1509305499.2360933,299
query,1509305499.236096,1509305499.2669356,12
query,1509305499.2669399,1509305499.3067365,2491
query,1509305499.3067412,1509305499.3380435,239
query,1509305499.3380482,1509305499.400048,4778
query,1509305499.4000528,1509305499.4524517,1566
query,1509305499.452491,1509305499.5422242,790
query,1509305499.5553102,1509305499.603583,20
query,1509305499.603587,1509305499.682334,6478
query,1509305499.6823387,1509305499.7236776,1308
query,1509305499.7236807,1509305499.7790797,671
query,1509305499.779127,1509305499.821229,2
query,1509305499.8212333,1509305499.8699882,860
query,1509305499.8699923,1509305499.9252892,287
query,1509305499.9252954,1509305499.9455173,2
query,1509305499.9455214,1509305500.0008843,96
query,1509305500.0008898,1509305500.0696654,6056
query,1509305500.0696712,1509305500.1047082,65
query,1509305500.1047113,1509305500.2002146,11386
query,1509305500.2002218,1509305500.2471836,771
query,1509305500.2471898,1509305500.285157,420
query,1509305500.2851615,1509305500.304989,1
query,1509305500.3049936,1509305500.388786,9977
query,1509305500.3887904,1509305500.4447036,3337
query,1509305500.4447083,1509305500.4914837,2172
query,1509305500.4914873,1509305500.5670795,3426
query,1509305500.5672002,1509305500.6124647,172
query,1509305500.619819,1509305500.6556544,264
query,1509305500.6556737,1509305500.7275164,4241
query,1509305500.7275186,1509305500.7868025,6501
query,1509305500.7868059,1509305500.804998,0
query,1509305500.805001,1509305500.9383647,9234
query,1509305500.9383817,1509305500.9964187,289
query,1509305500.9964237,1509305501.0523157,117
query,1509305501.052321,1509305501.07439,3
query,1509305501.0743952,1509305501.1130953,491
query,1509305501.1130993,1509305501.1696966,367
query,1509305501.1697004,1509305501.2594972,8570
query,1509305501.2595007,1509305501.3457856,7036
query,1509305501.3457901,1509305501.3618128,0
query,1509305501.3618178,1509305501.3839905,2
query,1509305501.383995,1509305501.4555442,5878
query,1509305501.4555485,1509305501.5128107,2005
query,1509305501.5128143,1509305501.5788703,2247
query,1509305501.5788722,1509305501.6383905,6
query,1509305501.6383948,1509305501.6983645,495
query,1509305501.6984248,1509305501.8130007,4183
query,1509305501.8277364,1509305501.9591367,10632
query,1509305501.9591427,1509305502.0167654,592
query,1509305502.0167701,1509305502.1342585,10448
query,1509305502.134263,1509305502.1903396,960
query,1509305502.1903439,1509305502.2797441,4781
query,1509305502.2797487,1509305502.334768,245
query,1509305502.3347726,1509305502.3888807,140
query,1509305502.3888848,1509305502.474663,5088
query,1509305502.4746664,1509305502.5784278,7822
query,1509305502.5784318,1509305502.68516,8172
query,1509305502.685164,1509305502.7357361,145
query,1509305502.7357404,1509305502.8184278,10678
query,1509305502.8184316,1509305502.8837671,9669
query,1509305502.883771,1509305502.9658349,11808
query,1509305502.9658413,1509305503.059658,9941
query,1509305503.0596623,1509305503.108437,822
query,1509305503.1084414,1509305503.1798491,2822
query,1509305503.179853,1509305503.2093718,10
query,1509305503.2093759,1509305503.2983818,6382
query,1509305503.298453,1509305503.3821468,168
query,1509305503.3952875,1509305503.4922068,5754
query,1509305503.4922123,1509305503.5421581,17
query,1509305503.5421643,1509305503.6052938,3754
query,1509305503.6052995,1509305503.6636453,2422
query,1509305503.6636527,1509305503.7151268,1004
query,1509305503.7151334,1509305506.2838907,7230
query,1509305506.2838957,1509305506.3627017,4276
query,1509305506.3627071,1509305506.4614916,6730
query,1509305506.461496,1509305506.5529103,4514
query,1509305506.5529153,1509305506.662554,3345
query,1509305506.6625595,1509305506.7028167,92
query,1509305506.702821,1509305508.0249834,27
query,1509305508.0249891,1509305508.1395833,10878
query,1509305508.1395876,1509305508.153965,0
query,1509305508.1539693,1509305508.2747674,8941
query,1509305508.2747722,1509305508.3546312,2862
query,1509305508.3546367,1509305509.5992649,9870
query,1509305509.5992703,1509305509.7300375,10795
query,1509305509.730042,1509305509.8187647,7518
query,1509305509.8188303,1509305509.9407482,8685
query,1509305509.9543962,1509305510.0011673,7
query,1509305510.001171,1509305510.4867406,4
query,1509305510.4867456,1509305510.5718358,5154
query,1509305510.5718398,1509305510.649732,6477
query,1509305510.6497378,1509305510.7451253,5829
query,1509305510.7451308,1509305510.840662,7117
query,1509305510.8406675,1509305510.8779802,543
query,1509305510.8779838,1509305510.9139078,155
query,1509305510.9139123,1509305510.9389808,1
query,1509305510.9389849,1509305511.0398529,9716
query,1509305511.0398574,1509305511.055848,0
query,1509305511.0558522,1509305511.1053202,653
query,1509305511.1053362,1509305511.1485293,1995
query,1509305511.1485343,1509305511.1903343,2118
query,1509305511.190339,1509305511.3279476,13112
query,1509305511.3279526,1509305511.4006388,129
query,1509305511.4006438,1509305511.4876273,8300
query,1509305511.4876313,1509305511.5549285,3129
query,1509305511.5549343,1509305511.6251476,6964
query,1509305511.6251965,1509305511.7583857,12456
query,1509305511.7726371,1509305511.8170497,1027
query,1509305511.8170536,1509305511.9114144,8456
query,1509305511.9114172,1509305511.9679546,12
query,1509305511.9679594,1509305512.0410147,3603
query,1509305512.0410187,1509305512.1291413,7359
query,1509305512.1291473,1509305512.1778345,2711
query,1509305512.1778383,1509305512.2144356,194
query,1509305512.2144394,1509305512.3260236,13430
query,1509305512.3260276,1509305512.3803866,1662
query,1509305512.3803911,1509305512.4189985,115
query,1509305512.4190025,1509305512.5250666,8862
query,1509305512.5250711,1509305512.5912654,4599
query,1509305512.5912697,1509305512.6352296,3418
query,1509305512.6352344,1509305512.6557963,2
query,1509305512.6557982,1509305512.6899815,349
query,1509305512.6899838,1509305512.7305682,840
query,1509305512.7305717,1509305512.7862594,168
query,1509305512.7862632,1509305512.8321602,1789
query,1509305512.8321643,1509305512.902139,6138
query,1509305512.9021988,1509305513.0090568,2652
query,1509305513.0223389,1509305513.1094525,4224
query,1509305513.1094575,1509305513.187936,6206
query,1509305513.18794,1509305513.2997913,8296
query,1509305513.299795,1509305513.3486376,297
query,1509305513.3486426,1509305513.399648,105
query,1509305513.3996522,1509305513.4488826,387
query,1509305513.448887,1509305513.5211873,3027
query,1509305513.5211942,1509305513.6484098,9031
query,1509305513.6484144,1509305513.7573898,11293
query,1509305513.7573948,1509305513.8970077,13005
query,1509305513.897012,1509305513.9581335,1343
query,1509305513.9581382,1509305514.1142285,12209
query,1509305514.114232,1509305514.137336,1
query,1509305514.13734,1509305514.228888,3509
query,1509305514.228893,1509305514.293802,944
query,1509305514.293806,1509305514.414633,7655
query,1509305514.4146388,1509305514.4888892,3545
query,1509305514.4888961,1509305514.556419,45
query,1509305514.5564265,1509305514.628641,3035
query,1509305514.6287026,1509305514.7149048,422
query,1509305514.7329557,1509305514.8182073,2774
query,1509305514.8182118,1509305514.9149778,4622
query,1509305514.9149828,1509305514.9857724,4391
query,1509305514.9857767,1509305515.046148,38
query,1509305515.0461545,1509305515.1025808,3166
query,1509305515.102586,1509305515.2624972,13684
query,1509305515.2625027,1509305515.3482163,6427
query,1509305515.348221,1509305515.4997194,11248
query,1509305515.4997234,1509305515.5268364,6
query,1509305515.5268414,1509305515.6437988,5512
query,1509305515.6438031,1509305515.7056298,2814
query,1509305515.7056332,1509305515.7217753,1
query,1509305515.7217789,1509305515.8204355,8087
query,1509305515.8204408,1509305515.8364475,0
query,1509305515.8364525,1509305515.8802824,4
query,1509305515.8802872,1509305515.981071,6300
query,1509305515.9810762,1509305516.0396025,56
query,1509305516.0396082,1509305516.1669896,12298
query,1509305516.166994,1509305516.2824352,9196
query,1509305516.2824836,1509305516.4231465,8835
query,1509305516.4363086,1509305516.4822114,33
query,1509305516.4822164,1509305516.5338633,1541
query,1509305516.5338676,1509305516.590461,779
query,1509305516.5904663,1509305516.6424863,7
query,1509305516.6424909,1509305516.6851287,17
query,1509305516.6851337,1509305516.7318578,420
query,1509305516.7318654,1509305516.8360143,7400
query,1509305516.8360217,1509305516.8577685,0
query,1509305516.857774,1509305516.9225857,232
query,1509305516.922592,1509305516.9755094,14
query,1509305516.9755151,1509305517.09118,7921
query,1509305517.0911858,1509305517.2226136,13779
query,1509305517.2226214,1509305517.2967813,7131
query,1509305517.2967863,1509305517.3412342,53
query,1509305517.341239,1509305517.4995399,10026
query,1509305517.4995463,1509305517.5788245,2726
query,1509305517.5788305,1509305517.6327262,1196
query,1509305517.6327322,1509305517.6990135,3029
query,1509305517.699018,1509305517.7968113,7317
query,1509305517.7968576,1509305517.874977,2243
query,1509305517.8888001,1509305517.9374747,2666
query,1509305517.937477,1509305518.0353408,8505
query,1509305518.035344,1509305518.050534,0
query,1509305518.0505514,1509305518.17754,10734
query,1509305518.1775439,1509305518.2316806,46
query,1509305518.231685,1509305518.316513,5564
query,1509305518.3165176,1509305518.3897526,3183
query,1509305518.3897576,1509305518.454254,4713
query,1509305518.4542587,1509305518.5272162,5216
query,1509305518.5272229,1509305518.5627692,26
query,1509305518.5627732,1509305518.6085494,317
query,1509305518.6085534,1509305518.6862266,4707
query,1509305518.6862316,1509305518.7085474,1
query,1509305518.7085538,1509305518.8060157,6409
query,1509305518.8060207,1509305518.8841846,8055
query,1509305518.88419,1509305518.9332087,368
query,1509305518.933213,1509305518.974051,25
query,1509305518.9740553,1509305519.053031,6385
query,1509305519.0530365,1509305519.0678246,0
query,1509305519.067888,1509305519.141136,4872
query,1509305519.152828,1509305519.2112193,3356
query,1509305519.2112246,1509305519.2457929,96
query,1509305519.2457998,1509305519.349538,6945
query,1509305519.3495429,1509305519.3664863,3
query,1509305519.3664904,1509305519.4537635,5345
query,1509305519.4537678,1509305519.5185022,1200
query,1509305519.5185072,1509305519.579016,362
query,1509305519.57902,1509305519.6300497,1692
query,1509305519.6300542,1509305519.6836383,2442
query,1509305519.6836433,1509305519.7861345,3440
query,1509305519.7861385,1509305519.8716187,7296
query,1509305519.871623,1509305519.9089,356
query,1509305519.908904,1509305519.9636207,3205
query,1509305519.9636252,1509305520.0210738,1809
query,1509305520.0210803,1509305520.082545,1895
query,1509305520.0825493,1509305520.1490414,5170
query,1509305520.149046,1509305520.2076197,234
query,1509305520.207624,1509305520.2740734,1655
query,1509305520.2740777,1509305520.3328755,667
query,1509305520.3329418,1509305520.383933,0
query,1509305520.3854916,1509305520.438028,174
query,1509305520.4380326,1509305520.557958,3440
query,1509305520.5579624,1509305520.6150422,605
query,1509305520.6150465,1509305520.7148657,8591
query,1509305520.71487,1509305520.7784595,5618
query,1509305520.7784636,1509305522.1228144,2573
query,1509305522.1228209,1509305522.3380506,727
query,1509305522.338057,1509305522.3764272,6
query,1509305522.376435,1509305522.4172428,137
query,1509305522.4172497,1509305522.5158112,10606
query,1509305522.5158157,1509305522.5730274,19
query,1509305522.5730317,1509305522.6901307,8776
query,1509305522.6901355,1509305522.7818153,4462
query,1509305522.7818196,1509305522.9356172,5786
query,1509305522.935622,1509305522.989625,2072
query,1509305522.98963,1509305523.1133356,9157
query,1509305523.1133404,1509305523.1736975,394
query,1509305523.1737027,1509305523.2311966,225
query,1509305523.2312012,1509305525.5340455,8696
query,1509305525.5341206,1509305525.7012503,7397
query,1509305525.709426,1509305525.797441,5627
query,1509305525.797445,1509305526.0308123,738
query,1509305526.0308168,1509305526.0979164,1391
query,1509305526.0979216,1509305526.1738138,2750
query,1509305526.17382,1509305526.3049066,13777
query,1509305526.3049104,1509305526.362223,50
query,1509305526.362227,1509305526.4107845,10
query,1509305526.4107893,1509305527.9725516,5439
query,1509305527.9725566,1509305528.0745583,6650
query,1509305528.0745637,1509305528.1368845,126
query,1509305528.1368895,1509305528.1539059,0
query,1509305528.1539114,1509305528.1854622,2
query,1509305528.185467,1509305528.2797256,4900
query,1509305528.27973,1509305528.3691845,2897
query,1509305528.3691878,1509305528.4716766,9038
query,1509305528.4716806,1509305528.4882522,0
query,1509305528.4882562,1509305528.6294544,9700
query,1509305528.6294587,1509305528.6940262,667
query,1509305528.6940317,1509305528.7859664,3391
query,1509305528.7860098,1509305528.8627005,1111
query,1509305528.8758643,1509305528.994524,4195
query,1509305528.9945285,1509305529.0905187,49
query,1509305529.090523,1509305529.1472695,26
query,1509305529.147274,1509305529.2141645,769
query,1509305529.2141695,1509305529.271875,273
query,1509305529.2718804,1509305529.340148,3535
query,1509305529.3401525,1509305529.4210384,5155
query,1509305529.4210453,1509305529.4782982,1936
query,1509305529.4783022,1509305529.536482,484
query,1509305529.5364878,1509305529.659277,246
query,1509305529.6592824,1509305529.6780949,1
query,1509305529.6780992,1509305529.7988322,8178
query,1509305529.798839,1509305529.8629107,25
query,1509305529.8629155,1509305529.9007282,51
query,1509305529.9007356,1509305529.93975,13
query,1509305529.9397552,1509305530.0019238,1064
query,1509305530.0019307,1509305530.0632832,867
query,1509305530.0632873,1509305530.1315787,1913
query,1509305530.131583,1509305530.2182047,4542
query,1509305530.2182496,1509305530.3428907,5039
query,1509305530.3574493,1509305530.435977,4113
query,1509305530.4359813,1509305530.4918993,5
query,1509305530.4919038,1509305530.5468676,465
query,1509305530.5468745,1509305530.6015863,14
query,1509305530.6015906,1509305530.6672924,1861
query,1509305530.667297,1509305530.721366,2
query,1509305530.721371,1509305530.737352,1
query,1509305530.737356,1509305530.772814,6
query,1509305530.7728179,1509305530.8178296,543
query,1509305530.8178344,1509305530.8945901,5328
query,1509305530.894595,1509305530.912758,1
query,1509305530.9127626,1509305530.95518,50
query,1509305530.9551847,1509305530.9899144,25
query,1509305530.9899182,1509305531.040067,340
query,1509305531.0400712,1509305531.0862098,372
query,1509305531.086214,1509305531.142449,2917
query,1509305531.1424532,1509305531.2250364,6802
query,1509305531.2250419,1509305531.3278978,7630
query,1509305531.3279035,1509305531.431018,9740
query,1509305531.431061,1509305531.581991,9508
query,1509305531.5942457,1509305531.6904857,5569
query,1509305531.6904902,1509305531.7258592,146
query,1509305531.7258637,1509305531.7621744,177
query,1509305531.762179,1509305531.8213315,83
query,1509305531.8213363,1509305531.8845663,24
query,1509305531.8845708,1509305531.9897528,7938
query,1509305531.989757,1509305532.0909126,7621
query,1509305532.0909173,1509305532.1538916,646
query,1509305532.1538959,1509305532.1803305,6
query,1509305532.1803348,1509305532.2380214,34
query,1509305532.238026,1509305532.2550344,0
query,1509305532.2550385,1509305532.3358,5856
query,1509305532.335805,1509305532.3559964,1
query,1509305532.3560002,1509305532.4138198,835
query,1509305532.4138248,1509305532.5040379,6356
query,1509305532.5040467,1509305532.5646276,1364
query,1509305532.564633,1509305532.6432595,5877
query,1509305532.6432636,1509305532.717868,2375
query,1509305532.7178726,1509305532.757742,252
query,1509305532.7577922,1509305532.8536975,10118
query,1509305532.8668683,1509305532.908916,240
query,1509305532.9089208,1509305532.9707677,3556
query,1509305532.9707723,1509305533.0130439,2989
query,1509305533.0130503,1509305533.0525465,1316
query,1509305533.0525508,1509305533.1446261,5787
query,1509305533.1446304,1509305533.239314,8760
query,1509305533.239318,1509305533.2806427,3342
query,1509305533.2806454,1509305533.297074,0
query,1509305533.2970786,1509305533.3886347,11816
query,1509305533.3886397,1509305533.4028697,0
query,1509305533.402876,1509305533.418402,0
query,1509305533.418406,1509305533.4374778,1
query,1509305533.437482,1509305533.4532073,0
query,1509305533.4532113,1509305533.5115118,2337
query,1509305533.511516,1509305533.5508225,0
query,1509305533.5508263,1509305533.657249,8587
query,1509305533.6572533,1509305533.673504,0
query,1509305533.673508,1509305533.7385964,4620
query,1509305533.7386007,1509305533.7964265,2406
query,1509305533.7964563,1509305533.857266,1
query,1509305533.8610744,1509305533.9512923,10232
query,1509305533.951296,1509305533.9900553,49
query,1509305533.990058,1509305534.0431333,112
query,1509305534.0431378,1509305534.1211958,3385
query,1509305534.1211998,1509305534.1770563,1392
query,1509305534.177063,1509305534.2356422,4353
query,1509305534.2356472,1509305534.2908573,265
query,1509305534.2908618,1509305534.345701,516
query,1509305534.3457055,1509305534.4029212,2354
query,1509305534.4029262,1509305534.4610798,2911
query,1509305534.4610841,1509305534.5172634,658
query,1509305534.517268,1509305534.5803263,1423
query,1509305534.5803316,1509305534.6257453,2126
query,1509305534.62575,1509305534.6816056,877
query,1509305534.68161,1509305534.7434433,800
query,1509305534.7434473,1509305534.8252952,3788
query,1509305534.8252993,1509305534.8833442,539
query,1509305534.8833492,1509305534.98187,5644
query,1509305534.981875,1509305535.0254364,2
query,1509305535.0254958,1509305535.1403997,729
query,1509305535.150009,1509305535.1666255,0
query,1509305535.1666288,1509305535.2365851,2395
query,1509305535.2365901,1509305535.2935817,320
query,1509305535.2935855,1509305535.3502254,495
query,1509305535.35023,1509305535.4297106,3588
query,1509305535.4297152,1509305535.4930086,1638
query,1509305535.493013,1509305535.5959013,9739
query,1509305535.5959065,1509305535.654785,1688
query,1509305535.65479,1509305535.7408729,7670
query,1509305535.7408774,1509305535.8059216,4037
query,1509305535.8059263,1509305535.8980153,6201
query,1509305535.8980198,1509305535.9726887,2965
query,1509305535.9726934,1509305536.0334883,1076
query,1509305536.0334933,1509305536.0879352,1077
query,1509305536.0879412,1509305536.151902,779
query,1509305536.151907,1509305536.189607,437
query,1509305536.189612,1509305536.2785988,7344
query,1509305536.2786043,1509305536.3336976,171
query,1509305536.3337023,1509305536.389713,5
query,1509305536.3897786,1509305536.4621954,264
query,1509305536.4755025,1509305536.5405505,6314
query,1509305536.5405548,1509305536.5972679,709
query,1509305536.5972722,1509305536.6764097,3932
query,1509305536.6764143,1509305536.7873054,9179
query,1509305536.7873101,1509305536.9182017,11635
query,1509305536.9182062,1509305536.9990194,3690
query,1509305536.9990234,1509305537.014489,0
query,1509305537.0144928,1509305537.0898528,3612
query,1509305537.0898569,1509305537.1126375,1
query,1509305537.1126416,1509305537.2380824,10517
query,1509305537.2380881,1509305537.2748644,321
query,1509305537.2748685,1509305537.3073905,14
query,1509305537.3073928,1509305537.4962115,15049
query,1509305537.496216,1509305537.5090191,0
query,1509305537.5090249,1509305537.6069732,8334
query,1509305537.6069765,1509305537.7109995,8665
query,1509305537.7110052,1509305537.817729,9917
query,1509305537.8177335,1509305537.905376,4295
query,1509305537.9053817,1509305537.964543,548
query,1509305537.9645936,1509305538.0526621,811
query,1509305538.066453,1509305538.0902252,1
query,1509305538.090229,1509305538.1128564,0
query,1509305538.1128604,1509305538.1299965,0
query,1509305538.1300004,1509305538.185587,7
query,1509305538.1855905,1509305538.2464106,3657
query,1509305538.2464166,1509305538.3468657,6317
query,1509305538.3468723,1509305538.4068067,3447
query,1509305538.4068096,1509305538.5223584,7025
query,1509305538.5223637,1509305538.6044862,7366
query,1509305538.6044908,1509305538.6223252,1
query,1509305538.6223297,1509305538.6843364,2047
query,1509305538.6843407,1509305538.7306476,179
query,1509305538.7306516,1509305538.8025172,2810
query,1509305538.8025212,1509305538.8845434,6349
query,1509305538.8845484,1509305538.9389124,2385
query,1509305538.9389176,1509305539.0313928,6124
query,1509305539.0313973,1509305539.1305668,4497
query,1509305539.1305711,1509305539.200537,4983
query,1509305539.200542,1509305539.2475777,1267
query,1509305539.2476366,1509305539.3165452,2929
query,1509305539.3288066,1509305539.3668985,554
query,1509305539.3669019,1509305539.4444733,4396
query,1509305539.4444776,1509305539.5350745,5046
query,1509305539.5350788,1509305539.6649318,9437
query,1509305539.6649363,1509305539.731844,2688
query,1509305539.7318485,1509305539.8047838,4190
query,1509305539.8047884,1509305539.8212163,0
query,1509305539.8212209,1509305539.872906,1607
query,1509305539.87291,1509305539.9121027,197
query,1509305539.912107,1509305539.9488008,11
query,1509305539.9488058,1509305539.9719782,4
query,1509305539.9719825,1509305540.047533,5685
query,1509305540.0475402,1509305540.0966754,333
query,1509305540.0966797,1509305540.2177675,10833
query,1509305540.2177715,1509305540.3305342,9614
query,1509305540.330539,1509305540.4055,6748
query,1509305540.405505,1509305540.4479795,141
query,1509305540.4479847,1509305540.4994578,766
query,1509305540.4994621,1509305540.55487,3651
query,1509305540.554917,1509305540.6075332,85
query,1509305540.6221573,1509305540.6772318,359
query,1509305540.6772358,1509305540.7812562,6524
query,1509305540.781261,1509305540.8409598,4
query,1509305540.840964,1509305540.8554652,0
query,1509305540.855469,1509305540.9538507,10234
query,1509305540.9538553,1509305541.031479,5182
query,1509305541.0314841,1509305541.066389,181
query,1509305541.0663958,1509305541.1324966,1777
query,1509305541.1325011,1509305541.1932743,697
query,1509305541.1932786,1509305541.2421653,3739
query,1509305541.2421694,1509305541.3037412,4566
query,1509305541.303746,1509305541.3695402,3962
query,1509305541.369547,1509305541.4313526,3630
query,1509305541.4313571,1509305541.4937868,3620
query,1509305541.4937909,1509305541.5389593,80
query,1509305541.5389633,1509305541.6424322,7099
query,1509305541.6424375,1509305541.714194,3147
query,1509305541.7141984,1509305541.7303107,1
query,1509305541.7303152,1509305541.7859905,210
query,1509305541.7860398,1509305541.8968434,2880
query,1509305541.9111426,1509305542.0286064,11750
query,1509305542.0286117,1509305542.0846245,1467
query,1509305542.0846317,1509305542.108803,1
query,1509305542.108807,1509305542.229364,8389
query,1509305542.2293684,1509305542.309876,9067
query,1509305542.30988,1509305542.4018152,10610
query,1509305542.4018195,1509305542.4475574,1248
query,1509305542.4475617,1509305542.4941723,2330
query,1509305542.4941778,1509305542.574421,2896
query,1509305542.5744252,1509305542.6326675,288
query,1509305542.6326718,1509305542.6493108,0
query,1509305542.6493165,1509305542.77924,8815
query,1509305542.7792456,1509305542.8565643,3270
query,1509305542.8565686,1509305542.9758372,10392
query,1509305542.9758422,1509305543.020921,1086
query,1509305543.0209277,1509305543.067754,656
query,1509305543.0677588,1509305543.179808,9745
query,1509305543.1798148,1509305543.30073,10117
query,1509305543.300736,1509305543.37067,4540
query,1509305543.3707154,1509305543.4775863,4688
query,1509305543.490258,1509305543.5408301,2120
query,1509305543.5408328,1509305543.6513522,7727
query,1509305543.651356,1509305543.704858,450
query,1509305543.704862,1509305543.7624109,29
query,1509305543.762416,1509305543.8188443,193
query,1509305543.8188484,1509305543.874329,18
query,1509305543.8743334,1509305543.9333892,237
query,1509305543.933394,1509305544.0423644,6019
query,1509305544.0423687,1509305544.092052,1080
query,1509305544.0920568,1509305544.1064515,0
query,1509305544.1064556,1509305544.214466,7479
query,1509305544.2144694,1509305544.2690318,70
query,1509305544.269036,1509305544.3258343,44
query,1509305544.3258388,1509305544.3862288,4358
query,1509305544.3862333,1509305544.428012,689
query,1509305544.428017,1509305544.5348172,7588
query,1509305544.5348203,1509305544.6413755,9049
query,1509305544.6413784,1509305544.7034457,5052
query,1509305544.7034497,1509305544.7361412,40
query,1509305544.7361884,1509305544.7996368,1727
query,1509305544.814014,1509305544.869073,2258
query,1509305544.8690772,1509305544.893438,5
query,1509305544.8934436,1509305544.9793322,6732
query,1509305544.9793367,1509305545.0403016,2092
query,1509305545.040306,1509305545.0899897,2803
query,1509305545.0899959,1509305545.1044736,0
query,1509305545.1044786,1509305545.1509466,4475
query,1509305545.1509538,1509305545.1937654,2764
query,1509305545.1937697,1509305545.242894,5390
query,1509305545.2428975,1509305545.304948,8157
query,1509305545.304951,1509305545.4008734,9092
query,1509305545.4008791,1509305545.4750378,4058
query,1509305545.4750419,1509305545.493909,0
query,1509305545.493913,1509305545.5596797,2962
query,1509305545.5596848,1509305545.6208048,2244
query,1509305545.620809,1509305545.6740303,42
query,1509305545.6740339,1509305545.7887878,11367
query,1509305545.7887905,1509305545.8744264,6726
query,1509305545.8744304,1509305545.9615312,6311
query,1509305545.961576,1509305546.0109103,800
query,1509305546.025184,1509305546.0670803,195
query,1509305546.0670846,1509305546.1226532,122
query,1509305546.1226563,1509305546.2169826,6506
query,1509305546.2169874,1509305546.2732394,400
query,1509305546.2732437,1509305546.3348565,670
query,1509305546.334861,1509305546.431961,5812
query,1509305546.431967,1509305546.448575,0
query,1509305546.4485798,1509305546.5212715,3900
query,1509305546.5212765,1509305546.6011453,5583
query,1509305546.60115,1509305546.6761067,4297
query,1509305546.6761117,1509305546.718578,33
query,1509305546.7185829,1509305546.8043847,6366
query,1509305546.804388,1509305546.8664658,4140
query,1509305546.8664706,1509305546.9092171,63
query,1509305546.9092224,1509305546.9264197,0
query,1509305546.926425,1509305546.94382,0
query,1509305546.9438276,1509305546.994268,130
query,1509305546.9942725,1509305547.0829918,5179
query,1509305547.0829964,1509305547.1818163,8039
query,1509305547.1818678,1509305547.2632065,4
query,1509305547.2769396,1509305547.3795877,9803
query,1509305547.3795927,1509305547.4914176,9877
query,1509305547.4914207,1509305547.5749574,6307
query,1509305547.5749598,1509305547.6314862,52
query,1509305547.6314888,1509305547.7126675,2628
query,1509305547.7126725,1509305547.7548664,1629
query,1509305547.7548704,1509305547.7904563,21
query,1509305547.7904606,1509305547.8787217,7724
query,1509305547.8787296,1509305547.960455,8677
query,1509305547.9604597,1509305548.0079174,2002
query,1509305548.007922,1509305548.0632513,36
query,1509305548.0632555,1509305548.1002274,14
query,1509305548.1002316,1509305548.1609228,5916
query,1509305548.1609275,1509305548.1801507,1
query,1509305548.1801546,1509305548.2178204,240
query,1509305548.2178257,1509305548.2337608,0
query,1509305548.2337654,1509305548.3161607,8539
query,1509305548.3161654,1509305548.3577528,707
query,1509305548.3577569,1509305548.4039192,1223
query,1509305548.4039643,1509305548.4606524,853
query,1509305548.4737546,1509305548.524627,2690
query,1509305548.5246313,1509305548.6350696,10088
query,1509305548.6350746,1509305548.650682,0
query,1509305548.6506886,1509305548.675776,2
query,1509305548.6757803,1509305548.7088435,6
query,1509305548.7088482,1509305548.822285,11464
query,1509305548.8222895,1509305548.8674245,5
query,1509305548.8674304,1509305548.9762082,11672
query,1509305548.9762132,1509305549.03064,85
query,1509305549.030644,1509305549.048133,0
query,1509305549.048139,1509305549.12618,3258
query,1509305549.126185,1509305550.7468882,3396
query,1509305550.7468932,1509305550.8317316,7239
query,1509305550.8317366,1509305550.8938146,3185
query,1509305550.8938267,1509305550.9633584,2009
query,1509305550.963361,1509305551.0275633,4562
query,1509305551.027566,1509305551.1303315,9121
query,1509305551.1303394,1509305552.5012093,75
query,1509305552.5012167,1509305552.6137247,3456
query,1509305552.6137767,1509305552.7334933,5628
query,1509305552.7411494,1509305552.8493292,7806
query,1509305552.849332,1509305553.1962833,1590
query,1509305553.1962984,1509305553.2484882,13
query,1509305553.2484925,1509305553.302964,396
query,1509305553.3029685,1509305553.3711863,2275
query,1509305553.3711896,1509305553.3885167,0
query,1509305553.388521,1509305553.4305103,219
query,1509305553.4305162,1509305553.4863086,1968
query,1509305553.4863145,1509305553.5532808,1443
query,1509305553.5532858,1509305553.6467354,5849
query,1509305553.6467404,1509305553.706819,409
query,1509305553.7068233,1509305553.8285391,10653
query,1509305553.8285437,1509305553.9655404,9306
query,1509305553.9655454,1509305554.0397177,2966
query,1509305554.039722,1509305554.1170976,294
query,1509305554.117102,1509305554.1909244,153
query,1509305554.1909313,1509305554.2561312,834
query,1509305554.2561352,1509305554.2844453,1
query,1509305554.28445,1509305554.337929,427
query,1509305554.3379788,1509305554.452584,3086
query,1509305554.4660716,1509305554.518064,16
query,1509305554.5180683,1509305554.562316,51
query,1509305554.5623183,1509305554.6179132,149
query,1509305554.6179197,1509305554.701266,3924
query,1509305554.7012706,1509305554.7566764,155
query,1509305554.7566812,1509305554.8084898,108
query,1509305554.8084943,1509305554.8250482,0
query,1509305554.825053,1509305554.8872528,3356
query,1509305554.8872616,1509305555.0077202,8245
query,1509305555.0077245,1509305555.0646288,29
query,1509305555.064633,1509305555.1196055,7
query,1509305555.1196098,1509305555.214106,5340
query,1509305555.2141109,1509305555.267153,2115
query,1509305555.267158,1509305555.3292723,44
query,1509305555.3292768,1509305555.395613,4211
query,1509305555.395617,1509305555.450792,262
query,1509305555.4507961,1509305555.4666326,0
query,1509305555.4666367,1509305555.5236812,1626
query,1509305555.5236852,1509305555.5743132,8
query,1509305555.574358,1509305555.6612244,1057
query,1509305555.6753557,1509305555.734628,1222
query,1509305555.7346318,1509305555.8266613,7238
query,1509305555.826667,1509305555.9249172,7576
query,1509305555.924924,1509305555.9988873,4022
query,1509305555.9988916,1509305556.0392861,1393
query,1509305556.0392888,1509305556.073992,1984
query,1509305556.0739946,1509305556.159205,7537
query,1509305556.1592097,1509305556.2165966,1491
query,1509305556.2166011,1509305556.3056426,2940
query,1509305556.3056474,1509305556.403936,7864
query,1509305556.4039407,1509305556.4463458,1529
query,1509305556.4463532,1509305556.517353,4123
query,1509305556.5173573,1509305556.6022422,8060
query,1509305556.6022475,1509305556.6652935,3451
query,1509305556.6652977,1509305556.7750556,9982
query,1509305556.7750607,1509305556.898081,8615
query,1509305556.8980856,1509305556.9695933,3457
query,1509305556.9695983,1509305557.0288293,686
query,1509305557.028837,1509305557.063044,28
query,1509305557.0631406,1509305557.1196373,12
query,1509305557.1345327,1509305557.1835845,3773
query,1509305557.183589,1509305557.2193105,84
query,1509305557.2193148,1509305557.2926216,3432
query,1509305557.292626,1509305557.3455846,2130
query,1509305557.3455887,1509305557.398511,50
query,1509305557.398518,1509305557.4354756,1223
query,1509305557.4354796,1509305557.481885,1433
query,1509305557.481889,1509305557.5207176,3576
query,1509305557.520722,1509305557.5715187,3405
query,1509305557.571523,1509305557.6083083,71
query,1509305557.6083124,1509305557.689873,8126
query,1509305557.6898775,1509305557.746799,154
query,1509305557.746804,1509305557.8001692,10
query,1509305557.800176,1509305557.8963988,5731
query,1509305557.8964028,1509305557.9749367,5508
query,1509305557.9749408,1509305558.029529,4233
query,1509305558.0295336,1509305558.0892322,4787
query,1509305558.0892363,1509305558.1726437,6896
query,1509305558.1726482,1509305558.1877408,0
query,1509305558.1877878,1509305558.2081141,0
query,1509305558.2102754,1509305558.2328758,0
query,1509305558.23288,1509305558.2932599,1124
query,1509305558.2932642,1509305558.310029,0
query,1509305558.3100357,1509305558.3595548,548
query,1509305558.3595593,1509305558.374859,0
query,1509305558.374863,1509305558.4285157,1344
query,1509305558.4285202,1509305558.4514978,1
query,1509305558.451502,1509305558.5340443,6633
query,1509305558.5340483,1509305558.6117435,6163
query,1509305558.6117506,1509305558.6752338,3429
query,1509305558.675238,1509305558.7477329,2156
query,1509305558.7477386,1509305558.8185098,749
query,1509305558.8185153,1509305558.8767943,49
query,1509305558.8767989,1509305558.9889283,7613
query,1509305558.9889355,1509305559.053354,1232
query,1509305559.0533586,1509305559.2152765,13364
query,1509305559.2152812,1509305559.2338245,0
query,1509305559.2338293,1509305559.293975,128
query,1509305559.2939785,1509305559.3318443,576
query,1509305559.331886,1509305559.3888779,11
query,1509305559.401321,1509305559.4575968,584
query,1509305559.457601,1509305559.541707,6059
query,1509305559.541711,1509305559.5567856,0
query,1509305559.5567896,1509305559.6447456,4612
query,1509305559.64475,1509305559.7499433,7396
query,1509305559.7499454,1509305559.8446536,5854
query,1509305559.8446574,1509305559.8935924,71
query,1509305559.8935962,1509305559.9974794,3441
query,1509305559.997485,1509305560.0893404,8501
query,1509305560.0893464,1509305560.1715431,4249
query,1509305560.1715472,1509305560.2321434,3155
query,1509305560.2321472,1509305560.2917662,4922
query,1509305560.2917705,1509305560.3762052,8684
query,1509305560.376209,1509305560.4154792,330
query,1509305560.4154832,1509305560.449997,50
query,1509305560.450001,1509305560.4844282,295
query,1509305560.4844308,1509305560.5238826,520
query,1509305560.5238867,1509305560.5943007,9177
query,1509305560.594305,1509305560.6350787,46
query,1509305560.6351755,1509305560.7571394,7460
query,1509305560.7699568,1509305560.863555,6453
query,1509305560.8635614,1509305560.9180746,799
query,1509305560.9180813,1509305560.9865642,3130
query,1509305560.9865685,1509305561.0444443,3360
query,1509305561.0444484,1509305561.057739,0
query,1509305561.057743,1509305561.1031816,14
query,1509305561.1031854,1509305561.1189563,1
query,1509305561.1189609,1509305561.1363885,0
query,1509305561.1363957,1509305561.1501365,0
query,1509305561.150141,1509305561.231132,11273
query,1509305561.2311344,1509305561.2497203,2
query,1509305561.2497241,1509305561.264219,1
query,1509305561.264223,1509305561.3140748,1079
query,1509305561.314079,1509305561.4045658,8940
query,1509305561.40457,1509305561.463208,1031
query,1509305561.4632123,1509305561.5237079,203
query,1509305561.5237122,1509305561.5608578,7
query,1509305561.5608616,1509305561.6320386,4669
query,1509305561.632045,1509305561.709365,3831
query,1509305561.7094088,1509305561.8052337,2579
query,1509305561.8128142,1509305561.8790085,4663
query,1509305561.8790126,1509305561.9316676,633
query,1509305561.931671,1509305562.021348,6666
query,1509305562.0213535,1509305562.0575187,80
query,1509305562.0575213,1509305562.0721493,0
query,1509305562.072152,1509305562.146633,3926
query,1509305562.1466374,1509305562.1833827,377
query,1509305562.1833868,1509305562.2477262,2028
query,1509305562.247731,1509305562.2940135,508
query,1509305562.2940176,1509305562.3385558,772
query,1509305562.3385603,1509305562.3835213,1174
query,1509305562.383526,1509305562.4372776,182
query,1509305562.4372818,1509305562.5019577,1710
query,1509305562.5019624,1509305562.5636194,822
query,1509305562.5636234,1509305562.622206,205
query,1509305562.62221,1509305562.6366978,0
query,1509305562.6367018,1509305562.7247288,5482
query,1509305562.7247329,1509305562.8213105,5943
query,1509305562.8213143,1509305562.9392748,10161
query,1509305562.9393198,1509305563.0367973,756
query,1509305563.0500767,1509305563.104636,27
query,1509305563.1046402,1509305563.1817656,3192
query,1509305563.1817694,1509305563.2510486,1953
query,1509305563.2510529,1509305563.332957,4687
query,1509305563.3329606,1509305563.4212217,5580
query,1509305563.421224,1509305563.4827645,1743
query,1509305563.4827673,1509305563.597325,7503
query,1509305563.5973284,1509305563.6733775,5147
query,1509305563.6733816,1509305563.735015,2388
query,1509305563.735019,1509305564.8379362,4948
query,1509305564.8379412,1509305564.9160328,2716
query,1509305564.9160383,1509305564.9842272,1969
query,1509305564.9842312,1509305565.001222,0
query,1509305565.0012314,1509305565.114589,9937
query,1509305565.1145935,1509305565.17698,9
query,1509305565.1769836,1509305565.3146443,10137
query,1509305565.314647,1509305565.3761597,459
query,1509305565.3761637,1509305565.4259496,7
query,1509305565.4259567,1509305565.4435537,0
query,1509305565.4436126,1509305565.5542324,7708
query,1509305565.5671144,1509305565.8249707,5498
query,1509305565.824975,1509305565.88292,1161
query,1509305565.8829253,1509305565.897261,0
query,1509305565.8972654,1509305565.9616015,29
query,1509305565.9616058,1509305566.0345318,3068
query,1509305566.0345366,1509305566.0490372,1
query,1509305566.0490415,1509305566.4228764,1675
query,1509305566.4228818,1509305566.5297978,8725
query,1509305566.5298018,1509305566.5828738,0
query,1509305566.5828807,1509305566.6502492,1770
query,1509305566.6502535,1509305566.7116477,1617
query,1509305566.711653,1509305566.7747676,2197
query,1509305566.7747715,1509305566.8415546,112
query,1509305566.8415585,1509305566.8640666,2
query,1509305566.8640704,1509305566.95607,5377
query,1509305566.9560738,1509305567.012693,10
query,1509305567.0126967,1509305567.0496159,79
query,1509305567.049618,1509305567.070142,3
query,1509305567.070146,1509305567.131412,2992
query,1509305567.1314564,1509305567.1935759,402
query,1509305567.2010999,1509305567.2804918,6122
query,1509305567.2804954,1509305567.3578007,5241
query,1509305567.3578036,1509305567.4229028,3253
query,1509305567.4229074,1509305567.4647498,339
query,1509305567.464756,1509305567.518324,3155
query,1509305567.5183282,1509305567.5682561,1633
query,1509305567.56826,1509305567.583763,0
query,1509305567.5837667,1509305567.6385365,3385
query,1509305567.6385407,1509305567.6914215,211
query,1509305567.691424,1509305567.7209647,3
query,1509305567.7209675,1509305567.77828,434
query,1509305567.7782834,1509305567.855873,3683
query,1509305567.8558774,1509305567.893506,7
query,1509305567.8935118,1509305567.9930153,8368
query,1509305567.9930186,1509305568.0452242,66
query,1509305568.0452278,1509305568.0999382,4493
query,1509305568.0999413,1509305568.1596432,2695
query,1509305568.1596482,1509305568.2133293,559
query,1509305568.2133338,1509305568.2669618,294
query,1509305568.2670228,1509305568.3996053,9872
query,1509305568.4137921,1509305568.5238953,8379
query,1509305568.5238998,1509305568.5787559,1264
query,1509305568.57876,1509305568.6170015,56
query,1509305568.6170053,1509305568.6548529,7
query,1509305568.6548572,1509305568.6901197,33
query,1509305568.6901221,1509305568.7283175,19
query,1509305568.728321,1509305568.7658668,95
query,1509305568.7658696,1509305568.8372018,5047
query,1509305568.8372037,1509305568.936,8561
query,1509305568.9360044,1509305568.9841962,207
query,1509305568.9842005,1509305568.9977798,0
query,1509305568.9977827,1509305569.0551524,241
query,1509305569.055157,1509305569.1946216,9932
query,1509305569.1946287,1509305569.2663388,4493
query,1509305569.266346,1509305569.352807,5648
query,1509305569.3528106,1509305569.4095578,97
query,1509305569.409562,1509305569.48944,2893
query,1509305569.489444,1509305569.538248,497
query,1509305569.5382524,1509305569.6028047,2675
query,1509305569.6028519,1509305569.7623856,11195
query,1509305569.7765677,1509305569.8249395,1877
query,1509305569.8249433,1509305569.8724818,1465
query,1509305569.8724866,1509305569.9154255,57
query,1509305569.9154303,1509305569.9824014,5056
query,1509305569.9824057,1509305570.0446472,4039
query,1509305570.0446517,1509305570.118317,4443
query,1509305570.1183226,1509305570.1858594,3705
query,1509305570.1858637,1509305570.2551665,4978
query,1509305570.255171,1509305570.335784,4725
query,1509305570.3357909,1509305570.3944633,1273
query,1509305570.3944678,1509305570.4587739,1557
query,1509305570.458778,1509305570.477004,0
query,1509305570.477009,1509305570.5823507,8320
query,1509305570.5823572,1509305570.7325213,10671
query,1509305570.7325256,1509305570.7486298,0
query,1509305570.7486339,1509305570.8082519,1050
query,1509305570.8082561,1509305570.9138925,8102
query,1509305570.913897,1509305570.9908893,5950
query,1509305570.9908936,1509305571.048227,5763
query,1509305571.0482748,1509305571.1228552,4268
query,1509305571.1365838,1509305571.2258518,7510
query,1509305571.225856,1509305571.2856002,1707
query,1509305571.2856038,1509305571.3451092,1774
query,1509305571.3451133,1509305571.4792986,10691
query,1509305571.4793024,1509305571.5545497,75
query,1509305571.554556,1509305571.666615,8549
query,1509305571.6666193,1509305571.7156746,82
query,1509305571.7156792,1509305571.7742424,998
query,1509305571.7742488,1509305571.854116,4042
query,1509305571.85412,1509305571.900657,464
query,1509305571.9006608,1509305571.940287,960
query,1509305571.9402897,1509305571.9969115,3061
query,1509305571.9969153,1509305572.0547698,5335
query,1509305572.0547724,1509305572.1076415,5348
query,1509305572.107644,1509305572.1238644,1
query,1509305572.1238685,1509305572.1374066,0
query,1509305572.1374104,1509305572.1628315,1
query,1509305572.1628354,1509305572.218469,984
query,1509305572.2184722,1509305572.2783492,172
query,1509305572.2783875,1509305572.3312752,287
query,1509305572.3430645,1509305572.3951871,501
query,1509305572.39519,1509305572.4314568,44
query,1509305572.431461,1509305572.4841044,3970
query,1509305572.4841075,1509305572.531352,2377
query,1509305572.5313542,1509305572.5464618,0
query,1509305572.546464,1509305572.5988777,177
query,1509305572.5988824,1509305572.6318264,304
query,1509305572.6318307,1509305572.6675534,9
query,1509305572.6675563,1509305572.7013578,102
query,1509305572.7013602,1509305572.7813454,8020
query,1509305572.7813485,1509305572.8064213,2
query,1509305572.8064237,1509305572.8691862,5472
query,1509305572.8691895,1509305572.9194174,1522
query,1509305572.9194217,1509305572.9767861,254
query,1509305572.9767907,1509305572.9932542,0
query,1509305572.9932578,1509305573.0141952,1
query,1509305573.0141993,1509305573.0715303,836
query,1509305573.0715337,1509305573.1840117,10701
query,1509305573.184016,1509305573.237273,252
query,1509305573.2373266,1509305573.3392124,3772
query,1509305573.3530018,1509305573.3696146,1
query,1509305573.3696187,1509305573.4382997,2742
query,1509305573.4383042,1509305573.4912727,29
query,1509305573.491278,1509305573.5648372,2942
query,1509305573.5648413,1509305573.6576748,5113
query,1509305573.6576788,1509305573.715167,807
query,1509305573.7151706,1509305573.803496,5452
query,1509305573.8035007,1509305573.8917727,7792
query,1509305573.8917792,1509305574.0475705,10994
query,1509305574.0475757,1509305574.1139162,3949
query,1509305574.1139212,1509305574.226731,10003
query,1509305574.2267363,1509305574.2964218,5991
query,1509305574.2964263,1509305574.3814998,7353
query,1509305574.381504,1509305574.453102,5332
query,1509305574.4531062,1509305574.5389922,5325
query,1509305574.5389962,1509305574.588883,14
query,1509305574.5888855,1509305574.6999586,13607
query,1509305574.699963,1509305574.7426054,2997
query,1509305574.7426093,1509305574.7764254,147
query,1509305574.7764587,1509305574.8754008,5090
query,1509305574.8895879,1509305574.9447627,1173
query,1509305574.944767,1509305575.0008292,3330
query,1509305575.000833,1509305575.0581326,2874
query,1509305575.0581367,1509305575.1279202,4312
query,1509305575.127924,1509305575.1740408,321
query,1509305575.1740444,1509305575.2368941,4235
query,1509305575.2368987,1509305575.2899194,2897
query,1509305575.2899225,1509305575.3300118,55
query,1509305575.3300147,1509305575.3874376,61
query,1509305575.3874397,1509305575.4430606,2382
query,1509305575.4430633,1509305575.5301852,7192
query,1509305575.5301878,1509305575.5479927,0
query,1509305575.5479953,1509305575.6571395,10218
query,1509305575.6571429,1509305575.6969445,1715
query,1509305575.696948,1509305575.7084014,0
query,1509305575.7084038,1509305575.7451193,631
query,1509305575.7451217,1509305575.7916183,1971
query,1509305575.7916238,1509305575.8321943,2643
query,1509305575.832197,1509305575.8441381,0
query,1509305575.8441694,1509305575.8845499,1651
query,1509305575.8928978,1509305575.90802,0
query,1509305575.908024,1509305576.0119057,3244
query,1509305576.0119112,1509305576.0697193,230
query,1509305576.0697248,1509305576.1705656,4880
query,1509305576.1705706,1509305576.2406287,6538
query,1509305576.240633,1509305576.2885485,3604
query,1509305576.2885525,1509305576.3262422,1001
query,1509305576.3262475,1509305576.3613117,438
query,1509305576.3613167,1509305576.4065838,64
query,1509305576.4065943,1509305576.53348,10432
query,1509305576.5334842,1509305576.5856764,4
query,1509305576.5856812,1509305576.6457527,1466
query,1509305576.645758,1509305576.6621623,0
query,1509305576.6621683,1509305576.7853367,7966
query,1509305576.785341,1509305576.926748,7402
query,1509305576.9267528,1509305577.0002859,2056
query,1509305577.0002909,1509305577.0848227,6069
query,1509305577.0848265,1509305577.1562736,6025
query,1509305577.1562784,1509305577.1745505,1
query,1509305577.1746361,1509305577.2091303,4
query,1509305577.2210383,1509305577.3328004,10823
query,1509305577.332805,1509305577.4159148,3742
query,1509305577.4159212,1509305577.5386856,8977
query,1509305577.5386913,1509305577.581535,4583
query,1509305577.5815423,1509305577.6218653,3250
query,1509305577.621877,1509305577.6577559,171
query,1509305577.6577604,1509305577.6890643,23
query,1509305577.6890676,1509305577.7199018,219
query,1509305577.719905,1509305577.7493024,109
query,1509305577.7493057,1509305577.7982333,3988
query,1509305577.7982376,1509305577.8426216,3847
query,1509305577.8426251,1509305577.9360085,8150
query,1509305577.9360127,1509305577.9947927,8484
query,1509305577.994798,1509305578.0228903,27
query,1509305578.022895,1509305578.0705223,4815
query,1509305578.0705316,1509305578.108589,2391
query,1509305578.1085937,1509305578.137363,200
query,1509305578.1373682,1509305578.1685414,669
query,1509305578.1685462,1509305578.2390094,8409
query,1509305578.2390587,1509305578.2932043,466
query,1509305578.3067508,1509305578.3429878,2213
query,1509305578.342993,1509305578.388107,3743
query,1509305578.388112,1509305578.4252324,918
query,1509305578.4252377,1509305578.5212703,8492
query,1509305578.5212755,1509305578.5660203,1897
query,1509305578.566025,1509305578.6476474,6297
query,1509305578.6476521,1509305578.662122,0
query,1509305578.6621263,1509305578.7008936,3287
query,1509305578.700898,1509305578.7442431,2456
query,1509305578.7442467,1509305578.7662914,1
query,1509305578.7662957,1509305578.8363216,2235
query,1509305578.8363254,1509305578.895179,841
query,1509305578.8951836,1509305578.9665112,2412
query,1509305578.9665163,1509305579.0236995,2004
query,1509305579.0237062,1509305579.0816865,599
query,1509305579.0816891,1509305579.1669154,5277
query,1509305579.1669192,1509305579.2234974,51
query,1509305579.2235014,1509305579.2794046,72
query,1509305579.2794082,1509305579.4365835,12981
query,1509305579.4366295,1509305579.5328403,365
query,1509305579.5450344,1509305579.6216679,2892
query,1509305579.6216729,1509305579.6940265,2156
query,1509305579.6940298,1509305579.7822008,5696
query,1509305579.782205,1509305579.9170945,8606
query,1509305579.9171002,1509305580.0160418,6653
query,1509305580.0160482,1509305580.0770326,797
query,1509305580.0770385,1509305580.2107909,10445
query,1509305580.2107973,1509305580.2912707,2091
query,1509305580.2912767,1509305580.3502624,70
query,1509305580.350267,1509305580.4781837,9819
query,1509305580.47819,1509305580.5153043,493
query,1509305580.5153096,1509305580.580875,6332
query,1509305580.5808792,1509305580.6812623,8845
query,1509305580.6812668,1509305580.7121022,4
query,1509305580.7121065,1509305580.7954264,13019
query,1509305580.7954304,1509305580.837066,153
query,1509305580.8370814,1509305580.9099245,9446
query,1509305580.90993,1509305580.978169,6189
query,1509305580.978174,1509305581.0946846,9950
query,1509305581.094761,1509305581.1466703,2091
query,1509305581.160443,1509305581.1901703,25
query,1509305581.1901772,1509305581.2188425,25
query,1509305581.2188458,1509305581.2304578,0
query,1509305581.230461,1509305581.2871625,5972
query,1509305581.2871692,1509305581.3756478,12834
query,1509305581.375653,1509305581.4089766,73
query,1509305581.4089816,1509305581.438838,826
query,1509305581.4388423,1509305581.5112438,9451
query,1509305581.5112488,1509305581.553858,274
query,1509305581.5538623,1509305581.6379135,9221
query,1509305581.637918,1509305581.6776645,3237
query,1509305581.67767,1509305581.7128248,361
query,1509305581.7128272,1509305581.7549973,4334
query,1509305581.7550006,1509305581.7943685,409
query,1509305581.794372,1509305581.8266068,56
query,1509305581.8266108,1509305581.9078565,7798
query,1509305581.9078615,1509305581.9506636,41
query,1509305581.9506695,1509305581.9930522,3879
query,1509305581.9930573,1509305582.0206337,14
query,1509305582.020674,1509305582.0703871,1324
query,1509305582.082729,1509305582.1145034,7
query,1509305582.114509,1509305582.1612384,3353
query,1509305582.1612442,1509305582.2663705,13798
query,1509305582.2663765,1509305582.3293002,7663
query,1509305582.3293052,1509305582.3705547,3503
query,1509305582.3705606,1509305582.3795998,0
query,1509305582.3796046,1509305582.4151888,2
query,1509305582.4151945,1509305582.4696808,28
query,1509305582.4696856,1509305582.5344512,1989
query,1509305582.5344582,1509305582.5864093,4200
query,1509305582.586416,1509305582.6677177,12498
query,1509305582.667723,1509305582.6967897,17
query,1509305582.6967945,1509305582.7259607,78
query,1509305582.7259648,1509305582.7732856,4978
query,1509305582.7732923,1509305582.8260083,16
query,1509305582.8260155,1509305582.844162,0
query,1509305582.8441665,1509305582.8986425,20
query,1509305582.8986466,1509305582.9530687,21
query,1509305582.9530728,1509305583.0043197,261
query,1509305583.0043707,1509305583.0574787,2173
query,1509305583.070289,1509305583.132721,7746
query,1509305583.132726,1509305583.1654735,22
query,1509305583.1654766,1509305583.1995335,1156
query,1509305583.1995375,1509305583.232948,669
query,1509305583.232953,1509305583.2675705,30
query,1509305583.2675757,1509305583.3291984,126
query,1509305583.3292027,1509305583.3829992,1242
query,1509305583.383004,1509305583.3979344,0
query,1509305583.3979375,1509305583.4646058,5996
query,1509305583.4646113,1509305583.4880686,3
query,1509305583.4880729,1509305583.5588982,9988
query,1509305583.5589025,1509305583.6075695,5404
query,1509305583.6075728,1509305583.6449254,2879
query,1509305583.6449292,1509305583.674751,390
query,1509305583.674755,1509305583.730463,7225
query,1509305583.7304668,1509305583.7983654,8655
query,1509305583.7983694,1509305583.8578079,8108
query,1509305583.857812,1509305583.9098241,6584
query,1509305583.9098284,1509305583.963004,7161
query,1509305583.963069,1509305584.0383282,6766
query,1509305584.0520773,1509305584.1213515,9018
query,1509305584.1213555,1509305584.190652,8593
query,1509305584.190657,1509305584.2243352,2060
query,1509305584.2243395,1509305584.2862575,6696
query,1509305584.2862623,1509305584.3315353,666
query,1509305584.3315396,1509305584.3889513,5717
query,1509305584.388956,1509305584.4611082,9267
query,1509305584.4611137,1509305584.518965,3551
query,1509305584.5189686,1509305584.5518353,488
query,1509305584.5518405,1509305584.6231713,10086
query,1509305584.6231754,1509305584.6748729,2150
query,1509305584.6748784,1509305584.7276835,131
query,1509305584.7276893,1509305584.742219,0
query,1509305584.7422252,1509305584.7850149,5
query,1509305584.785019,1509305584.8479772,1769
query,1509305584.8479822,1509305584.9029853,11
query,1509305584.902991,1509305584.9837992,4957
query,1509305584.9838037,1509305585.0287728,4543
query,1509305585.0287776,1509305585.063811,1481
query,1509305585.0638566,1509305585.1118016,114
query,1509305585.1247225,1509305585.1653073,3265
query,1509305585.1653125,1509305585.2062273,3285
query,1509305585.2062318,1509305585.2573693,221
query,1509305585.2573743,1509305585.319972,512
query,1509305585.3199785,1509305585.4174833,10627
query,1509305585.4174893,1509305585.490843,4203
query,1509305585.4908483,1509305585.5050023,0
query,1509305585.505007,1509305585.5374622,116
query,1509305585.5374663,1509305585.5806549,4326
query,1509305585.580659,1509305585.6172283,6
query,1509305585.617233,1509305585.659488,338
query,1509305585.6594915,1509305585.6720285,0
query,1509305585.672033,1509305585.7031605,1165
query,1509305585.7031648,1509305585.7828941,7187
query,1509305585.7828991,1509305585.816981,264
query,1509305585.8169854,1509305585.898251,10540
query,1509305585.8982563,1509305585.9335778,488
query,1509305585.9335818,1509305585.9723985,2466
query,1509305585.9724028,1509305586.0010192,10
query,1509305586.0010586,1509305586.046099,3
query,1509305586.058471,1509305586.0760584,0
query,1509305586.0760636,1509305586.0952165,0
query,1509305586.0952225,1509305586.2017753,8537
query,1509305586.2017813,1509305586.216713,0
query,1509305586.216715,1509305586.2874048,9521
query,1509305586.2874088,1509305586.3227515,2359
query,1509305586.3227556,1509305586.3310711,0
query,1509305586.3310752,1509305586.3586283,46
query,1509305586.3586304,1509305586.3861828,170
query,1509305586.3861868,1509305586.4185832,1520
query,1509305586.4185858,1509305586.4644825,5764
query,1509305586.4644854,1509305586.497663,1140
query,1509305586.497666,1509305586.5397413,4065
query,1509305586.5397441,1509305586.5756896,1702
query,1509305586.5756924,1509305586.5900407,0
query,1509305586.5900435,1509305586.665554,6703
query,1509305586.665557,1509305586.7152863,116
query,1509305586.7152903,1509305586.7673726,5954
query,1509305586.7673755,1509305586.792393,4
query,1509305586.7924197,1509305586.8581634,6763
query,1509305586.8702197,1509305586.908566,5
query,1509305586.90857,1509305586.9591138,1124
query,1509305586.9591184,1509305587.0304806,10195
query,1509305587.0304875,1509305587.7712922,5
query,1509305587.7712986,1509305587.843797,4746
query,1509305587.8438008,1509305587.8900664,2908
query,1509305587.8900685,1509305587.9366138,4232
query,1509305587.936617,1509305587.9717617,993
query,1509305587.9717658,1509305589.0279856,169
query,1509305589.0279906,1509305589.2823856,2086
query,1509305589.2823904,1509305589.3274012,1499
query,1509305589.3274035,1509305589.3916261,6514
query,1509305589.3916306,1509305589.431879,1258
query,1509305589.4318874,1509305589.6426244,11590
query,1509305589.6426282,1509305589.661058,0
query,1509305589.661062,1509305589.715483,33
query,1509305589.7154865,1509305589.7693715,9
query,1509305589.7693744,1509305589.8221712,875
query,1509305589.8221745,1509305589.8696828,2427
query,1509305589.8697126,1509305589.9193285,212
query,1509305589.9328532,1509305589.9700778,1184
query,1509305589.9700892,1509305590.0049639,25
query,1509305590.0049675,1509305590.041483,587
query,1509305590.041487,1509305590.088852,5576
query,1509305590.088854,1509305590.122626,619
query,1509305590.1226304,1509305590.137206,1
query,1509305590.1372082,1509305590.145798,0
query,1509305590.1458,1509305590.1999946,10
query,1509305590.1999977,1509305590.2517297,387
query,1509305590.2517343,1509305590.298753,3
query,1509305590.2987573,1509305590.3500562,3378
query,1509305590.3500605,1509305590.3699644,1
query,1509305590.3699715,1509305590.4397535,9271
query,1509305590.4397578,1509305590.492164,6056
query,1509305590.492168,1509305590.5310814,2998
query,1509305590.5311368,1509305590.5608242,506
query,1509305590.5608287,1509305590.6042676,3480
query,1509305590.6042721,1509305590.6624002,6797
query,1509305590.662407,1509305590.6936774,302
query,1509305590.6937296,1509305590.7810898,9545
query,1509305590.7942002,1509305590.8247411,109
query,1509305590.8247452,1509305590.8561823,725
query,1509305590.856185,1509305590.9088037,5049
query,1509305590.9088101,1509305590.9752574,9471
query,1509305590.9752617,1509305590.9842317,0
query,1509305590.9842355,1509305590.9938092,0
query,1509305590.9938128,1509305591.0121772,1
query,1509305591.0121815,1509305591.0473287,670
query,1509305591.0473325,1509305591.081404,16
query,1509305591.081408,1509305591.1379995,456
query,1509305591.1380033,1509305591.2511861,7672
query,1509305591.25119,1509305591.3441193,8597
query,1509305591.3441236,1509305591.4082599,9323
query,1509305591.4082658,1509305591.4888976,8296
query,1509305591.4889016,1509305591.5261712,545
query,1509305591.526175,1509305591.5606532,238
query,1509305591.5606577,1509305591.5912943,87
query,1509305591.5912988,1509305591.7213764,10376
query,1509305591.7213824,1509305591.7931728,4326
query,1509305591.7932198,1509305591.8581364,1728
query,1509305591.8694327,1509305591.9347792,4758
query,1509305591.9347837,1509305592.0211682,5087
query,1509305592.0211723,1509305592.113482,6956
query,1509305592.1134865,1509305592.1522868,3720
query,1509305592.1522908,1509305592.1823065,49
query,1509305592.1823108,1509305592.2086926,19
query,1509305592.2086968,1509305592.2428677,2011
query,1509305592.2428718,1509305592.2849202,3241
query,1509305592.2849243,1509305592.3183641,241
query,1509305592.3183682,1509305592.385698,10320
query,1509305592.3857024,1509305592.4173973,430
query,1509305592.4174037,1509305592.493815,9842
query,1509305592.493819,1509305592.5469418,5125
query,1509305592.546948,1509305592.5805943,640
query,1509305592.5805988,1509305592.6452432,6057
query,1509305592.645247,1509305592.686824,3290
query,1509305592.6868277,1509305592.7341251,4920
query,1509305592.73413,1509305592.7917607,7397
query,1509305592.7917647,1509305592.8336756,3053
query,1509305592.8337202,1509305592.8673587,0
query,1509305592.8688166,1509305592.9222264,5609
query,1509305592.9222333,1509305592.9891632,7583
query,1509305592.9891665,1509305593.0431752,57
query,1509305593.0431793,1509305593.1069572,1504
query,1509305593.1069613,1509305593.148472,1498
query,1509305593.1484747,1509305593.2174644,5034
query,1509305593.2174687,1509305593.2602768,1527
query,1509305593.2602813,1509305593.3197372,5780
query,1509305593.319745,1509305593.3538828,47
query,1509305593.353887,1509305593.3936422,338
query,1509305593.3936467,1509305593.4421928,1463
query,1509305593.4421976,1509305593.5130029,3876
query,1509305593.5130074,1509305593.5450013,3
query,1509305593.5450056,1509305593.6081297,6258
query,1509305593.6081326,1509305593.624134,0
query,1509305593.6241372,1509305593.6832054,329
query,1509305593.68321,1509305593.7532926,2410
query,1509305593.7532969,1509305593.87199,11523
query,1509305593.8719964,1509305593.961615,3440
query,1509305593.9616544,1509305594.0102546,82
query,1509305594.0237575,1509305594.084548,4789
query,1509305594.0845516,1509305594.1635082,7681
query,1509305594.1635125,1509305594.205698,2070
query,1509305594.2057023,1509305594.2463582,3298
query,1509305594.2463617,1509305594.2652168,5
query,1509305594.265221,1509305594.3201694,308
query,1509305594.3201737,1509305594.3813632,1848
query,1509305594.381368,1509305594.436313,1642
query,1509305594.43632,1509305594.4969559,1720
query,1509305594.4969604,1509305594.5524154,242
query,1509305594.5524225,1509305594.664962,9803
query,1509305594.6649656,1509305594.7458117,3408
query,1509305594.7458153,1509305594.8193996,6735
query,1509305594.819403,1509305594.858041,240
query,1509305594.8580449,1509305594.8963327,2990
query,1509305594.8963368,1509305594.930497,9
query,1509305594.9305015,1509305594.944469,2
query,1509305594.9444733,1509305594.9917734,3341
query,1509305594.991778,1509305595.095027,11635
query,1509305595.0950706,1509305595.1560798,3497
query,1509305595.170247,1509305595.2075117,164
query,1509305595.2075157,1509305595.223343,1
query,1509305595.2233472,1509305595.3000276,9706
query,1509305595.300035,1509305595.3158774,0
query,1509305595.3158817,1509305595.3537781,416
query,1509305595.3537827,1509305595.3928027,445
query,1509305595.3928094,1509305595.447534,2017
query,1509305595.447538,1509305595.539607,6576
query,1509305595.5396097,1509305595.5960813,697
query,1509305595.5960848,1509305595.6581843,3482
query,1509305595.6581879,1509305595.7149704,226
query,1509305595.714973,1509305595.7789392,1387
query,1509305595.7789428,1509305595.9141576,13617
query,1509305595.9141617,1509305595.9742126,4915
query,1509305595.9742165,1509305596.0439835,6004
query,1509305596.0439873,1509305596.104694,5503
query,1509305596.1046984,1509305596.1553473,4216
query,1509305596.1553519,1509305596.241004,6591
query,1509305596.2410088,1509305596.2984335,3616
query,1509305596.2984695,1509305596.3995347,704
query,1509305596.4134467,1509305596.447156,402
query,1509305596.4471595,1509305596.4823358,2322
query,1509305596.4823396,1509305596.5236259,1498
query,1509305596.5236301,1509305596.5913181,5089
query,1509305596.5913243,1509305596.6085372,0
query,1509305596.6085417,1509305596.6619093,805
query,1509305596.661914,1509305596.7180388,482
query,1509305596.718079,1509305596.7845254,5084
query,1509305596.7845302,1509305596.8195608,196
query,1509305596.819565,1509305596.8498962,392
query,1509305596.8499005,1509305596.884102,828
query,1509305596.8841066,1509305596.9488482,9062
query,1509305596.9488552,1509305597.0290875,11775
query,1509305597.0290918,1509305597.0625021,688
query,1509305597.0625067,1509305597.1032603,3194
query,1509305597.1032648,1509305597.1441965,1782
query,1509305597.1442008,1509305597.2351227,11291
query,1509305597.2351263,1509305597.277822,1511
query,1509305597.2778263,1509305597.3236146,4655
query,1509305597.3236635,1509305597.4131892,1975
query,1509305597.4267833,1509305597.4844472,2532
query,1509305597.484452,1509305597.5479405,5653
query,1509305597.5479448,1509305597.5828836,611
query,1509305597.582888,1509305597.6842954,10992
query,1509305597.6842988,1509305597.6994386,0
query,1509305597.699442,1509305597.8027766,8597
query,1509305597.802783,1509305597.8900855,5034
query,1509305597.8900898,1509305597.9045978,0
query,1509305597.9046025,1509305597.970537,5886
query,1509305597.9705417,1509305598.0178096,1095
query,1509305598.0178142,1509305598.0677233,4342
query,1509305598.067728,1509305598.1034245,1204
query,1509305598.1034286,1509305598.157029,3251
query,1509305598.1570332,1509305598.1664758,0
query,1509305598.1664805,1509305598.1980267,1102
query,1509305598.1980305,1509305598.2423222,4847
query,1509305598.2423263,1509305598.2769456,609
query,1509305598.2769496,1509305598.3226361,4226
query,1509305598.3226404,1509305598.390563,9375
query,1509305598.390609,1509305598.4476333,3778
query,1509305598.4607859,1509305598.536879,11519
query,1509305598.536883,1509305598.605558,3085
query,1509305598.6055615,1509305598.7020326,7797
query,1509305598.7020366,1509305598.7820342,7106
query,1509305598.7820368,1509305598.8004494,0
query,1509305598.800452,1509305598.8343399,116
query,1509305598.8343525,1509305598.877587,1294
query,1509305598.877591,1509305598.9465086,8169
query,1509305598.9465141,1509305599.0316494,11673
query,1509305599.031654,1509305599.0610263,843
query,1509305599.061031,1509305599.1425185,10772
query,1509305599.1425226,1509305599.1557126,0
query,1509305599.155718,1509305599.1949806,3086
query,1509305599.194987,1509305599.2320511,2270
query,1509305599.232058,1509305599.2716358,1069
query,1509305599.2716403,1509305599.31494,4468
query,1509305599.3149433,1509305599.3454118,945
query,1509305599.345415,1509305599.372475,130
query,1509305599.372479,1509305599.4036832,655
query,1509305599.4037454,1509305599.5045567,12068
query,1509305599.5174682,1509305599.53026,0
query,1509305599.5302668,1509305599.5432878,0
query,1509305599.543292,1509305599.5869117,4082
query,1509305599.586916,1509305599.6208363,95
query,1509305599.6208405,1509305599.6751728,5759
query,1509305599.6751773,1509305599.7468514,7901
query,1509305599.7468555,1509305599.7832942,751
query,1509305599.7832985,1509305599.8237174,709
query,1509305599.8237214,1509305599.8767087,2733
query,1509305599.8767135,1509305599.9308689,3996
query,1509305599.9308734,1509305599.97169,727
query,1509305599.9716947,1509305600.0384514,2812
query,1509305600.0384557,1509305600.6253877,21
query,1509305600.6253927,1509305600.6651032,1969
query,1509305600.6651082,1509305600.6738665,0
query,1509305600.6738698,1509305600.7213843,4625
query,1509305600.7213888,1509305600.7627935,3001
query,1509305600.7627966,1509305600.7922826,109
query,1509305600.792285,1509305601.3460033,965
query,1509305601.3460364,1509305601.399497,43
query,1509305601.4136393,1509305601.447194,97
query,1509305601.4471982,1509305601.9251654,8384
query,1509305601.9251711,1509305601.9980927,9645
query,1509305601.9980981,1509305602.0755029,10521
query,1509305602.0755079,1509305602.1107972,587
query,1509305602.1108012,1509305602.1662846,5191
query,1509305602.1662886,1509305602.2055135,1839
query,1509305602.205517,1509305602.2244952,0
query,1509305602.2244985,1509305602.3204181,9746
query,1509305602.3204226,1509305602.3773081,230
query,1509305602.3773122,1509305602.4670246,8960
query,1509305602.467031,1509305602.5148978,175
query,1509305602.514902,1509305602.5660062,4937
query,1509305602.5660105,1509305602.636543,8887
query,1509305602.6365478,1509305602.6815891,1661
query,1509305602.6815925,1509305602.728235,5100
query,1509305602.72824,1509305602.742633,0
query,1509305602.7426372,1509305602.7950337,346
query,1509305602.795039,1509305602.837589,1576
query,1509305602.837635,1509305602.9075308,1523
query,1509305602.922249,1509305602.9782314,272
query,1509305602.9782364,1509305603.0079365,2
query,1509305603.0079412,1509305603.054617,199
query,1509305603.054622,1509305603.106513,5792
query,1509305603.106517,1509305603.129155,1
query,1509305603.1291587,1509305603.210965,7819
query,1509305603.2109704,1509305603.3122132,5994
query,1509305603.312217,1509305603.3421314,36
query,1509305603.342134,1509305603.4103265,2582
query,1509305603.410329,1509305603.4664347,2416
query,1509305603.4664388,1509305603.5082898,274
query,1509305603.5082958,1509305603.5661168,7120
query,1509305603.5661201,1509305603.5977306,641
query,1509305603.5977354,1509305603.6647766,8785
query,1509305603.664781,1509305603.7025642,788
query,1509305603.7025685,1509305603.7169406,3
query,1509305603.7169433,1509305603.7439356,15
query,1509305603.743939,1509305603.7714953,11
query,1509305603.771501,1509305603.798732,262
query,1509305603.7987635,1509305603.8984666,10874
query,1509305603.906985,1509305603.949155,1551
query,1509305603.9491594,1509305604.0120552,5413
query,1509305604.012058,1509305604.0256867,0
query,1509305604.0256908,1509305604.0574982,396
query,1509305604.0575008,1509305604.1044793,1016
query,1509305604.1044822,1509305604.1490932,4155
query,1509305604.149097,1509305604.1910799,1561
query,1509305604.191111,1509305604.2199395,533
query,1509305604.2199423,1509305604.2501984,738
query,1509305604.2502012,1509305604.2863817,2022
query,1509305604.286385,1509305604.3176684,76
query,1509305604.317672,1509305604.3507159,1541
query,1509305604.3507202,1509305604.399989,5349
query,1509305604.3999937,1509305604.4988909,3440
query,1509305604.498894,1509305604.53365,74
query,1509305604.5336547,1509305604.5631626,49
query,1509305604.5631692,1509305604.6211982,7258
query,1509305604.6212032,1509305604.6743891,6526
query,1509305604.6743937,1509305604.7270217,5508
