tables,1513193723.012562,1513194266.932871
query,1513194266.9334097,1513194267.1904922,685
query,1513194267.208336,1513194267.2903202,848
query,1513194267.290324,1513194267.362274,279
query,1513194267.3622775,1513194267.436575,170
query,1513194267.436579,1513194267.508548,650
query,1513194267.5085518,1513194267.5780501,121
query,1513194267.5780542,1513194267.6468859,370
query,1513194267.6468902,1513194267.7273772,222
query,1513194267.7273815,1513194267.7944021,192
query,1513194267.7944055,1513194267.8614044,236
query,1513194267.8614078,1513194267.9044569,0
query,1513194267.9044592,1513194267.9706686,15
query,1513194267.9706717,1513194268.0418906,598
query,1513194268.0418937,1513194268.1177356,222
query,1513194268.1177387,1513194268.190871,497
query,1513194268.1908736,1513194268.2563062,401
query,1513194268.256309,1513194268.3244357,576
query,1513194268.324439,1513194268.4102447,747
query,1513194268.4102485,1513194268.4903257,222
query,1513194268.4903286,1513194268.5566623,91
query,1513194268.5567043,1513194268.6473384,244
query,1513194268.6613863,1513194268.7393482,222
query,1513194268.739352,1513194268.8078501,139
query,1513194268.8078537,1513194268.8812103,876
query,1513194268.8812141,1513194268.96576,222
query,1513194268.965764,1513194269.0333931,77
query,1513194269.0333967,1513194269.103792,952
query,1513194269.103796,1513194269.1711266,109
query,1513194269.1711304,1513194269.237498,29
query,1513194269.2375016,1513194269.3102531,589
query,1513194269.3102565,1513194269.3802757,684
query,1513194269.3802795,1513194269.4504137,264
query,1513194269.4504175,1513194269.5197349,530
query,1513194269.5197392,1513194269.5898185,525
query,1513194269.589822,1513194269.6585195,310
query,1513194269.6585233,1513194269.7359257,222
query,1513194269.7359297,1513194269.8042166,221
query,1513194269.804221,1513194269.8735623,698
query,1513194269.8735657,1513194269.9463372,228
query,1513194269.9463413,1513194270.0191848,634
query,1513194270.0192256,1513194270.1133308,578
query,1513194270.1275039,1513194270.202729,1087
query,1513194270.2027333,1513194270.2723968,236
query,1513194270.2724018,1513194270.344035,307
query,1513194270.3440382,1513194270.423032,222
query,1513194270.423036,1513194270.5009234,222
query,1513194270.5009277,1513194270.5737011,170
query,1513194270.5737057,1513194270.6455686,557
query,1513194270.645572,1513194270.7131307,296
query,1513194270.7131338,1513194270.789617,223
query,1513194270.7896214,1513194270.8572423,411
query,1513194270.8572462,1513194270.9209833,3
query,1513194270.920987,1513194270.989759,589
query,1513194270.9897623,1513194271.056946,573
query,1513194271.056949,1513194271.1208556,1
query,1513194271.1208587,1513194271.190847,407
query,1513194271.1908503,1513194271.2622309,1125
query,1513194271.2622347,1513194271.3305397,3
query,1513194271.3305442,1513194271.3880057,3
query,1513194271.3880098,1513194271.4573493,371
query,1513194271.457393,1513194271.5553758,222
query,1513194271.5697367,1513194271.6400726,480
query,1513194271.6400769,1513194271.7112834,385
query,1513194271.711287,1513194271.7688234,673
query,1513194271.7688272,1513194271.8390088,878
query,1513194271.839013,1513194271.9081419,263
query,1513194271.9081461,1513194271.9828913,813
query,1513194271.9828956,1513194272.0548239,493
query,1513194272.0548265,1513194272.1330256,358
query,1513194272.1330287,1513194272.2063625,837
query,1513194272.2063665,1513194272.282738,222
query,1513194272.2827418,1513194272.3494995,712
query,1513194272.3495033,1513194272.4161775,304
query,1513194272.4161808,1513194272.4842477,1172
query,1513194272.4842513,1513194272.5529685,1150
query,1513194272.5529723,1513194272.6204555,639
query,1513194272.6204588,1513194272.7029083,1881
query,1513194272.7029123,1513194272.7797158,1650
query,1513194272.7797196,1513194272.8473394,17
query,1513194272.8473434,1513194272.9173791,682
query,1513194272.9174213,1513194273.0066419,43
query,1513194273.0205765,1513194273.0920188,284
query,1513194273.092022,1513194273.16271,523
query,1513194273.1627145,1513194273.2458797,2020
query,1513194273.245884,1513194273.3183837,1350
query,1513194273.318388,1513194273.3964126,2308
query,1513194273.396417,1513194273.4669585,627
query,1513194273.466963,1513194273.5113482,0
query,1513194273.511353,1513194273.581998,1155
query,1513194273.5820022,1513194273.6548657,109
query,1513194273.6548693,1513194273.723332,1038
query,1513194273.7233346,1513194273.796417,1695
query,1513194273.7964208,1513194273.8676245,412
query,1513194273.8676283,1513194273.9213252,0
query,1513194273.9213283,1513194273.9938352,922
query,1513194273.993838,1513194274.0706532,2206
query,1513194274.0706563,1513194274.1394978,683
query,1513194274.1395004,1513194274.2077127,375
query,1513194274.2077167,1513194274.271926,6
query,1513194274.2719295,1513194274.341142,611
query,1513194274.3411818,1513194274.4335945,463
query,1513194274.4474196,1513194274.5144966,219
query,1513194274.5145004,1513194274.5895774,1684
query,1513194274.589581,1513194274.6673641,493
query,1513194274.6673684,1513194274.739103,1704
query,1513194274.739107,1513194274.8095345,689
query,1513194274.8095374,1513194274.8865833,1558
query,1513194274.8865879,1513194274.9548213,428
query,1513194274.9548259,1513194275.021168,28
query,1513194275.0211723,1513194275.0940888,1503
query,1513194275.0940933,1513194275.1600904,165
query,1513194275.160094,1513194275.225236,24
query,1513194275.2252407,1513194275.3004704,1832
query,1513194275.3004742,1513194275.3678977,265
query,1513194275.3679006,1513194275.4413235,1515
query,1513194275.441328,1513194275.5110407,1651
query,1513194275.5110447,1513194275.5809436,156
query,1513194275.5809474,1513194275.626722,1
query,1513194275.6267257,1513194275.6968958,726
query,1513194275.696901,1513194275.7739723,491
query,1513194275.774018,1513194275.8743217,1638
query,1513194275.8895833,1513194275.9680502,1189
query,1513194275.9680545,1513194276.0398295,496
query,1513194276.0398335,1513194276.1153343,1457
query,1513194276.1153378,1513194276.1854765,955
query,1513194276.1854818,1513194276.2573497,1255
query,1513194276.2573552,1513194276.3324342,1283
query,1513194276.3324382,1513194276.4009519,387
query,1513194276.4009562,1513194276.4714577,345
query,1513194276.471462,1513194276.5496495,1679
query,1513194276.549653,1513194276.629145,1419
query,1513194276.62915,1513194276.705733,1775
query,1513194276.705737,1513194276.7744248,37
query,1513194276.7744284,1513194276.8463879,1033
query,1513194276.8463917,1513194276.9154654,676
query,1513194276.91547,1513194276.9862764,608
query,1513194276.9862804,1513194277.0544796,975
query,1513194277.0544841,1513194277.126268,684
query,1513194277.1262732,1513194277.2087352,1549
query,1513194277.2087405,1513194277.2772326,541
query,1513194277.277302,1513194277.3672724,409
query,1513194277.3808475,1513194277.475099,1582
query,1513194277.4751027,1513194277.5440035,260
query,1513194277.5440073,1513194277.595373,1
query,1513194277.595376,1513194277.6756468,1798
query,1513194277.6756525,1513194277.74267,848
query,1513194277.7426727,1513194277.784185,0
query,1513194277.7841892,1513194277.8557377,760
query,1513194277.8557408,1513194277.9245431,69
query,1513194277.9245477,1513194278.004877,2173
query,1513194278.0048811,1513194278.0808096,1910
query,1513194278.080813,1513194278.1484506,251
query,1513194278.1484535,1513194278.215963,1165
query,1513194278.215966,1513194278.2932708,1535
query,1513194278.2932734,1513194278.3798223,805
query,1513194278.3798263,1513194278.4776347,1829
query,1513194278.4776397,1513194278.550405,1097
query,1513194278.550409,1513194278.6166952,461
query,1513194278.6167002,1513194278.6907947,1179
query,1513194278.6907985,1513194278.7635334,1139
query,1513194278.7635796,1513194278.875102,2102
query,1513194278.8905432,1513194278.981638,2598
query,1513194278.9816415,1513194279.0491557,1186
query,1513194279.0491583,1513194279.122635,1158
query,1513194279.1226375,1513194279.1953082,1566
query,1513194279.195311,1513194279.2625031,879
query,1513194279.262506,1513194279.3294518,440
query,1513194279.3294544,1513194279.4065177,1596
query,1513194279.4065204,1513194279.480282,367
query,1513194279.4802847,1513194279.5574648,2053
query,1513194279.5574684,1513194279.699345,732
query,1513194279.699349,1513194279.7506924,5
query,1513194279.7506962,1513194279.7991202,2
query,1513194279.7991233,1513194279.870058,185
query,1513194279.8700616,1513194279.9424615,1376
query,1513194279.942466,1513194280.0149252,1475
query,1513194280.0149274,1513194280.0810468,20
query,1513194280.0810504,1513194280.149431,364
query,1513194280.149435,1513194280.2160976,616
query,1513194280.2161,1513194280.2861981,627
query,1513194280.2862232,1513194280.3471613,0
query,1513194280.3480494,1513194280.4279685,2192
query,1513194280.4279706,1513194280.481022,1
query,1513194280.4810257,1513194280.555491,1962
query,1513194280.555494,1513194280.6308908,1325
query,1513194280.630895,1513194280.6993055,220
query,1513194280.6993108,1513194280.7654808,280
query,1513194280.7654848,1513194280.8338418,441
query,1513194280.8338459,1513194280.909528,860
query,1513194280.9095316,1513194280.9874442,1444
query,1513194280.987448,1513194281.0631618,1791
query,1513194281.0631654,1513194281.1105537,1
query,1513194281.1105564,1513194281.1799858,299
query,1513194281.1799917,1513194281.2477033,408
query,1513194281.2477067,1513194281.3335412,2363
query,1513194281.3335447,1513194281.4055312,1485
query,1513194281.405537,1513194281.474732,444
query,1513194281.4747367,1513194281.541182,325
query,1513194281.5411863,1513194281.6259027,1643
query,1513194281.6259067,1513194281.7031982,1551
query,1513194281.7032351,1513194281.7921584,35
query,1513194281.8063836,1513194281.8754628,815
query,1513194281.8754673,1513194281.952992,1898
query,1513194281.9529946,1513194282.0268927,996
query,1513194282.0268974,1513194282.098239,1407
query,1513194282.098242,1513194282.1759157,1834
query,1513194282.1759188,1513194282.2410796,731
query,1513194282.2410836,1513194282.3053443,324
query,1513194282.305348,1513194282.37708,1436
query,1513194282.3770838,1513194282.4615602,1620
query,1513194282.461564,1513194282.5287626,646
query,1513194282.5287664,1513194282.5716121,0
query,1513194282.5716162,1513194282.6370833,159
query,1513194282.6370869,1513194282.7066724,2028
query,1513194282.7066765,1513194282.7825093,1706
query,1513194282.7825134,1513194282.8582869,64
query,1513194282.8582914,1513194282.9418306,407
query,1513194282.9418352,1513194283.009712,99
query,1513194283.0097158,1513194283.0728233,34
query,1513194283.0728276,1513194283.1439862,1513
query,1513194283.1440213,1513194283.2420404,2009
query,1513194283.254773,1513194283.328269,1232
query,1513194283.3282733,1513194283.4098532,694
query,1513194283.409857,1513194283.488447,1550
query,1513194283.4884505,1513194283.5538988,399
query,1513194283.5539038,1513194283.6281312,1762
query,1513194283.628136,1513194283.7117712,1485
query,1513194283.7117746,1513194283.7807636,1577
query,1513194283.7807915,1513194283.8241994,0
query,1513194283.824203,1513194283.8853776,1644
query,1513194283.8853815,1513194283.956028,2417
query,1513194283.956031,1513194284.0212443,570
query,1513194284.0212483,1513194284.099005,1971
query,1513194284.099008,1513194284.1753752,1863
query,1513194284.175378,1513194284.2570949,2473
query,1513194284.257099,1513194284.3239882,147
query,1513194284.3239925,1513194284.3918517,612
query,1513194284.3918564,1513194284.4594865,309
query,1513194284.4594903,1513194284.5379233,585
query,1513194284.5379272,1513194284.6040905,50
query,1513194284.6041317,1513194284.7002478,1275
query,1513194284.7081022,1513194284.7850587,2381
query,1513194284.7850611,1513194284.8597105,1689
query,1513194284.8597143,1513194284.931725,1313
query,1513194284.9317284,1513194285.009131,2206
query,1513194285.0091352,1513194285.0762897,572
query,1513194285.0762932,1513194285.1426537,49
query,1513194285.1426573,1513194285.2312288,2112
query,1513194285.2312324,1513194285.3116477,2281
query,1513194285.3116512,1513194285.383456,971
query,1513194285.3834596,1513194285.4506898,35
query,1513194285.4506934,1513194285.5218055,1209
query,1513194285.5218089,1513194285.5944684,1035
query,1513194285.594473,1513194285.664946,982
query,1513194285.6649494,1513194285.7065148,0
query,1513194285.7065182,1513194285.770295,3
query,1513194285.7702982,1513194285.845568,2060
query,1513194285.8455715,1513194285.9124358,22
query,1513194285.9124396,1513194285.9996147,13
query,1513194285.99962,1513194286.0814276,1916
query,1513194286.081472,1513194286.1824634,2013
query,1513194286.1896229,1513194286.263691,1885
query,1513194286.2636943,1513194286.3304417,502
query,1513194286.3304446,1513194286.3737168,0
query,1513194286.3737192,1513194286.4415255,73
query,1513194286.4415307,1513194286.5344346,2476
query,1513194286.5344386,1513194286.6076348,856
query,1513194286.6076384,1513194286.6762433,78
query,1513194286.6762502,1513194286.7517626,14
query,1513194286.7517667,1513194286.8276997,395
query,1513194286.8277056,1513194286.9158306,3003
query,1513194286.9158337,1513194286.9869077,409
query,1513194286.9869113,1513194287.0332856,1
query,1513194287.0332887,1513194287.109137,1723
query,1513194287.1091402,1513194287.1540666,1
query,1513194287.154069,1513194287.2336178,1818
query,1513194287.233624,1513194287.3144546,2143
query,1513194287.3144596,1513194287.381236,75
query,1513194287.3812397,1513194287.4502392,227
query,1513194287.4502437,1513194287.5253437,2184
query,1513194287.5253863,1513194287.6171827,1583
query,1513194287.6243024,1513194287.691071,285
query,1513194287.6910737,1513194287.7610314,883
query,1513194287.7610338,1513194287.825412,3
query,1513194287.8254147,1513194287.8917542,228
query,1513194287.8917568,1513194287.9606433,212
query,1513194287.9606483,1513194288.0311487,487
query,1513194288.031152,1513194288.0888898,4
query,1513194288.088893,1513194288.1290522,0
query,1513194288.129055,1513194288.2137964,793
query,1513194288.2138,1513194288.2900524,378
query,1513194288.290056,1513194288.3546958,137
query,1513194288.3546987,1513194288.4342544,2461
query,1513194288.4342577,1513194288.519584,2474
query,1513194288.5195875,1513194288.5842845,12
query,1513194288.5842876,1513194288.6544197,545
query,1513194288.6544247,1513194288.735471,2923
query,1513194288.7354748,1513194288.8028324,552
query,1513194288.802836,1513194288.875466,1822
query,1513194288.8754697,1513194288.9510305,1737
query,1513194288.951073,1513194289.0556097,3200
query,1513194289.0750601,1513194289.1418693,85
query,1513194289.1418722,1513194289.2124083,1588
query,1513194289.2124124,1513194289.2847629,1189
query,1513194289.2847667,1513194289.3529935,183
query,1513194289.352999,1513194289.4200137,389
query,1513194289.420017,1513194289.4922073,1599
query,1513194289.492211,1513194289.5629683,602
query,1513194289.5629728,1513194289.6411128,2162
query,1513194289.6411169,1513194289.709232,684
query,1513194289.709236,1513194289.7772472,425
query,1513194289.7772503,1513194289.860648,2234
query,1513194289.8606527,1513194290.1429033,856
query,1513194290.1429088,1513194290.2086327,4
query,1513194290.2086358,1513194290.2871864,1562
query,1513194290.2871895,1513194290.3275666,0
query,1513194290.3275692,1513194290.42012,1923
query,1513194290.4201245,1513194290.4885159,94
query,1513194290.4885201,1513194290.55778,640
query,1513194290.557784,1513194290.6255605,733
query,1513194290.625591,1513194290.7270699,2171
query,1513194290.7348897,1513194290.813318,1756
query,1513194290.8133223,1513194290.8982217,60
query,1513194290.8982258,1513194290.9603283,1912
query,1513194290.9603333,1513194291.0272028,372
query,1513194291.0272064,1513194291.095786,4
query,1513194291.0957892,1513194291.167473,1242
query,1513194291.1674764,1513194291.2289612,2
query,1513194291.2289655,1513194291.2964294,456
query,1513194291.2964334,1513194291.3704562,1850
query,1513194291.3704596,1513194291.4413388,383
query,1513194291.4413433,1513194291.5114143,1763
query,1513194291.5114179,1513194291.5880766,1898
query,1513194291.5880802,1513194291.6689832,2329
query,1513194291.668986,1513194291.738416,616
query,1513194291.7384188,1513194291.8055122,776
query,1513194291.8055165,1513194291.8831623,2074
query,1513194291.8831687,1513194291.9264023,1
query,1513194291.9264057,1513194292.0066082,2534
query,1513194292.006613,1513194292.1012993,281
query,1513194292.1013439,1513194292.1946464,14
query,1513194292.2019055,1513194292.278192,1481
query,1513194292.2781975,1513194292.344015,156
query,1513194292.3440182,1513194292.39634,0
query,1513194292.3963432,1513194292.4706707,102
query,1513194292.4706738,1513194292.5394742,290
query,1513194292.5394776,1513194292.6133018,2287
query,1513194292.613306,1513194292.6865025,505
query,1513194292.6865065,1513194292.7282073,0
query,1513194292.7282112,1513194292.8015583,278
query,1513194292.8015623,1513194292.887683,1731
query,1513194292.8876874,1513194292.9624405,1903
query,1513194292.9624445,1513194293.0407555,2200
query,1513194293.0407598,1513194293.1213539,2313
query,1513194293.1213636,1513194293.210942,1437
query,1513194293.2109458,1513194293.2781534,163
query,1513194293.278158,1513194293.3484743,1017
query,1513194293.348478,1513194293.4279964,1974
query,1513194293.4280007,1513194293.4871864,3
query,1513194293.487191,1513194293.5639672,676
query,1513194293.563999,1513194293.6524334,1926
query,1513194293.6679318,1513194293.7362385,19
query,1513194293.7362432,1513194293.8124845,1068
query,1513194293.8124886,1513194293.8910744,2068
query,1513194293.8910782,1513194293.930966,0
query,1513194293.9309704,1513194293.9825397,2
query,1513194293.9825451,1513194294.0451703,338
query,1513194294.045175,1513194294.1109905,34
query,1513194294.1109946,1513194294.1879199,1926
query,1513194294.1879244,1513194294.2587388,832
query,1513194294.2587426,1513194294.3252943,484
query,1513194294.3252976,1513194294.3956923,878
query,1513194294.3956978,1513194294.467984,1329
query,1513194294.4679875,1513194294.5364523,348
query,1513194294.5364568,1513194294.6024883,10
query,1513194294.602492,1513194294.6884072,699
query,1513194294.6884131,1513194294.7623062,1425
query,1513194294.76231,1513194294.845611,2595
query,1513194294.845615,1513194294.9134195,665
query,1513194294.913432,1513194294.9878747,1938
query,1513194294.9879072,1513194295.0883386,1550
query,1513194295.1022289,1513194295.1702237,1140
query,1513194295.1702278,1513194295.240025,775
query,1513194295.2400296,1513194295.309312,1361
query,1513194295.3093162,1513194295.3804255,1291
query,1513194295.380429,1513194295.4524097,1062
query,1513194295.4524136,1513194295.5236819,1067
query,1513194295.523686,1513194295.601692,2045
query,1513194295.601697,1513194295.6575952,2
query,1513194295.6575992,1513194295.736728,2307
query,1513194295.7367315,1513194295.8034651,388
query,1513194295.8034687,1513194295.87091,221
query,1513194295.8709152,1513194295.9441614,1203
query,1513194295.9441662,1513194296.021288,796
query,1513194296.0212922,1513194296.0895913,632
query,1513194296.089597,1513194296.1611173,1488
query,1513194296.1611202,1513194296.2196267,2
query,1513194296.2196305,1513194296.2884276,892
query,1513194296.2884305,1513194296.3585587,1058
query,1513194296.358562,1513194296.4305425,1283
query,1513194296.4305706,1513194296.518426,91
query,1513194296.5265849,1513194296.5975277,1592
query,1513194296.5975325,1513194296.6645775,815
query,1513194296.6645806,1513194296.7405884,1820
query,1513194296.7405915,1513194296.8205013,2397
query,1513194296.8205054,1513194296.892759,1476
query,1513194296.8927636,1513194296.979005,1412
query,1513194296.979008,1513194297.055648,956
query,1513194297.0556521,1513194297.1251898,197
query,1513194297.125194,1513194297.1974962,777
query,1513194297.1975002,1513194297.267257,38
query,1513194297.267262,1513194297.339425,1330
query,1513194297.339429,1513194297.410317,408
query,1513194297.4103208,1513194297.4784808,515
query,1513194297.4784858,1513194297.5590641,1386
query,1513194297.5590682,1513194297.642878,2161
query,1513194297.6428823,1513194297.7226183,2624
query,1513194297.7226224,1513194297.7952123,777
query,1513194297.795217,1513194297.8628414,686
query,1513194297.8628454,1513194297.9352922,106
query,1513194297.9353862,1513194298.031336,1529
query,1513194298.0493503,1513194298.1244166,3
query,1513194298.1244204,1513194298.2113252,1988
query,1513194298.2113278,1513194298.287058,1687
query,1513194298.287062,1513194298.3571665,1331
query,1513194298.35717,1513194298.4283645,1409
query,1513194298.4283671,1513194298.5076518,1992
query,1513194298.5076559,1513194298.56364,419
query,1513194298.5636444,1513194298.6130986,9
query,1513194298.6131032,1513194298.6886103,1068
query,1513194298.6886144,1513194298.7674646,2019
query,1513194298.7674704,1513194298.845355,1380
query,1513194298.8453593,1513194298.9116313,700
query,1513194298.9116354,1513194298.9532275,0
query,1513194298.9532309,1513194299.0245378,1092
query,1513194299.0245419,1513194299.0989306,1781
query,1513194299.0989344,1513194299.1799436,688
query,1513194299.1799476,1513194299.247566,372
query,1513194299.2475708,1513194299.3222153,78
query,1513194299.3222198,1513194299.3946693,1815
query,1513194299.3947003,1513194299.4898555,1892
query,1513194299.5044992,1513194299.5870645,1212
query,1513194299.5870688,1513194299.6608407,1492
query,1513194299.6608448,1513194299.7363155,1462
query,1513194299.7363179,1513194299.7788813,1
query,1513194299.7788837,1513194299.8510206,1156
query,1513194299.8510244,1513194299.896486,1
query,1513194299.8965006,1513194299.970378,1523
query,1513194299.9703798,1513194300.0553436,642
query,1513194300.0553474,1513194300.1270185,737
query,1513194300.1270223,1513194300.1960611,905
query,1513194300.1960638,1513194300.2662327,744
query,1513194300.2662373,1513194300.3391383,657
query,1513194300.3391435,1513194300.41088,682
query,1513194300.4108837,1513194300.4771187,185
query,1513194300.477122,1513194300.5342073,923
query,1513194300.5342102,1513194300.5999153,838
query,1513194300.5999196,1513194300.655825,668
query,1513194300.6558292,1513194300.7079043,9
query,1513194300.7079077,1513194300.7630596,1336
query,1513194300.7631087,1513194300.8492875,2374
query,1513194300.8638651,1513194300.9301875,659
query,1513194300.930193,1513194301.0046158,1005
query,1513194301.0046198,1513194301.0802872,1636
query,1513194301.0802903,1513194301.1558955,1508
query,1513194301.1558979,1513194301.2254627,729
query,1513194301.2254667,1513194301.2956321,1190
query,1513194301.2956355,1513194301.3611612,592
query,1513194301.3611653,1513194301.4279532,271
query,1513194301.427957,1513194301.497757,645
query,1513194301.497761,1513194301.5718899,1441
query,1513194301.5718932,1513194301.6464348,1961
query,1513194301.64644,1513194301.7137291,89
query,1513194301.7137325,1513194301.7874181,256
query,1513194301.7874217,1513194301.860564,1321
query,1513194301.8605676,1513194301.9298277,1035
query,1513194301.929831,1513194301.973198,0
query,1513194301.973202,1513194302.0451,615
query,1513194302.0451043,1513194302.1160333,935
query,1513194302.116037,1513194302.1905973,1601
query,1513194302.190642,1513194302.288416,1655
query,1513194302.3002088,1513194302.3728096,1693
query,1513194302.3728135,1513194302.4406674,183
query,1513194302.4406703,1513194302.5280645,1568
query,1513194302.5280685,1513194302.596395,1379
query,1513194302.5963984,1513194302.669529,2516
query,1513194302.6695335,1513194302.7462463,2623
query,1513194302.7462504,1513194302.8206644,1886
query,1513194302.82067,1513194302.8862524,13
query,1513194302.886257,1513194302.9653363,725
query,1513194302.9653416,1513194303.036831,699
query,1513194303.0368345,1513194303.1247284,1646
query,1513194303.1247332,1513194303.2049637,134
query,1513194303.204967,1513194303.2883213,1915
query,1513194303.2883246,1513194303.3598557,2310
query,1513194303.3598585,1513194303.4443204,1551
query,1513194303.4443247,1513194303.519776,768
query,1513194303.5197797,1513194303.6050007,407
query,1513194303.6050038,1513194303.6753976,862
query,1513194303.6754,1513194303.741799,58
query,1513194303.741843,1513194303.851897,407
query,1513194303.866288,1513194303.9532683,869
query,1513194303.953272,1513194304.0275483,1409
query,1513194304.027552,1513194304.1009843,482
query,1513194304.1009874,1513194304.1702542,7
query,1513194304.1702573,1513194304.2372024,105
query,1513194304.2372084,1513194304.3082926,1036
query,1513194304.3082964,1513194304.3792167,2007
query,1513194304.3792276,1513194304.4528952,289
query,1513194304.452899,1513194304.5039523,1
query,1513194304.5039556,1513194304.5768764,1096
query,1513194304.57688,1513194304.6468568,942
query,1513194304.64686,1513194304.7305064,2261
query,1513194304.7305095,1513194304.800493,5
query,1513194304.800496,1513194304.8818076,1552
query,1513194304.88181,1513194304.9539142,1111
query,1513194304.9539187,1513194305.0261714,1796
query,1513194305.026174,1513194305.0998185,1769
query,1513194305.099822,1513194305.173363,1639
query,1513194305.1733665,1513194305.2504914,1571
query,1513194305.2505636,1513194305.3473828,1592
query,1513194305.3637788,1513194305.4384596,2128
query,1513194305.4384634,1513194305.5206738,2517
query,1513194305.5206773,1513194305.5904293,791
query,1513194305.590433,1513194305.6676676,2289
query,1513194305.6676707,1513194305.7509522,1823
query,1513194305.7509563,1513194305.8211145,499
query,1513194305.8211207,1513194305.8619838,0
query,1513194305.8619878,1513194305.9284852,229
query,1513194305.9284897,1513194306.0070055,916
query,1513194306.0070088,1513194306.0822284,1779
query,1513194306.082232,1513194306.152951,820
query,1513194306.1529553,1513194306.227299,1894
query,1513194306.2273026,1513194306.2994506,1443
query,1513194306.2994545,1513194306.3778224,1773
query,1513194306.3778257,1513194306.4463263,154
query,1513194306.4463298,1513194306.5304737,2384
query,1513194306.5304797,1513194306.6047966,1254
query,1513194306.6048007,1513194306.675108,778
query,1513194306.6751118,1513194306.7522812,1689
query,1513194306.7523217,1513194306.8476012,909
query,1513194306.8622189,1513194306.9391227,843
query,1513194306.9391267,1513194307.0092056,83
query,1513194307.009209,1513194307.0752733,243
query,1513194307.0752769,1513194307.1508923,1747
query,1513194307.1508968,1513194307.219062,560
query,1513194307.219066,1513194307.3181012,2853
query,1513194307.318105,1513194307.387195,1035
query,1513194307.3871992,1513194307.4579191,1414
query,1513194307.4579227,1513194307.5287352,514
query,1513194307.5287385,1513194307.5992863,1185
query,1513194307.59929,1513194307.6830728,1801
query,1513194307.6830764,1513194307.7535198,661
query,1513194307.7535243,1513194307.8306417,1862
query,1513194307.830646,1513194307.8989136,1205
query,1513194307.8989177,1513194307.9789782,2259
query,1513194307.9789824,1513194308.057583,2294
query,1513194308.057586,1513194308.1274283,1419
query,1513194308.1274319,1513194308.2016752,1832
query,1513194308.201678,1513194308.2743223,651
query,1513194308.2743602,1513194308.3679156,1772
query,1513194308.3757596,1513194308.4481394,1700
query,1513194308.4481425,1513194308.5145323,254
query,1513194308.5145352,1513194308.596679,1724
query,1513194308.5966823,1513194308.6714451,2054
query,1513194308.6714487,1513194308.7615285,2671
query,1513194308.7615328,1513194308.8390868,679
query,1513194308.8390906,1513194308.9061866,586
query,1513194308.9061906,1513194308.9526324,2
query,1513194308.9526353,1513194309.0311787,1950
query,1513194309.031183,1513194309.071836,0
query,1513194309.071839,1513194309.1507905,2128
query,1513194309.1507936,1513194309.2188647,337
query,1513194309.218869,1513194309.293214,338
query,1513194309.293218,1513194309.365117,888
query,1513194309.3651211,1513194309.431658,370
query,1513194309.4316626,1513194309.5069766,1288
query,1513194309.5069818,1513194309.5753107,187
query,1513194309.5753136,1513194309.653838,812
query,1513194309.653842,1513194309.7269533,880
query,1513194309.7269905,1513194309.808571,862
query,1513194309.8192744,1513194309.8923016,1225
query,1513194309.8923047,1513194309.933677,0
query,1513194309.9336803,1513194310.0023882,139
query,1513194310.0023913,1513194310.0736482,1125
query,1513194310.0736523,1513194310.141683,653
query,1513194310.1416862,1513194310.209496,4
query,1513194310.2094994,1513194310.2991836,29
query,1513194310.299188,1513194310.367638,2
query,1513194310.3676422,1513194310.4479344,408
query,1513194310.4479387,1513194310.5167654,1261
query,1513194310.5167992,1513194310.6198702,1996
query,1513194310.6198747,1513194310.6901963,323
query,1513194310.6902003,1513194310.7321925,0
query,1513194310.7321968,1513194310.8058476,1453
query,1513194310.805852,1513194310.8746996,330
query,1513194310.8747036,1513194310.9555826,2238
query,1513194310.9555879,1513194311.0373354,1502
query,1513194311.0373394,1513194311.1065671,654
query,1513194311.106571,1513194311.1765692,1036
query,1513194311.176627,1513194311.2695282,66
query,1513194311.2859905,1513194311.3675065,11
query,1513194311.3675103,1513194311.4444714,1602
query,1513194311.444476,1513194311.521093,2795
query,1513194311.5210965,1513194311.5906186,1665
query,1513194311.5906224,1513194311.6699104,2518
query,1513194311.6699147,1513194311.7494152,1915
query,1513194311.7494195,1513194311.8277345,964
query,1513194311.8277383,1513194311.9072762,1789
query,1513194311.907281,1513194311.98312,401
query,1513194311.9831243,1513194312.050149,24
query,1513194312.0501528,1513194312.1173606,755
query,1513194312.117366,1513194312.186995,797
query,1513194312.1869996,1513194312.2615883,1956
query,1513194312.2615926,1513194312.33201,1117
query,1513194312.3320143,1513194312.4029007,1286
query,1513194312.4029047,1513194312.4834783,1887
query,1513194312.4834826,1513194312.5516505,989
query,1513194312.5516546,1513194312.628855,2215
query,1513194312.628859,1513194312.7034986,215
query,1513194312.7035441,1513194312.7913346,1096
query,1513194312.7993093,1513194312.871201,1386
query,1513194312.871204,1513194312.9384975,1284
query,1513194312.9385002,1513194312.9871342,4
query,1513194312.987137,1513194313.0604231,1816
query,1513194313.060427,1513194313.13344,1588
query,1513194313.1334429,1513194313.2061741,168
query,1513194313.2061782,1513194313.2734246,7
query,1513194313.2734275,1513194313.354592,2416
query,1513194313.354596,1513194313.419102,484
query,1513194313.419105,1513194313.4984288,1860
query,1513194313.4984329,1513194313.5709186,1324
query,1513194313.5709214,1513194313.6353543,602
query,1513194313.635357,1513194313.704925,303
query,1513194313.7049274,1513194313.772556,1000
query,1513194313.7725587,1513194313.8431604,788
query,1513194313.8431642,1513194313.9151928,1939
query,1513194313.9151957,1513194313.9867144,137
query,1513194313.9867175,1513194314.0511227,661
query,1513194314.0511253,1513194314.1167376,73
query,1513194314.1168044,1513194314.1852734,0
query,1513194314.1862204,1513194314.261703,1328
query,1513194314.2617097,1513194314.3273535,18
query,1513194314.3273575,1513194314.4095168,2549
query,1513194314.4095206,1513194314.4790487,23
query,1513194314.4790528,1513194314.5462275,219
query,1513194314.5462346,1513194314.617323,1556
query,1513194314.617327,1513194314.695183,1188
query,1513194314.695187,1513194314.7665668,1356
query,1513194314.7665713,1513194314.844168,1764
query,1513194314.8441737,1513194314.9310346,2576
query,1513194314.931039,1513194315.0148249,2297
query,1513194315.0148292,1513194315.091943,2049
query,1513194315.0919487,1513194315.1584578,686
query,1513194315.158461,1513194315.1983979,0
query,1513194315.1984017,1513194315.2680125,2151
query,1513194315.2680166,1513194315.3328564,1234
query,1513194315.3328624,1513194315.4034233,688
query,1513194315.4034274,1513194315.4669957,1286
query,1513194315.4669993,1513194315.5320914,1082
query,1513194315.532131,1513194315.627771,2019
query,1513194315.6358454,1513194315.7154145,2008
query,1513194315.715417,1513194315.7582283,0
query,1513194315.7582314,1513194315.8251972,318
query,1513194315.8252013,1513194315.8976986,1293
query,1513194315.8977025,1513194315.941603,0
query,1513194315.9416068,1513194315.9834058,0
query,1513194315.9834092,1513194316.0519872,589
query,1513194316.051991,1513194316.1089985,5
query,1513194316.1090026,1513194316.179057,435
query,1513194316.1790612,1513194316.244351,175
query,1513194316.2443557,1513194316.3225377,866
query,1513194316.3225424,1513194316.4153912,1188
query,1513194316.415396,1513194316.487911,1395
query,1513194316.4879153,1513194316.565273,1528
query,1513194316.565278,1513194316.650449,747
query,1513194316.6504533,1513194316.7294807,253
query,1513194316.7294924,1513194316.8057456,1169
query,1513194316.8057501,1513194316.8459826,0
query,1513194316.8459885,1513194316.89822,1
query,1513194316.898256,1513194316.9737177,1965
query,1513194316.987262,1513194317.0590482,1413
query,1513194317.059051,1513194317.125729,179
query,1513194317.1257327,1513194317.205677,623
query,1513194317.2056808,1513194317.2872567,2206
query,1513194317.2872605,1513194317.364859,2010
query,1513194317.364863,1513194317.4302626,412
query,1513194317.4302664,1513194317.4975057,584
query,1513194317.4975097,1513194317.580836,1170
query,1513194317.5808394,1513194317.6582615,1361
query,1513194317.6582654,1513194317.7467723,2087
query,1513194317.7467756,1513194317.8240156,1607
query,1513194317.8240187,1513194317.9002502,1863
query,1513194317.9002562,1513194317.9422834,1
query,1513194317.9422872,1513194317.9969287,362
query,1513194317.9969332,1513194318.0564914,1436
query,1513194318.0564952,1513194318.1266997,2342
query,1513194318.1267028,1513194318.1952858,1093
query,1513194318.1952896,1513194318.2765458,2552
query,1513194318.2765493,1513194318.3352964,279
query,1513194318.335327,1513194318.4171388,1999
query,1513194318.4253395,1513194318.485284,576
query,1513194318.4852886,1513194318.545659,1543
query,1513194318.545663,1513194318.6043947,242
query,1513194318.6043987,1513194318.6715548,82
query,1513194318.6715615,1513194318.749531,1835
query,1513194318.7495353,1513194318.8296213,2906
query,1513194318.8296258,1513194318.8969543,49
query,1513194318.8969584,1513194318.9681036,800
query,1513194318.968108,1513194319.037432,1360
query,1513194319.0374355,1513194319.1049008,36
query,1513194319.1049042,1513194319.1802335,2213
query,1513194319.1802382,1513194319.2509184,1301
query,1513194319.250923,1513194319.313297,421
query,1513194319.3133006,1513194319.3930392,2301
query,1513194319.3930464,1513194319.4600086,8
query,1513194319.4600124,1513194319.5254126,462
query,1513194319.5254169,1513194319.6085918,2113
query,1513194319.6085968,1513194319.6854625,1494
query,1513194319.6854665,1513194319.7529922,618
query,1513194319.7530365,1513194319.8510456,1883
query,1513194319.864701,1513194319.951437,428
query,1513194319.951441,1513194320.0261505,1699
query,1513194320.0261543,1513194320.0987563,1391
query,1513194320.0987604,1513194320.1760721,1854
query,1513194320.1760764,1513194320.2501657,1628
query,1513194320.2501695,1513194320.3286889,1982
query,1513194320.3286927,1513194320.41841,1745
query,1513194320.418414,1513194320.494588,2
query,1513194320.4945927,1513194320.5801988,2041
query,1513194320.5802033,1513194320.6513903,567
query,1513194320.6513937,1513194320.7318609,2400
query,1513194320.7318661,1513194320.79783,9
query,1513194320.7978332,1513194320.8652384,1109
query,1513194320.8652406,1513194320.9066372,0
query,1513194320.9066393,1513194320.982426,251
query,1513194320.9824297,1513194321.0541718,373
query,1513194321.054175,1513194321.126842,186
query,1513194321.1268454,1513194321.1945245,1023
query,1513194321.194528,1513194321.2733314,2126
query,1513194321.2733583,1513194321.3611593,12
query,1513194321.3696964,1513194321.446,434
query,1513194321.4460022,1513194321.5239577,1971
query,1513194321.5239604,1513194321.594717,1393
query,1513194321.5947201,1513194321.6461644,2
query,1513194321.646167,1513194321.7128332,226
query,1513194321.712837,1513194321.784231,1208
query,1513194321.7842345,1513194321.8492942,22
query,1513194321.8492982,1513194321.920663,918
query,1513194321.9206667,1513194322.0082943,1717
query,1513194322.008298,1513194322.0783207,172
query,1513194322.0783246,1513194322.1585267,1979
query,1513194322.1585298,1513194322.2294264,1082
query,1513194322.2294307,1513194322.2977023,1000
query,1513194322.2977057,1513194322.3645208,160
query,1513194322.3645241,1513194322.4480553,3217
query,1513194322.4480584,1513194322.5367093,2269
query,1513194322.5367136,1513194322.6110778,1644
query,1513194322.6110806,1513194322.6818824,1023
query,1513194322.6818857,1513194322.7516387,379
query,1513194322.751675,1513194322.8429637,547
query,1513194322.8568323,1513194322.9254968,671
query,1513194322.9255,1513194323.0001607,1939
query,1513194323.0001633,1513194323.0718462,1052
query,1513194323.0718513,1513194323.1419997,119
query,1513194323.1420038,1513194323.2181563,1742
query,1513194323.21816,1513194323.2983985,1697
query,1513194323.2984018,1513194323.374424,2090
query,1513194323.3744292,1513194323.4528458,2386
query,1513194323.4528499,1513194323.5302129,2118
query,1513194323.5302174,1513194323.570595,0
query,1513194323.5705986,1513194323.6113217,0
query,1513194323.6113248,1513194323.6838117,1739
query,1513194323.683817,1513194323.7620273,2030
query,1513194323.7620318,1513194323.833924,943
query,1513194323.833928,1513194323.9061546,69
query,1513194323.906159,1513194323.9828289,1513
query,1513194323.9828327,1513194324.065315,1901
query,1513194324.0653188,1513194324.1270516,1634
query,1513194324.1270556,1513194324.1964333,509
query,1513194324.196471,1513194324.29739,2787
query,1513194324.311006,1513194324.3824794,778
query,1513194324.3824818,1513194324.45796,329
query,1513194324.4579635,1513194324.5281775,30
query,1513194324.5281816,1513194324.594208,733
query,1513194324.5942116,1513194324.677291,2100
query,1513194324.6772947,1513194324.7464368,849
query,1513194324.7464404,1513194324.8179853,496
query,1513194324.8179889,1513194324.8899264,535
query,1513194324.88993,1513194324.971388,2120
query,1513194324.9713926,1513194325.0412762,231
query,1513194325.04128,1513194325.1114933,991
query,1513194325.1114984,1513194325.1853597,1529
query,1513194325.185364,1513194325.287712,2787
query,1513194325.2877169,1513194325.6024365,2030
query,1513194325.6024413,1513194325.6869352,2494
query,1513194325.686939,1513194325.78033,852
query,1513194325.7803342,1513194325.848304,478
query,1513194325.848308,1513194325.9305093,1094
query,1513194325.9305134,1513194325.9989204,214
query,1513194325.998962,1513194326.0989451,1809
query,1513194326.1133583,1513194326.1843789,557
query,1513194326.184383,1513194326.2314622,1
query,1513194326.2314665,1513194326.315573,2298
query,1513194326.3155766,1513194326.3866212,515
query,1513194326.3866253,1513194326.4555948,842
query,1513194326.4555984,1513194326.5389616,2444
query,1513194326.538966,1513194326.6139686,1320
query,1513194326.6139739,1513194326.6794426,25
query,1513194326.6794465,1513194326.7585516,1999
query,1513194326.758554,1513194326.827804,431
query,1513194326.827807,1513194326.8996596,1761
query,1513194326.899663,1513194326.9750164,2047
query,1513194326.9750204,1513194327.0436552,938
query,1513194327.0436592,1513194327.1238973,2366
query,1513194327.123901,1513194327.2004762,2861
query,1513194327.20048,1513194327.2741737,1514
query,1513194327.2741778,1513194327.342117,573
query,1513194327.3421206,1513194327.411676,1295
query,1513194327.4116802,1513194327.488123,2020
query,1513194327.4881573,1513194327.590301,2130
query,1513194327.6023974,1513194327.6698961,341
query,1513194327.669899,1513194327.7372882,198
query,1513194327.7372925,1513194327.8038435,415
query,1513194327.8038473,1513194327.8794286,47
query,1513194327.8794324,1513194327.9430382,2142
query,1513194327.9430418,1513194328.0118363,1019
query,1513194328.0118399,1513194328.082524,714
query,1513194328.082527,1513194328.1531546,992
query,1513194328.153158,1513194328.2246103,1477
query,1513194328.2246144,1513194328.2991257,1471
query,1513194328.2991295,1513194328.3767226,2140
query,1513194328.3767262,1513194328.4265015,4
query,1513194328.4265053,1513194328.493473,2060
query,1513194328.4934762,1513194328.5658405,111
query,1513194328.5658448,1513194328.6340287,1259
query,1513194328.634033,1513194328.7048652,1910
query,1513194328.70487,1513194328.7864451,2063
query,1513194328.7864497,1513194328.853669,7
query,1513194328.8536727,1513194328.9300401,791
query,1513194328.9300787,1513194329.0248744,2297
query,1513194329.0389402,1513194329.1155226,12
query,1513194329.1155276,1513194329.2191641,451
query,1513194329.219169,1513194329.2975168,1827
query,1513194329.297521,1513194329.3650663,343
query,1513194329.3650703,1513194329.4345891,1169
query,1513194329.4345934,1513194329.4995592,113
query,1513194329.499563,1513194329.576394,2007
query,1513194329.5763981,1513194329.6494312,631
query,1513194329.6494353,1513194329.7274911,1618
query,1513194329.7274961,1513194329.805577,1414
query,1513194329.805581,1513194329.8514993,0
query,1513194329.8515034,1513194329.9181552,594
query,1513194329.9181588,1513194329.9880512,1402
query,1513194329.9880557,1513194330.066442,1660
query,1513194330.066448,1513194330.1375334,341
query,1513194330.137538,1513194330.2111082,1835
query,1513194330.2111123,1513194330.2795365,138
query,1513194330.2795405,1513194330.3517385,261
query,1513194330.3517427,1513194330.4235098,798
query,1513194330.423554,1513194330.524088,1600
query,1513194330.5365121,1513194330.617498,406
query,1513194330.6175022,1513194330.6904812,1392
query,1513194330.6904838,1513194330.7787147,3105
query,1513194330.7787187,1513194330.8585227,1637
query,1513194330.8585281,1513194330.9279115,138
query,1513194330.9279146,1513194330.9968948,1383
query,1513194330.9968977,1513194331.0729182,1151
query,1513194331.072924,1513194331.1513464,1736
query,1513194331.1513515,1513194331.2201965,232
query,1513194331.2202005,1513194331.299288,1819
query,1513194331.2992933,1513194331.376284,2245
query,1513194331.3762884,1513194331.4459558,820
query,1513194331.44596,1513194331.5164015,865
query,1513194331.5164056,1513194331.5920238,996
query,1513194331.5920281,1513194331.6639621,95
query,1513194331.6639667,1513194331.7310917,8
query,1513194331.7310965,1513194331.813143,2068
query,1513194331.8131468,1513194331.8951604,2047
query,1513194331.895164,1513194331.9722514,1119
query,1513194331.9725096,1513194332.0687616,2076
query,1513194332.083263,1513194332.152958,1070
query,1513194332.1529613,1513194332.2304194,2588
query,1513194332.2304235,1513194332.3017974,1610
query,1513194332.3018022,1513194332.3752506,1315
query,1513194332.3752544,1513194332.441216,305
query,1513194332.44122,1513194332.5184052,1993
query,1513194332.5184095,1513194332.5854201,597
query,1513194332.5854237,1513194332.6561425,294
query,1513194332.6561472,1513194332.7340803,2373
query,1513194332.734084,1513194332.8017957,328
query,1513194332.8017998,1513194332.8780441,1660
query,1513194332.8780487,1513194332.9445436,189
query,1513194332.9445472,1513194333.0186844,1530
query,1513194333.0186887,1513194333.0924737,707
query,1513194333.0924778,1513194333.1667953,1782
query,1513194333.166799,1513194333.2373202,1022
query,1513194333.2373247,1513194333.3125987,2030
query,1513194333.3126023,1513194333.3778656,195
query,1513194333.3778694,1513194333.4453974,332
query,1513194333.445441,1513194333.540029,794
query,1513194333.5477588,1513194333.6192915,1016
query,1513194333.6192966,1513194333.6908827,1257
query,1513194333.6908875,1513194333.773797,407
query,1513194333.7738018,1513194333.8431728,733
query,1513194333.8431768,1513194333.9187336,1886
query,1513194333.9187372,1513194333.9816244,291
query,1513194333.9816275,1513194334.041588,1214
query,1513194334.0415924,1513194334.090045,2
query,1513194334.09005,1513194334.1587892,822
query,1513194334.1587934,1513194334.2302723,718
query,1513194334.2302778,1513194334.3125398,1647
query,1513194334.3125448,1513194334.3844333,1411
query,1513194334.3844361,1513194334.4289315,1
query,1513194334.4289367,1513194334.5206804,196
query,1513194334.5206854,1513194334.5975895,1558
query,1513194334.597596,1513194334.6764362,2579
query,1513194334.6764414,1513194334.7445028,328
query,1513194334.7445076,1513194334.7889948,0
query,1513194334.7889988,1513194334.8645477,33
query,1513194334.8645947,1513194334.9582453,716
query,1513194334.9697855,1513194335.046146,2409
query,1513194335.0461488,1513194335.0878808,0
query,1513194335.0878842,1513194335.1687021,2634
query,1513194335.168707,1513194335.243684,1144
query,1513194335.2436876,1513194335.3141835,1113
query,1513194335.3141866,1513194335.3802645,350
query,1513194335.3802679,1513194335.4482305,162
query,1513194335.4482343,1513194335.5163493,737
query,1513194335.5163534,1513194335.5833368,98
query,1513194335.5833414,1513194335.657888,1773
query,1513194335.6578918,1513194335.7280133,160
query,1513194335.7280176,1513194335.7790327,2
query,1513194335.7790358,1513194335.8686004,2183
query,1513194335.8686037,1513194335.9459338,2001
query,1513194335.9459374,1513194336.0144706,772
query,1513194336.0144737,1513194336.082598,329
query,1513194336.0826006,1513194336.1523697,257
query,1513194336.1523733,1513194336.2353125,3252
query,1513194336.235315,1513194336.300891,93
query,1513194336.3009298,1513194336.390094,595
query,1513194336.399051,1513194336.4757016,2171
query,1513194336.475705,1513194336.5531657,2145
query,1513194336.5531685,1513194336.6262414,1614
query,1513194336.6262455,1513194336.7035367,1923
query,1513194336.7035403,1513194336.7747593,703
query,1513194336.7747629,1513194336.8449945,1426
query,1513194336.8449984,1513194336.9293814,371
query,1513194336.9293852,1513194337.0077922,2034
query,1513194337.0077949,1513194337.0811136,1483
query,1513194337.0811164,1513194337.1497905,309
query,1513194337.1497931,1513194337.2285829,1964
query,1513194337.2285888,1513194337.306833,1952
query,1513194337.3068368,1513194337.3765686,927
query,1513194337.3765717,1513194337.44361,448
query,1513194337.4436138,1513194337.4899275,1
query,1513194337.4899309,1513194337.5666294,1935
query,1513194337.5666325,1513194337.636153,316
query,1513194337.636156,1513194337.7053268,270
query,1513194337.7053313,1513194337.7837672,2073
query,1513194337.7838106,1513194337.8787405,671
query,1513194337.8918066,1513194337.9600585,516
query,1513194337.9600613,1513194338.0433958,2292
query,1513194338.0433996,1513194338.1120071,270
query,1513194338.1120114,1513194338.1925244,3060
query,1513194338.192527,1513194338.271592,1530
query,1513194338.2715952,1513194338.338398,312
query,1513194338.3384025,1513194338.4196668,1303
query,1513194338.4196703,1513194338.4857564,9
query,1513194338.48576,1513194338.5556662,314
query,1513194338.5556703,1513194338.632335,1837
query,1513194338.6323383,1513194338.7026966,895
query,1513194338.7026992,1513194338.7750032,1311
query,1513194338.7750063,1513194338.8493364,1138
query,1513194338.8493397,1513194338.9139695,15
query,1513194338.9139736,1513194338.987123,1690
query,1513194338.987126,1513194339.0769105,1209
query,1513194339.0769157,1513194339.1232135,1
query,1513194339.123217,1513194339.1954272,1704
query,1513194339.1954305,1513194339.2626228,219
query,1513194339.2626514,1513194339.3565345,1637
query,1513194339.3650367,1513194339.4330318,182
query,1513194339.4330359,1513194339.502129,1366
query,1513194339.5021324,1513194339.5744538,275
query,1513194339.574457,1513194339.6532664,0
query,1513194339.6532695,1513194339.735187,1517
query,1513194339.7351906,1513194339.799743,7
query,1513194339.7997463,1513194339.871411,1315
query,1513194339.871415,1513194339.9399137,887
query,1513194339.9399173,1513194340.0092113,241
query,1513194340.0092156,1513194340.0967207,1196
query,1513194340.0967257,1513194340.1401532,1
query,1513194340.1401563,1513194340.1832979,1
query,1513194340.1833014,1513194340.2613196,408
query,1513194340.2613223,1513194340.3285508,12
query,1513194340.3285532,1513194340.4049914,711
query,1513194340.404995,1513194340.4548635,2
query,1513194340.4548657,1513194340.5267189,1519
query,1513194340.5267215,1513194340.6162026,407
query,1513194340.6162071,1513194340.6894062,71
query,1513194340.6895013,1513194340.7891622,1892
query,1513194340.804157,1513194340.8749855,1169
query,1513194340.8749895,1513194340.9150636,0
query,1513194340.9150674,1513194340.9613643,1
query,1513194340.9613678,1513194341.036197,1963
query,1513194341.0362003,1513194341.1051106,1527
query,1513194341.1051152,1513194341.1814144,2284
query,1513194341.1814187,1513194341.2533176,1862
query,1513194341.2533212,1513194341.3331637,2420
query,1513194341.3331676,1513194341.3736625,1
query,1513194341.373666,1513194341.4387853,14
query,1513194341.4387877,1513194341.5225594,1579
query,1513194341.5225651,1513194341.5908377,250
query,1513194341.5908413,1513194341.6605356,700
query,1513194341.660539,1513194341.7283413,320
query,1513194341.7283452,1513194341.8019898,1204
query,1513194341.8019946,1513194341.8714342,186
query,1513194341.8714402,1513194341.9411826,406
query,1513194341.9411867,1513194342.038529,1382
query,1513194342.038532,1513194342.1132553,1253
query,1513194342.1132944,1513194342.214601,2216
query,1513194342.2295897,1513194342.2974246,854
query,1513194342.297428,1513194342.367856,811
query,1513194342.3678596,1513194342.4297183,1149
query,1513194342.4297225,1513194342.5071394,2175
query,1513194342.507143,1513194342.5736291,417
query,1513194342.5736327,1513194342.6459765,845
query,1513194342.6459804,1513194342.7161562,131
query,1513194342.7161598,1513194342.79613,2233
query,1513194342.7961335,1513194342.8536763,2
query,1513194342.8536797,1513194342.9310794,1609
query,1513194342.9310825,1513194343.0134327,2340
query,1513194343.0134358,1513194343.0845556,743
query,1513194343.0845585,1513194343.1613553,1673
query,1513194343.1613588,1513194343.2389708,1905
query,1513194343.238974,1513194343.313027,2592
query,1513194343.3130312,1513194343.3877397,1819
query,1513194343.3877444,1513194343.4645,2582
query,1513194343.464504,1513194343.5384889,2400
query,1513194343.5384927,1513194343.6105385,786
query,1513194343.6105762,1513194343.6832936,2
query,1513194343.691438,1513194343.769652,2114
query,1513194343.769656,1513194343.837409,857
query,1513194343.8374119,1513194343.9070964,1484
query,1513194343.9070992,1513194343.9757416,1450
query,1513194343.9757442,1513194344.0530615,2023
query,1513194344.0530646,1513194344.091591,0
query,1513194344.091593,1513194344.1309502,0
query,1513194344.1309536,1513194344.19868,69
query,1513194344.1986842,1513194344.245725,0
query,1513194344.2457278,1513194344.3110065,776
query,1513194344.3110104,1513194344.3900967,2511
query,1513194344.390101,1513194344.4545085,285
query,1513194344.4545116,1513194344.5295103,2285
query,1513194344.5295138,1513194344.6098523,2045
query,1513194344.6098564,1513194344.68785,2205
query,1513194344.687854,1513194344.7655704,1498
query,1513194344.7655768,1513194344.8400607,2431
query,1513194344.8400638,1513194344.9191732,1839
query,1513194344.9191766,1513194344.985371,125
query,1513194344.9854496,1513194345.0771677,1612
query,1513194345.0895095,1513194345.160041,712
query,1513194345.1600454,1513194345.229021,350
query,1513194345.2290246,1513194345.3033676,1989
query,1513194345.303371,1513194345.384293,2225
query,1513194345.3842962,1513194345.4501798,549
query,1513194345.4501832,1513194345.526061,2015
query,1513194345.5260644,1513194345.6064658,2086
query,1513194345.6064694,1513194345.6753826,576
query,1513194345.675386,1513194345.7486897,1763
query,1513194345.7486944,1513194345.8222651,1439
query,1513194345.8222697,1513194345.8884156,17
query,1513194345.8884199,1513194345.958921,373
query,1513194345.958926,1513194346.0271168,628
query,1513194346.0271194,1513194346.09204,18
query,1513194346.092043,1513194346.160435,754
query,1513194346.1604376,1513194346.22763,18
query,1513194346.227633,1513194346.2681746,0
query,1513194346.2681775,1513194346.34318,1525
query,1513194346.3431826,1513194346.4155855,8
query,1513194346.4156563,1513194346.5065522,1421
query,1513194346.5209918,1513194346.604269,2095
query,1513194346.604273,1513194346.673379,421
query,1513194346.6733973,1513194346.7401588,1102
query,1513194346.7401621,1513194346.8124485,1110
query,1513194346.8124518,1513194346.878357,762
query,1513194346.878361,1513194346.953756,1373
query,1513194346.9537594,1513194347.0290515,572
query,1513194347.0290573,1513194347.0985808,1284
query,1513194347.0985847,1513194347.1889694,1916
query,1513194347.1889737,1513194347.2636542,1771
query,1513194347.263658,1513194347.3416944,2323
query,1513194347.3416982,1513194347.4095633,526
query,1513194347.409567,1513194347.4935465,2268
query,1513194347.4935503,1513194347.5725136,971
query,1513194347.5725176,1513194347.650087,1456
query,1513194347.6500912,1513194347.7276325,1727
query,1513194347.727637,1513194347.8052697,2114
query,1513194347.8052742,1513194347.8741083,320
query,1513194347.8741126,1513194347.943033,792
query,1513194347.9430938,1513194348.0409532,1497
query,1513194348.0591516,1513194348.134961,819
query,1513194348.1349647,1513194348.2140338,2019
query,1513194348.2140374,1513194348.2819335,1001
query,1513194348.2819374,1513194348.3565962,1659
query,1513194348.3565998,1513194348.4245996,440
query,1513194348.4246025,1513194348.5002098,1781
query,1513194348.5002134,1513194348.5712776,2077
query,1513194348.571281,1513194348.636148,175
query,1513194348.6361506,1513194348.7109344,403
query,1513194348.710937,1513194348.7965086,1598
query,1513194348.7965133,1513194348.8830037,835
query,1513194348.883008,1513194348.9664607,150
query,1513194348.9664636,1513194349.0370889,729
query,1513194349.0370917,1513194349.1139557,1704
query,1513194349.113959,1513194349.1877182,2456
query,1513194349.1877217,1513194349.2605345,1603
query,1513194349.2605379,1513194349.3287067,12
query,1513194349.3287106,1513194349.4192262,2124
query,1513194349.4192295,1513194349.4964979,1914
query,1513194349.4965355,1513194349.5857224,1315
query,1513194349.5993462,1513194349.6704068,991
query,1513194349.67041,1513194349.7390275,285
query,1513194349.7390304,1513194349.807615,101
query,1513194349.8076181,1513194349.8760293,113
query,1513194349.8760333,1513194349.9234776,1
query,1513194349.9234807,1513194349.9999352,526
query,1513194349.999939,1513194350.0445807,1
query,1513194350.0445838,1513194350.1200566,6
query,1513194350.1200602,1513194350.199422,2096
query,1513194350.199426,1513194350.2696567,707
query,1513194350.2696605,1513194350.3374882,284
query,1513194350.3374918,1513194350.405832,511
query,1513194350.4058368,1513194350.4821618,2158
query,1513194350.482167,1513194350.550538,220
query,1513194350.550542,1513194350.6305633,1965
query,1513194350.6305678,1513194350.712204,1776
query,1513194350.7122085,1513194350.7806935,529
query,1513194350.780698,1513194350.8478823,273
query,1513194350.847886,1513194350.925688,78
query,1513194350.9257264,1513194351.0113156,1613
query,1513194351.0227628,1513194351.1253762,2151
query,1513194351.1253803,1513194351.2027555,1010
query,1513194351.2027612,1513194351.272071,836
query,1513194351.272075,1513194351.336434,814
query,1513194351.336438,1513194351.405627,743
query,1513194351.4056304,1513194351.4796305,1722
query,1513194351.4796338,1513194351.5631905,2358
query,1513194351.5631945,1513194351.6430762,2104
query,1513194351.6430798,1513194351.717272,1228
query,1513194351.7172756,1513194351.7965324,2035
query,1513194351.7965357,1513194351.862354,98
query,1513194351.8623574,1513194351.9391165,1982
query,1513194351.93912,1513194352.0147302,1879
query,1513194352.0147343,1513194352.0856736,1573
query,1513194352.085677,1513194352.165386,1930
query,1513194352.1653895,1513194352.2424827,1886
query,1513194352.242486,1513194352.3190782,1799
query,1513194352.3190827,1513194352.3963993,1858
query,1513194352.3964036,1513194352.4692416,1231
query,1513194352.4692838,1513194352.5649889,1497
query,1513194352.5749438,1513194352.6409438,453
query,1513194352.6409466,1513194352.7107213,867
query,1513194352.7107255,1513194352.776179,243
query,1513194352.7761815,1513194352.854809,1883
query,1513194352.854812,1513194352.9256585,690
query,1513194352.925663,1513194353.0002751,348
query,1513194353.0002778,1513194353.0414534,0
query,1513194353.0414588,1513194353.119239,1531
query,1513194353.1192443,1513194353.1862981,44
query,1513194353.186302,1513194353.2556388,937
query,1513194353.2556431,1513194353.323201,523
query,1513194353.3232048,1513194353.3959835,1388
query,1513194353.395988,1513194353.4740782,1911
query,1513194353.4740832,1513194353.5504322,2006
query,1513194353.550436,1513194353.6197996,1612
query,1513194353.6198027,1513194353.6852849,76
query,1513194353.6852877,1513194353.7508373,188
query,1513194353.7508402,1513194353.8227265,1831
query,1513194353.8227303,1513194353.8929565,1951
query,1513194353.893001,1513194353.9806867,470
query,1513194353.9891744,1513194354.060471,425
query,1513194354.0604742,1513194354.1344836,1538
query,1513194354.1344876,1513194354.210092,1635
query,1513194354.2100964,1513194354.290335,669
query,1513194354.2903385,1513194354.3579557,409
query,1513194354.357959,1513194354.4308608,2420
query,1513194354.4308648,1513194354.516031,2086
query,1513194354.516036,1513194354.5849664,11
query,1513194354.5849707,1513194354.655864,1438
query,1513194354.6558676,1513194354.7352397,3255
query,1513194354.7352426,1513194354.8025706,275
query,1513194354.802573,1513194354.8750873,1137
query,1513194354.8750906,1513194354.944261,640
query,1513194354.9442644,1513194355.0203557,1894
query,1513194355.0203588,1513194355.0856977,389
query,1513194355.0857008,1513194355.1514022,23
query,1513194355.1514065,1513194355.2230818,1739
query,1513194355.2230852,1513194355.3026426,1953
query,1513194355.3026469,1513194355.3721266,802
query,1513194355.3721619,1513194355.4753618,1532
query,1513194355.4891531,1513194355.5334694,0
query,1513194355.5334723,1513194355.6157827,2169
query,1513194355.6157858,1513194355.66558,0
query,1513194355.6655831,1513194355.7412431,828
query,1513194355.7412467,1513194355.806625,318
query,1513194355.8066285,1513194355.8755193,501
query,1513194355.8755226,1513194355.9631824,2279
query,1513194355.9631867,1513194356.0413013,2667
query,1513194356.0413043,1513194356.1222496,2207
query,1513194356.122254,1513194356.1896641,72
query,1513194356.1896682,1513194356.2652793,1723
query,1513194356.2652817,1513194356.3403544,2266
query,1513194356.3403575,1513194356.4068263,124
query,1513194356.4068296,1513194356.4837341,1131
query,1513194356.4837368,1513194356.561057,1809
query,1513194356.5610604,1513194356.6411896,2002
query,1513194356.641192,1513194356.7079632,393
query,1513194356.7079656,1513194356.798497,2368
query,1513194356.7984993,1513194356.8709538,977
query,1513194356.8709943,1513194356.9713457,1636
query,1513194356.9824243,1513194357.051224,259
query,1513194357.0512278,1513194357.126784,2034
query,1513194357.1267877,1513194357.2128663,2479
query,1513194357.2128706,1513194357.2851987,1794
query,1513194357.2852027,1513194357.355296,1321
query,1513194357.3552992,1513194357.4226983,52
query,1513194357.4227023,1513194357.4667456,1
query,1513194357.4667501,1513194357.5271783,5
query,1513194357.527183,1513194357.6033435,408
query,1513194357.603347,1513194357.6898918,407
query,1513194357.6898963,1513194357.7711644,2875
query,1513194357.7711678,1513194357.8391378,235
query,1513194357.839141,1513194357.9437435,1076
query,1513194357.943747,1513194358.0139334,288
query,1513194358.0139368,1513194358.0934045,2312
query,1513194358.093407,1513194358.1620302,937
query,1513194358.1620338,1513194358.2064424,0
query,1513194358.2064457,1513194358.2851102,1872
query,1513194358.285114,1513194358.3655727,1485
query,1513194358.3656173,1513194358.4532275,1916
query,1513194358.4608665,1513194358.5432773,1783
query,1513194358.5432801,1513194358.6265433,2379
query,1513194358.6265461,1513194358.6998694,1886
query,1513194358.6998756,1513194358.7745376,1588
query,1513194358.7745423,1513194358.8404214,522
query,1513194358.8404248,1513194358.9147866,1778
query,1513194358.9147904,1513194358.9818811,196
query,1513194358.9818857,1513194359.0577059,2290
query,1513194359.05771,1513194359.135655,1883
query,1513194359.1356583,1513194359.2053235,744
query,1513194359.2053275,1513194359.2776046,1431
query,1513194359.2776084,1513194359.3456054,131
query,1513194359.3456094,1513194359.4246423,495
query,1513194359.424645,1513194359.5076544,1751
query,1513194359.507659,1513194359.5829558,1326
query,1513194359.5829594,1513194359.6501415,408
query,1513194359.6501448,1513194359.717831,1380
query,1513194359.7178345,1513194359.7999055,2430
query,1513194359.799909,1513194359.8947878,2322
query,1513194359.8948271,1513194359.985376,63
query,1513194359.9981453,1513194360.0695877,1488
query,1513194360.0695915,1513194360.1440752,1424
query,1513194360.1440778,1513194360.2246864,2341
query,1513194360.224691,1513194360.3045642,2135
query,1513194360.3045688,1513194360.3964424,1051
query,1513194360.3964455,1513194360.4824247,1932
query,1513194360.4824283,1513194360.5528035,820
query,1513194360.5528073,1513194360.6348693,2170
query,1513194360.634873,1513194360.7204926,2224
query,1513194360.720496,1513194360.795444,1014
query,1513194360.7954473,1513194360.8371236,0
query,1513194360.837127,1513194360.906534,903
query,1513194360.9065375,1513194360.9866278,408
query,1513194360.9866312,1513194361.069135,407
query,1513194361.0691395,1513194361.145351,2100
query,1513194361.1453547,1513194361.2186363,823
query,1513194361.2186387,1513194361.2920666,688
query,1513194361.2920716,1513194361.344418,2
query,1513194361.3444216,1513194361.4269118,629
query,1513194361.4269533,1513194361.53739,1910
query,1513194361.5476723,1513194361.61433,518
query,1513194361.614333,1513194361.6932254,2406
query,1513194361.6932287,1513194361.7445993,696
query,1513194361.7446022,1513194361.8282466,2554
query,1513194361.8282492,1513194361.9030018,209
query,1513194361.903005,1513194361.970184,83
query,1513194361.970187,1513194362.0454364,1571
query,1513194362.04544,1513194362.1296346,1909
query,1513194362.1296384,1513194362.215971,764
query,1513194362.2159758,1513194362.2816389,5
query,1513194362.2816427,1513194362.3596087,1746
query,1513194362.3596122,1513194362.47525,2621
query,1513194362.4752555,1513194362.5492826,966
query,1513194362.5492864,1513194362.6292257,1909
query,1513194362.6292288,1513194362.6887267,4
query,1513194362.6887305,1513194362.7678955,2737
query,1513194362.767899,1513194362.811039,0
query,1513194362.8110418,1513194362.8841352,1523
query,1513194362.8841376,1513194362.9513056,58
query,1513194362.9513338,1513194363.0499938,1804
query,1513194363.063635,1513194363.1427388,2048
query,1513194363.1427424,1513194363.187638,1
query,1513194363.187641,1513194363.2860076,2182
query,1513194363.286012,1513194363.3567657,843
query,1513194363.356798,1513194363.441729,2411
query,1513194363.4417322,1513194363.5090365,136
query,1513194363.5090392,1513194363.5826392,1268
query,1513194363.5826418,1513194363.6632504,2030
query,1513194363.6632535,1513194363.784594,1015
query,1513194363.7845984,1513194363.879694,2353
query,1513194363.8796988,1513194363.92485,1
query,1513194363.9248536,1513194363.9992769,262
query,1513194363.9992805,1513194364.0656145,442
query,1513194364.065618,1513194364.1343203,1210
query,1513194364.1343236,1513194364.2139509,1450
query,1513194364.2139542,1513194364.2934332,682
query,1513194364.293437,1513194364.363474,855
query,1513194364.3634772,1513194364.4310825,101
query,1513194364.4310873,1513194364.5033457,2238
query,1513194364.5033827,1513194364.5918405,22
query,1513194364.605176,1513194364.6878538,3270
query,1513194364.687857,1513194364.759893,1569
query,1513194364.759897,1513194364.8375952,1842
query,1513194364.8375976,1513194364.9025223,691
query,1513194364.9025254,1513194364.9746883,8
query,1513194364.9746916,1513194365.0462224,616
query,1513194365.0462255,1513194365.141967,1043
query,1513194365.14197,1513194365.2031598,3
query,1513194365.2031624,1513194365.2720208,1032
query,1513194365.272025,1513194365.3612661,600
query,1513194365.361271,1513194365.4330668,684
query,1513194365.433071,1513194365.5371816,505
query,1513194365.5371852,1513194365.625503,1319
query,1513194365.6255064,1513194365.694797,1557
query,1513194365.6948006,1513194365.778957,1427
query,1513194365.7789636,1513194365.8524566,1550
query,1513194365.8524604,1513194365.9282088,1432
query,1513194365.9282131,1513194366.0051436,2241
query,1513194366.0051477,1513194366.0719783,14
query,1513194366.0720184,1513194366.1728728,2579
query,1513194366.1866677,1513194366.2339494,0
query,1513194366.2339528,1513194366.3016605,124
query,1513194366.3016639,1513194366.3712065,170
query,1513194366.3712103,1513194366.4438825,1020
query,1513194366.4438863,1513194366.531153,2461
query,1513194366.5311558,1513194366.5810921,1
query,1513194366.5810962,1513194366.6499462,870
query,1513194366.6499515,1513194366.721852,862
query,1513194366.7218566,1513194366.7610576,0
query,1513194366.7610617,1513194366.8146524,8
query,1513194366.8146565,1513194366.8909175,1569
query,1513194366.8909216,1513194366.9616086,50
query,1513194366.9616132,1513194367.018914,874
query,1513194367.0189176,1513194367.0845697,1958
query,1513194367.084572,1513194367.1595063,1077
query,1513194367.159509,1513194367.2262077,406
query,1513194367.2262104,1513194367.2978845,1071
query,1513194367.2978868,1513194367.3640838,513
query,1513194367.3640883,1513194367.4293852,367
query,1513194367.429411,1513194367.5341878,2137
query,1513194367.5464034,1513194367.6211624,1542
query,1513194367.621166,1513194367.6635823,0
query,1513194367.6635857,1513194367.7419236,2270
query,1513194367.741928,1513194367.812644,137
query,1513194367.812648,1513194367.8567047,1
query,1513194367.856708,1513194367.9276438,722
query,1513194367.927647,1513194368.0078506,2153
query,1513194368.0078547,1513194368.0794203,550
query,1513194368.079423,1513194368.1476855,126
query,1513194368.1476893,1513194368.2185953,491
query,1513194368.2185988,1513194368.330128,820
query,1513194368.3301325,1513194368.4507558,965
query,1513194368.4507601,1513194368.526948,1065
query,1513194368.5269518,1513194368.602351,1161
query,1513194368.602355,1513194368.6821873,2151
query,1513194368.6821914,1513194368.7589178,1476
query,1513194368.7589223,1513194368.8236105,1618
query,1513194368.823614,1513194368.860192,0
query,1513194368.8601952,1513194368.9116373,623
query,1513194368.9116766,1513194369.0058131,39
query,1513194369.0213156,1513194369.0856712,1349
query,1513194369.085675,1513194369.1562178,1936
query,1513194369.1562214,1513194369.2264023,1383
query,1513194369.2264059,1513194369.3024755,1334
query,1513194369.3024797,1513194369.3778632,1852
query,1513194369.3778677,1513194369.4490502,1222
query,1513194369.4490533,1513194369.5169919,210
query,1513194369.5169954,1513194369.5886433,515
query,1513194369.5886464,1513194369.666638,1941
query,1513194369.666642,1513194369.736361,79
query,1513194369.7363644,1513194369.8076317,1547
query,1513194369.807636,1513194369.8746686,534
query,1513194369.8746731,1513194369.9852784,92
query,1513194369.9852817,1513194370.104945,1980
query,1513194370.1049478,1513194370.1743548,764
query,1513194370.1743574,1513194370.2434573,882
query,1513194370.24346,1513194370.314001,665
query,1513194370.314004,1513194370.382523,19
query,1513194370.382526,1513194370.4490423,379
query,1513194370.4490702,1513194370.5284684,2
query,1513194370.5356815,1513194370.605273,32
query,1513194370.6052766,1513194370.6815035,1832
query,1513194370.6815076,1513194370.7543693,1699
query,1513194370.754372,1513194370.824579,1754
query,1513194370.824582,1513194370.9097843,1731
query,1513194370.9097898,1513194370.9829469,1192
query,1513194370.9829495,1513194371.0220344,0
query,1513194371.0220377,1513194371.0924249,2015
query,1513194371.0924287,1513194371.1619,506
query,1513194371.161903,1513194371.234021,304
query,1513194371.234026,1513194371.3105984,1127
query,1513194371.3106017,1513194371.3837645,839
query,1513194371.3837683,1513194371.4609287,2083
query,1513194371.460934,1513194371.5335972,1362
query,1513194371.5336006,1513194371.5947757,3
query,1513194371.5947797,1513194371.6439478,1
query,1513194371.6439514,1513194371.7121313,669
query,1513194371.7121356,1513194371.788147,2091
query,1513194371.788151,1513194371.8581254,528
query,1513194371.8581872,1513194371.950221,355
query,1513194371.9637406,1513194372.0374942,1625
query,1513194372.0374987,1513194372.1090484,612
query,1513194372.1090522,1513194372.1761246,564
query,1513194372.176127,1513194372.2597077,1940
query,1513194372.259712,1513194372.3303368,706
query,1513194372.3303409,1513194372.4033282,1838
query,1513194372.4033313,1513194372.473388,716
query,1513194372.4733918,1513194372.5435553,787
query,1513194372.5435581,1513194372.6112547,694
query,1513194372.6112576,1513194372.6936948,2504
query,1513194372.6936975,1513194372.7595892,6
query,1513194372.7595935,1513194372.8370645,1633
query,1513194372.8370671,1513194372.9139786,1467
query,1513194372.913983,1513194372.9861805,1850
query,1513194372.9861836,1513194373.0571914,1351
query,1513194373.057196,1513194373.130547,892
query,1513194373.1305513,1513194373.214607,1904
query,1513194373.214611,1513194373.29756,2071
query,1513194373.2975638,1513194373.3733485,1553
query,1513194373.373388,1513194373.4707344,966
query,1513194373.4855413,1513194373.5270169,0
query,1513194373.5270207,1513194373.6029065,1469
query,1513194373.6029093,1513194373.6819298,2222
query,1513194373.6819324,1513194373.7491872,189
query,1513194373.74919,1513194373.8372767,1826
query,1513194373.8372808,1513194373.908554,1321
query,1513194373.9085581,1513194373.9793668,484
query,1513194373.9793696,1513194374.0493355,1397
query,1513194374.049339,1513194374.1221282,1559
query,1513194374.1221316,1513194374.1923783,661
query,1513194374.1923828,1513194374.265467,599
query,1513194374.2654705,1513194374.3447413,508
query,1513194374.3447456,1513194374.4243045,1558
query,1513194374.4243085,1513194374.4927537,1363
query,1513194374.4927578,1513194374.574243,2471
query,1513194374.5742471,1513194374.616336,0
query,1513194374.6163387,1513194374.693981,1643
query,1513194374.6939874,1513194374.7682297,1608
query,1513194374.7682335,1513194374.8468554,2058
query,1513194374.8468952,1513194374.9356706,129
query,1513194374.9458573,1513194375.0179281,985
query,1513194375.0179315,1513194375.094384,1440
query,1513194375.0943882,1513194375.174069,1981
query,1513194375.1740716,1513194375.2418847,85
query,1513194375.2418885,1513194375.3125439,782
query,1513194375.3125477,1513194375.3842263,1158
query,1513194375.3842297,1513194375.455957,559
query,1513194375.4559598,1513194375.524834,789
query,1513194375.5248368,1513194375.6025789,3026
query,1513194375.602582,1513194375.6794527,1464
query,1513194375.6794555,1513194375.7566977,2109
query,1513194375.7567022,1513194375.8313444,1861
query,1513194375.831349,1513194375.9074454,1494
query,1513194375.907449,1513194375.977168,751
query,1513194375.9771724,1513194376.045854,326
query,1513194376.0458567,1513194376.1155252,528
query,1513194376.1155288,1513194376.1887596,638
query,1513194376.188764,1513194376.2673547,2451
query,1513194376.2673583,1513194376.3369517,837
query,1513194376.3370056,1513194376.4287097,836
query,1513194376.4431894,1513194376.5200536,2321
query,1513194376.5200577,1513194376.5944355,1883
query,1513194376.594439,1513194376.6627908,700
query,1513194376.6627936,1513194376.741493,1638
query,1513194376.7414966,1513194376.81386,1899
query,1513194376.8138635,1513194376.8817708,1885
query,1513194376.8817742,1513194376.943903,1523
query,1513194376.943906,1513194377.0241039,1912
query,1513194377.024107,1513194377.0939353,68
query,1513194377.0939386,1513194377.1618323,187
query,1513194377.1618364,1513194377.22981,380
query,1513194377.2298136,1513194377.298257,444
query,1513194377.2982607,1513194377.3768003,291
query,1513194377.3768046,1513194377.4648552,2521
query,1513194377.4648588,1513194377.5425267,2107
query,1513194377.54253,1513194377.6147616,1262
query,1513194377.614765,1513194377.65594,0
query,1513194377.6559436,1513194377.7181418,215
query,1513194377.7181456,1513194377.7844706,1060
query,1513194377.78455,1513194377.835639,1
query,1513194377.838588,1513194377.9160135,351
query,1513194377.916017,1513194377.9853563,186
query,1513194377.9853604,1513194378.0631568,2111
query,1513194378.0631604,1513194378.1431007,2467
query,1513194378.143104,1513194378.212011,56
query,1513194378.2120137,1513194378.285177,1370
query,1513194378.2851822,1513194378.3636854,67
query,1513194378.3636887,1513194378.4331446,811
query,1513194378.4331474,1513194378.5034728,1537
query,1513194378.5034754,1513194378.5773268,1213
query,1513194378.57733,1513194378.6200695,0
query,1513194378.6200724,1513194378.6917794,1122
query,1513194378.691782,1513194378.7628908,52
query,1513194378.7628942,1513194378.8342328,352
query,1513194378.8342364,1513194378.909405,1713
query,1513194378.9094083,1513194378.978916,407
query,1513194378.978919,1513194379.0598447,1464
query,1513194379.0598483,1513194379.1316144,1269
query,1513194379.131618,1513194379.2161744,2993
query,1513194379.2161999,1513194379.3064857,141
query,1513194379.3205035,1513194379.3953583,1834
query,1513194379.3953605,1513194379.465903,604
query,1513194379.4659066,1513194379.5371609,382
query,1513194379.5371642,1513194379.6118605,1646
query,1513194379.6118639,1513194379.6848376,1500
query,1513194379.68484,1513194379.7545493,299
query,1513194379.7545524,1513194379.8330293,2420
query,1513194379.8330336,1513194379.9204295,2548
query,1513194379.9204345,1513194379.9932013,933
query,1513194379.9932048,1513194380.0557423,17
query,1513194380.0557458,1513194380.1261642,1556
query,1513194380.1261685,1513194380.1972165,244
query,1513194380.19722,1513194380.2361069,0
query,1513194380.2361107,1513194380.3131082,1086
query,1513194380.3131118,1513194380.3836286,586
query,1513194380.383633,1513194380.4536045,844
query,1513194380.453608,1513194380.520105,625
query,1513194380.5201075,1513194380.571899,3
query,1513194380.5719023,1513194380.6403012,168
query,1513194380.6403353,1513194380.748467,407
query,1513194380.7599044,1513194380.8281233,334
query,1513194380.828127,1513194380.897639,1305
query,1513194380.8976429,1513194380.9660485,2
query,1513194380.966052,1513194381.0415828,5
query,1513194381.041587,1513194381.1108932,626
query,1513194381.1108973,1513194381.1832974,35
query,1513194381.1833007,1513194381.2500644,807
query,1513194381.2500675,1513194381.3214204,455
query,1513194381.3214242,1513194381.3943496,1444
query,1513194381.3943548,1513194381.473718,1821
query,1513194381.4737222,1513194381.5528991,46
query,1513194381.5529027,1513194381.6281328,1811
query,1513194381.6281364,1513194381.698183,663
query,1513194381.6981869,1513194381.7670815,496
query,1513194381.7670853,1513194381.8348553,287
query,1513194381.834858,1513194381.926255,2
query,1513194381.926259,1513194381.9953372,389
query,1513194381.995341,1513194382.086975,2448
query,1513194382.086979,1513194382.1636095,1627
query,1513194382.1636598,1513194382.259239,1330
query,1513194382.2705395,1513194382.348561,2299
query,1513194382.3485634,1513194382.429563,1852
query,1513194382.4295654,1513194382.4981668,452
query,1513194382.4981716,1513194382.5791733,2918
query,1513194382.579177,1513194382.6226733,0
query,1513194382.6226778,1513194382.703535,2008
query,1513194382.7035387,1513194382.7823272,1528
query,1513194382.7823312,1513194382.8579342,1872
query,1513194382.8579388,1513194382.9355652,419
query,1513194382.9355679,1513194383.0068555,894
query,1513194383.0068576,1513194383.074622,195
query,1513194383.0746255,1513194383.1487465,1283
query,1513194383.1487498,1513194383.216092,89
query,1513194383.216096,1513194383.2840402,747
query,1513194383.2840447,1513194383.3585517,1447
query,1513194383.3585546,1513194383.4404798,2050
query,1513194383.4404836,1513194383.5201108,2130
query,1513194383.5201135,1513194383.5981393,1647
query,1513194383.5981429,1513194383.6793017,1933
query,1513194383.679341,1513194383.7713115,276
query,1513194383.7836118,1513194383.8553753,721
query,1513194383.8553793,1513194383.9209845,459
query,1513194383.920989,1513194383.9887269,695
query,1513194383.9887302,1513194384.0585256,794
query,1513194384.0585291,1513194384.1401708,2134
query,1513194384.1401744,1513194384.2127023,566
query,1513194384.2127066,1513194384.2880619,1429
query,1513194384.2880652,1513194384.3645127,1805
query,1513194384.3645172,1513194384.4333913,304
query,1513194384.433395,1513194384.5122275,555
query,1513194384.5122325,1513194384.586173,1626
query,1513194384.5861769,1513194384.6672406,681
query,1513194384.6672442,1513194384.7480874,2453
query,1513194384.7480915,1513194384.8182845,1412
query,1513194384.8182886,1513194384.8961558,1458
query,1513194384.896161,1513194384.9642937,1593
query,1513194384.9642973,1513194385.0544403,609
query,1513194385.0544438,1513194385.1160324,7
query,1513194385.1160364,1513194385.1945534,1867
query,1513194385.1945906,1513194385.2961915,2094
query,1513194385.30977,1513194385.3844323,11
query,1513194385.3844364,1513194385.458512,1457
query,1513194385.458516,1513194385.5024014,0
query,1513194385.5024047,1513194385.5758455,728
query,1513194385.575849,1513194385.6450148,35
query,1513194385.6450186,1513194385.7232294,1694
query,1513194385.7232327,1513194385.8078156,2436
query,1513194385.8078203,1513194385.888106,2224
query,1513194385.8881097,1513194385.9563234,883
query,1513194385.956326,1513194386.0244107,25
query,1513194386.0244155,1513194386.0953293,1391
query,1513194386.0953336,1513194386.170785,1432
query,1513194386.1707895,1513194386.2460077,1768
query,1513194386.2460117,1513194386.315088,1328
query,1513194386.3150911,1513194386.3587046,0
query,1513194386.358707,1513194386.4320762,1683
query,1513194386.4320798,1513194386.5044818,1137
query,1513194386.5044856,1513194386.5793204,2084
query,1513194386.579324,1513194386.6516705,1210
query,1513194386.6517048,1513194386.7222733,1
query,1513194386.723926,1513194386.8042974,2428
query,1513194386.8043,1513194386.8761888,394
query,1513194386.876192,1513194386.9177592,0
query,1513194386.9177625,1513194386.9902823,1905
query,1513194386.9902859,1513194387.0598412,1786
query,1513194387.0598445,1513194387.1327465,1613
query,1513194387.132749,1513194387.2004757,684
query,1513194387.2004788,1513194387.271867,20
query,1513194387.2718709,1513194387.339544,46
query,1513194387.3395493,1513194387.4202816,2082
query,1513194387.420285,1513194387.492227,1685
query,1513194387.4922304,1513194387.5720067,2169
query,1513194387.57201,1513194387.6545036,2192
query,1513194387.6545064,1513194387.720195,6
query,1513194387.7201986,1513194387.7969697,2060
query,1513194387.796973,1513194387.8718145,1127
query,1513194387.871818,1513194387.9403677,504
query,1513194387.940372,1513194388.0104182,297
query,1513194388.010421,1513194388.0807576,15
query,1513194388.080847,1513194388.1706634,294
query,1513194388.1782534,1513194388.2611067,2291
query,1513194388.2611105,1513194388.3350885,732
query,1513194388.335091,1513194388.4085476,1501
query,1513194388.4085515,1513194388.4922245,1945
query,1513194388.492228,1513194388.5686479,2187
query,1513194388.5686517,1513194388.6450584,1235
query,1513194388.6450622,1513194388.7314134,1042
query,1513194388.7314172,1513194388.8056607,1433
query,1513194388.8056633,1513194388.876074,743
query,1513194388.8760777,1513194388.945083,171
query,1513194388.9450872,1513194389.017449,522
query,1513194389.0174522,1513194389.0992224,1434
query,1513194389.0992253,1513194389.1437244,0
query,1513194389.1437263,1513194389.223676,1899
query,1513194389.22368,1513194389.2990282,1084
query,1513194389.2990322,1513194389.3711238,985
query,1513194389.3711267,1513194389.445912,1531
query,1513194389.4459143,1513194389.5246503,1859
query,1513194389.5246537,1513194389.5997837,977
query,1513194389.5998266,1513194389.6613307,1
query,1513194389.663021,1513194389.7285886,4
query,1513194389.7285914,1513194389.8123078,1241
query,1513194389.812312,1513194389.8825102,1287
query,1513194389.882514,1513194389.9680245,1166
query,1513194389.968028,1513194390.046604,2117
query,1513194390.0466075,1513194390.1180985,954
query,1513194390.1181011,1513194390.1827393,1707
query,1513194390.1827416,1513194390.2584183,1402
query,1513194390.2584221,1513194390.333393,2555
query,1513194390.3333976,1513194390.3742776,0
query,1513194390.3742807,1513194390.45121,632
query,1513194390.4512143,1513194390.5042398,2
query,1513194390.5042446,1513194390.5791292,1710
query,1513194390.5791333,1513194390.659766,2374
query,1513194390.6597703,1513194390.740458,2577
query,1513194390.7404618,1513194390.8177667,2534
query,1513194390.81777,1513194390.8697891,2
query,1513194390.8697925,1513194390.9131668,0
query,1513194390.9131708,1513194390.9978282,2722
query,1513194390.997859,1513194391.0839953,4
query,1513194391.0977418,1513194391.1672168,237
query,1513194391.1672196,1513194391.2451315,1776
query,1513194391.245135,1513194391.3183095,1725
query,1513194391.3183136,1513194391.3943367,1604
query,1513194391.3943412,1513194391.4664395,1580
query,1513194391.4664438,1513194391.5310493,4
query,1513194391.5310528,1513194391.6043649,1787
query,1513194391.6043682,1513194391.6738462,1131
query,1513194391.67385,1513194391.74269,414
query,1513194391.7426937,1513194391.8075018,501
query,1513194391.8075056,1513194391.8709352,1349
query,1513194391.8709388,1513194391.9335024,2975
query,1513194391.9335058,1513194391.9906194,1034
query,1513194391.990623,1513194392.0577297,39
query,1513194392.0577335,1513194392.1327534,1938
query,1513194392.1327567,1513194392.1971421,923
query,1513194392.1971467,1513194392.2683578,1565
query,1513194392.2683616,1513194392.3455727,1377
query,1513194392.3455765,1513194392.4213822,1998
query,1513194392.421424,1513194392.5118947,781
query,1513194392.525838,1513194392.6058493,2220
query,1513194392.6058528,1513194392.6812387,1730
query,1513194392.6812413,1513194392.7375576,3
query,1513194392.7375603,1513194392.806647,1816
query,1513194392.8066497,1513194392.8775191,845
query,1513194392.8775215,1513194392.9487467,419
query,1513194392.9487493,1513194393.0261772,1680
query,1513194393.0261805,1513194393.0998588,230
query,1513194393.0998623,1513194393.1721518,1214
query,1513194393.1721566,1513194393.244168,495
query,1513194393.244171,1513194393.322411,1698
query,1513194393.3224137,1513194393.3899062,475
query,1513194393.3899088,1513194393.460155,1491
query,1513194393.4601576,1513194393.5357883,560
query,1513194393.535791,1513194393.5910246,2
query,1513194393.5910273,1513194393.6663756,111
query,1513194393.666379,1513194393.736699,105
query,1513194393.7367036,1513194393.807712,659
query,1513194393.8077164,1513194393.8741302,387
query,1513194393.874165,1513194393.9759665,552
query,1513194393.9887345,1513194394.0620942,493
query,1513194394.0620978,1513194394.1366837,2428
query,1513194394.1366875,1513194394.2027137,1434
query,1513194394.2027183,1513194394.2814848,1389
query,1513194394.2814891,1513194394.3577862,1675
query,1513194394.35779,1513194394.4302068,1623
query,1513194394.43021,1513194394.496228,406
query,1513194394.4962313,1513194394.574543,1906
query,1513194394.5745468,1513194394.641578,1453
query,1513194394.6415808,1513194394.7226458,2352
query,1513194394.72265,1513194394.8052552,1518
query,1513194394.8052588,1513194394.880515,505
query,1513194394.8805175,1513194394.952907,1168
query,1513194394.9529102,1513194395.0255291,1713
query,1513194395.0255322,1513194395.1035144,514
query,1513194395.103519,1513194395.1819806,2697
query,1513194395.181984,1513194395.2519994,1267
query,1513194395.2520025,1513194395.329214,1238
query,1513194395.3292172,1513194395.3918107,1741
query,1513194395.3918464,1513194395.4436276,0
query,1513194395.4451334,1513194395.5143132,300
query,1513194395.5143163,1513194395.5792644,12
query,1513194395.5792682,1513194395.6535048,428
query,1513194395.653509,1513194395.7275014,1768
query,1513194395.7275045,1513194395.8000827,892
query,1513194395.800086,1513194395.8694432,422
query,1513194395.8694465,1513194395.943033,2071
query,1513194395.9430354,1513194396.0253818,407
query,1513194396.025384,1513194396.0938249,1833
query,1513194396.0938272,1513194396.133195,0
query,1513194396.133197,1513194396.2111764,564
query,1513194396.2111788,1513194396.2593517,0
query,1513194396.259357,1513194396.319153,1
query,1513194396.3191557,1513194396.3920624,1467
query,1513194396.3920655,1513194396.4616485,137
query,1513194396.4616525,1513194396.5328622,603
query,1513194396.5328643,1513194396.607313,1614
query,1513194396.6073148,1513194396.6796985,163
query,1513194396.6797016,1513194396.7472816,393
query,1513194396.7473078,1513194396.854151,2538
query,1513194396.8712878,1513194396.9456005,1523
query,1513194396.9456038,1513194397.0139182,1565
query,1513194397.013921,1513194397.0563817,0
query,1513194397.0563855,1513194397.1303968,1301
query,1513194397.1304002,1513194397.211087,2096
query,1513194397.21109,1513194397.2815375,110
query,1513194397.2815404,1513194397.352173,999
query,1513194397.3521762,1513194397.4217188,259
query,1513194397.421722,1513194397.494979,1469
query,1513194397.494983,1513194397.5394046,0
query,1513194397.539408,1513194397.611672,704
query,1513194397.6116765,1513194397.6548653,0
query,1513194397.6548686,1513194397.7269003,1305
query,1513194397.7269044,1513194397.7975988,197
query,1513194397.7976024,1513194397.8667128,539
query,1513194397.8667169,1513194397.9372501,379
query,1513194397.9372537,1513194398.0121477,1653
query,1513194398.0121562,1513194398.0836625,267
query,1513194398.083666,1513194398.1638174,2343
query,1513194398.1638546,1513194398.2584884,135
query,1513194398.2715502,1513194398.3123531,0
query,1513194398.3123555,1513194398.3799086,717
query,1513194398.3799121,1513194398.463955,1586
query,1513194398.4639583,1513194398.5291078,1
query,1513194398.5291114,1513194398.6071715,1521
query,1513194398.6071746,1513194398.6757667,883
query,1513194398.6757705,1513194398.746271,1553
query,1513194398.7462733,1513194398.8227415,908
query,1513194398.822745,1513194398.9114444,1067
query,1513194398.9114478,1513194398.9869096,1835
query,1513194398.9869132,1513194399.079206,1486
query,1513194399.0792158,1513194399.1623955,828
query,1513194399.162399,1513194399.2386696,1610
query,1513194399.238672,1513194399.280363,0
query,1513194399.2803652,1513194399.3586624,2078
query,1513194399.358665,1513194399.4305139,162
query,1513194399.430516,1513194399.50446,733
query,1513194399.504464,1513194399.5716245,422
query,1513194399.5716283,1513194399.6499047,2032
query,1513194399.6499465,1513194399.7493277,1954
query,1513194399.7596686,1513194399.8349433,1430
query,1513194399.8349466,1513194399.9092934,1585
query,1513194399.9092975,1513194399.984423,1600
query,1513194399.984428,1513194400.0563087,508
query,1513194400.056312,1513194400.136481,121
query,1513194400.1364853,1513194400.1809661,0
query,1513194400.1809685,1513194400.2608125,2047
query,1513194400.2608159,1513194400.3475797,2510
query,1513194400.3475838,1513194400.42007,1069
query,1513194400.420076,1513194400.499612,2399
query,1513194400.4996164,1513194400.5709243,1247
query,1513194400.570928,1513194400.6539907,2200
query,1513194400.6539938,1513194400.7277803,269
query,1513194400.727785,1513194400.8052058,1567
query,1513194400.80521,1513194400.8869174,2948
query,1513194400.8869216,1513194400.9680564,1824
query,1513194400.96806,1513194401.0356596,796
query,1513194401.0356631,1513194401.1165729,2400
query,1513194401.1165795,1513194401.1855652,788
query,1513194401.1856086,1513194401.2651749,1898
query,1513194401.2809842,1513194401.3617704,1960
query,1513194401.3617742,1513194401.4355738,1853
query,1513194401.4355779,1513194401.5178213,1993
query,1513194401.5178258,1513194401.562968,1
query,1513194401.5629718,1513194401.6441739,1312
query,1513194401.6441777,1513194401.7122433,976
query,1513194401.7122467,1513194401.7602456,1
query,1513194401.7602496,1513194401.8330786,1686
query,1513194401.8330824,1513194401.9137728,2258
query,1513194401.913777,1513194401.9856386,100
query,1513194401.9856424,1513194402.0573268,868
query,1513194402.0573297,1513194402.133509,174
query,1513194402.133513,1513194402.210282,1574
query,1513194402.2102861,1513194402.2912006,1659
query,1513194402.2912047,1513194402.3420258,45
query,1513194402.3420293,1513194402.4092455,785
query,1513194402.4092484,1513194402.4777339,281
query,1513194402.4777374,1513194402.558951,2318
query,1513194402.5589547,1513194402.6364746,1738
query,1513194402.6365123,1513194402.741479,2592
query,1513194402.7557719,1513194402.832419,1815
query,1513194402.8324227,1513194402.9013345,487
query,1513194402.9013383,1513194402.9706364,989
query,1513194402.9706404,1513194403.0400822,540
query,1513194403.0400863,1513194403.1098087,296
query,1513194403.1098127,1513194403.1900392,2008
query,1513194403.1900458,1513194403.2584257,471
query,1513194403.2584298,1513194403.316763,1813
query,1513194403.316767,1513194403.3710496,721
query,1513194403.371053,1513194403.4394252,885
query,1513194403.439429,1513194403.5156722,2503
query,1513194403.5156763,1513194403.5829644,986
query,1513194403.5829678,1513194403.667041,212
query,1513194403.667045,1513194403.7473407,1661
query,1513194403.7473445,1513194403.8322895,1732
query,1513194403.8322945,1513194403.9033046,1786
query,1513194403.9033084,1513194403.9806643,1899
query,1513194403.9806693,1513194404.0500135,486
query,1513194404.0500169,1513194404.1182396,768
query,1513194404.1182745,1513194404.2156978,1928
query,1513194404.229547,1513194404.302661,1381
query,1513194404.3026645,1513194404.3717809,743
query,1513194404.3717844,1513194404.439475,594
query,1513194404.4394794,1513194404.511711,821
query,1513194404.5117142,1513194404.5806732,328
query,1513194404.5806766,1513194404.6500044,1247
query,1513194404.650008,1513194404.7271934,1972
query,1513194404.7271976,1513194404.800662,1475
query,1513194404.8006656,1513194404.8710964,678
query,1513194404.8711002,1513194404.9541342,1821
query,1513194404.9541378,1513194405.0370317,1829
query,1513194405.037036,1513194405.1064956,534
query,1513194405.1065,1513194405.1859686,1936
query,1513194405.1859727,1513194405.242086,3
query,1513194405.2420897,1513194405.3173146,2012
query,1513194405.3173192,1513194405.376073,6
query,1513194405.3760767,1513194405.442245,245
query,1513194405.4422493,1513194405.5111682,2466
query,1513194405.5111716,1513194405.5760221,237
query,1513194405.5760562,1513194405.6484842,487
query,1513194405.6612282,1513194405.7281697,943
query,1513194405.7281735,1513194405.8032515,1361
query,1513194405.803257,1513194405.8727026,1386
query,1513194405.8727086,1513194405.9389107,129
query,1513194405.9389157,1513194406.0025685,6
query,1513194406.0025725,1513194406.0429287,0
query,1513194406.0429337,1513194406.1083622,4
query,1513194406.1083658,1513194406.1796327,888
query,1513194406.1796365,1513194406.2590046,1956
query,1513194406.2590082,1513194406.3316,917
query,1513194406.3316042,1513194406.4071598,1612
query,1513194406.4071662,1513194406.4838312,1707
query,1513194406.4838355,1513194406.5489519,3
query,1513194406.5489564,1513194406.6238344,1805
query,1513194406.6238382,1513194406.6955483,971
query,1513194406.6955514,1513194406.7736363,2507
query,1513194406.7736828,1513194406.8440788,1031
query,1513194406.8440845,1513194406.8903453,0
query,1513194406.8903494,1513194406.9616773,758
query,1513194406.961712,1513194407.034075,7
query,1513194407.0448215,1513194407.1223094,1833
query,1513194407.1223137,1513194407.201899,2071
query,1513194407.2019045,1513194407.2726407,1739
query,1513194407.2726448,1513194407.3143706,0
query,1513194407.3143742,1513194407.3891973,1132
query,1513194407.3892004,1513194407.4610512,1540
query,1513194407.4610577,1513194407.5335667,2579
query,1513194407.533572,1513194407.600568,219
query,1513194407.6005712,1513194407.6703405,466
query,1513194407.670346,1513194407.739487,542
query,1513194407.739491,1513194407.810472,226
query,1513194407.8104768,1513194407.8519645,1
query,1513194407.851968,1513194407.9277155,1732
query,1513194407.9277203,1513194407.9997468,1175
query,1513194407.9997501,1513194408.0732512,1160
query,1513194408.0732553,1513194408.122075,1
query,1513194408.1220777,1513194408.19065,255
query,1513194408.1906548,1513194408.2672453,1285
query,1513194408.2672493,1513194408.3377054,1339
query,1513194408.3377564,1513194408.445721,2547
query,1513194408.457633,1513194408.537256,1861
query,1513194408.5372605,1513194408.5792854,0
query,1513194408.5792897,1513194408.6574168,1689
query,1513194408.6574206,1513194408.7285066,1076
query,1513194408.7285104,1513194408.7944117,294
query,1513194408.7944152,1513194408.8699493,1660
query,1513194408.8699532,1513194408.9401753,716
query,1513194408.9401796,1513194409.0193863,3
query,1513194409.0193894,1513194409.0852723,186
query,1513194409.0852754,1513194409.159507,1903
query,1513194409.159513,1513194409.2485948,582
query,1513194409.2485976,1513194409.320401,268
query,1513194409.3204043,1513194409.3955534,1413
query,1513194409.3955593,1513194409.468072,609
query,1513194409.4680755,1513194409.5389748,1303
query,1513194409.5389793,1513194409.6158412,1705
query,1513194409.6158452,1513194409.6883233,244
query,1513194409.6883268,1513194409.7569296,322
query,1513194409.756935,1513194409.8228996,3
query,1513194409.8229413,1513194409.9244976,2177
query,1513194409.9396567,1513194410.0122092,921
query,1513194410.012214,1513194410.079703,852
query,1513194410.0797071,1513194410.1475923,894
query,1513194410.147596,1513194410.2194846,342
query,1513194410.2194884,1513194410.303148,2412
query,1513194410.303152,1513194410.3794572,2366
query,1513194410.379461,1513194410.4514406,276
query,1513194410.4514441,1513194410.5201998,358
query,1513194410.520206,1513194410.5946884,1037
query,1513194410.5946922,1513194410.6648319,400
query,1513194410.6648355,1513194410.732211,315
query,1513194410.7322152,1513194410.8099632,2078
query,1513194410.8099668,1513194410.8933961,2234
query,1513194410.8933995,1513194410.935315,0
query,1513194410.9353185,1513194411.0043688,1017
query,1513194411.0043726,1513194411.0854955,2447
query,1513194411.0854995,1513194411.1552076,999
query,1513194411.1552117,1513194411.2354395,3017
query,1513194411.2354436,1513194411.3057356,1164
query,1513194411.3060274,1513194411.4073248,2202
query,1513194411.421418,1513194411.4875855,14
query,1513194411.4875894,1513194411.5584984,971
query,1513194411.5585022,1513194411.631936,259
query,1513194411.6319406,1513194411.7052805,370
query,1513194411.7052834,1513194411.7815466,1233
query,1513194411.7815495,1513194411.8631322,2526
query,1513194411.863135,1513194411.9380586,1971
query,1513194411.9380615,1513194412.0233316,2063
query,1513194412.0233352,1513194412.086691,1629
query,1513194412.086706,1513194412.161476,1536
query,1513194412.161482,1513194412.2337327,454
query,1513194412.2337375,1513194412.3037646,382
query,1513194412.3037705,1513194412.3797688,1973
query,1513194412.3797734,1513194412.4600606,2486
query,1513194412.460065,1513194412.5102472,1
query,1513194412.510251,1513194412.5839827,838
query,1513194412.5839882,1513194412.6540234,829
query,1513194412.6540282,1513194412.702389,1
query,1513194412.7023926,1513194412.7541404,0
query,1513194412.7541845,1513194412.823465,52
query,1513194412.8407242,1513194412.9231584,855
query,1513194412.9231615,1513194412.9988976,1871
query,1513194412.998902,1513194413.0728447,1694
query,1513194413.0728498,1513194413.1491523,1721
query,1513194413.1491575,1513194413.2242064,1918
query,1513194413.2242107,1513194413.2909703,175
query,1513194413.2909741,1513194413.357327,18
query,1513194413.3573303,1513194413.4299808,1147
query,1513194413.4299839,1513194413.5010748,829
query,1513194413.5010793,1513194413.574238,442
query,1513194413.5742419,1513194413.6550078,1918
query,1513194413.655012,1513194413.7320118,1035
query,1513194413.7320163,1513194413.8069103,1998
query,1513194413.8069208,1513194413.8779733,2707
query,1513194413.8779793,1513194413.947922,302
query,1513194413.9479253,1513194414.020143,332
query,1513194414.0201473,1513194414.0959215,1840
query,1513194414.0959244,1513194414.172636,2071
query,1513194414.1726408,1513194414.2461417,1806
