tables,1513462020.8001983,1513462432.2060795
query,1513462432.2069232,1513462432.4446504,100
query,1513462432.454617,1513462432.6197798,1086
query,1513462432.6197834,1513462432.799999,1048
query,1513462432.8000035,1513462432.9609802,98
query,1513462432.9609838,1513462433.111588,90
query,1513462433.1115916,1513462433.2886693,2022
query,1513462433.288675,1513462433.447732,358
query,1513462433.4477363,1513462433.6308749,63
query,1513462433.6308784,1513462433.8252168,226
query,1513462433.825223,1513462434.036685,47
query,1513462434.0366888,1513462434.2789025,93
query,1513462434.2789066,1513462434.4434922,1396
query,1513462434.4434958,1513462434.6351466,93
query,1513462434.6351504,1513462434.8371112,1240
query,1513462434.8371158,1513462435.0052142,169
query,1513462435.0052178,1513462435.1996531,918
query,1513462435.1996567,1513462435.3326666,90
query,1513462435.3326702,1513462435.4780362,92
query,1513462435.4780414,1513462435.6720252,714
query,1513462435.672029,1513462435.8359206,95
query,1513462435.835964,1513462435.9937484,366
query,1513462436.009895,1513462436.1881895,980
query,1513462436.188193,1513462436.396298,92
query,1513462436.396302,1513462436.6638188,1237
query,1513462436.6638243,1513462436.8232632,96
query,1513462436.8232667,1513462436.963543,93
query,1513462436.9635458,1513462437.0928738,93
query,1513462437.092878,1513462437.2429602,93
query,1513462437.2429647,1513462437.4831994,93
query,1513462437.483204,1513462437.6779063,93
query,1513462437.6779113,1513462437.8562596,97
query,1513462437.856264,1513462438.020433,98
query,1513462438.0204368,1513462438.218614,2382
query,1513462438.218617,1513462438.3564596,815
query,1513462438.3564641,1513462438.529062,1996
query,1513462438.5290656,1513462438.752425,949
query,1513462438.7524285,1513462438.8981698,109
query,1513462438.8981733,1513462439.0573225,1671
query,1513462439.0573258,1513462439.2328315,1013
query,1513462439.2328346,1513462439.3844006,1022
query,1513462439.3844476,1513462439.6205301,2680
query,1513462439.6334739,1513462439.8012252,1792
query,1513462439.801228,1513462440.1306937,2063
query,1513462440.130699,1513462440.3556423,2958
query,1513462440.3556461,1513462440.558354,1002
query,1513462440.5583591,1513462440.74824,2345
query,1513462440.7482438,1513462440.9770036,1760
query,1513462440.9770074,1513462441.252046,2854
query,1513462441.2520502,1513462441.4193084,45
query,1513462441.4193118,1513462441.5665357,119
query,1513462441.5665393,1513462441.7391627,1603
query,1513462441.7391655,1513462441.8790624,0
query,1513462441.879067,1513462442.1117504,3165
query,1513462442.1117542,1513462442.2901967,1761
query,1513462442.2902007,1513462442.4819512,1280
query,1513462442.4819548,1513462442.6743004,1250
query,1513462442.6743038,1513462442.8371403,1558
query,1513462442.8371441,1513462443.0125513,1799
query,1513462443.012555,1513462443.2514904,1217
query,1513462443.251497,1513462443.442929,677
query,1513462443.4429748,1513462443.7151136,24
query,1513462443.7297084,1513462443.9600155,1188
query,1513462443.9600186,1513462444.1777139,3249
query,1513462444.1777167,1513462444.3921387,2032
query,1513462444.3921428,1513462444.5261889,468
query,1513462444.5261917,1513462444.8487077,2166
query,1513462444.848712,1513462445.0930784,1126
query,1513462445.0930822,1513462445.3445907,2100
query,1513462445.3445954,1513462445.4975903,2261
query,1513462445.4975944,1513462445.65242,1725
query,1513462445.652424,1513462445.8698087,1873
query,1513462445.8698115,1513462446.078957,2194
query,1513462446.07896,1513462446.214542,13
query,1513462446.214545,1513462446.380836,1884
query,1513462446.3808393,1513462446.5506122,1421
query,1513462446.550616,1513462446.7604816,1052
query,1513462446.7604854,1513462446.8934643,4
query,1513462446.8934674,1513462447.035617,596
query,1513462447.0356212,1513462447.2016454,1191
query,1513462447.2016482,1513462447.4105792,1092
query,1513462447.4106138,1513462447.7121537,2216
query,1513462447.720174,1513462447.93105,840
query,1513462447.9310527,1513462448.121276,2243
query,1513462448.1212788,1513462448.2524962,772
query,1513462448.2524989,1513462448.4356906,3396
query,1513462448.435694,1513462448.5855937,1026
query,1513462448.5855963,1513462448.6757467,0
query,1513462448.675749,1513462448.8636215,2442
query,1513462448.8636243,1513462448.9793255,934
query,1513462448.9793303,1513462449.1351187,1602
query,1513462449.1351223,1513462449.2944744,1512
query,1513462449.294479,1513462449.4350672,469
query,1513462449.4350703,1513462449.6328523,1081
query,1513462449.6328554,1513462449.791741,1598
query,1513462449.7917452,1513462449.8908758,189
query,1513462449.8908803,1513462450.1050763,2303
query,1513462450.105081,1513462450.2938657,1056
query,1513462450.2938702,1513462450.4923978,2617
query,1513462450.492402,1513462450.7653182,1973
query,1513462450.7653232,1513462451.1271014,2937
query,1513462451.1271641,1513462451.3244548,163
query,1513462451.3436816,1513462451.5179195,1400
query,1513462451.5179243,1513462451.7463708,1217
query,1513462451.746375,1513462451.938515,241
query,1513462451.9385202,1513462452.1237051,1411
query,1513462452.1237087,1513462452.3036418,1235
query,1513462452.3036451,1513462452.4827042,2532
query,1513462452.482708,1513462452.6194265,1666
query,1513462452.6194308,1513462452.7801807,180
query,1513462452.7801855,1513462452.925715,2835
query,1513462452.9257197,1513462453.0706296,1867
query,1513462453.0706363,1513462453.2389674,2620
query,1513462453.2389727,1513462453.387671,598
query,1513462453.387676,1513462453.564311,2172
query,1513462453.564314,1513462453.7198377,1615
query,1513462453.7198431,1513462453.8449476,294
query,1513462453.8449519,1513462454.092046,1393
query,1513462454.0920506,1513462454.3113067,2561
query,1513462454.311313,1513462454.4596555,1329
query,1513462454.4596596,1513462454.592478,225
query,1513462454.5925188,1513462454.8235877,695
query,1513462454.840148,1513462454.9595954,267
query,1513462454.959599,1513462455.1376274,2573
query,1513462455.1376307,1513462455.2697954,29
query,1513462455.2697997,1513462455.4233842,1428
query,1513462455.42339,1513462455.5806372,2074
query,1513462455.5806408,1513462455.7699022,217
query,1513462455.7699056,1513462456.0400012,2863
query,1513462456.0400045,1513462456.2286983,1068
query,1513462456.2287018,1513462456.4195232,2968
query,1513462456.4195287,1513462456.5831456,2174
query,1513462456.5831487,1513462456.8148296,1621
query,1513462456.8148344,1513462456.9471178,1497
query,1513462456.9471223,1513462457.107832,1460
query,1513462457.1078355,1513462457.3336685,2559
query,1513462457.333673,1513462457.484377,158
query,1513462457.4843812,1513462457.633075,288
query,1513462457.6330786,1513462457.8511312,2832
query,1513462457.8511367,1513462457.97173,729
query,1513462457.9717348,1513462458.1177595,1013
query,1513462458.1178076,1513462458.2780046,1050
query,1513462458.2946258,1513462458.5042398,2660
query,1513462458.504243,1513462458.6398864,620
query,1513462458.6398911,1513462458.801003,278
query,1513462458.8010075,1513462458.964966,2269
query,1513462458.9649718,1513462459.2099488,3009
query,1513462459.2099528,1513462459.4050148,1328
query,1513462459.4050176,1513462459.5516918,1039
query,1513462459.5516956,1513462459.7440445,1912
query,1513462459.7440505,1513462459.9178243,1759
query,1513462459.9178288,1513462460.047348,1969
query,1513462460.0473526,1513462460.1889908,49
query,1513462460.1889946,1513462460.3451934,2401
query,1513462460.3451993,1513462460.5131679,971
query,1513462460.5131729,1513462460.6611903,177
query,1513462460.6611943,1513462460.8798459,314
query,1513462460.8798506,1513462461.0503297,1907
query,1513462461.0503335,1513462461.2218294,1697
query,1513462461.2218335,1513462461.4176357,3206
query,1513462461.4176407,1513462461.608675,3080
query,1513462461.6087205,1513462461.7986991,1233
query,1513462461.8122191,1513462461.975342,2559
query,1513462461.9753458,1513462462.1174788,1008
query,1513462462.117483,1513462462.2778268,866
query,1513462462.2778318,1513462462.3964953,366
query,1513462462.3964992,1513462462.5517128,865
query,1513462462.5517168,1513462462.731781,2157
query,1513462462.7317846,1513462462.9119549,3064
query,1513462462.911959,1513462463.0981073,843
query,1513462463.0981112,1513462463.2713256,753
query,1513462463.2713304,1513462463.4231236,2376
query,1513462463.4231265,1513462463.6100702,338
query,1513462463.610074,1513462463.7465248,1629
query,1513462463.7465293,1513462463.950131,1655
query,1513462463.9501345,1513462464.2047284,2580
query,1513462464.2047462,1513462464.3913753,2640
query,1513462464.391379,1513462464.5845838,871
query,1513462464.5845878,1513462464.7364576,123
query,1513462464.7364602,1513462464.9049537,2353
query,1513462464.90496,1513462465.0646722,2507
query,1513462465.0647142,1513462465.2369883,957
query,1513462465.2462602,1513462465.3856163,923
query,1513462465.3856204,1513462465.5309997,2229
query,1513462465.5310035,1513462465.7161376,3120
query,1513462465.7161422,1513462465.9398515,2234
query,1513462465.939855,1513462466.1164916,1468
query,1513462466.1164968,1513462466.2432847,1255
query,1513462466.243288,1513462466.3926482,411
query,1513462466.3926525,1513462466.5953057,1051
query,1513462466.5953093,1513462466.7669892,3060
query,1513462466.7669935,1513462466.904969,912
query,1513462466.904973,1513462467.0666063,1675
query,1513462467.0666103,1513462467.284531,758
query,1513462467.284535,1513462467.4525108,1688
query,1513462467.4525154,1513462467.6476173,25
query,1513462467.6476223,1513462467.82801,3002
query,1513462467.8280141,1513462468.0342934,1548
query,1513462468.0342987,1513462468.195736,778
query,1513462468.19574,1513462468.3666763,1677
query,1513462468.3666818,1513462468.5718713,2887
query,1513462468.5719032,1513462468.7956333,481
query,1513462468.803342,1513462468.9434614,1466
query,1513462468.9434645,1513462469.0944912,1493
query,1513462469.0944939,1513462469.2723758,2770
query,1513462469.2723799,1513462469.4123666,1887
query,1513462469.4123697,1513462469.5853038,1589
query,1513462469.5853078,1513462469.7805898,2598
query,1513462469.7805943,1513462469.945213,1056
query,1513462469.9452178,1513462470.0555475,1
query,1513462470.0555534,1513462470.2746956,1110
query,1513462470.2747002,1513462470.4277675,439
query,1513462470.427772,1513462470.582469,1328
query,1513462470.5824742,1513462470.7519946,2716
query,1513462470.7519982,1513462470.8880491,1335
query,1513462470.888053,1513462471.0412967,823
query,1513462471.0413015,1513462471.2454565,1625
query,1513462471.2454612,1513462471.4473438,868
query,1513462471.4473479,1513462471.625251,1505
query,1513462471.6252542,1513462471.7900834,2230
query,1513462471.790088,1513462471.933787,1108
query,1513462471.9338408,1513462472.1544912,1449
query,1513462472.1654704,1513462472.3513322,269
query,1513462472.3513362,1513462472.507073,2057
query,1513462472.5070775,1513462472.7058365,1036
query,1513462472.705841,1513462472.9092054,2434
query,1513462472.90921,1513462473.1018493,2199
query,1513462473.1018527,1513462473.2695322,2267
query,1513462473.2695363,1513462473.4722574,3451
query,1513462473.4722614,1513462473.645814,927
query,1513462473.6458175,1513462473.8117063,5
query,1513462473.8117106,1513462473.997157,1373
query,1513462473.9971607,1513462474.3268025,1894
query,1513462474.3268085,1513462474.52779,1346
query,1513462474.5277946,1513462474.7617273,1889
query,1513462474.7617314,1513462474.9643528,1132
query,1513462474.9643567,1513462475.074641,0
query,1513462475.0746453,1513462475.2744584,2227
query,1513462475.2744634,1513462475.4805892,3160
query,1513462475.4805932,1513462475.6446369,569
query,1513462475.6446407,1513462475.806914,453
query,1513462475.8069575,1513462476.0444534,1554
query,1513462476.0577166,1513462476.2573936,2790
query,1513462476.257398,1513462476.4140885,795
query,1513462476.4140925,1513462476.6011908,2270
query,1513462476.601194,1513462476.8398108,3143
query,1513462476.8398151,1513462477.0740018,2997
query,1513462477.074006,1513462477.3091636,1838
query,1513462477.309168,1513462477.4151428,0
query,1513462477.4151466,1513462477.6300466,101
query,1513462477.630051,1513462477.8622274,2853
query,1513462477.8622332,1513462478.0481083,331
query,1513462478.0481126,1513462478.2444685,43
query,1513462478.2444732,1513462478.4401584,2177
query,1513462478.4401639,1513462478.5887163,576
query,1513462478.5887208,1513462478.8259652,2282
query,1513462478.8259711,1513462479.0962415,1808
query,1513462479.0962455,1513462479.2747169,2273
query,1513462479.2747219,1513462479.41905,42
query,1513462479.4190547,1513462479.5762868,6
query,1513462479.5762904,1513462479.7526188,2194
query,1513462479.7526703,1513462479.9715157,2534
query,1513462479.9827993,1513462480.1297505,1326
query,1513462480.1297553,1513462480.230162,0
query,1513462480.2301662,1513462480.3863122,1682
query,1513462480.3863163,1513462480.5826375,2119
query,1513462480.5826416,1513462480.7686563,660
query,1513462480.7686617,1513462480.8551319,1
query,1513462480.8551507,1513462480.985255,217
query,1513462480.9852586,1513462481.1789725,2052
query,1513462481.1789765,1513462481.384337,52
query,1513462481.3843405,1513462481.5437226,27
query,1513462481.5437257,1513462481.7119234,1201
query,1513462481.7119265,1513462481.8306413,1
query,1513462481.8306446,1513462481.985873,630
query,1513462481.9858763,1513462482.174735,1442
query,1513462482.1747384,1513462482.3926146,2378
query,1513462482.3926191,1513462482.5461724,1784
query,1513462482.5461764,1513462482.791364,2162
query,1513462482.7913682,1513462482.9545577,780
query,1513462482.954561,1513462483.134572,1963
query,1513462483.1346176,1513462483.314087,528
query,1513462483.3264344,1513462483.5649848,2896
query,1513462483.5649884,1513462483.7721581,2464
query,1513462483.7721612,1513462483.9880764,872
query,1513462483.9880807,1513462484.1921675,1388
query,1513462484.1921704,1513462484.3603182,1692
query,1513462484.360321,1513462484.5702462,1354
query,1513462484.5702493,1513462484.8006876,2556
query,1513462484.8006926,1513462485.0185938,1317
query,1513462485.0185974,1513462485.1568,354
query,1513462485.1568043,1513462485.3452268,903
query,1513462485.3452313,1513462485.5330727,1739
query,1513462485.533077,1513462485.7762618,2710
query,1513462485.7762668,1513462485.9790745,365
query,1513462485.9790783,1513462486.1313572,2
query,1513462486.1313612,1513462486.295682,904
query,1513462486.2956858,1513462486.4382322,29
query,1513462486.4382355,1513462486.6047077,2594
query,1513462486.6047113,1513462486.78482,2695
query,1513462486.7848237,1513462487.0849416,2201
query,1513462487.0849874,1513462487.3302217,776
query,1513462487.342893,1513462487.5681832,2186
query,1513462487.5681887,1513462487.8000104,2017
query,1513462487.800014,1513462488.0007384,3330
query,1513462488.0007417,1513462488.191861,2500
query,1513462488.191864,1513462488.3882487,1665
query,1513462488.388252,1513462488.6051023,2011
query,1513462488.6051059,1513462488.803259,1503
query,1513462488.8032625,1513462488.9427373,841
query,1513462488.94274,1513462489.1352851,2799
query,1513462489.135289,1513462489.3286135,86
query,1513462489.328618,1513462489.4970698,1338
query,1513462489.497074,1513462489.5829928,0
query,1513462489.5829964,1513462489.760929,330
query,1513462489.7609322,1513462489.956355,2769
query,1513462489.9563575,1513462490.1385245,186
query,1513462490.1385286,1513462490.3066468,1933
query,1513462490.3066518,1513462490.497371,1743
query,1513462490.4973745,1513462490.6211514,1
query,1513462490.6211553,1513462490.7694538,339
query,1513462490.7695024,1513462490.9876385,2831
query,1513462490.9955375,1513462491.1434703,820
query,1513462491.1434734,1513462491.4341352,3214
query,1513462491.4341393,1513462491.680038,3030
query,1513462491.6800423,1513462491.886099,1143
query,1513462491.886103,1513462492.0971704,3015
query,1513462492.0971737,1513462492.310347,3232
query,1513462492.3103518,1513462492.4983976,986
query,1513462492.4984012,1513462492.7017148,1458
query,1513462492.7017205,1513462492.8804812,1906
query,1513462492.880486,1513462493.117219,2206
query,1513462493.117223,1513462493.3046837,2664
query,1513462493.3046887,1513462493.461376,14
query,1513462493.4613802,1513462493.6260912,1051
query,1513462493.6260946,1513462493.7895553,1124
query,1513462493.7895603,1513462493.9860218,705
query,1513462493.9860241,1513462494.1310394,333
query,1513462494.1310449,1513462494.3145308,1543
query,1513462494.3145347,1513462494.4630194,853
query,1513462494.463022,1513462494.6620414,2112
query,1513462494.6620753,1513462494.838042,2091
query,1513462494.8561046,1513462495.0981927,2914
query,1513462495.0981965,1513462495.3074493,1363
query,1513462495.307453,1513462495.5065536,746
query,1513462495.5065582,1513462495.7356741,2153
query,1513462495.7356775,1513462495.9221408,1645
query,1513462495.9221447,1513462496.0983965,2656
query,1513462496.0984004,1513462496.3427906,1711
query,1513462496.3427947,1513462496.5291533,493
query,1513462496.5291576,1513462496.8094575,2781
query,1513462496.8094623,1513462496.9885437,2277
query,1513462496.9885464,1513462497.1546671,1782
query,1513462497.1546698,1513462497.3033905,1446
query,1513462497.3033948,1513462497.47503,52
query,1513462497.4750342,1513462497.7178845,2064
query,1513462497.7178893,1513462497.8645346,1406
query,1513462497.8645387,1513462498.0218503,257
query,1513462498.021855,1513462498.266014,337
query,1513462498.266017,1513462498.4255824,2
query,1513462498.425587,1513462498.5925767,19
query,1513462498.592607,1513462498.9321117,2858
query,1513462498.9449964,1513462499.1817496,2950
query,1513462499.181754,1513462499.3515818,464
query,1513462499.3515851,1513462499.5269406,119
query,1513462499.5269449,1513462499.7455506,1871
query,1513462499.7455566,1513462499.9262297,2198
query,1513462499.926234,1513462500.1014135,1998
query,1513462500.1014183,1513462500.3061342,1343
query,1513462500.3061388,1513462500.5099244,1503
query,1513462500.509929,1513462500.696926,2426
query,1513462500.6969297,1513462500.845857,539
query,1513462500.845861,1513462500.988246,1577
query,1513462500.98825,1513462501.119854,1085
query,1513462501.1198573,1513462501.351754,2603
query,1513462501.3517575,1513462501.5085645,136
query,1513462501.5085707,1513462501.6770873,572
query,1513462501.677092,1513462501.8443956,1835
query,1513462501.844398,1513462502.033918,1683
query,1513462502.033922,1513462502.1886508,6
query,1513462502.188655,1513462502.4321568,1444
query,1513462502.4321918,1513462502.629186,101
query,1513462502.6372201,1513462502.849494,396
query,1513462502.8494995,1513462503.0133467,1052
query,1513462503.013351,1513462503.1895335,815
query,1513462503.1895368,1513462503.3709486,2743
query,1513462503.3709521,1513462503.517556,1315
query,1513462503.5175602,1513462503.6844854,84
query,1513462503.6844902,1513462503.8854642,788
query,1513462503.885469,1513462504.0622547,1436
query,1513462504.0622585,1513462504.1906319,1
query,1513462504.1906354,1513462504.3629906,2763
query,1513462504.3629944,1513462504.5036018,796
query,1513462504.5036068,1513462504.649723,1637
query,1513462504.6497264,1513462504.8113089,1454
query,1513462504.8113136,1513462504.9936628,1463
query,1513462504.993667,1513462505.2053432,1314
query,1513462505.2053463,1513462505.4027321,2424
query,1513462505.4027352,1513462505.5922444,167
query,1513462505.5922482,1513462505.7357254,47
query,1513462505.7357287,1513462505.9459226,2648
query,1513462505.9459543,1513462506.2249422,2060
query,1513462506.2349424,1513462506.419228,324
query,1513462506.4192328,1513462506.5884156,1972
query,1513462506.58842,1513462506.8518722,2225
query,1513462506.8518767,1513462506.9969716,148
query,1513462506.996976,1513462507.2394536,2804
query,1513462507.2394571,1513462507.4009266,1925
query,1513462507.400932,1513462507.6001298,51
query,1513462507.6001334,1513462507.808648,1684
query,1513462507.8086524,1513462508.0167909,2497
query,1513462508.0167942,1513462508.2164245,941
query,1513462508.2164276,1513462508.4006133,2096
query,1513462508.400616,1513462508.6293883,1524
query,1513462508.629392,1513462508.8168375,1539
query,1513462508.8168418,1513462508.9626164,307
query,1513462508.9626193,1513462509.1790245,3021
query,1513462509.1790276,1513462509.3645737,2118
query,1513462509.364576,1513462509.521958,52
query,1513462509.521962,1513462509.6946428,1328
query,1513462509.6946466,1513462509.81048,3
query,1513462509.810523,1513462510.0226266,1835
query,1513462510.030872,1513462510.196276,457
query,1513462510.1962802,1513462510.3889828,1796
query,1513462510.3889866,1513462510.5888252,1719
query,1513462510.5888283,1513462510.7322805,326
query,1513462510.7322843,1513462510.9920485,3220
query,1513462510.9920528,1513462511.2186449,2874
query,1513462511.2186484,1513462511.3827837,2196
query,1513462511.382787,1513462511.5784628,1031
query,1513462511.578466,1513462511.7497678,184
query,1513462511.7497728,1513462511.9112356,1848
query,1513462511.9112391,1513462512.0627577,270
query,1513462512.0627613,1513462512.2326555,1749
query,1513462512.2326593,1513462512.4273007,2671
query,1513462512.4273047,1513462512.61536,2367
query,1513462512.6153634,1513462512.7710555,417
query,1513462512.771059,1513462512.954747,19
query,1513462512.9547508,1513462513.1650376,2105
query,1513462513.1650414,1513462513.3533554,201
query,1513462513.353359,1513462513.5134065,423
query,1513462513.513441,1513462513.7552817,1800
query,1513462513.7680764,1513462513.9317157,934
query,1513462513.9317188,1513462514.0732517,752
query,1513462514.0732548,1513462514.2362993,2053
query,1513462514.2363024,1513462514.4189286,378
query,1513462514.4189322,1513462514.5991507,2652
query,1513462514.599154,1513462514.7573051,867
query,1513462514.7573087,1513462514.9604778,2520
query,1513462514.9604805,1513462515.1467052,1953
query,1513462515.1467102,1513462515.355358,2648
query,1513462515.3553607,1513462515.5330803,1605
query,1513462515.533083,1513462515.7006063,50
query,1513462515.700609,1513462515.9303823,2565
query,1513462515.9303856,1513462516.098829,422
query,1513462516.0988338,1513462516.2854447,2653
query,1513462516.2854493,1513462516.515609,3079
query,1513462516.515613,1513462516.7374647,2981
query,1513462516.737469,1513462516.9241235,3080
query,1513462516.9241276,1513462517.1078255,5
query,1513462517.1078296,1513462517.2598343,868
query,1513462517.2598827,1513462517.4648895,2071
query,1513462517.4776032,1513462517.6202567,1769
query,1513462517.620262,1513462517.7822385,1243
query,1513462517.7822423,1513462517.954893,2490
query,1513462517.9548974,1513462518.116097,860
query,1513462518.1161003,1513462518.2916868,2815
query,1513462518.2916906,1513462518.4808125,2918
query,1513462518.480817,1513462518.6515098,2167
query,1513462518.6515143,1513462518.843881,1227
query,1513462518.8438857,1513462518.9900577,1418
query,1513462518.990061,1513462519.1722884,942
query,1513462519.172293,1513462519.3416374,1700
query,1513462519.3416426,1513462519.5850246,902
query,1513462519.585028,1513462519.745336,2748
query,1513462519.745341,1513462519.9013755,808
query,1513462519.9013793,1513462520.044995,989
query,1513462520.0449996,1513462520.2642732,1631
query,1513462520.2642775,1513462520.4342234,1000
query,1513462520.4342475,1513462520.5609574,2176
query,1513462520.5609617,1513462520.7312455,2336
query,1513462520.7312846,1513462520.9761565,2593
query,1513462520.9835424,1513462521.1589172,1874
query,1513462521.1589203,1513462521.314343,1398
query,1513462521.3143473,1513462521.494994,966
query,1513462521.4949977,1513462521.6791363,2472
query,1513462521.6791427,1513462521.8411858,1176
query,1513462521.8411887,1513462522.006203,268
query,1513462522.006207,1513462522.1553707,1287
query,1513462522.1553774,1513462522.3682907,2008
query,1513462522.3682973,1513462522.5307415,448
query,1513462522.5307457,1513462522.7374828,2874
query,1513462522.7374876,1513462522.9151096,754
query,1513462522.9151142,1513462523.2183986,2980
query,1513462523.2184021,1513462523.401538,452
query,1513462523.401542,1513462523.5532875,810
query,1513462523.5532928,1513462523.7260315,2527
query,1513462523.7260358,1513462523.8566053,995
query,1513462523.8566105,1513462524.0687566,1799
query,1513462524.0687623,1513462524.2375758,2204
query,1513462524.2375803,1513462524.4593332,1914
query,1513462524.4593766,1513462524.6941211,65
query,1513462524.702363,1513462524.868035,2609
query,1513462524.8680391,1513462525.0330768,1476
query,1513462525.03308,1513462525.1761122,229
query,1513462525.1761155,1513462525.3470109,2076
query,1513462525.3470144,1513462525.5126503,1270
query,1513462525.5126545,1513462525.7319267,3501
query,1513462525.7319303,1513462525.8890033,1461
query,1513462525.8890078,1513462526.0831451,3057
query,1513462526.0831485,1513462526.2555034,1804
query,1513462526.255507,1513462526.464263,3302
query,1513462526.4642675,1513462526.6611788,1770
query,1513462526.6611843,1513462526.8118987,291
query,1513462526.8119028,1513462526.9863343,1464
query,1513462526.9863381,1513462527.1716533,532
query,1513462527.1716561,1513462527.3518176,3023
query,1513462527.3518217,1513462527.545297,2733
query,1513462527.545301,1513462527.8068655,3068
query,1513462527.8068695,1513462527.9498022,294
query,1513462527.949805,1513462528.1233988,1445
query,1513462528.123444,1513462528.3090494,13
query,1513462528.323307,1513462528.5263183,2313
query,1513462528.5263221,1513462528.743561,1376
query,1513462528.7435658,1513462528.9030354,1929
query,1513462528.9030387,1513462529.1630669,3412
query,1513462529.1630707,1513462529.297077,118
query,1513462529.2970812,1513462529.5028446,1486
query,1513462529.50285,1513462529.727261,1698
query,1513462529.727265,1513462529.9357772,2998
query,1513462529.9357827,1513462530.162201,2590
query,1513462530.1622043,1513462530.3299963,2781
query,1513462530.330001,1513462530.5025947,3103
query,1513462530.5026002,1513462530.6259844,92
query,1513462530.6259894,1513462530.8328106,2798
query,1513462530.8328135,1513462531.006777,536
query,1513462531.006781,1513462531.20258,2526
query,1513462531.2025845,1513462531.37608,898
query,1513462531.3760836,1513462531.5793724,614
query,1513462531.5793767,1513462531.7599127,3
query,1513462531.7599163,1513462531.9221456,1959
query,1513462531.9221883,1513462532.2380402,1694
query,1513462532.2549696,1513462532.4432724,1475
query,1513462532.443278,1513462532.6159647,2065
query,1513462532.6159682,1513462532.851697,982
query,1513462532.8517025,1513462533.0285738,922
query,1513462533.0285788,1513462533.1893966,52
query,1513462533.1894011,1513462533.3795683,1620
query,1513462533.3795726,1513462533.63143,1901
query,1513462533.6314347,1513462533.8417249,2685
query,1513462533.8417284,1513462533.9783566,330
query,1513462533.97836,1513462534.1427217,493
query,1513462534.1427248,1513462534.31339,357
query,1513462534.3133934,1513462534.5571327,3154
query,1513462534.5571356,1513462534.7745953,2866
query,1513462534.7746003,1513462534.912288,1020
query,1513462534.9122915,1513462535.0923839,2059
query,1513462535.0923877,1513462535.2647543,598
query,1513462535.264759,1513462535.459603,2207
query,1513462535.4596074,1513462535.633635,2537
query,1513462535.6336386,1513462535.8260899,519
query,1513462535.8261313,1513462536.038961,257
query,1513462536.049455,1513462536.2655892,1356
query,1513462536.2655938,1513462536.4555478,1518
query,1513462536.4555511,1513462536.701766,3558
query,1513462536.70177,1513462536.8640115,812
query,1513462536.864015,1513462537.060954,2896
query,1513462537.0609581,1513462537.246605,441
query,1513462537.246609,1513462537.4395425,3139
query,1513462537.439546,1513462537.6549275,1581
query,1513462537.6549332,1513462537.8703313,1883
query,1513462537.8703353,1513462538.0504916,1182
query,1513462538.0504963,1513462538.2357702,1928
query,1513462538.2357745,1513462538.4346697,2583
query,1513462538.4346743,1513462538.6278307,1995
query,1513462538.627835,1513462538.816963,1456
query,1513462538.816967,1513462539.0478728,3118
query,1513462539.047877,1513462539.251894,2148
query,1513462539.2518988,1513462539.4768543,2787
query,1513462539.476858,1513462539.6601229,858
query,1513462539.6601279,1513462539.8611715,263
query,1513462539.8612156,1513462540.1119576,556
query,1513462540.1249716,1513462540.25958,5
query,1513462540.259584,1513462540.4107974,1597
query,1513462540.4108002,1513462540.5622034,391
query,1513462540.562208,1513462540.7216504,1043
query,1513462540.7216532,1513462540.9180703,2365
query,1513462540.918074,1513462541.0587711,1309
query,1513462541.0587747,1513462541.260342,2280
query,1513462541.260346,1513462541.4255826,965
query,1513462541.425585,1513462541.5912263,34
query,1513462541.5912309,1513462541.868578,1600
query,1513462541.8685808,1513462542.1215394,2576
query,1513462542.1215436,1513462542.30698,12
query,1513462542.3069844,1513462542.5011716,2669
query,1513462542.501175,1513462542.6906602,1412
query,1513462542.6906643,1513462542.8750637,202
query,1513462542.8750675,1513462543.0354846,1863
query,1513462543.0354908,1513462543.2343311,1674
query,1513462543.2343357,1513462543.4527264,1784
query,1513462543.4527302,1513462543.6342192,2160
query,1513462543.6342611,1513462543.8404875,2035
query,1513462543.857317,1513462544.0356812,356
query,1513462544.0356846,1513462544.2333214,2045
query,1513462544.2333248,1513462544.4401305,1501
query,1513462544.4401336,1513462544.6490626,969
query,1513462544.6490664,1513462544.8546796,472
query,1513462544.8546839,1513462545.0532181,674
query,1513462545.0532222,1513462545.2295907,2048
query,1513462545.2295947,1513462545.4100354,442
query,1513462545.410039,1513462545.5725298,704
query,1513462545.5725331,1513462545.768057,1433
query,1513462545.7680616,1513462545.9735348,1124
query,1513462545.9735396,1513462546.2032163,2213
query,1513462546.20322,1513462546.386731,933
query,1513462546.3867357,1513462546.568494,1516
query,1513462546.5684967,1513462546.7592053,22
query,1513462546.7592099,1513462547.0142972,2016
query,1513462547.0143003,1513462547.2764037,2432
query,1513462547.2764075,1513462547.4656913,2278
query,1513462547.4656947,1513462547.6406648,266
query,1513462547.6406994,1513462547.850224,2147
query,1513462547.8597414,1513462548.033398,450
query,1513462548.0334005,1513462548.240112,1796
query,1513462548.2401152,1513462548.4259307,2111
query,1513462548.4259338,1513462548.5755165,7
query,1513462548.57552,1513462548.7918487,2751
query,1513462548.791854,1513462549.0182388,1020
query,1513462549.0182424,1513462549.1757593,1364
query,1513462549.1757624,1513462549.3381429,164
query,1513462549.3381467,1513462549.5500507,1053
query,1513462549.5500536,1513462549.7267628,840
query,1513462549.7267673,1513462549.9199054,3037
query,1513462549.9199092,1513462550.1176906,3222
query,1513462550.117694,1513462550.3033252,23
query,1513462550.3033302,1513462550.4099457,2
query,1513462550.40995,1513462550.6186044,1933
query,1513462550.6186082,1513462550.8054702,1697
query,1513462550.805474,1513462551.0130286,2366
query,1513462551.0130322,1513462551.1900394,76
query,1513462551.190043,1513462551.3683822,802
query,1513462551.3684425,1513462551.5958087,2631
query,1513462551.608881,1513462551.821455,2228
query,1513462551.821459,1513462551.9896948,1672
query,1513462551.989699,1513462552.227438,2266
query,1513462552.227443,1513462552.3999586,1038
query,1513462552.3999622,1513462552.6227674,2055
query,1513462552.6227703,1513462552.9082685,739
query,1513462552.9082727,1513462553.1407218,1148
query,1513462553.1407251,1513462553.3702006,3074
query,1513462553.3702035,1513462553.6135414,2696
query,1513462553.613545,1513462553.897682,3629
query,1513462553.8976855,1513462554.0853734,1112
query,1513462554.0853772,1513462554.3167284,2008
query,1513462554.3167324,1513462554.50497,3265
query,1513462554.5049734,1513462554.7026699,2904
query,1513462554.702673,1513462554.8778183,2344
query,1513462554.877822,1513462555.064687,1870
query,1513462555.064691,1513462555.2485874,1053
query,1513462555.248592,1513462555.415469,406
query,1513462555.415474,1513462555.6073773,3065
query,1513462555.6074207,1513462555.8270364,1473
query,1513462555.8412552,1513462556.0572555,2706
query,1513462556.05726,1513462556.2790015,145
query,1513462556.279006,1513462556.4614666,952
query,1513462556.4614706,1513462556.617946,2081
query,1513462556.6179495,1513462556.7921543,2394
query,1513462556.7921586,1513462556.9985716,3213
query,1513462556.998575,1513462557.2085233,1891
query,1513462557.2085276,1513462557.4562237,2250
query,1513462557.4562285,1513462557.7077048,2228
query,1513462557.7077084,1513462557.9144893,265
query,1513462557.9144962,1513462558.04551,461
query,1513462558.045514,1513462558.2219894,964
query,1513462558.2219937,1513462558.3932707,2950
query,1513462558.3932738,1513462558.555163,2
query,1513462558.555167,1513462558.7581553,2571
query,1513462558.7581599,1513462558.9070067,1887
query,1513462558.9070115,1513462559.1372721,3203
query,1513462559.1372755,1513462559.3460767,3207
query,1513462559.3460808,1513462559.5177016,2264
query,1513462559.5177374,1513462559.8304818,2923
query,1513462559.8428936,1513462559.9848063,195
query,1513462559.9848106,1513462560.1400397,979
query,1513462560.1400435,1513462560.3155067,2859
query,1513462560.3155112,1513462560.4686985,2776
query,1513462560.468702,1513462560.6271794,2199
query,1513462560.6271825,1513462560.8162806,1606
query,1513462560.8162842,1513462560.9707687,1125
query,1513462560.970772,1513462561.1927505,631
query,1513462561.192755,1513462561.4353914,557
query,1513462561.4353976,1513462561.7019248,1913
query,1513462561.7019289,1513462561.9053833,8
query,1513462561.9053879,1513462562.1208875,964
query,1513462562.1208925,1513462562.3350139,2665
query,1513462562.3350165,1513462562.5812926,2975
query,1513462562.5812962,1513462562.8337178,2139
query,1513462562.8337224,1513462563.0236092,2011
query,1513462563.0236132,1513462563.2329693,2598
query,1513462563.2329724,1513462563.4182508,1008
query,1513462563.4182558,1513462563.6192064,1985
query,1513462563.6192415,1513462563.9000957,3016
query,1513462563.914653,1513462564.111913,593
query,1513462564.1119168,1513462564.3134243,3366
query,1513462564.3134282,1513462564.4900227,1333
query,1513462564.490027,1513462564.7663224,1071
query,1513462564.7663262,1513462564.9922607,2117
query,1513462564.9922643,1513462565.152171,1744
query,1513462565.1521742,1513462565.292333,173
query,1513462565.2923362,1513462565.5066397,3201
query,1513462565.5066442,1513462565.6718457,2468
query,1513462565.6718507,1513462565.8432019,681
query,1513462565.8432052,1513462566.0162115,2017
query,1513462566.0162144,1513462566.1890793,2079
query,1513462566.1890833,1513462566.3608255,2421
query,1513462566.3608305,1513462566.5051532,20
query,1513462566.505157,1513462566.6465087,750
query,1513462566.6465127,1513462566.7916124,510
query,1513462566.7916155,1513462566.940226,1467
query,1513462566.9402297,1513462567.1737247,2109
query,1513462567.1737285,1513462567.3515017,2538
query,1513462567.351553,1513462567.5523224,1944
query,1513462567.5686228,1513462567.7627552,2719
query,1513462567.762759,1513462567.9522965,2676
query,1513462567.9522998,1513462568.1396675,2047
query,1513462568.1396708,1513462568.312922,1249
query,1513462568.3129253,1513462568.4575982,549
query,1513462568.4576023,1513462568.5989301,578
query,1513462568.5989332,1513462568.9694257,2162
query,1513462568.969429,1513462569.2246993,2584
query,1513462569.224703,1513462569.5021107,3078
query,1513462569.502114,1513462569.7125115,2875
query,1513462569.7125163,1513462569.8539748,2268
query,1513462569.8539774,1513462570.1005685,3396
query,1513462570.1005733,1513462570.2254846,28
query,1513462570.225491,1513462570.3983784,2022
query,1513462570.3983817,1513462570.6069267,1871
query,1513462570.60693,1513462570.8220713,2186
query,1513462570.8220756,1513462571.008501,2817
query,1513462571.0085042,1513462571.165386,619
query,1513462571.1653907,1513462571.3150845,1499
query,1513462571.315134,1513462571.5788202,754
query,1513462571.5929947,1513462571.7580216,2048
query,1513462571.7580261,1513462571.918891,1182
query,1513462571.9188952,1513462572.088572,2127
query,1513462572.0885758,1513462572.234609,1129
query,1513462572.2346125,1513462572.4002278,1338
query,1513462572.4002314,1513462572.5730345,3000
query,1513462572.5730374,1513462572.749271,2441
query,1513462572.7492754,1513462572.9519305,2629
query,1513462572.9519353,1513462573.0662107,6
query,1513462573.0662146,1513462573.2440877,2434
query,1513462573.2440917,1513462573.450079,1878
query,1513462573.4500842,1513462573.609029,405
query,1513462573.6090338,1513462573.7962093,3420
query,1513462573.796213,1513462573.9480448,43
query,1513462573.948049,1513462574.1134427,921
query,1513462574.1134484,1513462574.3773677,2344
query,1513462574.3773715,1513462574.551083,634
query,1513462574.5510862,1513462574.7094789,2267
query,1513462574.7094824,1513462574.9425945,2753
query,1513462574.9426382,1513462575.2133455,2721
query,1513462575.226217,1513462575.3698843,467
query,1513462575.3698878,1513462575.5413218,1467
query,1513462575.541325,1513462575.6995409,1625
query,1513462575.6995454,1513462575.8761044,162
query,1513462575.876109,1513462576.0045109,571
query,1513462576.0045147,1513462576.1496346,2186
query,1513462576.1496382,1513462576.3450809,3354
query,1513462576.3450854,1513462576.459889,1
query,1513462576.4598925,1513462576.59689,1005
query,1513462576.5968938,1513462576.7691553,815
query,1513462576.7691584,1513462576.950005,2703
query,1513462576.9500103,1513462577.1339526,2776
query,1513462577.133957,1513462577.3179982,2015
query,1513462577.3180034,1513462577.4755273,896
query,1513462577.4755328,1513462577.6758778,3273
query,1513462577.6758833,1513462577.8373275,2591
query,1513462577.8373303,1513462577.9952707,1281
query,1513462577.995273,1513462578.1311522,889
query,1513462578.1311567,1513462578.2964263,1949
query,1513462578.2964864,1513462578.5228083,983
query,1513462578.5371473,1513462578.7356021,2069
query,1513462578.7356057,1513462578.9349265,3076
query,1513462578.9349298,1513462579.0349371,0
query,1513462579.0349422,1513462579.3162699,2934
query,1513462579.3162754,1513462579.4436705,169
query,1513462579.4436746,1513462579.6257133,1666
query,1513462579.6257174,1513462579.839599,2691
query,1513462579.8396025,1513462580.0264778,1996
query,1513462580.0264819,1513462580.1975846,1456
query,1513462580.1975892,1513462580.344591,182
query,1513462580.3445957,1513462580.5274994,2109
query,1513462580.5275028,1513462580.711186,2863
query,1513462580.7111886,1513462580.9006875,510
query,1513462580.90069,1513462581.1137586,2167
query,1513462581.1137624,1513462581.2945244,1619
query,1513462581.2945278,1513462581.524936,1785
query,1513462581.524939,1513462581.6889083,686
query,1513462581.6889112,1513462581.9119325,2090
query,1513462581.9119353,1513462582.0291848,0
query,1513462582.0292141,1513462582.2295716,1860
query,1513462582.2425582,1513462582.5118551,1828
query,1513462582.511859,1513462582.6864843,1034
query,1513462582.6864884,1513462582.8981295,2089
query,1513462582.8981323,1513462583.0407672,185
query,1513462583.0407925,1513462583.202885,3344
query,1513462583.2028916,1513462583.4202297,1580
query,1513462583.4202332,1513462583.6176689,309
query,1513462583.6176722,1513462583.8320487,1355
query,1513462583.8320518,1513462584.0653286,2276
query,1513462584.0653315,1513462584.228518,266
query,1513462584.2285223,1513462584.45063,3110
query,1513462584.4506345,1513462584.6838157,1576
query,1513462584.6838193,1513462584.9302607,2144
query,1513462584.9302661,1513462585.1066194,2263
query,1513462585.1066222,1513462585.3001747,2197
query,1513462585.3001788,1513462585.4459894,1449
query,1513462585.4459932,1513462585.6102695,288
query,1513462585.610273,1513462585.7910922,599
query,1513462585.791095,1513462586.0110545,1159
query,1513462586.01109,1513462586.1536796,1
query,1513462586.1567574,1513462586.345738,365
query,1513462586.345742,1513462586.5404932,266
query,1513462586.5404973,1513462586.693795,419
query,1513462586.6937985,1513462586.9161623,2083
query,1513462586.9161675,1513462587.0976586,2381
query,1513462587.0976627,1513462587.3592257,2247
query,1513462587.3592296,1513462587.5083094,1829
query,1513462587.5083137,1513462587.6539247,498
query,1513462587.65393,1513462587.7914073,1044
query,1513462587.791411,1513462587.9791224,3001
query,1513462587.979127,1513462588.1202338,1858
query,1513462588.120237,1513462588.3088443,2992
query,1513462588.308849,1513462588.4634612,2625
query,1513462588.4634647,1513462588.6146052,1545
query,1513462588.614609,1513462588.7475765,833
query,1513462588.747581,1513462588.9481955,2867
query,1513462588.9481988,1513462589.1060507,1775
query,1513462589.1060543,1513462589.2845328,1695
query,1513462589.284536,1513462589.4777126,2951
query,1513462589.4777436,1513462589.6946661,2649
query,1513462589.7074485,1513462589.938613,2084
query,1513462589.9386184,1513462590.0971768,1466
query,1513462590.09718,1513462590.263245,600
query,1513462590.263249,1513462590.5013957,2666
query,1513462590.501399,1513462590.7947514,2952
query,1513462590.7947552,1513462590.9626276,1724
query,1513462590.9626322,1513462591.1246917,5
query,1513462591.1246965,1513462591.3666508,3113
query,1513462591.3666556,1513462591.5497186,2429
query,1513462591.5497212,1513462591.717121,502
query,1513462591.7171257,1513462591.8634596,0
query,1513462591.8634622,1513462592.0437658,93
query,1513462592.0437686,1513462592.2498863,1377
query,1513462592.2498903,1513462592.465647,1871
query,1513462592.4656513,1513462592.650556,2001
query,1513462592.6505601,1513462592.7771301,41
query,1513462592.7771344,1513462593.0082772,3116
query,1513462593.0082812,1513462593.1256132,685
query,1513462593.1256156,1513462593.2830014,274
query,1513462593.2830436,1513462593.4817405,657
query,1513462593.4892128,1513462593.6974268,2836
query,1513462593.69743,1513462593.8427765,564
query,1513462593.8427818,1513462593.9671457,375
query,1513462593.96715,1513462594.1056032,435
query,1513462594.105607,1513462594.2670767,244
query,1513462594.2670808,1513462594.4939032,1827
query,1513462594.493907,1513462594.6632035,2540
query,1513462594.6632085,1513462594.8129995,1380
query,1513462594.813003,1513462595.0317636,300
query,1513462595.0317671,1513462595.20673,485
query,1513462595.2067354,1513462595.4153411,609
query,1513462595.415345,1513462595.5641987,1786
query,1513462595.5642016,1513462595.749948,198
query,1513462595.7499523,1513462595.951863,234
query,1513462595.9518657,1513462596.1719549,212
query,1513462596.171959,1513462596.3423243,1482
query,1513462596.3423274,1513462596.4853675,1670
query,1513462596.4853718,1513462596.6319969,1398
query,1513462596.6319995,1513462596.8541436,2097
query,1513462596.854186,1513462597.0122797,1955
query,1513462597.0269012,1513462597.204522,1187
query,1513462597.2045252,1513462597.3681903,477
query,1513462597.368196,1513462597.534626,447
query,1513462597.5346332,1513462597.6758423,248
query,1513462597.6758459,1513462597.8616061,667
query,1513462597.8616107,1513462598.055128,189
query,1513462598.055132,1513462598.2271426,164
query,1513462598.2271466,1513462598.3489957,798
query,1513462598.3489995,1513462598.516649,1546
query,1513462598.5166533,1513462598.7148502,2411
query,1513462598.714854,1513462598.848631,404
query,1513462598.8486347,1513462599.0136626,448
query,1513462599.0136657,1513462599.1531343,606
query,1513462599.1531389,1513462599.311676,1549
query,1513462599.31168,1513462599.4473658,912
query,1513462599.4473696,1513462599.6680114,2327
query,1513462599.6680155,1513462599.8478122,2829
query,1513462599.8478153,1513462600.0710602,2167
query,1513462600.0710642,1513462600.2809181,2823
query,1513462600.2809968,1513462600.4648652,2529
query,1513462600.4726064,1513462600.6483264,2782
query,1513462600.648331,1513462600.922229,1088
query,1513462600.922233,1513462601.033293,864
query,1513462601.0332956,1513462601.1630187,291
query,1513462601.163023,1513462601.2572067,850
query,1513462601.257211,1513462601.4369872,2159
query,1513462601.4369926,1513462601.5892346,2588
query,1513462601.5892386,1513462601.721795,315
query,1513462601.7217996,1513462601.846403,638
query,1513462601.8464072,1513462602.0102193,1401
query,1513462602.0102236,1513462602.153314,25
query,1513462602.1533186,1513462602.3728354,2441
query,1513462602.3728406,1513462602.5105996,346
query,1513462602.510604,1513462602.6899846,1996
query,1513462602.6899884,1513462602.87824,2504
query,1513462602.878244,1513462603.0036714,1790
query,1513462603.003676,1513462603.1643052,1343
query,1513462603.164309,1513462603.345648,1127
query,1513462603.345651,1513462603.5124996,1173
query,1513462603.5125403,1513462603.7082815,2113
query,1513462603.7182229,1513462603.9156852,1070
query,1513462603.9156907,1513462604.0543704,1398
query,1513462604.054375,1513462604.234949,1994
query,1513462604.2349527,1513462604.4210112,1915
query,1513462604.4210155,1513462604.6243625,2163
query,1513462604.6243663,1513462604.8775969,2943
query,1513462604.8776007,1513462605.0836535,1870
query,1513462605.0836573,1513462605.2761936,3
query,1513462605.2761967,1513462605.4940767,2602
query,1513462605.4940815,1513462605.5911317,0
query,1513462605.5911353,1513462605.7187552,1
query,1513462605.7187603,1513462605.907783,13
query,1513462605.9077868,1513462606.0243459,0
query,1513462606.024349,1513462606.1964269,2502
query,1513462606.1964302,1513462606.2798824,0
query,1513462606.2798855,1513462606.4677343,3366
query,1513462606.467738,1513462606.616826,13
query,1513462606.61683,1513462606.8008227,2488
query,1513462606.8008273,1513462606.9980426,2167
query,1513462606.9980774,1513462607.2343554,462
query,1513462607.248604,1513462607.4579582,2434
query,1513462607.4579625,1513462607.6028578,569
query,1513462607.602861,1513462607.7623465,1189
query,1513462607.7623496,1513462607.9924412,1434
query,1513462607.9924443,1513462608.1891258,1979
query,1513462608.1891284,1513462608.4259415,2175
query,1513462608.4259458,1513462608.638356,1388
query,1513462608.63836,1513462608.8217523,1281
query,1513462608.8217554,1513462609.025192,903
query,1513462609.0251956,1513462609.2367575,1907
query,1513462609.236762,1513462609.4129639,547
query,1513462609.4129682,1513462609.561489,2252
query,1513462609.5614915,1513462609.7376235,1446
query,1513462609.7376277,1513462609.8994052,1977
query,1513462609.8994093,1513462610.109217,1435
query,1513462610.10922,1513462610.2901318,3502
query,1513462610.2901366,1513462610.4449346,829
query,1513462610.444939,1513462610.707839,2571
query,1513462610.7078424,1513462610.8687298,12
query,1513462610.8688235,1513462611.1684942,1162
query,1513462611.1786978,1513462611.3253393,5
query,1513462611.3253458,1513462611.4974585,2425
query,1513462611.4974613,1513462611.6301599,649
query,1513462611.630163,1513462611.8928955,1989
query,1513462611.892899,1513462612.117899,1300
query,1513462612.1179028,1513462612.3434334,1230
query,1513462612.3434396,1513462612.5509624,2638
query,1513462612.550966,1513462612.7480648,2079
query,1513462612.748069,1513462612.9015357,2839
query,1513462612.9015403,1513462613.0370247,2046
query,1513462613.037028,1513462613.1933506,2883
query,1513462613.193355,1513462613.3666115,1750
query,1513462613.3666158,1513462613.589744,1809
query,1513462613.5897489,1513462613.8205814,2197
query,1513462613.8205855,1513462613.9974635,1764
query,1513462613.9974666,1513462614.176853,1501
query,1513462614.1768582,1513462614.3234427,1289
query,1513462614.3234465,1513462614.4983575,1081
query,1513462614.4983613,1513462614.6424232,1341
query,1513462614.6425078,1513462614.8435073,1877
query,1513462614.8570426,1513462615.0457485,2239
query,1513462615.0457523,1513462615.1776156,1191
query,1513462615.1776185,1513462615.3669624,2393
query,1513462615.3669667,1513462615.5213175,2171
query,1513462615.5213208,1513462615.7295582,2955
query,1513462615.7295613,1513462615.8817456,2200
query,1513462615.88175,1513462615.995255,0
query,1513462615.995259,1513462616.2434227,2841
query,1513462616.2434263,1513462616.4266646,6
query,1513462616.4266682,1513462616.760705,3064
query,1513462616.760709,1513462616.9281447,697
query,1513462616.928149,1513462617.1772244,723
query,1513462617.1772277,1513462617.378336,2498
query,1513462617.3783407,1513462617.577765,0
query,1513462617.5777693,1513462617.8508754,2554
query,1513462617.8508787,1513462618.0163443,2968
query,1513462618.0163474,1513462618.198612,3045
query,1513462618.1986156,1513462618.433407,2659
query,1513462618.4334104,1513462618.6210928,1438
query,1513462618.6211245,1513462618.8188791,584
query,1513462618.8276107,1513462619.0673897,64
query,1513462619.0673957,1513462619.284467,35
query,1513462619.2844706,1513462619.4688299,20
query,1513462619.4688332,1513462619.6762848,92
query,1513462619.676288,1513462619.8561547,2861
query,1513462619.8561594,1513462620.033178,1964
query,1513462620.0331826,1513462620.196268,1909
query,1513462620.1962726,1513462620.3820386,1452
query,1513462620.3820431,1513462620.6149921,2765
query,1513462620.615004,1513462620.773526,82
query,1513462620.77353,1513462620.9469604,597
query,1513462620.9469652,1513462621.0987315,1431
query,1513462621.0987356,1513462621.2666044,1544
query,1513462621.266609,1513462621.509495,1465
query,1513462621.5094993,1513462621.739381,2100
query,1513462621.7393856,1513462621.9551775,2767
query,1513462621.9551816,1513462622.1553743,1845
query,1513462622.155379,1513462622.3133135,911
query,1513462622.313319,1513462622.5331104,2806
query,1513462622.5331438,1513462622.779357,2416
query,1513462622.7973554,1513462622.9381356,378
query,1513462622.9381394,1513462623.1585693,2605
query,1513462623.158573,1513462623.342031,2183
query,1513462623.3420346,1513462623.5579324,2228
query,1513462623.5579355,1513462623.780362,1700
query,1513462623.7803657,1513462623.974869,2677
query,1513462623.9748724,1513462624.0521913,0
query,1513462624.0521946,1513462624.2046788,862
query,1513462624.2046824,1513462624.3420126,1214
query,1513462624.3420165,1513462624.4854293,842
query,1513462624.4854326,1513462624.6420076,28
query,1513462624.6420116,1513462624.8505101,3137
query,1513462624.8505147,1513462625.0138128,1199
query,1513462625.013816,1513462625.233749,3028
query,1513462625.2337532,1513462625.4451134,3279
query,1513462625.4451182,1513462625.635435,3603
query,1513462625.6354392,1513462625.8121924,1057
query,1513462625.8121965,1513462625.9772098,1151
query,1513462625.9772134,1513462626.1344912,1169
query,1513462626.1345234,1513462626.3273878,1113
query,1513462626.34236,1513462626.484398,1055
query,1513462626.4844017,1513462626.7135801,1242
query,1513462626.7135847,1513462626.8659446,153
query,1513462626.865949,1513462627.04505,11
query,1513462627.0450547,1513462627.2772324,2686
query,1513462627.2772365,1513462627.483813,2682
query,1513462627.4838178,1513462627.610877,301
query,1513462627.6108825,1513462627.8692198,2198
query,1513462627.869224,1513462628.015133,536
query,1513462628.0151377,1513462628.1996162,1405
query,1513462628.1996195,1513462628.4292057,2358
query,1513462628.42921,1513462628.5915902,2849
query,1513462628.5915937,1513462628.7403429,1872
query,1513462628.7403462,1513462628.8873332,2111
query,1513462628.8873365,1513462629.0517647,2271
query,1513462629.051769,1513462629.2467213,2744
query,1513462629.2467258,1513462629.4179175,1223
query,1513462629.4179218,1513462629.570038,9
query,1513462629.570042,1513462629.9388127,277
query,1513462629.9388475,1513462630.221895,1828
query,1513462630.2305763,1513462630.4354541,2206
query,1513462630.4354575,1513462630.6536486,1373
query,1513462630.6536524,1513462630.8179476,79
query,1513462630.8179517,1513462631.0142083,2364
query,1513462631.0142138,1513462631.2340977,2034
query,1513462631.2341018,1513462631.4020967,2346
query,1513462631.4020998,1513462631.593793,1104
query,1513462631.5937965,1513462631.7738435,2543
query,1513462631.773848,1513462631.9217486,1532
query,1513462631.921752,1513462632.1034374,393
query,1513462632.1034415,1513462632.21186,0
query,1513462632.2118635,1513462632.4234436,3046
query,1513462632.4234512,1513462632.6048896,997
query,1513462632.6048944,1513462632.8142233,2833
query,1513462632.8142273,1513462632.9701147,756
query,1513462632.9701183,1513462633.1176684,1104
query,1513462633.1176713,1513462633.327745,2059
query,1513462633.3277493,1513462633.4897923,2083
query,1513462633.4897957,1513462633.6502066,2369
query,1513462633.650241,1513462633.8612669,1889
query,1513462633.8715374,1513462634.033297,1974
query,1513462634.0333009,1513462634.1935322,2387
query,1513462634.1935365,1513462634.349859,1173
query,1513462634.349862,1513462634.4814336,177
query,1513462634.4814365,1513462634.6424074,1659
query,1513462634.642414,1513462634.7868347,378
query,1513462634.7868412,1513462634.9765482,723
query,1513462634.9765518,1513462635.1982024,2651
query,1513462635.1982067,1513462635.3732085,1713
query,1513462635.373213,1513462635.4878092,0
query,1513462635.4878123,1513462635.6822665,1759
query,1513462635.6822696,1513462635.8397374,671
query,1513462635.8397408,1513462635.9859788,281
query,1513462635.985982,1513462636.193112,3286
query,1513462636.193116,1513462636.3529112,1383
query,1513462636.352916,1513462636.5276747,3044
query,1513462636.5276785,1513462636.7275176,3109
query,1513462636.7275214,1513462636.9218707,2701
query,1513462636.9218733,1513462637.0680876,858
query,1513462637.068124,1513462637.3486955,1715
query,1513462637.36119,1513462637.5318732,1457
query,1513462637.5318801,1513462637.7138479,1654
query,1513462637.7138515,1513462637.906067,2634
query,1513462637.906071,1513462638.082773,872
query,1513462638.0827765,1513462638.2382631,1323
query,1513462638.2382672,1513462638.387658,138
query,1513462638.3876615,1513462638.5777361,3247
query,1513462638.5777402,1513462638.7226627,921
query,1513462638.7226682,1513462638.918146,1454
query,1513462638.9181504,1513462639.085236,2087
query,1513462639.0852401,1513462639.2858567,3013
query,1513462639.285861,1513462639.4474888,1436
query,1513462639.4474943,1513462639.5774915,18
query,1513462639.5774956,1513462639.7823892,2072
query,1513462639.7823935,1513462639.9293232,1280
query,1513462639.9293275,1513462640.1228936,146
query,1513462640.1228964,1513462640.4085839,3478
query,1513462640.408588,1513462640.6097028,2706
query,1513462640.6097057,1513462640.7942095,2771
query,1513462640.794249,1513462640.9831207,1572
query,1513462640.992335,1513462641.1903412,1132
query,1513462641.190346,1513462641.4101176,2263
query,1513462641.4101205,1513462641.6450152,2984
query,1513462641.6450214,1513462641.8199883,1112
query,1513462641.8199925,1513462642.0039232,1910
query,1513462642.0039268,1513462642.2222056,3042
query,1513462642.222209,1513462642.3774736,4
query,1513462642.377477,1513462642.5547302,2058
query,1513462642.5547342,1513462642.7827165,3222
query,1513462642.7827196,1513462643.0620449,1516
query,1513462643.0620487,1513462643.2341566,798
query,1513462643.2341614,1513462643.4097369,2007
query,1513462643.4097404,1513462643.6083584,1182
query,1513462643.6083624,1513462643.7656684,720
query,1513462643.7656739,1513462643.9182746,32
query,1513462643.9182796,1513462644.0282369,0
query,1513462644.0282407,1513462644.207761,585
query,1513462644.2077658,1513462644.3731098,1494
query,1513462644.3731139,1513462644.5485442,2105
query,1513462644.5485845,1513462644.7329226,57
query,1513462644.746896,1513462644.9605005,3395
query,1513462644.9605045,1513462645.1284943,2342
query,1513462645.1284988,1513462645.289642,2627
query,1513462645.2896466,1513462645.4778354,1015
query,1513462645.477839,1513462645.634963,1159
query,1513462645.6349673,1513462645.7892716,1061
query,1513462645.7892756,1513462645.9495902,315
query,1513462645.9495938,1513462646.193434,2745
query,1513462646.1934373,1513462646.421473,2087
query,1513462646.4214766,1513462646.602255,2359
query,1513462646.6022592,1513462646.7985983,558
query,1513462646.7986045,1513462646.9217448,73
query,1513462646.921749,1513462647.1082568,2672
query,1513462647.108261,1513462647.258763,42
query,1513462647.258768,1513462647.4132612,284
query,1513462647.4132645,1513462647.625318,277
query,1513462647.625321,1513462647.904077,2966
query,1513462647.904082,1513462648.1046023,1671
query,1513462648.104606,1513462648.2961936,263
query,1513462648.2962465,1513462648.5128276,1417
query,1513462648.5256326,1513462648.756211,276
query,1513462648.7562141,1513462649.0378714,2603
query,1513462649.0378757,1513462649.17669,1
query,1513462649.1766944,1513462649.3426356,6
query,1513462649.3426404,1513462649.5338264,19
query,1513462649.5338302,1513462649.7561889,2720
query,1513462649.7561958,1513462649.9533806,202
query,1513462649.9533846,1513462650.1913028,3454
query,1513462650.1913059,1513462650.3807194,1500
query,1513462650.3807237,1513462650.5730891,80
query,1513462650.5730934,1513462650.7654011,2984
query,1513462650.765406,1513462651.0781274,268
query,1513462651.0781314,1513462651.3414233,2064
query,1513462651.3414278,1513462651.543715,1823
query,1513462651.5437195,1513462651.774522,1516
query,1513462651.7745268,1513462651.9676735,1948
query,1513462651.9676774,1513462652.1665294,2429
query,1513462652.166533,1513462652.3220794,1362
query,1513462652.3220835,1513462652.4850156,2501
query,1513462652.485046,1513462652.6672907,2798
query,1513462652.6753488,1513462652.9580524,2308
query,1513462652.9580562,1513462653.176973,2057
query,1513462653.1769779,1513462653.4225974,643
query,1513462653.4226012,1513462653.5702953,794
query,1513462653.570298,1513462653.754372,2278
query,1513462653.7543762,1513462653.9257872,17
query,1513462653.9257908,1513462654.0767176,778
query,1513462654.0767212,1513462654.2577074,1916
query,1513462654.2577105,1513462654.4180222,2269
query,1513462654.418025,1513462654.6334949,1754
query,1513462654.6334984,1513462654.7981894,590
query,1513462654.7981944,1513462655.0052845,2788
query,1513462655.005288,1513462655.2168198,2933
query,1513462655.2168243,1513462655.4522927,1543
query,1513462655.452296,1513462655.6237128,902
query,1513462655.623716,1513462655.7858307,761
query,1513462655.7858365,1513462655.9793737,1999
query,1513462655.9793782,1513462656.0597327,1
query,1513462656.0597358,1513462656.2701392,193
query,1513462656.2701879,1513462656.434901,994
query,1513462656.4447112,1513462656.746705,1339
query,1513462656.7467089,1513462656.9398704,256
query,1513462656.9398737,1513462657.1658652,2112
query,1513462657.1658692,1513462657.4789107,1556
query,1513462657.4789155,1513462657.700737,1394
query,1513462657.7007406,1513462657.913239,484
query,1513462657.9132457,1513462658.0329309,0
query,1513462658.0329351,1513462658.2106323,2484
query,1513462658.2106438,1513462658.4316504,2640
query,1513462658.431653,1513462658.6101565,151
query,1513462658.6101606,1513462658.7861178,819
query,1513462658.7861226,1513462658.927548,2082
query,1513462658.9275513,1513462659.1306927,3312
query,1513462659.1306953,1513462659.2948318,713
query,1513462659.294836,1513462659.4824822,2561
query,1513462659.4824858,1513462659.6256604,1934
query,1513462659.6256647,1513462659.7898204,233
query,1513462659.789823,1513462659.981073,2757
query,1513462659.9810772,1513462660.111159,248
query,1513462660.1111946,1513462660.3182602,1874
query,1513462660.3303218,1513462660.4849625,1336
query,1513462660.4849668,1513462660.6396255,2705
query,1513462660.6396296,1513462660.9188979,3452
query,1513462660.918902,1513462661.065017,1642
query,1513462661.0650213,1513462661.2794762,2575
query,1513462661.2794805,1513462661.4300482,221
query,1513462661.430053,1513462661.5866861,2534
query,1513462661.5866888,1513462661.7470617,1472
query,1513462661.7470658,1513462661.901767,2626
query,1513462661.901773,1513462662.1187198,2905
query,1513462662.1187236,1513462662.294851,1976
query,1513462662.2948556,1513462662.439411,1894
query,1513462662.4394145,1513462662.6468904,3460
query,1513462662.646896,1513462662.8411257,2372
query,1513462662.8411317,1513462663.0537572,2737
query,1513462663.0537612,1513462663.2783132,2642
query,1513462663.2783175,1513462663.4662619,2040
query,1513462663.4662647,1513462663.6271992,1434
query,1513462663.6272023,1513462663.77628,942
query,1513462663.7763228,1513462663.9058452,422
query,1513462663.9191244,1513462664.112075,2219
query,1513462664.1120787,1513462664.336971,299
query,1513462664.3369737,1513462664.5190983,2393
query,1513462664.5191014,1513462664.7022257,1881
query,1513462664.7022288,1513462664.8450565,535
query,1513462664.8450603,1513462664.9992433,2455
query,1513462664.999247,1513462665.166239,611
query,1513462665.166242,1513462665.4008539,2983
query,1513462665.4008572,1513462665.5978665,1822
query,1513462665.5978692,1513462665.7468271,1281
query,1513462665.7468314,1513462665.9293635,2962
query,1513462665.929367,1513462666.076103,1666
query,1513462666.076106,1513462666.2414434,45
query,1513462666.2414463,1513462666.4798367,2049
query,1513462666.4798408,1513462666.6962585,2619
query,1513462666.6962621,1513462666.9142554,3044
query,1513462666.9142587,1513462667.1411958,1540
query,1513462667.1412005,1513462667.306243,2217
query,1513462667.3062463,1513462667.4542727,34
query,1513462667.4543338,1513462667.6305518,2
query,1513462667.644487,1513462667.7280395,0
query,1513462667.728043,1513462667.9168913,2369
query,1513462667.9168956,1513462668.044899,35
query,1513462668.0449057,1513462668.170848,808
query,1513462668.170852,1513462668.270845,1
query,1513462668.2708492,1513462668.4542162,3327
query,1513462668.4542208,1513462668.5839753,46
query,1513462668.5839794,1513462668.8425422,3165
query,1513462668.8425457,1513462669.0186012,2144
query,1513462669.0186043,1513462669.1440244,892
query,1513462669.1440284,1513462669.3001726,1005
query,1513462669.300176,1513462669.6134427,1997
query,1513462669.6134465,1513462669.783332,978
query,1513462669.7833376,1513462669.9537818,1989
query,1513462669.953786,1513462670.1124372,2290
query,1513462670.11244,1513462670.340856,3181
query,1513462670.340861,1513462670.4199574,0
query,1513462670.4199598,1513462670.5471365,486
query,1513462670.547139,1513462670.729153,1902
query,1513462670.729551,1513462670.9535491,491
query,1513462670.9674215,1513462671.1321979,625
query,1513462671.132202,1513462671.3222952,1512
query,1513462671.3223,1513462671.4171658,0
query,1513462671.417169,1513462671.6155493,2587
query,1513462671.6155531,1513462671.8146758,2282
query,1513462671.8146799,1513462671.9973369,1795
query,1513462671.9973404,1513462672.1446543,1125
query,1513462672.1446576,1513462672.3446238,266
query,1513462672.3446271,1513462672.578765,3389
query,1513462672.5787709,1513462672.7484937,1219
query,1513462672.7484972,1513462672.9372354,2510
query,1513462672.9372406,1513462673.105415,1355
query,1513462673.105419,1513462673.3583038,2158
query,1513462673.3583083,1513462673.555064,996
query,1513462673.5550675,1513462673.7944639,872
query,1513462673.7944684,1513462673.9620762,1959
query,1513462673.9620802,1513462674.1056712,545
query,1513462674.1056743,1513462674.2517607,1764
query,1513462674.251765,1513462674.362839,850
query,1513462674.3628805,1513462674.579984,2160
query,1513462674.588395,1513462674.7689998,2196
query,1513462674.7690046,1513462674.9489057,891
query,1513462674.9489098,1513462675.1503139,991
query,1513462675.1503181,1513462675.3205733,1995
query,1513462675.3205776,1513462675.4536228,7
query,1513462675.4536269,1513462675.6093817,1248
query,1513462675.6093857,1513462675.7582626,6
query,1513462675.758266,1513462675.8936992,126
query,1513462675.8937032,1513462676.0504315,171
query,1513462676.0504353,1513462676.2178917,2950
query,1513462676.217895,1513462676.3512728,192
query,1513462676.3512754,1513462676.5001543,45
query,1513462676.5001578,1513462676.6534352,1271
query,1513462676.6534386,1513462676.8604305,2027
query,1513462676.8604336,1513462677.08102,764
query,1513462677.081024,1513462677.2963507,821
query,1513462677.2963548,1513462677.467941,374
query,1513462677.4679458,1513462677.6435142,2153
query,1513462677.643519,1513462677.7707462,2233
query,1513462677.7707858,1513462677.9252179,2254
query,1513462677.9358675,1513462678.101926,2451
query,1513462678.1019301,1513462678.2810345,2090
query,1513462678.2810378,1513462678.4677064,2660
query,1513462678.46771,1513462678.6440768,1254
query,1513462678.6440802,1513462678.7602937,1
query,1513462678.7602968,1513462678.9219282,1532
query,1513462678.9219337,1513462679.0504344,144
query,1513462679.0504377,1513462679.2464223,1635
query,1513462679.2464273,1513462679.3790708,1401
query,1513462679.379074,1513462679.5375934,1782
query,1513462679.5375957,1513462679.6633909,916
query,1513462679.6633935,1513462679.798724,550
query,1513462679.7987292,1513462680.0101607,1188
query,1513462680.010164,1513462680.175904,2367
query,1513462680.1759102,1513462680.3176265,1256
query,1513462680.3176303,1513462680.4397511,43
query,1513462680.4397552,1513462680.6033146,2695
query,1513462680.6033187,1513462680.7616222,1782
query,1513462680.761627,1513462680.9084156,2575
query,1513462680.9084594,1513462681.1582153,2184
query,1513462681.1707053,1513462681.3776703,1624
query,1513462681.3776739,1513462681.55958,1876
query,1513462681.5595837,1513462681.7989626,2675
query,1513462681.7989678,1513462681.982652,2808
query,1513462681.9826565,1513462682.1693118,1398
query,1513462682.1693156,1513462682.3187265,1042
query,1513462682.3187299,1513462682.5131404,2120
query,1513462682.5131435,1513462682.6982982,1603
query,1513462682.6983027,1513462682.9022732,2531
query,1513462682.902278,1513462683.1228123,2745
query,1513462683.1228166,1513462683.284375,1099
query,1513462683.284379,1513462683.4896073,2156
query,1513462683.4896116,1513462683.6555903,132
query,1513462683.6555936,1513462683.8429937,2484
query,1513462683.8429968,1513462683.9757786,169
query,1513462683.975782,1513462684.148827,2941
query,1513462684.1488304,1513462684.3163898,309
query,1513462684.3163936,1513462684.4390483,910
query,1513462684.4390528,1513462684.5394435,1
query,1513462684.539482,1513462684.7020195,2116
query,1513462684.7200844,1513462684.9703941,2788
query,1513462684.9703982,1513462685.1309476,1680
query,1513462685.1309521,1513462685.2466679,10
query,1513462685.2466729,1513462685.413781,577
query,1513462685.413785,1513462685.6083832,1352
query,1513462685.6083868,1513462685.7592342,32
query,1513462685.7592375,1513462685.9215956,2355
query,1513462685.9216006,1513462686.11419,2829
query,1513462686.1141932,1513462686.2702446,156
query,1513462686.2702484,1513462686.4520907,2109
query,1513462686.4520943,1513462686.6050162,2260
query,1513462686.605022,1513462686.8139362,1865
query,1513462686.8139408,1513462686.9792292,2300
query,1513462686.9792337,1513462687.1230824,528
query,1513462687.1230855,1513462687.348804,1666
query,1513462687.348808,1513462687.5530963,281
query,1513462687.5531003,1513462687.7338536,1295
query,1513462687.7338576,1513462687.8900013,173
query,1513462687.890006,1513462688.020474,1596
query,1513462688.0205128,1513462688.2226396,2326
query,1513462688.2349517,1513462688.402321,2452
query,1513462688.4023247,1513462688.5571404,1293
query,1513462688.5571427,1513462688.725465,2260
query,1513462688.7254677,1513462688.85734,437
query,1513462688.857344,1513462688.9892774,1760
query,1513462688.98928,1513462689.1691976,571
query,1513462689.1692023,1513462689.2481387,0
query,1513462689.2481427,1513462689.39483,1847
query,1513462689.3948338,1513462689.5852795,674
query,1513462689.5852826,1513462689.7500546,266
query,1513462689.7500591,1513462689.9149332,1312
query,1513462689.914936,1513462690.114587,978
query,1513462690.1145897,1513462690.2622406,609
query,1513462690.2622454,1513462690.457685,3279
query,1513462690.4576888,1513462690.6101005,945
query,1513462690.6101036,1513462690.7570393,2455
query,1513462690.7570438,1513462690.903899,1423
query,1513462690.903902,1513462691.0121126,1496
query,1513462691.0121174,1513462691.1432197,1876
query,1513462691.14325,1513462691.3457255,2127
query,1513462691.3531358,1513462691.505966,1709
query,1513462691.5059702,1513462691.632296,2228
query,1513462691.6322994,1513462691.7952628,1610
query,1513462691.7952693,1513462691.9234633,206
query,1513462691.9234672,1513462692.051546,96
query,1513462692.0515501,1513462692.270206,225
query,1513462692.2702084,1513462692.4246428,1217
query,1513462692.4246466,1513462692.6163979,2026
query,1513462692.6164017,1513462692.8208783,3180
query,1513462692.8208816,1513462692.949729,984
query,1513462692.949733,1513462693.1066625,22
query,1513462693.1066654,1513462693.2121513,1036
query,1513462693.2121556,1513462693.3866332,3175
query,1513462693.3866382,1513462693.576854,2913
query,1513462693.5768578,1513462693.8219767,2560
query,1513462693.821982,1513462694.0392225,644
query,1513462694.039226,1513462694.2817266,2140
query,1513462694.2817292,1513462694.4656577,969
query,1513462694.4656603,1513462694.6541066,1552
query,1513462694.654139,1513462694.918523,2903
query,1513462694.9386542,1513462695.113544,2099
query,1513462695.1135473,1513462695.2641168,2200
query,1513462695.2641208,1513462695.3912303,711
query,1513462695.3912332,1513462695.5455506,3015
query,1513462695.5455542,1513462695.766232,2572
query,1513462695.7662363,1513462695.9456155,1890
query,1513462695.9456203,1513462696.1247602,2359
query,1513462696.1247635,1513462696.3626091,2573
query,1513462696.3626134,1513462696.5854783,2997
query,1513462696.5854826,1513462696.7508757,1891
query,1513462696.7508786,1513462696.919237,976
query,1513462696.919241,1513462697.0710766,6
query,1513462697.071081,1513462697.3152413,2533
query,1513462697.3152454,1513462697.5718465,2857
query,1513462697.5718505,1513462697.7256575,1
query,1513462697.7256608,1513462697.9315243,1343
query,1513462697.9315279,1513462698.1199768,3179
query,1513462698.1199803,1513462698.3018973,1558
query,1513462698.3019004,1513462698.4686306,1512
query,1513462698.4686685,1513462698.6812127,2468
query,1513462698.6893368,1513462698.8819816,3121
query,1513462698.881985,1513462699.0493636,941
query,1513462699.0493665,1513462699.2461064,1401
query,1513462699.246111,1513462699.5077121,2960
query,1513462699.5077155,1513462699.7175677,591
query,1513462699.717571,1513462699.9541903,2693
query,1513462699.9541938,1513462700.1246412,265
query,1513462700.1246443,1513462700.2938564,689
query,1513462700.2938612,1513462700.507309,2573
query,1513462700.5073147,1513462700.6530604,529
query,1513462700.653065,1513462700.8210528,765
query,1513462700.821057,1513462701.0099328,1541
query,1513462701.0099359,1513462701.2032132,2893
query,1513462701.203216,1513462701.3432825,1696
query,1513462701.343286,1513462701.4815044,170
query,1513462701.4815085,1513462701.6774826,1129
query,1513462701.6774862,1513462701.8277166,438
query,1513462701.8277204,1513462701.9918277,623
query,1513462701.9918308,1513462702.1293588,275
query,1513462702.129399,1513462702.369329,1609
query,1513462702.3792531,1513462702.5551798,1741
query,1513462702.555183,1513462702.7304807,503
query,1513462702.7304847,1513462702.9539855,1018
query,1513462702.953989,1513462703.123034,2329
query,1513462703.1230378,1513462703.255221,4
query,1513462703.2552247,1513462703.429266,673
query,1513462703.4292698,1513462703.5785544,1619
query,1513462703.578557,1513462703.760366,1056
query,1513462703.7603707,1513462703.9201267,885
query,1513462703.9201305,1513462704.118698,2433
query,1513462704.1187024,1513462704.3131306,599
query,1513462704.3131344,1513462704.474584,1247
query,1513462704.4745886,1513462704.6319711,761
query,1513462704.6319773,1513462704.825806,1406
query,1513462704.825811,1513462704.9808183,535
query,1513462704.9808228,1513462705.13854,3
query,1513462705.1385436,1513462705.2866554,1955
query,1513462705.2866595,1513462705.4622822,2584
query,1513462705.4622855,1513462705.6155014,803
query,1513462705.6155367,1513462705.7952132,1743
query,1513462705.8107162,1513462705.9692132,6
query,1513462705.9692166,1513462706.165791,2490
query,1513462706.1657958,1513462706.3379583,186
query,1513462706.3379612,1513462706.55533,2511
query,1513462706.5553348,1513462706.7256103,1824
query,1513462706.7256134,1513462706.9077718,1743
query,1513462706.907776,1513462707.1494536,2557
query,1513462707.149458,1513462707.334415,1730
query,1513462707.33442,1513462707.5657918,2117
query,1513462707.5657952,1513462707.7370594,2170
query,1513462707.7370622,1513462707.9472706,2831
query,1513462707.9472747,1513462708.111765,1226
query,1513462708.1117697,1513462708.2633228,2361
query,1513462708.2633266,1513462708.4165561,1942
query,1513462708.4165592,1513462708.6410427,2691
query,1513462708.641046,1513462708.7967134,588
query,1513462708.7967165,1513462708.9973025,2739
query,1513462708.9973068,1513462709.1945133,1891
query,1513462709.1945171,1513462709.3500638,260
query,1513462709.3501031,1513462709.5516093,1932
query,1513462709.56379,1513462709.7277687,2170
query,1513462709.7277782,1513462709.9094076,847
query,1513462709.9094126,1513462710.0736682,970
query,1513462710.0736713,1513462710.2651386,1640
query,1513462710.265143,1513462710.4476984,1669
query,1513462710.4477026,1513462710.666778,2922
query,1513462710.666784,1513462710.9451237,3267
query,1513462710.945127,1513462711.149924,1443
query,1513462711.149928,1513462711.3213465,942
query,1513462711.3213503,1513462711.506732,2383
query,1513462711.5067358,1513462711.673338,2328
query,1513462711.6733408,1513462711.7769523,0
query,1513462711.7769566,1513462711.9843605,2857
query,1513462711.984364,1513462712.1428795,1399
query,1513462712.1428835,1513462712.2953331,216
query,1513462712.2953374,1513462712.4612112,1995
query,1513462712.461216,1513462712.6497798,1993
query,1513462712.6497827,1513462712.8951929,1599
query,1513462712.895197,1513462713.0186815,2
query,1513462713.0187209,1513462713.1736224,1804
query,1513462713.1820664,1513462713.338045,0
query,1513462713.33805,1513462713.5334537,1168
query,1513462713.5334573,1513462713.6990402,589
query,1513462713.6990435,1513462714.115069,2775
query,1513462714.1150727,1513462714.3080673,2098
query,1513462714.3080707,1513462714.5412617,2888
query,1513462714.5412652,1513462714.6937099,2408
query,1513462714.6937134,1513462714.8740828,1213
query,1513462714.874086,1513462715.015884,946
query,1513462715.0158875,1513462715.2278945,2999
query,1513462715.2278993,1513462715.4021595,304
query,1513462715.402163,1513462715.5760574,1676
query,1513462715.5760608,1513462715.693861,165
query,1513462715.6938643,1513462715.9268851,2614
query,1513462715.9268887,1513462716.195847,2324
query,1513462716.1958528,1513462716.4060862,2533
query,1513462716.406089,1513462716.6064582,2604
query,1513462716.606463,1513462716.8418357,1892
query,1513462716.8418405,1513462717.0166054,405
query,1513462717.0166383,1513462717.2422469,544
query,1513462717.2571154,1513462717.5209079,2421
query,1513462717.5209117,1513462717.6942375,1155
query,1513462717.6942418,1513462717.969704,2694
query,1513462717.9697075,1513462718.1846051,2901
query,1513462718.1846082,1513462718.3724341,1683
query,1513462718.3724375,1513462718.537831,689
query,1513462718.5378344,1513462718.6862054,911
query,1513462718.6862085,1513462718.8545446,490
query,1513462718.8545504,1513462719.030267,412
query,1513462719.03027,1513462719.1914337,2395
query,1513462719.1914377,1513462719.550741,1206
query,1513462719.5507445,1513462719.7834742,2272
query,1513462719.783478,1513462719.9729764,2911
query,1513462719.9729798,1513462720.1198523,486
query,1513462720.1198552,1513462720.2941382,1848
query,1513462720.2941418,1513462720.4642088,2935
query,1513462720.4642115,1513462720.6474464,2354
query,1513462720.6474488,1513462720.8083956,1522
query,1513462720.8084,1513462721.0367963,2129
query,1513462721.0368383,1513462721.2342746,895
query,1513462721.2444897,1513462721.499642,2789
query,1513462721.499645,1513462721.687479,1003
query,1513462721.6874838,1513462721.8819063,1751
query,1513462721.8819108,1513462722.118881,3020
query,1513462722.118884,1513462722.3194323,1840
query,1513462722.3194368,1513462722.5393822,2730
query,1513462722.539386,1513462722.6443105,0
query,1513462722.6443152,1513462722.849359,1925
query,1513462722.8493638,1513462723.051,2701
query,1513462723.0510046,1513462723.2652686,82
query,1513462723.2652729,1513462723.4421413,1865
query,1513462723.442145,1513462723.5898774,1770
query,1513462723.589881,1513462723.7656612,1385
query,1513462723.7656667,1513462723.9324262,2360
query,1513462723.9324312,1513462724.1156728,1175
query,1513462724.1156776,1513462724.2958195,1468
query,1513462724.2958248,1513462724.4663692,772
query,1513462724.4663727,1513462724.5995095,974
query,1513462724.5995133,1513462724.7970936,2832
query,1513462724.7971594,1513462724.9794168,507
query,1513462724.9906893,1513462725.170651,835
query,1513462725.170655,1513462725.3192577,988
query,1513462725.319261,1513462725.542621,1525
query,1513462725.5426247,1513462725.7376373,2171
query,1513462725.737641,1513462725.9312634,2043
query,1513462725.9312673,1513462726.1031032,1132
query,1513462726.1031063,1513462726.2962146,2434
query,1513462726.2962186,1513462726.5092342,918
query,1513462726.509238,1513462726.6376925,1118
query,1513462726.637696,1513462726.837176,3007
query,1513462726.8371794,1513462727.010123,630
query,1513462727.010126,1513462727.2250183,2142
query,1513462727.2250223,1513462727.4152298,2415
query,1513462727.4152331,1513462727.5486681,145
query,1513462727.548671,1513462727.7337863,2997
query,1513462727.733789,1513462727.865939,504
query,1513462727.8659425,1513462728.1086946,2839
query,1513462728.1086981,1513462728.2978508,2334
query,1513462728.2978542,1513462728.5015686,2892
query,1513462728.5016158,1513462728.7339225,3112
query,1513462728.7472396,1513462728.9710467,216
query,1513462728.9710507,1513462729.1104589,311
query,1513462729.1104624,1513462729.2339497,42
query,1513462729.2339532,1513462729.394057,1435
query,1513462729.3940613,1513462729.6058261,2863
query,1513462729.6058297,1513462729.8424025,379
query,1513462729.8424065,1513462729.988668,1860
query,1513462729.988671,1513462730.1931238,3222
query,1513462730.1931264,1513462730.3444645,369
query,1513462730.3444672,1513462730.5669441,2351
query,1513462730.566948,1513462730.7257164,1224
query,1513462730.7257187,1513462730.8817396,1083
query,1513462730.8817441,1513462731.049192,1902
query,1513462731.049195,1513462731.205018,762
query,1513462731.2050233,1513462731.3610954,57
query,1513462731.3611,1513462731.52556,2087
query,1513462731.5255637,1513462731.6861465,1218
query,1513462731.686151,1513462731.8745704,1501
query,1513462731.8745737,1513462732.0560508,123
query,1513462732.056093,1513462732.2065737,821
query,1513462732.2196028,1513462732.354196,90
query,1513462732.3541994,1513462732.5492473,2809
query,1513462732.5492506,1513462732.80946,2821
query,1513462732.8094642,1513462733.0177772,2600
query,1513462733.017782,1513462733.2467628,2441
query,1513462733.2467666,1513462733.3883371,337
query,1513462733.3883398,1513462733.51681,439
query,1513462733.5168142,1513462733.7910848,801
query,1513462733.7910893,1513462733.952324,2613
query,1513462733.9523294,1513462734.1133995,1231
query,1513462734.113403,1513462734.3289902,2599
query,1513462734.328995,1513462734.456348,1034
query,1513462734.4563508,1513462734.6029384,2066
query,1513462734.6029427,1513462734.8743823,2324
query,1513462734.8743868,1513462735.0329678,345
query,1513462735.0329711,1513462735.3577428,5
query,1513462735.3577466,1513462735.5227492,697
query,1513462735.5227525,1513462735.7170918,408
query,1513462735.7170954,1513462735.8503659,1238
query,1513462735.8504078,1513462736.0366178,887
query,1513462736.0447412,1513462736.2932048,3125
query,1513462736.2932086,1513462736.494816,158
query,1513462736.4948213,1513462736.7063756,1730
query,1513462736.706379,1513462736.8819437,1619
query,1513462736.8819475,1513462737.026138,2023
query,1513462737.0261421,1513462737.2275057,456
query,1513462737.2275093,1513462737.4149666,665
query,1513462737.4149694,1513462737.6288471,0
query,1513462737.628852,1513462737.78665,1427
query,1513462737.7866538,1513462737.9590807,427
query,1513462737.9590836,1513462738.1888149,2245
query,1513462738.1888187,1513462738.3567376,1301
query,1513462738.3567412,1513462738.529536,1981
query,1513462738.52954,1513462738.7904532,1001
query,1513462738.7904565,1513462739.030757,3109
query,1513462739.0307605,1513462739.273109,2530
query,1513462739.2731144,1513462739.4507604,2163
query,1513462739.4507642,1513462739.6626778,2750
query,1513462739.6626813,1513462739.8807054,2841
query,1513462739.8807514,1513462740.084535,3250
query,1513462740.093007,1513462740.2739449,2973
query,1513462740.2739491,1513462740.4944067,2628
query,1513462740.494411,1513462740.6653593,1883
query,1513462740.6653624,1513462740.8341324,2621
query,1513462740.8341365,1513462741.0264165,2260
query,1513462741.02642,1513462741.2045004,2611
query,1513462741.2045038,1513462741.3859792,3453
query,1513462741.3859832,1513462741.5418282,2172
query,1513462741.5418317,1513462741.7002537,1410
query,1513462741.7002575,1513462741.8707066,2912
query,1513462741.8707108,1513462742.0686579,1190
query,1513462742.0686607,1513462742.2166204,1244
query,1513462742.2166238,1513462742.2968836,0
query,1513462742.296887,1513462742.446241,1197
query,1513462742.4462442,1513462742.6082275,2467
query,1513462742.6082313,1513462742.7497182,455
query,1513462742.7497237,1513462742.9337842,1654
query,1513462742.9337888,1513462743.1112578,1892
query,1513462743.1112614,1513462743.2948008,946
query,1513462743.2948291,1513462743.492649,506
query,1513462743.5010688,1513462743.662552,1898
query,1513462743.6625547,1513462743.844477,2780
query,1513462743.8444803,1513462743.9945385,565
query,1513462743.9945421,1513462744.176818,1724
query,1513462744.1768222,1513462744.3563163,2054
query,1513462744.3563209,1513462744.5189872,1833
query,1513462744.5189905,1513462744.7419212,300
query,1513462744.7419262,1513462744.9318316,327
query,1513462744.9318354,1513462745.0949306,2545
query,1513462745.0949345,1513462745.2781672,13
query,1513462745.2781718,1513462745.4745286,2195
query,1513462745.4745336,1513462745.5886016,3
query,1513462745.588605,1513462745.8089426,2052
query,1513462745.8089492,1513462746.08414,2106
query,1513462746.084143,1513462746.2651992,2289
query,1513462746.265204,1513462746.4799416,2643
query,1513462746.4799457,1513462746.6611905,1240
query,1513462746.661194,1513462746.8450348,1393
query,1513462746.8450408,1513462746.983211,493
query,1513462746.9832594,1513462747.163768,133
query,1513462747.1745212,1513462747.2647598,0
query,1513462747.2647643,1513462747.3990533,684
query,1513462747.3990574,1513462747.6088707,2867
query,1513462747.6088755,1513462747.810194,391
query,1513462747.8101993,1513462748.0306442,2030
query,1513462748.0306506,1513462748.2383542,2302
query,1513462748.2383585,1513462748.33244,0
query,1513462748.3324437,1513462748.5135934,334
query,1513462748.5135977,1513462748.6872985,435
query,1513462748.6873038,1513462748.8585224,1253
query,1513462748.8585267,1513462749.0707555,1939
query,1513462749.0707598,1513462749.3086326,1602
query,1513462749.3086357,1513462749.5132892,1960
query,1513462749.5132926,1513462749.6543293,1287
query,1513462749.6543326,1513462749.7944193,3
query,1513462749.7944229,1513462750.0137887,1168
query,1513462750.013793,1513462750.1716297,409
query,1513462750.1716335,1513462750.3386648,2646
query,1513462750.3386679,1513462750.4855986,299
query,1513462750.4856422,1513462750.7299132,2094
query,1513462750.7459903,1513462750.931485,357
query,1513462750.9314892,1513462751.1094267,1409
query,1513462751.1094308,1513462751.2760928,2676
query,1513462751.276098,1513462751.4261727,536
query,1513462751.4261768,1513462751.5934534,2664
query,1513462751.593457,1513462751.750332,995
query,1513462751.750337,1513462751.95498,2550
query,1513462751.9549842,1513462752.1270554,982
query,1513462752.1270597,1513462752.3311336,682
query,1513462752.3311374,1513462752.5167117,1915
query,1513462752.5167146,1513462752.7080042,899
query,1513462752.7080078,1513462752.912639,2611
query,1513462752.9126422,1513462753.1094701,2505
query,1513462753.109475,1513462753.2952137,1911
query,1513462753.295219,1513462753.4425337,119
query,1513462753.4425385,1513462753.57228,613
query,1513462753.5722837,1513462753.7141297,627
query,1513462753.714133,1513462753.8541234,604
query,1513462753.8541272,1513462754.0210643,2292
query,1513462754.021104,1513462754.26069,630
query,1513462754.2746508,1513462754.4174962,2800
query,1513462754.417502,1513462754.5648093,724
query,1513462754.5648134,1513462754.728279,533
query,1513462754.728284,1513462754.89688,2537
query,1513462754.896884,1513462755.1052144,293
query,1513462755.1052182,1513462755.242499,15
query,1513462755.242503,1513462755.3431065,1
query,1513462755.3431103,1513462755.5009322,552
query,1513462755.500936,1513462755.6791153,1452
query,1513462755.679118,1513462755.8423293,109
query,1513462755.8423333,1513462755.9988494,1157
query,1513462755.9988534,1513462756.1434293,50
query,1513462756.143433,1513462756.5269537,2796
query,1513462756.5269573,1513462756.71135,2627
query,1513462756.7113545,1513462756.8978484,2503
query,1513462756.8978512,1513462757.0911207,1354
query,1513462757.0911252,1513462757.2435195,922
query,1513462757.2435234,1513462757.4214687,2225
query,1513462757.4214728,1513462757.5439866,252
query,1513462757.5440235,1513462757.777298,2122
query,1513462757.791211,1513462757.925777,1847
query,1513462757.9257808,1513462758.0489328,645
query,1513462758.0489383,1513462758.2200167,1794
query,1513462758.2200217,1513462758.3751533,1895
query,1513462758.3751578,1513462758.4495368,0
query,1513462758.4495409,1513462758.546798,3
query,1513462758.5468018,1513462758.7072036,9
query,1513462758.707207,1513462758.85123,815
query,1513462758.8512332,1513462759.026024,219
query,1513462759.0260277,1513462759.1934054,1153
query,1513462759.1934097,1513462759.3819044,3041
query,1513462759.381908,1513462759.5603542,3047
query,1513462759.5603569,1513462759.736487,2010
query,1513462759.73649,1513462759.901256,2879
query,1513462759.9012601,1513462760.0458252,2029
query,1513462760.0458295,1513462760.241241,2408
query,1513462760.2412453,1513462760.403108,262
query,1513462760.4031122,1513462760.603011,2472
query,1513462760.6030154,1513462760.7741506,2397
query,1513462760.774199,1513462761.0163686,2625
query,1513462761.0307794,1513462761.234787,2451
query,1513462761.234791,1513462761.4233727,2114
query,1513462761.4233768,1513462761.5828109,2556
query,1513462761.5828145,1513462761.8619227,1309
query,1513462761.8619258,1513462762.0404935,181
query,1513462762.0404994,1513462762.2023692,1269
query,1513462762.2023752,1513462762.3895595,820
query,1513462762.3895638,1513462762.5815375,2787
query,1513462762.581542,1513462762.738726,1243
query,1513462762.7387302,1513462762.9694002,3013
query,1513462762.9694045,1513462763.1508934,639
query,1513462763.1509006,1513462763.3743942,3231
query,1513462763.3743982,1513462763.5348697,2712
query,1513462763.5348725,1513462763.7151375,303
query,1513462763.71514,1513462763.9566345,2451
query,1513462763.9566393,1513462764.131331,1510
query,1513462764.1313357,1513462764.3310974,1981
query,1513462764.331105,1513462764.486989,2285
query,1513462764.4869924,1513462764.7140384,986
query,1513462764.7140756,1513462764.848361,2
query,1513462764.8550103,1513462765.0345075,1576
query,1513462765.034512,1513462765.2476578,2841
query,1513462765.2476623,1513462765.4015908,201
query,1513462765.401595,1513462765.5677643,804
query,1513462765.56777,1513462765.7650585,2505
query,1513462765.7650628,1513462765.946365,2182
query,1513462765.9463694,1513462766.1391628,2315
query,1513462766.139167,1513462766.3310058,1993
query,1513462766.3310096,1513462766.4639368,580
query,1513462766.4639401,1513462766.5934157,320
query,1513462766.5934207,1513462766.7870457,620
query,1513462766.7870517,1513462766.934393,1588
query,1513462766.9343965,1513462767.0784512,67
query,1513462767.0784554,1513462767.2296293,1311
query,1513462767.229633,1513462767.408223,192
query,1513462767.4082265,1513462767.5744007,487
query,1513462767.5744035,1513462767.773208,2597
query,1513462767.7732131,1513462767.9744031,2656
query,1513462767.9744086,1513462768.1654837,266
query,1513462768.1655211,1513462768.3241243,1703
query,1513462768.3350072,1513462768.5130925,1399
query,1513462768.5130956,1513462768.6740985,2851
query,1513462768.674101,1513462768.818705,795
query,1513462768.8187103,1513462768.9943144,1845
query,1513462768.994317,1513462769.1389637,394
query,1513462769.138967,1513462769.3627548,717
query,1513462769.3627598,1513462769.5585704,2532
query,1513462769.5585754,1513462769.7724147,786
query,1513462769.7724192,1513462769.9157429,792
query,1513462769.9157465,1513462770.0937893,343
query,1513462770.093795,1513462770.2925522,2488
query,1513462770.2925577,1513462770.4447951,1110
query,1513462770.444799,1513462770.6226926,3046
query,1513462770.6226954,1513462770.837878,451
query,1513462770.8378823,1513462771.0068011,2015
query,1513462771.006805,1513462771.1939986,41
query,1513462771.1940024,1513462771.3844903,108
query,1513462771.384494,1513462771.5476263,1920
query,1513462771.5476289,1513462771.719493,3057
query,1513462771.7195299,1513462771.8938255,1808
query,1513462771.9066725,1513462772.0730546,490
query,1513462772.0730588,1513462772.2253516,355
query,1513462772.2253559,1513462772.388086,1905
query,1513462772.3880894,1513462772.4957495,0
query,1513462772.4957528,1513462772.6821556,1100
query,1513462772.6821592,1513462772.878536,1738
query,1513462772.8785408,1513462773.1064622,2188
query,1513462773.1064658,1513462773.290547,2231
query,1513462773.2905517,1513462773.4532607,626
query,1513462773.4532647,1513462773.6370041,2339
query,1513462773.6370075,1513462773.7919395,1586
query,1513462773.7919438,1513462774.0271544,2274
query,1513462774.0271575,1513462774.2740836,3038
query,1513462774.2740867,1513462774.5276875,2199
query,1513462774.5276911,1513462774.730837,2852
query,1513462774.730841,1513462774.9598014,2252
query,1513462774.9598048,1513462775.1458929,1709
query,1513462775.1458974,1513462775.3641045,2230
query,1513462775.3641086,1513462775.5769923,1039
query,1513462775.5770307,1513462775.785682,904
query,1513462775.8022974,1513462775.9438946,2016
query,1513462775.9438996,1513462776.1447403,1655
query,1513462776.1447446,1513462776.3067732,641
query,1513462776.3067768,1513462776.4395218,1685
query,1513462776.4395256,1513462776.596469,3
query,1513462776.5964725,1513462776.757869,2209
query,1513462776.757874,1513462776.8782728,1631
query,1513462776.8782778,1513462777.0386856,1680
query,1513462777.0386891,1513462777.1721964,737
query,1513462777.1721992,1513462777.3121777,304
query,1513462777.312182,1513462777.4921467,612
query,1513462777.4921503,1513462777.6510422,1925
query,1513462777.651046,1513462777.852008,3363
query,1513462777.8520126,1513462778.0072212,2529
query,1513462778.0072253,1513462778.1798096,1030
query,1513462778.1798134,1513462778.3774786,2479
query,1513462778.3774836,1513462778.5474155,2781
query,1513462778.5474195,1513462778.69786,774
query,1513462778.6978638,1513462778.844073,1750
query,1513462778.8441136,1513462779.0432525,2838
query,1513462779.0561569,1513462779.1992776,2868
query,1513462779.1992812,1513462779.3447502,1996
query,1513462779.3447533,1513462779.4825554,749
query,1513462779.4825602,1513462779.6668158,2945
query,1513462779.6668198,1513462779.796578,5
query,1513462779.7965837,1513462779.9631886,3214
query,1513462779.9631932,1513462780.1161132,2021
query,1513462780.116117,1513462780.2072227,0
query,1513462780.2072256,1513462780.3724513,2458
query,1513462780.3724551,1513462780.5323286,2965
query,1513462780.5323322,1513462780.6720595,2238
query,1513462780.6720638,1513462780.8309722,1378
query,1513462780.8309765,1513462780.9722168,2382
query,1513462780.9722233,1513462781.1346955,10
query,1513462781.1346996,1513462781.3227692,660
query,1513462781.322773,1513462781.4986157,2159
query,1513462781.4986193,1513462781.673711,800
query,1513462781.6737154,1513462781.83344,1948
query,1513462781.833444,1513462781.9933789,2736
query,1513462781.9934075,1513462782.2012777,2351
query,1513462782.2217574,1513462782.3907704,2943
query,1513462782.390774,1513462782.551644,264
query,1513462782.5516474,1513462782.7563632,3291
query,1513462782.7563665,1513462782.9018152,1838
query,1513462782.9018197,1513462782.9925988,0
query,1513462782.9926028,1513462783.1675668,644
query,1513462783.1675708,1513462783.3388858,1722
query,1513462783.3388898,1513462783.5465865,1836
query,1513462783.5465913,1513462783.7808442,2437
query,1513462783.7808487,1513462783.9443126,1115
query,1513462783.9443164,1513462784.1226022,2205
query,1513462784.122607,1513462784.2633529,3
query,1513462784.263357,1513462784.421983,1277
query,1513462784.4219882,1513462784.6025891,1597
query,1513462784.6025932,1513462784.7625432,1086
query,1513462784.762548,1513462784.9539404,1603
query,1513462784.9539452,1513462785.0837219,887
query,1513462785.083727,1513462785.233064,325
query,1513462785.2330687,1513462785.417168,2053
query,1513462785.4172282,1513462785.7044165,2770
query,1513462785.716186,1513462785.877554,711
query,1513462785.877558,1513462785.9696798,0
query,1513462785.969684,1513462786.1239533,2306
query,1513462786.1239583,1513462786.2780461,1147
query,1513462786.2780504,1513462786.483439,1662
query,1513462786.4834435,1513462786.6561508,2359
query,1513462786.656154,1513462786.8125327,856
query,1513462786.8125362,1513462786.9817567,1213
query,1513462786.9817603,1513462787.1800177,1886
query,1513462787.180021,1513462787.346105,1656
query,1513462787.3461092,1513462787.4863083,325
query,1513462787.486313,1513462787.7108412,2529
query,1513462787.7108452,1513462787.9064457,184
query,1513462787.906449,1513462788.10424,2277
query,1513462788.1042426,1513462788.193548,0
query,1513462788.1935542,1513462788.3579733,1511
query,1513462788.3579762,1513462788.5005689,2196
query,1513462788.500573,1513462788.625351,195
query,1513462788.6253548,1513462788.7843974,353
query,1513462788.7844372,1513462788.9401975,769
query,1513462788.9517138,1513462789.0957503,380
query,1513462789.0957546,1513462789.268702,3068
query,1513462789.2687056,1513462789.4653583,3421
query,1513462789.4653618,1513462789.6643653,2146
query,1513462789.6643698,1513462789.8690195,1892
query,1513462789.8690233,1513462790.0432944,2562
query,1513462790.0432973,1513462790.2740347,1579
query,1513462790.2740393,1513462790.4168887,0
query,1513462790.4168928,1513462790.6434186,2922
query,1513462790.643423,1513462790.9363265,1151
query,1513462790.9363306,1513462791.142839,2385
query,1513462791.1428432,1513462791.2987378,1195
query,1513462791.2987425,1513462791.4787471,2166
query,1513462791.4787521,1513462791.670666,2113
query,1513462791.67067,1513462791.8680987,1263
query,1513462791.8681035,1513462792.0690587,609
query,1513462792.0690644,1513462792.209813,0
query,1513462792.2098176,1513462792.4061341,936
query,1513462792.4061384,1513462792.5583093,2037
query,1513462792.5583615,1513462792.7269456,1777
query,1513462792.7398846,1513462792.9292018,780
query,1513462792.9292061,1513462793.1050675,481
query,1513462793.105071,1513462793.2573338,854
query,1513462793.2573385,1513462793.4221675,2225
query,1513462793.422172,1513462793.5526083,4
query,1513462793.552612,1513462793.7677755,2027
query,1513462793.7677798,1513462794.0237396,2843
query,1513462794.0237432,1513462794.1823874,215
query,1513462794.1823916,1513462794.3811078,3038
query,1513462794.3811128,1513462794.574545,1632
query,1513462794.5745487,1513462794.7161527,1435
query,1513462794.7161553,1513462794.895104,2587
query,1513462794.8951085,1513462795.0795987,1830
query,1513462795.0796041,1513462795.308283,2684
query,1513462795.3082876,1513462795.452913,648
query,1513462795.4529183,1513462795.5966463,117
query,1513462795.5966492,1513462795.7668912,974
query,1513462795.7668953,1513462795.9642096,168
query,1513462795.9642134,1513462796.1023686,277
query,1513462796.1024034,1513462796.3030915,2522
query,1513462796.3174875,1513462796.462355,2158
query,1513462796.4623597,1513462796.61832,2187
query,1513462796.6183243,1513462796.7115798,1
query,1513462796.7115839,1513462796.870044,350
query,1513462796.870049,1513462797.0179834,1251
query,1513462797.0179873,1513462797.1767938,2021
query,1513462797.1768093,1513462797.3100917,1939
query,1513462797.310096,1513462797.5000892,1215
query,1513462797.5000923,1513462797.6439788,1399
query,1513462797.6439822,1513462797.8635945,2161
query,1513462797.8635986,1513462798.0177011,999
query,1513462798.0177052,1513462798.1706893,1932
query,1513462798.1706939,1513462798.3586388,2751
query,1513462798.3586428,1513462798.536618,266
query,1513462798.5366209,1513462798.6621141,1058
query,1513462798.6621172,1513462798.856434,178
query,1513462798.856439,1513462799.1328888,3285
query,1513462799.1328924,1513462799.2959394,1373
query,1513462799.2959425,1513462799.5551567,2241
