tables,1513191312.2013252,1513191928.9206877
query,1513191928.9211013,1513191929.0885835,1083
query,1513191929.1042044,1513191929.1935105,1108
query,1513191929.1935148,1513191929.2792242,490
query,1513191929.2792282,1513191929.3546255,296
query,1513191929.3546298,1513191929.437983,1075
query,1513191929.4379866,1513191929.5083773,139
query,1513191929.5083816,1513191929.574049,483
query,1513191929.5740528,1513191929.6851053,226
query,1513191929.685109,1513191929.7553117,573
query,1513191929.7553155,1513191929.828706,254
query,1513191929.82871,1513191929.8761678,1
query,1513191929.8761716,1513191929.9559534,159
query,1513191929.9559577,1513191930.0397317,722
query,1513191930.039736,1513191930.1278334,226
query,1513191930.1278372,1513191930.2299132,624
query,1513191930.2299173,1513191930.319181,471
query,1513191930.3191848,1513191930.394353,778
query,1513191930.394357,1513191930.4740503,1092
query,1513191930.4740553,1513191930.56317,226
query,1513191930.5631738,1513191930.636811,138
query,1513191930.636854,1513191930.72819,245
query,1513191930.7414308,1513191930.8207998,226
query,1513191930.8208048,1513191930.9429018,233
query,1513191930.9429064,1513191931.019528,1119
query,1513191931.0195312,1513191931.147529,226
query,1513191931.1475325,1513191931.232535,156
query,1513191931.23254,1513191931.3194072,1604
query,1513191931.3194122,1513191931.3888483,251
query,1513191931.3888528,1513191931.4654205,103
query,1513191931.465426,1513191931.5419397,728
query,1513191931.5419433,1513191931.619497,829
query,1513191931.6195016,1513191931.6949744,359
query,1513191931.694979,1513191931.7675745,732
query,1513191931.7675796,1513191931.845291,828
query,1513191931.8452966,1513191931.919543,468
query,1513191931.9195476,1513191932.0041223,226
query,1513191932.0041263,1513191932.0832002,274
query,1513191932.083205,1513191932.160135,1027
query,1513191932.1601396,1513191932.3318815,228
query,1513191932.3318856,1513191932.4451358,806
query,1513191932.445168,1513191932.517608,789
query,1513191932.531504,1513191932.61063,1274
query,1513191932.6106334,1513191932.6807082,248
query,1513191932.680713,1513191932.7533789,399
query,1513191932.753383,1513191932.82326,226
query,1513191932.8232656,1513191932.8929782,226
query,1513191932.892983,1513191932.9851553,243
query,1513191932.9851604,1513191933.0697224,960
query,1513191933.0697267,1513191933.159661,499
query,1513191933.159665,1513191933.2261157,229
query,1513191933.2261198,1513191933.2878273,658
query,1513191933.2878315,1513191933.3511105,30
query,1513191933.351114,1513191933.4266474,721
query,1513191933.4266517,1513191933.4932127,537
query,1513191933.4932168,1513191933.5722084,7
query,1513191933.5722127,1513191933.6463516,655
query,1513191933.6463554,1513191933.7232022,1398
query,1513191933.7232063,1513191933.782876,145
query,1513191933.78288,1513191933.8466432,55
query,1513191933.8466477,1513191933.9194553,594
query,1513191933.9195008,1513191934.020839,226
query,1513191934.0354035,1513191934.1106741,786
query,1513191934.1106777,1513191934.1764991,615
query,1513191934.176504,1513191934.2505646,723
query,1513191934.2505686,1513191934.3216498,1066
query,1513191934.3216543,1513191934.3815026,355
query,1513191934.3815074,1513191934.45663,1054
query,1513191934.4566343,1513191934.5320392,783
query,1513191934.5320432,1513191934.6027484,536
query,1513191934.6027536,1513191934.691299,1195
query,1513191934.691303,1513191934.7823844,226
query,1513191934.7823884,1513191934.8593826,1486
query,1513191934.8593864,1513191934.934526,900
query,1513191934.9345295,1513191935.0107338,1434
query,1513191935.0107384,1513191935.0941634,2148
query,1513191935.0941675,1513191935.173859,1270
query,1513191935.1738634,1513191935.263085,2782
query,1513191935.2630894,1513191935.3488543,2590
query,1513191935.348858,1513191935.4177213,298
query,1513191935.4177258,1513191935.4935856,1405
query,1513191935.49364,1513191935.5844333,151
query,1513191935.5969386,1513191935.6736119,482
query,1513191935.673616,1513191935.7482028,862
query,1513191935.7482054,1513191935.833079,2620
query,1513191935.833082,1513191935.9163861,2762
query,1513191935.9163902,1513191936.0053527,2855
query,1513191936.005357,1513191936.0792766,1194
query,1513191936.0792806,1513191936.1279995,0
query,1513191936.1280026,1513191936.2042985,1692
query,1513191936.2043023,1513191936.273552,374
query,1513191936.2735546,1513191936.3491645,1608
query,1513191936.349167,1513191936.4272275,2176
query,1513191936.4272313,1513191936.49819,1083
query,1513191936.4981937,1513191936.5423384,0
query,1513191936.5423422,1513191936.6219347,1397
query,1513191936.6219385,1513191936.7231688,3577
query,1513191936.7231731,1513191936.7981238,1194
query,1513191936.7981267,1513191936.871376,916
query,1513191936.871381,1513191936.94132,47
query,1513191936.9413233,1513191937.0173397,1254
query,1513191937.0173786,1513191937.1136684,780
query,1513191937.1260037,1513191937.1928868,1054
query,1513191937.1928923,1513191937.276429,2468
query,1513191937.276433,1513191937.345098,553
query,1513191937.345102,1513191937.42567,2934
query,1513191937.425674,1513191937.5055823,1026
query,1513191937.5055876,1513191937.5933156,2527
query,1513191937.5933194,1513191937.6585395,803
query,1513191937.6585438,1513191937.7309184,195
query,1513191937.7309222,1513191937.8164082,2167
query,1513191937.8164122,1513191937.8908496,291
query,1513191937.8908548,1513191937.9618292,205
query,1513191937.961833,1513191938.0481806,2865
query,1513191938.0481844,1513191938.1197367,683
query,1513191938.119741,1513191938.1913857,2042
query,1513191938.1913888,1513191938.2570145,1878
query,1513191938.257019,1513191938.3250232,744
query,1513191938.3250268,1513191938.4015706,62
query,1513191938.4015734,1513191938.4731908,1162
query,1513191938.4731944,1513191938.5436199,1368
query,1513191938.5436606,1513191938.6516418,3078
query,1513191938.6705112,1513191938.750496,2174
query,1513191938.7504992,1513191938.826765,1030
query,1513191938.8267694,1513191938.9097328,1895
query,1513191938.9097364,1513191938.9866402,1300
query,1513191938.9866443,1513191939.0684838,2770
query,1513191939.0684888,1513191939.1586003,1668
query,1513191939.1586034,1513191939.230016,569
query,1513191939.23002,1513191939.301561,860
query,1513191939.3015652,1513191939.3877342,2438
query,1513191939.387739,1513191939.4666593,1592
query,1513191939.4666636,1513191939.5530086,3183
query,1513191939.5530133,1513191939.6212158,774
query,1513191939.6212204,1513191939.6961246,2085
query,1513191939.6961284,1513191939.7714574,1825
query,1513191939.771461,1513191939.8413484,1117
query,1513191939.8413525,1513191939.9195983,2159
query,1513191939.9196026,1513191939.991142,1135
query,1513191939.9911466,1513191940.0686595,1760
query,1513191940.0686638,1513191940.1383495,519
query,1513191940.1383874,1513191940.2286448,1637
query,1513191940.2424834,1513191940.3171527,2040
query,1513191940.3171563,1513191940.3848944,858
query,1513191940.384898,1513191940.4504986,28
query,1513191940.450502,1513191940.53446,2857
query,1513191940.534464,1513191940.6143095,1577
query,1513191940.6143126,1513191940.6598911,0
query,1513191940.659895,1513191940.7319627,1126
query,1513191940.7319655,1513191940.8006475,206
query,1513191940.8006504,1513191940.8912888,2533
query,1513191940.891293,1513191940.973423,2857
query,1513191940.9734256,1513191941.0467236,527
query,1513191941.0467265,1513191941.1306543,2640
query,1513191941.1306586,1513191941.2124999,2476
query,1513191941.2125044,1513191941.2856727,1726
query,1513191941.285679,1513191941.3725855,2627
query,1513191941.3725896,1513191941.4486938,1166
query,1513191941.4486973,1513191941.5190778,1418
query,1513191941.5190809,1513191941.5951788,1411
query,1513191941.5951831,1513191941.6679246,2010
query,1513191941.667968,1513191941.7869315,2967
query,1513191941.80048,1513191941.893542,3468
query,1513191941.893546,1513191941.967363,1831
query,1513191941.9673667,1513191942.0504267,2554
query,1513191942.050431,1513191942.130238,2193
query,1513191942.1302416,1513191942.2002156,1279
query,1513191942.2002187,1513191942.2701838,609
query,1513191942.2701867,1513191942.3533056,2566
query,1513191942.3533094,1513191942.429582,436
query,1513191942.4295871,1513191942.5075698,2365
query,1513191942.5075755,1513191942.5783513,1140
query,1513191942.5783556,1513191942.6457386,12
query,1513191942.6457417,1513191942.7127967,12
query,1513191942.712801,1513191942.7841916,364
query,1513191942.7841957,1513191942.8604252,1445
query,1513191942.8604286,1513191942.9388895,1583
query,1513191942.9388933,1513191943.0089295,13
query,1513191943.0089333,1513191943.0812974,494
query,1513191943.0813017,1513191943.1531925,999
query,1513191943.1531968,1513191943.22441,1011
query,1513191943.2244487,1513191943.291886,1
query,1513191943.2953405,1513191943.3914156,3185
query,1513191943.3914187,1513191943.4573395,5
query,1513191943.4573438,1513191943.546428,2444
query,1513191943.5464318,1513191943.630666,2099
query,1513191943.63067,1513191943.7135317,312
query,1513191943.7135363,1513191943.7885034,694
query,1513191943.7885072,1513191943.8629835,808
query,1513191943.8629878,1513191943.9405584,1206
query,1513191943.9405613,1513191944.0175965,1652
query,1513191944.0176,1513191944.10537,2462
query,1513191944.1053746,1513191944.1540089,1
query,1513191944.1540127,1513191944.22315,290
query,1513191944.223154,1513191944.2906873,662
query,1513191944.2906911,1513191944.385127,3294
query,1513191944.3851316,1513191944.4651375,2344
query,1513191944.4651403,1513191944.5384018,626
query,1513191944.5384123,1513191944.657729,873
query,1513191944.6577332,1513191944.7422786,2801
query,1513191944.7422826,1513191944.8257892,2826
query,1513191944.8258362,1513191944.9161959,283
query,1513191944.9320498,1513191945.0055246,1321
query,1513191945.0055285,1513191945.0899577,2721
query,1513191945.0899615,1513191945.1717722,1429
query,1513191945.1717758,1513191945.2560823,2282
query,1513191945.2560866,1513191945.3409767,3072
query,1513191945.340981,1513191945.4168577,1230
query,1513191945.4168615,1513191945.4926515,539
query,1513191945.4926558,1513191945.5712557,2086
query,1513191945.5712595,1513191945.6527212,2410
query,1513191945.6527262,1513191945.7208734,446
query,1513191945.7208793,1513191945.7652,0
query,1513191945.7652037,1513191945.8353248,461
query,1513191945.835329,1513191945.9215465,2454
query,1513191945.9215505,1513191946.0022843,2861
query,1513191946.002289,1513191946.0714393,247
query,1513191946.071443,1513191946.1599405,467
query,1513191946.1599452,1513191946.231787,161
query,1513191946.231791,1513191946.305293,109
query,1513191946.3052976,1513191946.3819802,1849
query,1513191946.3820202,1513191946.4902904,2643
query,1513191946.5031815,1513191946.576551,2010
query,1513191946.576554,1513191946.6556282,1202
query,1513191946.6556323,1513191946.738549,2413
query,1513191946.7385528,1513191946.818469,464
query,1513191946.8184736,1513191946.9101982,2697
query,1513191946.9102018,1513191946.9872937,2238
query,1513191946.9872966,1513191947.0666704,2051
query,1513191947.0666738,1513191947.1138682,0
query,1513191947.1138713,1513191947.1935983,2875
query,1513191947.193602,1513191947.2847166,3118
query,1513191947.28472,1513191947.3531497,932
query,1513191947.3531535,1513191947.4390037,2695
query,1513191947.439007,1513191947.5232995,3006
query,1513191947.523303,1513191947.6230643,3090
query,1513191947.623068,1513191947.680027,215
query,1513191947.6800306,1513191947.7386754,1147
query,1513191947.7386792,1513191947.793632,372
query,1513191947.7936354,1513191947.8649049,851
query,1513191947.8649077,1513191947.9296825,39
query,1513191947.9297266,1513191948.0314257,2289
query,1513191948.045089,1513191948.130777,3075
query,1513191948.130781,1513191948.207157,2456
query,1513191948.2071614,1513191948.2864928,2394
query,1513191948.2864964,1513191948.3728538,3113
query,1513191948.3728578,1513191948.443322,1383
query,1513191948.4433253,1513191948.5129585,93
query,1513191948.5129633,1513191948.598432,3055
query,1513191948.5984354,1513191948.686081,2925
query,1513191948.6860845,1513191948.7660131,1469
query,1513191948.7660167,1513191948.8366892,1406
query,1513191948.836693,1513191948.9119792,2890
query,1513191948.9119828,1513191948.9915922,1740
query,1513191948.991596,1513191949.06944,1932
query,1513191949.069444,1513191949.108939,0
query,1513191949.108943,1513191949.1758738,5
query,1513191949.1758773,1513191949.2633085,2436
query,1513191949.263312,1513191949.334952,451
query,1513191949.334956,1513191949.4015424,208
query,1513191949.4015462,1513191949.4767237,3170
query,1513191949.476762,1513191949.6077318,2376
query,1513191949.6223068,1513191949.6975954,2064
query,1513191949.6975994,1513191949.774992,916
query,1513191949.774997,1513191949.8190444,0
query,1513191949.8190482,1513191949.8945785,141
query,1513191949.8945825,1513191949.978096,3446
query,1513191949.9780996,1513191950.0526474,1381
query,1513191950.0526512,1513191950.1226323,591
query,1513191950.1226368,1513191950.1901882,136
query,1513191950.1901915,1513191950.2612305,462
query,1513191950.2612338,1513191950.3552496,3638
query,1513191950.355254,1513191950.4292595,483
query,1513191950.4292655,1513191950.488597,1
query,1513191950.4886007,1513191950.5694294,2220
query,1513191950.5694337,1513191950.620314,1
query,1513191950.6203172,1513191950.7088876,2897
query,1513191950.708892,1513191950.7909076,3090
query,1513191950.7909114,1513191950.8587291,901
query,1513191950.858733,1513191950.9132698,608
query,1513191950.913274,1513191951.0038435,2739
query,1513191951.0038867,1513191951.1078928,2711
query,1513191951.1219482,1513191951.1994507,572
query,1513191951.1994545,1513191951.2814276,1496
query,1513191951.2814314,1513191951.3568509,24
query,1513191951.3568554,1513191951.4276407,698
query,1513191951.4276447,1513191951.500695,1164
query,1513191951.5006998,1513191951.5862367,755
query,1513191951.5862417,1513191951.6504142,30
query,1513191951.650418,1513191951.6967003,0
query,1513191951.696704,1513191951.8017676,1558
query,1513191951.8017728,1513191951.8713386,536
query,1513191951.8713424,1513191951.9396336,93
query,1513191951.9396372,1513191952.0296922,3097
query,1513191952.0296962,1513191952.1193027,3232
query,1513191952.1193068,1513191952.1859128,81
query,1513191952.1859167,1513191952.2599485,1879
query,1513191952.259953,1513191952.351359,3189
query,1513191952.3513634,1513191952.4371243,1882
query,1513191952.4371283,1513191952.514344,1354
query,1513191952.5143476,1513191952.5976431,2755
query,1513191952.5976858,1513191952.7139072,3631
query,1513191952.7219617,1513191952.7965965,95
query,1513191952.7965994,1513191952.8738403,1985
query,1513191952.8738441,1513191952.9370387,1166
query,1513191952.9370415,1513191952.999468,391
query,1513191952.9994714,1513191953.0711741,846
query,1513191953.071178,1513191953.1529343,2586
query,1513191953.1529377,1513191953.2306452,990
query,1513191953.2306495,1513191953.3192053,3173
query,1513191953.319209,1513191953.378849,834
query,1513191953.378853,1513191953.4360256,569
query,1513191953.4360294,1513191953.5244298,3111
query,1513191953.5244336,1513191953.6015034,1149
query,1513191953.601507,1513191953.6703186,9
query,1513191953.6703227,1513191953.7544742,2137
query,1513191953.7544777,1513191953.8037932,1
query,1513191953.803797,1513191953.8895006,2917
query,1513191953.8895044,1513191953.9593976,387
query,1513191953.959401,1513191954.0414228,1464
query,1513191954.041427,1513191954.1149645,1466
query,1513191954.1150045,1513191954.225828,3638
query,1513191954.237982,1513191954.3324585,2763
query,1513191954.332463,1513191954.4051485,151
query,1513191954.4051526,1513191954.49398,3151
query,1513191954.4939837,1513191954.5646627,1017
query,1513191954.5646672,1513191954.6299558,8
query,1513191954.6299598,1513191954.7059019,1852
query,1513191954.7059062,1513191954.7730777,2
query,1513191954.7730818,1513191954.8437362,891
query,1513191954.8437407,1513191954.9305766,2577
query,1513191954.9305804,1513191955.015213,1891
query,1513191955.0152166,1513191955.0965056,2259
query,1513191955.096509,1513191955.1846583,2572
query,1513191955.1846616,1513191955.2775176,3064
query,1513191955.277521,1513191955.3522995,1387
query,1513191955.3523028,1513191955.4225965,1316
query,1513191955.4225996,1513191955.5085676,2850
query,1513191955.508572,1513191955.5514436,0
query,1513191955.5514474,1513191955.6414459,3110
query,1513191955.6414497,1513191955.7142394,515
query,1513191955.7142825,1513191955.8072622,424
query,1513191955.8176572,1513191955.8959804,2872
query,1513191955.8959846,1513191955.9687145,672
query,1513191955.9687183,1513191956.0131843,1
query,1513191956.013188,1513191956.0841584,274
query,1513191956.084163,1513191956.1598902,615
query,1513191956.1598945,1513191956.242851,3092
query,1513191956.2428553,1513191956.31281,1037
query,1513191956.3128145,1513191956.3559084,0
query,1513191956.3559127,1513191956.4323146,1078
query,1513191956.432319,1513191956.5193427,2346
query,1513191956.5193465,1513191956.6053152,2788
query,1513191956.6053185,1513191956.690909,3126
query,1513191956.6909127,1513191956.7805912,3038
query,1513191956.7805955,1513191956.863693,2038
query,1513191956.863698,1513191956.9375005,452
query,1513191956.9375043,1513191957.019037,2372
query,1513191957.0190415,1513191957.109739,3522
query,1513191957.1097448,1513191957.1753526,2
query,1513191957.1753573,1513191957.2573934,1491
query,1513191957.2574372,1513191957.3660374,2633
query,1513191957.3796294,1513191957.4431467,5
query,1513191957.4431505,1513191957.5178983,1369
query,1513191957.5179024,1513191957.608872,3171
query,1513191957.6088753,1513191957.6596239,0
query,1513191957.659628,1513191957.7438219,394
query,1513191957.743826,1513191957.815705,474
query,1513191957.8157103,1513191957.8850331,184
query,1513191957.8850377,1513191957.9786417,2817
query,1513191957.978646,1513191958.0553458,1445
query,1513191958.055349,1513191958.130754,1189
query,1513191958.130759,1513191958.2049685,1967
query,1513191958.2049727,1513191958.292221,1381
query,1513191958.2922242,1513191958.386476,592
query,1513191958.3864803,1513191958.455563,99
query,1513191958.455567,1513191958.5334625,933
query,1513191958.5334654,1513191958.608027,1615
query,1513191958.6080298,1513191958.7064824,3306
query,1513191958.706486,1513191958.7782688,1642
query,1513191958.7782722,1513191958.863281,2929
query,1513191958.8633204,1513191958.9662373,1996
query,1513191958.98028,1513191959.057335,1840
query,1513191959.0573385,1513191959.1327922,1603
query,1513191959.1327965,1513191959.2079732,1497
query,1513191959.2079768,1513191959.2901216,2391
query,1513191959.290124,1513191959.3650916,1425
query,1513191959.365094,1513191959.447162,1959
query,1513191959.4471655,1513191959.5420105,2737
query,1513191959.542014,1513191959.611398,3
query,1513191959.6114037,1513191959.7117321,3266
query,1513191959.7117357,1513191959.7826645,1068
query,1513191959.7826679,1513191959.8551779,530
query,1513191959.8551822,1513191959.9342337,2125
query,1513191959.9342375,1513191960.0108478,1079
query,1513191960.0108511,1513191960.0807545,505
query,1513191960.0807583,1513191960.1630633,2606
query,1513191960.1630664,1513191960.230579,5
query,1513191960.2305825,1513191960.3092775,1815
query,1513191960.3092816,1513191960.3898718,1735
query,1513191960.3898757,1513191960.471131,2195
query,1513191960.4711664,1513191960.5615768,201
query,1513191960.583312,1513191960.6650057,2634
query,1513191960.6650097,1513191960.7409136,975
query,1513191960.7409174,1513191960.8246717,2400
query,1513191960.8246756,1513191960.9170823,3264
query,1513191960.9170866,1513191960.9988477,1794
query,1513191960.9988513,1513191961.074263,1582
query,1513191961.0742674,1513191961.1518133,1401
query,1513191961.151817,1513191961.2248156,1041
query,1513191961.224821,1513191961.3007467,1295
query,1513191961.30075,1513191961.373074,130
query,1513191961.3730783,1513191961.4562128,2350
query,1513191961.4562159,1513191961.533456,810
query,1513191961.5334592,1513191961.606829,1294
query,1513191961.6068325,1513191961.6932368,1654
query,1513191961.6932406,1513191961.7838516,3192
query,1513191961.7838557,1513191961.86398,2991
query,1513191961.8639836,1513191961.9254591,1553
query,1513191961.925463,1513191961.9972103,1298
query,1513191961.9972136,1513191962.0652673,413
query,1513191962.0652945,1513191962.1635804,2602
query,1513191962.1718557,1513191962.233875,38
query,1513191962.2338786,1513191962.3062732,2590
query,1513191962.3062768,1513191962.3751602,2774
query,1513191962.3751636,1513191962.4421253,1472
query,1513191962.4421299,1513191962.5106263,2669
query,1513191962.5106308,1513191962.5956492,2939
query,1513191962.5956538,1513191962.6608715,911
query,1513191962.6608753,1513191962.7238529,111
query,1513191962.7238562,1513191962.7863262,1583
query,1513191962.78633,1513191962.8786445,2945
query,1513191962.878648,1513191962.9718807,2902
query,1513191962.971885,1513191963.0439923,1285
query,1513191963.0439966,1513191963.0961056,1
query,1513191963.0961092,1513191963.1767616,2278
query,1513191963.1767657,1513191963.246165,3140
query,1513191963.2461684,1513191963.3220184,989
query,1513191963.3220222,1513191963.3945863,1147
query,1513191963.39459,1513191963.4635963,309
query,1513191963.4636002,1513191963.5520291,3305
query,1513191963.5520694,1513191963.657412,2904
query,1513191963.6700053,1513191963.7496707,2351
query,1513191963.7496746,1513191963.8313951,2005
query,1513191963.831399,1513191963.9120734,2505
query,1513191963.9120774,1513191963.9682536,2
query,1513191963.9682574,1513191964.045615,1115
query,1513191964.045619,1513191964.099733,3
query,1513191964.099737,1513191964.1755767,2035
query,1513191964.1755795,1513191964.254426,1072
query,1513191964.254429,1513191964.3319356,1624
query,1513191964.331939,1513191964.417902,1736
query,1513191964.417906,1513191964.5006459,1097
query,1513191964.5006504,1513191964.5759358,1199
query,1513191964.5759406,1513191964.6476812,1406
query,1513191964.6476843,1513191964.7187526,961
query,1513191964.7187572,1513191964.7966392,1922
query,1513191964.7966433,1513191964.8742344,1280
query,1513191964.8742383,1513191964.9518328,1705
query,1513191964.9518375,1513191965.026608,39
query,1513191965.0266125,1513191965.1139586,1751
query,1513191965.1140022,1513191965.2403018,2970
query,1513191965.2551672,1513191965.333442,876
query,1513191965.333447,1513191965.4107683,1931
query,1513191965.4107726,1513191965.507983,2586
query,1513191965.5079858,1513191965.5923157,1866
query,1513191965.5923188,1513191965.67002,1029
query,1513191965.6700232,1513191965.7511685,1009
query,1513191965.7511723,1513191965.8227155,1137
query,1513191965.8227189,1513191965.8974347,543
query,1513191965.8974388,1513191965.9682658,732
query,1513191965.968271,1513191966.0529487,2653
query,1513191966.052952,1513191966.146449,2888
query,1513191966.146453,1513191966.221013,693
query,1513191966.2210164,1513191966.2943609,552
query,1513191966.2943652,1513191966.3869495,2074
query,1513191966.3869536,1513191966.4569273,1197
query,1513191966.456931,1513191966.511381,0
query,1513191966.5113842,1513191966.585634,1456
query,1513191966.5856383,1513191966.6675773,1527
query,1513191966.667581,1513191966.7604873,2184
query,1513191966.7605293,1513191966.8528686,2610
query,1513191966.8655524,1513191966.9460137,2860
query,1513191966.9460177,1513191967.0160482,274
query,1513191967.0160527,1513191967.0914562,2625
query,1513191967.0914598,1513191967.1670856,2104
query,1513191967.1670897,1513191967.2466614,2547
query,1513191967.2466652,1513191967.3346868,3042
query,1513191967.3346899,1513191967.424307,2719
query,1513191967.4243104,1513191967.5029862,17
query,1513191967.5029893,1513191967.5742636,1397
query,1513191967.5742676,1513191967.6448054,659
query,1513191967.6448097,1513191967.7253368,2036
query,1513191967.7253406,1513191967.7924812,464
query,1513191967.792486,1513191967.87888,2281
query,1513191967.8788857,1513191967.9601126,2100
query,1513191967.9601173,1513191968.0581408,2613
query,1513191968.0581465,1513191968.1364295,1482
query,1513191968.1364322,1513191968.226823,467
query,1513191968.226826,1513191968.302599,1460
query,1513191968.3026018,1513191968.3783436,367
query,1513191968.378388,1513191968.4937458,467
query,1513191968.5060346,1513191968.5784442,1706
query,1513191968.578448,1513191968.656454,1413
query,1513191968.6564581,1513191968.72949,820
query,1513191968.7294936,1513191968.8091125,346
query,1513191968.809116,1513191968.8792868,111
query,1513191968.8792903,1513191968.953514,1937
query,1513191968.9535174,1513191969.032286,1907
query,1513191969.0322895,1513191969.1015506,295
query,1513191969.1015544,1513191969.1492288,1
query,1513191969.1492321,1513191969.2317739,2039
query,1513191969.231777,1513191969.3144727,1276
query,1513191969.3144753,1513191969.4099748,3455
query,1513191969.4099777,1513191969.4797173,217
query,1513191969.47972,1513191969.5632615,1882
query,1513191969.5632656,1513191969.6650975,1579
query,1513191969.6651003,1513191969.7448957,2712
query,1513191969.7448995,1513191969.8303916,2980
query,1513191969.830396,1513191969.9145432,2596
query,1513191969.9145486,1513191970.007598,2329
query,1513191970.0076387,1513191970.1048207,2396
query,1513191970.119004,1513191970.2065918,3246
query,1513191970.2065969,1513191970.3048034,3255
query,1513191970.3048072,1513191970.3758223,2026
query,1513191970.375826,1513191970.4606407,3341
query,1513191970.460644,1513191970.547736,2477
query,1513191970.54774,1513191970.6227322,1252
query,1513191970.6227365,1513191970.6655214,0
query,1513191970.6655245,1513191970.7356784,945
query,1513191970.735682,1513191970.811144,1485
query,1513191970.8111477,1513191970.9040308,2931
query,1513191970.9040346,1513191970.9972615,1580
query,1513191970.9972658,1513191971.082568,3050
query,1513191971.0825713,1513191971.1743088,2087
query,1513191971.1743126,1513191971.2594125,2485
query,1513191971.2594166,1513191971.3439648,253
query,1513191971.3439677,1513191971.4385645,3228
query,1513191971.4385672,1513191971.5159051,1792
query,1513191971.515908,1513191971.5951188,1227
query,1513191971.5951214,1513191971.680732,2642
query,1513191971.6808088,1513191971.7930598,2151
query,1513191971.8069808,1513191971.8911989,1870
query,1513191971.8912024,1513191971.963614,169
query,1513191971.963617,1513191972.0364368,116
query,1513191972.0364404,1513191972.1223676,2952
query,1513191972.122372,1513191972.1939375,868
query,1513191972.1939418,1513191972.2926686,3188
query,1513191972.2926726,1513191972.379871,2184
query,1513191972.3798747,1513191972.455306,1251
query,1513191972.45531,1513191972.5305946,1188
query,1513191972.5305982,1513191972.6119058,1750
query,1513191972.6119096,1513191972.691197,2739
query,1513191972.691202,1513191972.7664778,1089
query,1513191972.7664814,1513191972.8519645,2553
query,1513191972.851968,1513191972.9310834,1859
query,1513191972.9310868,1513191973.0215704,3182
query,1513191973.0215743,1513191973.1157036,2984
query,1513191973.1157076,1513191973.1943889,2129
query,1513191973.1943932,1513191973.278568,2464
query,1513191973.278572,1513191973.349921,1243
query,1513191973.3499577,1513191973.4566634,3019
query,1513191973.4691377,1513191973.5531647,2604
query,1513191973.5531685,1513191973.6262255,1210
query,1513191973.62623,1513191973.7124097,1876
query,1513191973.7124133,1513191973.7947338,2824
query,1513191973.7947376,1513191973.8906882,3326
query,1513191973.890692,1513191973.9639766,1211
query,1513191973.963981,1513191974.0358765,985
query,1513191974.0358806,1513191974.1079693,57
query,1513191974.1079726,1513191974.1974583,2915
query,1513191974.1974626,1513191974.2444816,1
query,1513191974.2444854,1513191974.3298094,2526
query,1513191974.3298125,1513191974.4051194,758
query,1513191974.4051225,1513191974.4774845,639
query,1513191974.4774902,1513191974.5612843,1302
query,1513191974.5612879,1513191974.6368392,950
query,1513191974.6368434,1513191974.7038567,1705
query,1513191974.7038603,1513191974.775908,888
query,1513191974.7759116,1513191974.8509629,1159
query,1513191974.8509676,1513191974.9309735,1366
query,1513191974.9310133,1513191975.052866,1209
query,1513191975.0612667,1513191975.1417434,2770
query,1513191975.1417468,1513191975.1859376,0
query,1513191975.185942,1513191975.2570927,231
query,1513191975.2570956,1513191975.3386889,2159
query,1513191975.3386927,1513191975.4152648,1228
query,1513191975.4152687,1513191975.485348,52
query,1513191975.485352,1513191975.5546513,242
query,1513191975.5546553,1513191975.6278207,3
query,1513191975.6278245,1513191975.7180254,468
query,1513191975.7180297,1513191975.797851,1933
query,1513191975.797855,1513191975.8886645,2948
query,1513191975.888668,1513191975.9581597,475
query,1513191975.9581633,1513191976.0035658,0
query,1513191976.0035696,1513191976.0868,2218
query,1513191976.0868042,1513191976.1618562,580
query,1513191976.1618598,1513191976.25952,3283
query,1513191976.2595243,1513191976.346874,2708
query,1513191976.3468778,1513191976.423635,996
query,1513191976.423639,1513191976.511227,2123
query,1513191976.511267,1513191976.606972,197
query,1513191976.623628,1513191976.6971319,32
query,1513191976.6971357,1513191976.7930627,2570
query,1513191976.7930675,1513191976.883004,3226
query,1513191976.8830087,1513191976.9565477,2640
query,1513191976.956553,1513191977.048811,3106
query,1513191977.048815,1513191977.1341588,2474
query,1513191977.1341634,1513191977.2070253,1700
query,1513191977.2070289,1513191977.3020017,3002
query,1513191977.302006,1513191977.3867445,463
query,1513191977.3867488,1513191977.4672685,713
query,1513191977.467273,1513191977.5427113,1303
query,1513191977.5427208,1513191977.6230826,2078
query,1513191977.6230862,1513191977.716049,2654
query,1513191977.7160532,1513191977.79366,1384
query,1513191977.793664,1513191977.8696003,1660
query,1513191977.8696043,1513191977.9615989,2733
query,1513191977.961604,1513191978.0399866,1901
query,1513191978.0399916,1513191978.1302838,3079
query,1513191978.1302881,1513191978.2028198,975
query,1513191978.2028623,1513191978.3031244,2197
query,1513191978.310699,1513191978.3874097,1600
query,1513191978.3874137,1513191978.464939,1793
query,1513191978.4649415,1513191978.5326538,82
query,1513191978.5326574,1513191978.6171627,2367
query,1513191978.617166,1513191978.696273,1600
query,1513191978.6962764,1513191978.7559047,840
query,1513191978.755908,1513191978.8276763,448
query,1513191978.8276803,1513191978.915481,2994
query,1513191978.9154847,1513191978.9867156,671
query,1513191978.9867191,1513191979.0735564,2832
query,1513191979.0735602,1513191979.1483998,2864
query,1513191979.148403,1513191979.218732,1598
query,1513191979.218736,1513191979.2947233,1318
query,1513191979.2947264,1513191979.374563,2009
query,1513191979.3745658,1513191979.4584785,1008
query,1513191979.4584825,1513191979.5427766,1636
query,1513191979.5427802,1513191979.6112926,596
query,1513191979.611297,1513191979.6862538,1701
query,1513191979.6862574,1513191979.7598226,172
query,1513191979.7598631,1513191979.8264701,0
query,1513191979.8279564,1513191979.9114435,1966
query,1513191979.9114473,1513191979.9819694,259
query,1513191979.981973,1513191980.0780811,3575
query,1513191980.078085,1513191980.1913934,357
query,1513191980.191397,1513191980.2863388,438
query,1513191980.2863429,1513191980.4284546,2242
query,1513191980.428459,1513191980.5206094,2191
query,1513191980.520612,1513191980.6021323,2185
query,1513191980.602135,1513191980.6907148,3718
query,1513191980.6907182,1513191980.7892723,3407
query,1513191980.7892761,1513191980.8822575,3380
query,1513191980.8822634,1513191980.984736,2759
query,1513191980.9847405,1513191981.0601892,1263
query,1513191981.0601933,1513191981.1075919,0
query,1513191981.107595,1513191981.1968262,2978
query,1513191981.1968303,1513191981.280315,2504
query,1513191981.280318,1513191981.3554928,1206
query,1513191981.355497,1513191981.439952,2796
query,1513191981.439955,1513191981.5226045,2120
query,1513191981.5226436,1513191981.6262217,2897
query,1513191981.6396768,1513191981.7315383,2674
query,1513191981.7315419,1513191981.7895665,1
query,1513191981.7895725,1513191981.9060192,638
query,1513191981.9060233,1513191981.9816067,2558
query,1513191981.9816115,1513191982.029518,0
query,1513191982.0295217,1513191982.072985,0
query,1513191982.0729902,1513191982.1686213,801
query,1513191982.168625,1513191982.2416666,15
query,1513191982.2416701,1513191982.3133492,1386
query,1513191982.313353,1513191982.382185,788
query,1513191982.3821878,1513191982.4555156,1826
query,1513191982.4555213,1513191982.5375345,1824
query,1513191982.5375388,1513191982.616262,2224
query,1513191982.6162665,1513191982.6952636,2074
query,1513191982.6952677,1513191982.7807398,1704
query,1513191982.7807438,1513191982.8499124,795
query,1513191982.8499167,1513191982.93466,1984
query,1513191982.934663,1513191982.9897428,0
query,1513191982.9897454,1513191983.0506861,4
query,1513191983.0507412,1513191983.1425757,2536
query,1513191983.1566455,1513191983.241772,2605
query,1513191983.2417758,1513191983.314138,703
query,1513191983.314142,1513191983.3910618,1867
query,1513191983.3910675,1513191983.4797244,2939
query,1513191983.4797304,1513191983.567884,3163
query,1513191983.5678885,1513191983.6488008,465
query,1513191983.6488051,1513191983.7224345,1270
query,1513191983.722438,1513191983.8047273,2047
query,1513191983.8047314,1513191983.8975058,2381
query,1513191983.89751,1513191983.9881327,3070
query,1513191983.9881372,1513191984.073915,3299
query,1513191984.073919,1513191984.1575563,2235
query,1513191984.15756,1513191984.211983,1
query,1513191984.2119865,1513191984.285052,813
query,1513191984.2850556,1513191984.375516,1672
query,1513191984.3755202,1513191984.4648368,2617
query,1513191984.4648407,1513191984.5440338,1739
query,1513191984.5440378,1513191984.638714,3548
query,1513191984.638719,1513191984.7122953,784
query,1513191984.7123387,1513191984.8217535,2890
query,1513191984.8361692,1513191984.912467,1736
query,1513191984.912472,1513191984.9824955,1401
query,1513191984.9824991,1513191985.056575,707
query,1513191985.0565796,1513191985.1373043,197
query,1513191985.1373084,1513191985.2260609,3042
query,1513191985.2260647,1513191985.3161428,3783
query,1513191985.3161464,1513191985.3867724,283
query,1513191985.3867786,1513191985.460974,1467
query,1513191985.460979,1513191985.5333853,967
query,1513191985.5333893,1513191985.6008651,73
query,1513191985.600869,1513191985.6849623,3062
query,1513191985.6849663,1513191985.7566488,1947
query,1513191985.7566533,1513191985.8354056,753
query,1513191985.8354092,1513191985.931852,3144
query,1513191985.9318569,1513191986.0032303,38
query,1513191986.0032346,1513191986.076449,784
query,1513191986.0764527,1513191986.1616502,3210
query,1513191986.161654,1513191986.2491543,2418
query,1513191986.2491584,1513191986.315023,974
query,1513191986.31506,1513191986.427524,2490
query,1513191986.442125,1513191986.5232933,782
query,1513191986.5232966,1513191986.6076102,2640
query,1513191986.6076148,1513191986.6883857,2002
query,1513191986.6883917,1513191986.7798235,2603
query,1513191986.7798288,1513191986.8681157,2731
query,1513191986.8681192,1513191986.958643,2706
query,1513191986.9586468,1513191987.0456438,2569
query,1513191987.0456486,1513191987.1150308,6
query,1513191987.1150348,1513191987.2038665,3140
query,1513191987.2038722,1513191987.2775524,1842
query,1513191987.2775602,1513191987.3690536,3061
query,1513191987.369058,1513191987.4371152,36
query,1513191987.437119,1513191987.5162213,1987
query,1513191987.516225,1513191987.5603235,0
query,1513191987.560328,1513191987.6313007,266
query,1513191987.6313045,1513191987.7121968,478
query,1513191987.7122016,1513191987.7857165,279
query,1513191987.7857203,1513191987.8605132,1440
query,1513191987.8605175,1513191987.9578204,3301
query,1513191987.95786,1513191988.043866,49
query,1513191988.0580602,1513191988.1360273,484
query,1513191988.1360316,1513191988.2259748,2758
query,1513191988.2259786,1513191988.2935421,1250
query,1513191988.2935452,1513191988.3590212,2
query,1513191988.359024,1513191988.436184,490
query,1513191988.4361873,1513191988.51657,1762
query,1513191988.5165749,1513191988.5864303,90
query,1513191988.5864346,1513191988.6637096,2129
query,1513191988.663715,1513191988.7598574,2377
query,1513191988.7598615,1513191988.8309956,340
query,1513191988.8309999,1513191988.9219394,2495
query,1513191988.9219441,1513191989.003398,2025
query,1513191989.0034022,1513191989.075504,953
query,1513191989.0755088,1513191989.1463091,589
query,1513191989.146313,1513191989.2420793,3141
query,1513191989.2420824,1513191989.335459,3154
query,1513191989.3354626,1513191989.4106143,1387
query,1513191989.4106174,1513191989.4896648,2308
query,1513191989.4896688,1513191989.5625875,1156
query,1513191989.562629,1513191989.664479,2246
query,1513191989.6720333,1513191989.7457438,949
query,1513191989.7457466,1513191989.8363736,3113
query,1513191989.8363771,1513191989.915987,1782
query,1513191989.915991,1513191989.9883249,190
query,1513191989.9883292,1513191990.079738,2521
query,1513191990.0797408,1513191990.1629224,2450
query,1513191990.162927,1513191990.2536788,3170
query,1513191990.2536826,1513191990.34481,2965
query,1513191990.344814,1513191990.439429,3038
query,1513191990.4394326,1513191990.5098698,11
query,1513191990.509875,1513191990.5552223,0
query,1513191990.5552268,1513191990.6393151,2322
query,1513191990.6393197,1513191990.732497,3157
query,1513191990.7325025,1513191990.8172243,1512
query,1513191990.8172288,1513191990.895875,759
query,1513191990.8958817,1513191990.9837697,2364
query,1513191990.983773,1513191991.0674458,3021
query,1513191991.067451,1513191991.1593292,2683
query,1513191991.159332,1513191991.234779,1590
query,1513191991.234809,1513191991.3472238,3150
query,1513191991.3552978,1513191991.4334483,1883
query,1513191991.4334521,1513191991.5070014,1237
query,1513191991.5070074,1513191991.5778897,127
query,1513191991.5778937,1513191991.648763,1373
query,1513191991.6487982,1513191991.7366614,3241
query,1513191991.7366655,1513191991.815876,1827
query,1513191991.81588,1513191991.9057024,789
query,1513191991.9057074,1513191991.9840603,761
query,1513191991.9840643,1513191992.078657,2710
query,1513191992.0786614,1513191992.1557148,440
query,1513191992.1557188,1513191992.233936,2237
query,1513191992.2339404,1513191992.3168185,2630
query,1513191992.3168232,1513191992.4136302,3031
query,1513191992.4136345,1513191992.50401,3166
query,1513191992.5040147,1513191992.6051626,3143
query,1513191992.6051679,1513191992.6800513,1718
query,1513191992.6800556,1513191992.7523375,728
query,1513191992.752342,1513191992.8296578,1530
query,1513191992.8296623,1513191992.9014251,340
query,1513191992.901469,1513191993.0095558,2932
query,1513191993.0238492,1513191993.0962787,722
query,1513191993.096283,1513191993.1547785,3
query,1513191993.1547828,1513191993.2483802,3637
query,1513191993.2483852,1513191993.3215597,1195
query,1513191993.3215642,1513191993.4129884,1888
query,1513191993.4129934,1513191993.50719,3175
query,1513191993.5071945,1513191993.5889544,2758
query,1513191993.5889587,1513191993.661298,124
query,1513191993.6613026,1513191993.7576282,2751
query,1513191993.757633,1513191993.8365703,805
query,1513191993.8365753,1513191993.9226282,3000
query,1513191993.9226332,1513191994.0078366,3085
query,1513191994.0078423,1513191994.0836504,1948
query,1513191994.0836556,1513191994.1752536,2954
query,1513191994.1752574,1513191994.260868,3127
query,1513191994.2608721,1513191994.3458567,2909
query,1513191994.345861,1513191994.4234626,1359
query,1513191994.4234674,1513191994.4957793,844
query,1513191994.4957833,1513191994.592346,2555
query,1513191994.5923886,1513191994.6950014,3401
query,1513191994.709188,1513191994.784168,1281
query,1513191994.7841718,1513191994.8566356,357
query,1513191994.8566396,1513191994.9310892,802
query,1513191994.931093,1513191995.0020468,535
query,1513191995.0020518,1513191995.0873744,2918
query,1513191995.0873792,1513191995.1693432,1732
query,1513191995.169347,1513191995.244057,1095
query,1513191995.2440612,1513191995.3203828,1436
query,1513191995.3203876,1513191995.397003,1339
query,1513191995.397007,1513191995.482902,2362
query,1513191995.4829063,1513191995.570839,2879
query,1513191995.5708427,1513191995.642819,9
query,1513191995.642823,1513191995.7355075,2887
query,1513191995.7355127,1513191995.809554,515
query,1513191995.8095586,1513191995.8872507,1010
query,1513191995.8872645,1513191995.9687395,2452
query,1513191995.9687433,1513191996.0613818,3448
query,1513191996.0613847,1513191996.131492,92
query,1513191996.131498,1513191996.206154,1978
query,1513191996.206193,1513191996.315309,2904
query,1513191996.3297331,1513191996.3990493,52
query,1513191996.399052,1513191996.4746852,1239
query,1513191996.4746895,1513191996.568748,3039
query,1513191996.5687516,1513191996.641427,605
query,1513191996.6414301,1513191996.722834,2378
query,1513191996.7228374,1513191996.79175,26
query,1513191996.7917526,1513191996.8779795,2846
query,1513191996.8779833,1513191996.9572954,1188
query,1513191996.9573007,1513191997.0397012,2216
query,1513191997.0397048,1513191997.1295261,2982
query,1513191997.1295302,1513191997.182399,4
query,1513191997.1824024,1513191997.266863,964
query,1513191997.2668664,1513191997.3402095,1433
query,1513191997.3402135,1513191997.4264405,2219
query,1513191997.4264443,1513191997.4987538,429
query,1513191997.4987586,1513191997.5786738,2695
query,1513191997.5786774,1513191997.6476367,1488
query,1513191997.6476395,1513191997.7186098,391
query,1513191997.718613,1513191997.7941523,2600
query,1513191997.7941902,1513191997.9009302,2318
query,1513191997.913462,1513191998.0040336,664
query,1513191998.0040371,1513191998.082538,1583
query,1513191998.0825412,1513191998.1797912,3379
query,1513191998.1797957,1513191998.2623906,2613
query,1513191998.262394,1513191998.3300195,281
query,1513191998.3300228,1513191998.4112167,1834
query,1513191998.4112206,1513191998.4901328,1762
query,1513191998.490138,1513191998.5733097,2418
query,1513191998.5733142,1513191998.643218,492
query,1513191998.643221,1513191998.732582,2687
query,1513191998.7325864,1513191998.820537,3277
query,1513191998.8205414,1513191998.8989477,1426
query,1513191998.8989518,1513191998.9735534,862
query,1513191998.9735572,1513191999.0408278,2023
query,1513191999.0408318,1513191999.1102443,1154
query,1513191999.110247,1513191999.1783874,77
query,1513191999.1783907,1513191999.2806551,3228
query,1513191999.280659,1513191999.370804,3138
query,1513191999.3708081,1513191999.4452605,2221
query,1513191999.4453015,1513191999.5476758,2233
query,1513191999.5579479,1513191999.6438377,1975
query,1513191999.643842,1513191999.7278118,2621
query,1513191999.7278156,1513191999.8075838,2639
query,1513191999.807589,1513191999.8876066,2316
query,1513191999.8876104,1513191999.9615195,831
query,1513191999.961524,1513192000.0468888,3253
query,1513192000.046892,1513192000.1332946,1472
query,1513192000.1332996,1513192000.207772,564
query,1513192000.2077746,1513192000.292478,3180
query,1513192000.2924826,1513192000.3651986,928
query,1513192000.3652027,1513192000.444129,2463
query,1513192000.4441323,1513192000.5151305,77
query,1513192000.5151346,1513192000.6046252,3108
query,1513192000.604629,1513192000.678831,1109
query,1513192000.6788352,1513192000.7679105,1919
query,1513192000.7679133,1513192000.8526003,1945
query,1513192000.8526046,1513192000.948653,2746
query,1513192000.9486573,1513192001.02712,410
query,1513192001.0271242,1513192001.1029983,690
query,1513192001.1030364,1513192001.2033055,1201
query,1513192001.2177901,1513192001.3120897,1543
query,1513192001.3120937,1513192001.3901951,2466
query,1513192001.390198,1513192001.4841003,467
query,1513192001.4841037,1513192001.5592792,1859
query,1513192001.5592828,1513192001.6503172,2744
query,1513192001.6503208,1513192001.72236,562
query,1513192001.7223635,1513192001.8070736,2351
query,1513192001.8070772,1513192001.865705,2
query,1513192001.865709,1513192001.9348335,498
query,1513192001.934838,1513192002.0099492,1155
query,1513192002.0099533,1513192002.1027696,2887
query,1513192002.1027741,1513192002.1800275,2595
query,1513192002.1800315,1513192002.2496667,10
query,1513192002.2496705,1513192002.3272445,1106
query,1513192002.3272486,1513192002.4016044,1523
query,1513192002.4016085,1513192002.4960735,3304
query,1513192002.4960775,1513192002.5692925,366
query,1513192002.5692973,1513192002.6209998,0
query,1513192002.6210036,1513192002.6879182,850
query,1513192002.6879575,1513192002.7821376,1020
query,1513192002.7957218,1513192002.8822184,3524
query,1513192002.8822222,1513192002.9282985,0
query,1513192002.9283025,1513192003.016598,3486
query,1513192003.0166018,1513192003.0914395,2295
query,1513192003.091442,1513192003.167918,1595
query,1513192003.167922,1513192003.2407477,714
query,1513192003.2407513,1513192003.306594,517
query,1513192003.3065982,1513192003.3799267,1550
query,1513192003.3799307,1513192003.44842,276
query,1513192003.448424,1513192003.5339847,3094
query,1513192003.5339882,1513192003.6058333,320
query,1513192003.6058366,1513192003.6591628,2
query,1513192003.6591659,1513192003.747734,3216
query,1513192003.7477384,1513192003.8357732,3224
query,1513192003.8357773,1513192003.9108574,1214
query,1513192003.9108636,1513192003.9846432,469
query,1513192003.9846478,1513192004.0572371,480
query,1513192004.0572407,1513192004.1542077,3140
query,1513192004.1542118,1513192004.2213213,292
query,1513192004.2213612,1513192004.3223283,1305
query,1513192004.3362448,1513192004.4139955,2604
query,1513192004.414,1513192004.4994378,3346
query,1513192004.4994419,1513192004.5815275,1648
query,1513192004.5815313,1513192004.670649,2815
query,1513192004.670653,1513192004.7460005,1484
query,1513192004.7460043,1513192004.8218598,1714
query,1513192004.8218648,1513192004.8951938,711
query,1513192004.8951976,1513192004.9852953,2759
query,1513192004.9852993,1513192005.0645053,2386
query,1513192005.0645092,1513192005.1381927,857
query,1513192005.1381967,1513192005.229226,3094
query,1513192005.22923,1513192005.312572,2660
query,1513192005.3125758,1513192005.3940532,1213
query,1513192005.394057,1513192005.464795,1018
query,1513192005.4647996,1513192005.517505,1
query,1513192005.5175087,1513192005.609981,2338
query,1513192005.6099858,1513192005.6811914,616
query,1513192005.681196,1513192005.7524984,330
query,1513192005.7525027,1513192005.8490849,3470
query,1513192005.849126,1513192005.943145,1045
query,1513192005.9579077,1513192006.0338278,1372
query,1513192006.033832,1513192006.1206517,3410
query,1513192006.1206555,1513192006.1909525,949
query,1513192006.1909566,1513192006.283868,3366
query,1513192006.2838717,1513192006.369356,2066
query,1513192006.36936,1513192006.4424255,677
query,1513192006.4424295,1513192006.5151784,1894
query,1513192006.515182,1513192006.5868518,153
query,1513192006.586856,1513192006.6594534,521
query,1513192006.6594572,1513192006.7388966,1699
query,1513192006.7389007,1513192006.820028,1163
query,1513192006.8200333,1513192006.9115124,3043
query,1513192006.9115167,1513192006.990105,1929
query,1513192006.990109,1513192007.0667484,181
query,1513192007.0667522,1513192007.149999,3012
query,1513192007.150004,1513192007.2343636,2848
query,1513192007.2343678,1513192007.3038821,180
query,1513192007.3038867,1513192007.3891125,2930
query,1513192007.3891165,1513192007.4612236,732
query,1513192007.4612644,1513192007.572315,2521
query,1513192007.5878553,1513192007.6588442,825
query,1513192007.6588483,1513192007.7357233,1275
query,1513192007.735727,1513192007.8067858,766
query,1513192007.8067896,1513192007.8561075,1
query,1513192007.856111,1513192007.9372,2220
query,1513192007.937204,1513192008.0059114,22
query,1513192008.0059156,1513192008.0901585,2325
query,1513192008.0901625,1513192008.1778796,1608
query,1513192008.1778839,1513192008.2607613,813
query,1513192008.2607658,1513192008.355822,1743
query,1513192008.3558269,1513192008.4223146,5
query,1513192008.4223182,1513192008.4735982,1
query,1513192008.4736025,1513192008.5522037,495
query,1513192008.5522075,1513192008.6229587,155
query,1513192008.6229627,1513192008.7023692,989
query,1513192008.7023733,1513192008.7816463,150
query,1513192008.78165,1513192008.8618722,2033
query,1513192008.8618765,1513192008.9603193,467
query,1513192008.9603233,1513192009.0296724,19
query,1513192009.0297134,1513192009.137474,2898
query,1513192009.1504261,1513192009.2286825,1894
query,1513192009.2286873,1513192009.2790651,0
query,1513192009.27907,1513192009.3267853,1
query,1513192009.326789,1513192009.4158728,2359
query,1513192009.4158764,1513192009.482747,1795
query,1513192009.482752,1513192009.5728784,3287
query,1513192009.572883,1513192009.661335,2845
query,1513192009.6613398,1513192009.7443712,2917
query,1513192009.7443743,1513192009.8047018,2
query,1513192009.8047047,1513192009.8691013,94
query,1513192009.8691053,1513192009.952633,2839
query,1513192009.9526367,1513192010.03239,1123
query,1513192010.0323942,1513192010.1107678,1077
query,1513192010.1107717,1513192010.1830149,1107
query,1513192010.1830184,1513192010.274948,2407
query,1513192010.274952,1513192010.3520374,638
query,1513192010.3520424,1513192010.4257174,590
query,1513192010.4257207,1513192010.516803,1669
query,1513192010.5168066,1513192010.5876112,2341
query,1513192010.587651,1513192010.684431,2969
query,1513192010.6984181,1513192010.775985,1595
query,1513192010.775989,1513192010.8573067,1950
query,1513192010.8573105,1513192010.9395552,1986
query,1513192010.9395587,1513192011.0374022,2778
query,1513192011.0374062,1513192011.1092381,1309
query,1513192011.109242,1513192011.1869025,1207
query,1513192011.1869054,1513192011.2620497,201
query,1513192011.2620523,1513192011.3581476,3104
query,1513192011.358152,1513192011.4291003,21
query,1513192011.4291055,1513192011.5213046,2692
query,1513192011.5213084,1513192011.6141949,3097
query,1513192011.6141999,1513192011.6939213,1114
query,1513192011.693924,1513192011.7795465,2334
query,1513192011.779549,1513192011.869987,2637
query,1513192011.8699913,1513192011.9622977,3410
query,1513192011.9623,1513192012.0500488,2681
query,1513192012.0500515,1513192012.1368213,3602
query,1513192012.136825,1513192012.2193897,2738
query,1513192012.2193947,1513192012.2958105,1151
query,1513192012.2958496,1513192012.386291,80
query,1513192012.4002826,1513192012.491034,3402
query,1513192012.4910376,1513192012.5686102,1983
query,1513192012.5686145,1513192012.6597269,1913
query,1513192012.6597295,1513192012.7397995,1611
query,1513192012.7398026,1513192012.8368402,2852
query,1513192012.8368452,1513192012.885,1
query,1513192012.8850043,1513192012.9335756,1
query,1513192012.9335806,1513192013.0109563,372
query,1513192013.0109603,1513192013.0614936,0
query,1513192013.0614977,1513192013.1365387,1256
query,1513192013.1365442,1513192013.224107,3309
query,1513192013.22411,1513192013.296423,513
query,1513192013.296427,1513192013.3777113,2813
query,1513192013.3777149,1513192013.4636195,2891
query,1513192013.4636228,1513192013.555003,2928
query,1513192013.555007,1513192013.643119,1737
query,1513192013.6431231,1513192013.7343166,2907
query,1513192013.734321,1513192013.8310387,2716
query,1513192013.8310435,1513192013.9139326,1545
query,1513192013.9139736,1513192014.015791,1997
query,1513192014.0294688,1513192014.1116204,1099
query,1513192014.1116254,1513192014.1911108,854
query,1513192014.1911144,1513192014.2732441,2690
query,1513192014.2732472,1513192014.3663042,3203
query,1513192014.366307,1513192014.4425306,1371
query,1513192014.4425347,1513192014.5319805,3091
query,1513192014.5319846,1513192014.6217434,2843
query,1513192014.6217477,1513192014.692309,648
query,1513192014.692313,1513192014.7709458,2870
query,1513192014.77095,1513192014.8561378,1671
query,1513192014.8561418,1513192014.9273653,296
query,1513192014.92737,1513192015.0035565,919
query,1513192015.003561,1513192015.0848842,1176
query,1513192015.084888,1513192015.1558442,128
query,1513192015.1558473,1513192015.2353113,1446
query,1513192015.2353144,1513192015.3085408,137
query,1513192015.3085437,1513192015.3514535,0
query,1513192015.3514595,1513192015.4352002,1880
query,1513192015.435203,1513192015.5062754,30
query,1513192015.5063043,1513192015.6128783,2350
query,1513192015.6272726,1513192015.7251394,2890
query,1513192015.7251441,1513192015.7979615,1050
query,1513192015.7979653,1513192015.871694,1087
query,1513192015.871708,1513192015.95082,1879
query,1513192015.9508243,1513192016.0230458,1328
query,1513192016.0230498,1513192016.1178794,2712
query,1513192016.1178827,1513192016.2028174,907
query,1513192016.2028215,1513192016.283349,1483
query,1513192016.2833545,1513192016.372042,3023
query,1513192016.3720458,1513192016.4508574,2638
query,1513192016.4508612,1513192016.541144,3210
query,1513192016.5411482,1513192016.6172402,1383
query,1513192016.6172445,1513192016.7134578,3024
query,1513192016.7134628,1513192016.8033676,1071
query,1513192016.8033729,1513192016.9010432,2711
query,1513192016.901049,1513192016.9867816,2427
query,1513192016.9867857,1513192017.072312,2855
query,1513192017.0723155,1513192017.1470203,1074
query,1513192017.1470249,1513192017.2284732,1615
query,1513192017.2285228,1513192017.334238,2066
query,1513192017.3460271,1513192017.419754,2044
query,1513192017.4197576,1513192017.5124896,2928
query,1513192017.512494,1513192017.5896683,2445
query,1513192017.589673,1513192017.6753454,2838
query,1513192017.6753492,1513192017.7570639,1861
query,1513192017.757068,1513192017.8479793,2538
query,1513192017.8479836,1513192017.936454,2743
query,1513192017.936459,1513192018.0181751,1038
query,1513192018.0181787,1513192018.0880985,1055
query,1513192018.088102,1513192018.1768682,3070
query,1513192018.1768723,1513192018.2603505,1776
query,1513192018.2603543,1513192018.3307118,435
query,1513192018.3307164,1513192018.407515,1297
query,1513192018.407519,1513192018.4862313,3044
query,1513192018.486235,1513192018.570296,2888
query,1513192018.5703008,1513192018.6532686,2636
query,1513192018.6532714,1513192018.7237546,90
query,1513192018.7237577,1513192018.828061,3208
query,1513192018.828066,1513192018.914189,2451
query,1513192018.914234,1513192019.0229506,2745
query,1513192019.0368989,1513192019.11833,1936
query,1513192019.1183338,1513192019.189836,550
query,1513192019.1898396,1513192019.2628417,426
query,1513192019.2628448,1513192019.336485,373
query,1513192019.3364892,1513192019.392677,1
query,1513192019.392681,1513192019.4724946,782
query,1513192019.4724975,1513192019.538775,11
query,1513192019.538779,1513192019.6064093,32
query,1513192019.6064122,1513192019.7121458,3077
query,1513192019.7121496,1513192019.7876291,1646
query,1513192019.7876322,1513192019.8596318,377
query,1513192019.8596358,1513192019.929086,1293
query,1513192019.929089,1513192020.017118,3042
query,1513192020.0171232,1513192020.0929587,352
query,1513192020.0929625,1513192020.1799603,2037
query,1513192020.1799638,1513192020.2621806,2642
query,1513192020.2621846,1513192020.3350856,1358
query,1513192020.33509,1513192020.4068787,1362
query,1513192020.4068828,1513192020.4808743,816
query,1513192020.4809194,1513192020.581851,1830
query,1513192020.5909557,1513192020.6836858,3115
query,1513192020.6836896,1513192020.7596736,1519
query,1513192020.7596776,1513192020.8359473,1305
query,1513192020.8359528,1513192020.9086072,1620
query,1513192020.908612,1513192020.9862337,1300
query,1513192020.9862378,1513192021.0648878,1933
query,1513192021.0648913,1513192021.1466482,2506
query,1513192021.1466517,1513192021.2331858,2872
query,1513192021.2331898,1513192021.314246,1823
query,1513192021.3142498,1513192021.401949,2891
query,1513192021.4019527,1513192021.4779754,458
query,1513192021.4779792,1513192021.567898,2362
query,1513192021.5679018,1513192021.6609335,3084
query,1513192021.660938,1513192021.7461643,1734
query,1513192021.7461686,1513192021.8374252,2864
query,1513192021.8374293,1513192021.9213982,2880
query,1513192021.9214025,1513192022.0077603,2282
query,1513192022.0077634,1513192022.0931113,2710
query,1513192022.093115,1513192022.1695342,1759
query,1513192022.169578,1513192022.2733777,2858
query,1513192022.2873976,1513192022.3679028,643
query,1513192022.3679066,1513192022.4478097,1972
query,1513192022.4478137,1513192022.5199637,564
query,1513192022.5199673,1513192022.6152673,3052
query,1513192022.6152713,1513192022.6888914,1420
query,1513192022.6888955,1513192022.763427,399
query,1513192022.7634308,1513192022.8118339,1
query,1513192022.8118386,1513192022.8979657,2599
query,1513192022.8979702,1513192022.9742215,102
query,1513192022.974226,1513192023.0603154,1370
query,1513192023.0603192,1513192023.1348722,904
query,1513192023.1348763,1513192023.21272,1615
query,1513192023.2127235,1513192023.2980459,2681
query,1513192023.2980504,1513192023.386006,3062
query,1513192023.3860126,1513192023.478999,2571
query,1513192023.479004,1513192023.5424836,541
query,1513192023.5424876,1513192023.6109226,742
query,1513192023.6109269,1513192023.694653,2974
query,1513192023.694657,1513192023.7879977,3211
query,1513192023.788041,1513192023.8826587,986
query,1513192023.8969014,1513192023.983107,876
query,1513192023.98311,1513192024.06766,2583
query,1513192024.0676641,1513192024.159642,1953
query,1513192024.1596465,1513192024.2324862,1022
query,1513192024.2324905,1513192024.3051782,623
query,1513192024.305182,1513192024.385784,2902
query,1513192024.3857882,1513192024.4721491,2897
query,1513192024.4721537,1513192024.5421848,152
query,1513192024.5421894,1513192024.6266015,2681
query,1513192024.626607,1513192024.727927,3233
query,1513192024.7279315,1513192024.7974205,982
query,1513192024.7974246,1513192024.874967,2150
query,1513192024.8749714,1513192024.950388,991
query,1513192024.9503918,1513192025.0369787,2666
query,1513192025.036983,1513192025.1082866,581
query,1513192025.108291,1513192025.1849146,73
query,1513192025.1849196,1513192025.2683399,2468
query,1513192025.2683437,1513192025.3586574,2872
query,1513192025.3586624,1513192025.4376993,1634
query,1513192025.4377446,1513192025.5419123,2173
query,1513192025.5559344,1513192025.6337798,43
query,1513192025.6337829,1513192025.7261157,2794
query,1513192025.7261193,1513192025.7717948,0
query,1513192025.7717988,1513192025.8532298,1357
query,1513192025.8532345,1513192025.927116,565
query,1513192025.9271204,1513192026.001963,1115
query,1513192026.001967,1513192026.093333,3138
query,1513192026.093337,1513192026.175888,2865
query,1513192026.1758919,1513192026.2675803,3511
query,1513192026.2675846,1513192026.3445745,474
query,1513192026.3445785,1513192026.42485,1569
query,1513192026.4248538,1513192026.5077243,2699
query,1513192026.507728,1513192026.5789304,170
query,1513192026.578935,1513192026.6583562,1665
query,1513192026.6583602,1513192026.751822,2858
query,1513192026.7518258,1513192026.8414023,2743
query,1513192026.841406,1513192026.9125664,687
query,1513192026.9125702,1513192027.0062222,3514
query,1513192027.0062253,1513192027.0816314,1227
query,1513192027.081664,1513192027.187165,2402
query,1513192027.1948175,1513192027.2647824,694
query,1513192027.264786,1513192027.346535,2523
query,1513192027.3465393,1513192027.4453018,3506
query,1513192027.4453065,1513192027.5276225,3020
query,1513192027.5276272,1513192027.598282,1418
query,1513192027.5982864,1513192027.667635,112
query,1513192027.6676388,1513192027.7372963,31
query,1513192027.7373016,1513192027.803398,12
query,1513192027.803403,1513192027.870828,813
query,1513192027.8708324,1513192027.9595542,467
query,1513192027.959559,1513192028.050617,3517
query,1513192028.050621,1513192028.1215556,922
query,1513192028.1215603,1513192028.1968956,2261
query,1513192028.1968994,1513192028.2674148,822
query,1513192028.2674196,1513192028.3706114,3149
query,1513192028.3706157,1513192028.4461262,1374
query,1513192028.4461303,1513192028.514709,13
query,1513192028.5147135,1513192028.5992868,2695
query,1513192028.5992913,1513192028.6789324,1626
query,1513192028.6789734,1513192028.7840416,2926
query,1513192028.798444,1513192028.894389,2398
query,1513192028.8943946,1513192028.991984,3341
query,1513192028.9919884,1513192029.0768218,2578
query,1513192029.0768263,1513192029.1645727,2092
query,1513192029.1645768,1513192029.2399988,1469
query,1513192029.2400029,1513192029.3252342,2377
query,1513192029.3252382,1513192029.4045897,783
query,1513192029.4045935,1513192029.4894814,3157
query,1513192029.489485,1513192029.584809,2818
query,1513192029.584814,1513192029.662924,1335
query,1513192029.6629279,1513192029.7396302,3184
query,1513192029.739634,1513192029.803924,1304
query,1513192029.803928,1513192029.8682156,834
query,1513192029.8682196,1513192029.9436185,2659
query,1513192029.943622,1513192030.0174508,1791
query,1513192030.0174546,1513192030.0926445,1352
query,1513192030.0926483,1513192030.1709616,1496
query,1513192030.1709647,1513192030.2617896,2878
query,1513192030.2617936,1513192030.3468678,2852
query,1513192030.3469021,1513192030.4408593,879
query,1513192030.44931,1513192030.5290132,1916
query,1513192030.5290174,1513192030.6046977,1760
query,1513192030.6047025,1513192030.698041,3128
query,1513192030.6980457,1513192030.7955275,3328
query,1513192030.7955325,1513192030.8712137,1859
query,1513192030.8712175,1513192030.9663758,2950
query,1513192030.9663801,1513192031.0371318,1782
query,1513192031.0371358,1513192031.1164284,3079
query,1513192031.116433,1513192031.1987908,2995
query,1513192031.1987953,1513192031.2810214,1629
query,1513192031.2810264,1513192031.3292155,0
query,1513192031.3292196,1513192031.4058678,1507
query,1513192031.4058723,1513192031.4900675,469
query,1513192031.4900703,1513192031.5856905,467
query,1513192031.5856934,1513192031.6684992,2883
query,1513192031.6685033,1513192031.7521248,2338
query,1513192031.7521286,1513192031.8265882,988
query,1513192031.826592,1513192031.896024,2
query,1513192031.8960278,1513192031.9728725,1149
query,1513192031.9729104,1513192032.0800629,2729
query,1513192032.0923553,1513192032.1655672,1693
query,1513192032.16557,1513192032.2542317,3102
query,1513192032.2542355,1513192032.3284364,935
query,1513192032.3284404,1513192032.4364657,3534
query,1513192032.4364696,1513192032.507897,855
query,1513192032.5079005,1513192032.5766828,542
query,1513192032.5766864,1513192032.6657171,2932
query,1513192032.6657207,1513192032.7526016,3036
query,1513192032.7526057,1513192032.8276572,1941
query,1513192032.827662,1513192032.8952317,43
query,1513192032.895236,1513192032.9803677,3073
query,1513192032.9803712,1513192033.0773244,3305
query,1513192033.0773282,1513192033.1501067,1182
query,1513192033.1501098,1513192033.238537,2814
query,1513192033.2385418,1513192033.3060932,32
query,1513192033.3060963,1513192033.3964927,3306
query,1513192033.3964968,1513192033.4454498,1
query,1513192033.445455,1513192033.5225046,1644
query,1513192033.5225086,1513192033.5901895,647
query,1513192033.590232,1513192033.6951451,2656
query,1513192033.7090485,1513192033.806231,3043
query,1513192033.8062348,1513192033.8491433,0
query,1513192033.849147,1513192033.9455442,3069
query,1513192033.945549,1513192034.0212433,1489
query,1513192034.0212471,1513192034.1153898,3272
query,1513192034.115394,1513192034.185858,337
query,1513192034.1858618,1513192034.2666605,3235
query,1513192034.2666645,1513192034.363334,2979
query,1513192034.363338,1513192034.4352124,1383
query,1513192034.4352164,1513192034.532087,3205
query,1513192034.5320911,1513192034.591445,4
query,1513192034.591449,1513192034.661221,389
query,1513192034.661225,1513192034.7315254,894
query,1513192034.7315283,1513192034.808051,2729
query,1513192034.8080552,1513192034.8897886,2472
query,1513192034.8897922,1513192034.951937,1347
query,1513192034.9519405,1513192035.018879,1696
query,1513192035.0188832,1513192035.0889783,231
query,1513192035.088983,1513192035.1664774,2366
query,1513192035.1665173,1513192035.2589893,75
query,1513192035.2712667,1513192035.3649938,3591
query,1513192035.3649974,1513192035.4419496,3140
query,1513192035.4419534,1513192035.5230386,1933
query,1513192035.5230417,1513192035.6077518,1029
query,1513192035.6077545,1513192035.6779602,65
query,1513192035.677964,1513192035.7542324,984
query,1513192035.7542374,1513192035.8315358,2002
query,1513192035.83154,1513192035.9015915,88
query,1513192035.9015954,1513192035.9832873,2260
query,1513192035.9832914,1513192036.058233,370
query,1513192036.0582376,1513192036.1298769,1065
query,1513192036.1298807,1513192036.2160912,897
query,1513192036.216095,1513192036.2998903,2102
query,1513192036.2998953,1513192036.3813796,2006
query,1513192036.3813846,1513192036.461922,2480
query,1513192036.4619257,1513192036.5391884,1757
query,1513192036.5391922,1513192036.6193519,2144
query,1513192036.619356,1513192036.7108116,3192
query,1513192036.7108157,1513192036.7866075,47
query,1513192036.7866497,1513192036.8991573,2849
query,1513192036.912971,1513192036.9608214,0
query,1513192036.9608254,1513192037.0307715,197
query,1513192037.0307758,1513192037.1000779,430
query,1513192037.100082,1513192037.180792,1325
query,1513192037.1807969,1513192037.2711222,3234
query,1513192037.2711265,1513192037.3384907,4
query,1513192037.3384953,1513192037.4134057,1880
query,1513192037.4134092,1513192037.4887295,1189
query,1513192037.4887335,1513192037.5327053,0
query,1513192037.5327098,1513192037.602211,643
query,1513192037.6022153,1513192037.6853216,2978
query,1513192037.6853256,1513192037.76818,190
query,1513192037.768184,1513192037.8429823,1560
query,1513192037.8429863,1513192037.9298697,2531
query,1513192037.9298732,1513192038.0053232,1916
query,1513192038.0053265,1513192038.0780592,1683
query,1513192038.0780632,1513192038.1578717,1423
query,1513192038.1578746,1513192038.2306933,739
query,1513192038.2306964,1513192038.3042672,874
query,1513192038.3043008,1513192038.4271727,2829
query,1513192038.4387207,1513192038.5203955,2801
query,1513192038.520399,1513192038.592942,337
query,1513192038.592946,1513192038.6814344,3066
query,1513192038.681439,1513192038.7548351,420
query,1513192038.75484,1513192038.8249547,6
query,1513192038.824959,1513192038.9057622,1055
query,1513192038.905766,1513192039.002539,3098
query,1513192039.0025423,1513192039.0757039,774
query,1513192039.0757084,1513192039.1439006,637
query,1513192039.143905,1513192039.2165563,1114
query,1513192039.21656,1513192039.2850037,218
query,1513192039.2850072,1513192039.3627765,1750
query,1513192039.362781,1513192039.4365602,1310
query,1513192039.4365647,1513192039.5157347,1748
query,1513192039.5157385,1513192039.6125002,3081
query,1513192039.6125038,1513192039.6883502,2205
query,1513192039.6883533,1513192039.7753484,2337
query,1513192039.7753525,1513192039.825478,1
query,1513192039.8254817,1513192039.8955796,953
query,1513192039.8956082,1513192039.9879305,471
query,1513192040.0004907,1513192040.079197,2062
query,1513192040.079201,1513192040.1584675,2749
query,1513192040.158471,1513192040.2344258,1695
query,1513192040.2344296,1513192040.309156,1097
query,1513192040.3091588,1513192040.3886454,2363
query,1513192040.388649,1513192040.4706855,1733
query,1513192040.4706893,1513192040.5464978,469
query,1513192040.5465016,1513192040.6226032,496
query,1513192040.622607,1513192040.710014,2991
query,1513192040.7100177,1513192040.784508,63
query,1513192040.7845118,1513192040.872672,2892
query,1513192040.8726764,1513192040.9446156,1079
query,1513192040.9446194,1513192041.013966,549
query,1513192041.0139701,1513192041.102696,2588
query,1513192041.1027002,1513192041.1749556,1183
query,1513192041.1749592,1513192041.2518997,1535
query,1513192041.2519038,1513192041.3345578,2285
query,1513192041.3345618,1513192041.4102206,74
query,1513192041.4102259,1513192041.4869385,776
query,1513192041.4869766,1513192041.5574756,4
query,1513192041.571511,1513192041.6416874,467
query,1513192041.641691,1513192041.734301,2475
query,1513192041.7343047,1513192041.8234708,2239
query,1513192041.823475,1513192041.9091473,2395
query,1513192041.909151,1513192042.0015316,2051
query,1513192042.0015361,1513192042.08217,2339
query,1513192042.082174,1513192042.1492288,123
query,1513192042.1492324,1513192042.2269228,2695
query,1513192042.226926,1513192042.2994988,762
query,1513192042.2995026,1513192042.3689594,681
query,1513192042.368963,1513192042.4407437,1666
query,1513192042.4407475,1513192042.5188494,1450
query,1513192042.5188532,1513192042.6032467,2546
query,1513192042.603251,1513192042.68193,2030
query,1513192042.6819336,1513192042.7636192,7
query,1513192042.7636232,1513192042.821731,2
query,1513192042.8217351,1513192042.8957503,1526
query,1513192042.895754,1513192042.9796963,1992
query,1513192042.9797,1513192043.0514905,922
query,1513192043.051528,1513192043.1436498,1413
query,1513192043.1551142,1513192043.2296035,2438
query,1513192043.229607,1513192043.3081954,1228
query,1513192043.3081982,1513192043.3808343,790
query,1513192043.380839,1513192043.4692852,3244
query,1513192043.46929,1513192043.5475805,1275
query,1513192043.5475852,1513192043.6314168,2645
query,1513192043.6314204,1513192043.7034485,1063
query,1513192043.7034526,1513192043.7760203,1415
query,1513192043.776025,1513192043.849644,1564
query,1513192043.849648,1513192043.9425926,3499
query,1513192043.9425972,1513192044.0262494,13
query,1513192044.0262532,1513192044.1139555,2893
query,1513192044.1139588,1513192044.1950955,2486
query,1513192044.1951005,1513192044.2741952,2592
query,1513192044.2742002,1513192044.3490489,1985
query,1513192044.3490531,1513192044.425477,1366
query,1513192044.4254808,1513192044.5147898,2849
query,1513192044.514793,1513192044.6045985,3120
query,1513192044.6046028,1513192044.6923602,2376
query,1513192044.6924074,1513192044.7795725,1161
query,1513192044.7932594,1513192044.846868,0
query,1513192044.8468719,1513192044.92702,1779
query,1513192044.9270234,1513192045.020537,3348
query,1513192045.0205412,1513192045.0892916,618
query,1513192045.089301,1513192045.168103,2499
query,1513192045.168106,1513192045.2495997,2493
query,1513192045.2496023,1513192045.328659,855
query,1513192045.3286626,1513192045.406342,1606
query,1513192045.4063458,1513192045.4900105,2455
query,1513192045.4900148,1513192045.570495,1016
query,1513192045.5704997,1513192045.664955,959
query,1513192045.6649587,1513192045.7390616,1415
query,1513192045.7390664,1513192045.8197656,2308
query,1513192045.8197713,1513192045.897638,2324
query,1513192045.897642,1513192045.9855,3311
query,1513192045.985504,1513192046.0304415,0
query,1513192046.0304465,1513192046.11382,1721
query,1513192046.1138244,1513192046.1965392,1839
query,1513192046.1965432,1513192046.2807052,2607
query,1513192046.2807522,1513192046.3721476,1213
query,1513192046.3854415,1513192046.4590495,1545
query,1513192046.4590533,1513192046.5437388,2652
query,1513192046.5437427,1513192046.6358244,3266
query,1513192046.6358283,1513192046.7003598,1360
query,1513192046.7003636,1513192046.7658505,1335
query,1513192046.7658546,1513192046.8401518,1842
query,1513192046.8401556,1513192046.9006052,1284
query,1513192046.9006085,1513192046.967841,1213
query,1513192046.9678447,1513192047.0446205,3826
query,1513192047.0446243,1513192047.117182,2105
query,1513192047.1171858,1513192047.1847644,2646
query,1513192047.1848001,1513192047.264073,3560
query,1513192047.264077,1513192047.3354607,2543
query,1513192047.3354647,1513192047.4071333,1825
query,1513192047.407137,1513192047.4752464,965
query,1513192047.47525,1513192047.5475721,774
query,1513192047.5475764,1513192047.6195872,921
query,1513192047.6195912,1513192047.706838,2891
query,1513192047.706842,1513192047.7803104,1665
query,1513192047.780352,1513192047.8759382,2266
query,1513192047.8896756,1513192047.9686918,3519
query,1513192047.9686956,1513192048.0521526,3221
query,1513192048.0521564,1513192048.1218438,1126
query,1513192048.1218476,1513192048.1998503,2653
query,1513192048.1998549,1513192048.2789423,2934
query,1513192048.278946,1513192048.3571055,2632
query,1513192048.3571093,1513192048.4349928,2385
query,1513192048.4349976,1513192048.5182335,3024
query,1513192048.518237,1513192048.5839632,277
query,1513192048.5839665,1513192048.6516883,440
query,1513192048.651692,1513192048.7261076,804
query,1513192048.7261114,1513192048.7987912,1016
query,1513192048.7987947,1513192048.8691325,615
query,1513192048.8691378,1513192048.9704123,3614
query,1513192048.9704175,1513192049.06646,3244
query,1513192049.0664635,1513192049.142958,2080
query,1513192049.142961,1513192049.1851852,0
query,1513192049.185188,1513192049.2569153,1010
query,1513192049.256919,1513192049.3331609,1625
query,1513192049.3331993,1513192049.4234588,20
query,1513192049.4324658,1513192049.5061696,1455
query,1513192049.5061736,1513192049.577643,544
query,1513192049.5776467,1513192049.6694467,3477
query,1513192049.6694508,1513192049.7593586,3287
query,1513192049.7593625,1513192049.8272395,54
query,1513192049.8272436,1513192049.9042923,2135
query,1513192049.904299,1513192049.9738524,515
query,1513192049.973857,1513192050.05072,1511
query,1513192050.050724,1513192050.1334186,2522
query,1513192050.1334238,1513192050.216552,2125
query,1513192050.2165558,1513192050.2654338,0
query,1513192050.2654378,1513192050.3434691,1476
query,1513192050.3434732,1513192050.4133825,94
query,1513192050.4133873,1513192050.4873612,1579
query,1513192050.4873645,1513192050.5759273,1756
query,1513192050.5759313,1513192050.6472645,521
query,1513192050.6472683,1513192050.7275298,1733
query,1513192050.7275336,1513192050.8069942,2152
query,1513192050.8069983,1513192050.9198256,3628
query,1513192050.9198632,1513192051.014081,324
query,1513192051.027681,1513192051.1134856,2666
query,1513192051.11349,1513192051.1855402,839
query,1513192051.185544,1513192051.2579372,508
query,1513192051.25794,1513192051.3399131,2376
query,1513192051.3399167,1513192051.4176824,2502
query,1513192051.417685,1513192051.4836395,680
query,1513192051.4836423,1513192051.5693336,2766
query,1513192051.5693376,1513192051.6675985,3356
query,1513192051.6676013,1513192051.746721,1226
query,1513192051.7467263,1513192051.8165305,180
query,1513192051.8165336,1513192051.894338,1411
query,1513192051.8943415,1513192051.969665,1004
query,1513192051.9696686,1513192052.0113485,0
query,1513192052.0113518,1513192052.0903776,1941
query,1513192052.090381,1513192052.162644,1207
query,1513192052.162648,1513192052.2398357,1554
query,1513192052.239839,1513192052.3121889,1859
query,1513192052.3121927,1513192052.3654804,5
query,1513192052.365484,1513192052.4346955,458
query,1513192052.434733,1513192052.541017,467
query,1513192052.554775,1513192052.6300502,618
query,1513192052.630054,1513192052.7030408,938
query,1513192052.7030444,1513192052.7832842,4
query,1513192052.783288,1513192052.8534148,65
query,1513192052.853418,1513192052.9277096,1648
query,1513192052.9277139,1513192052.9995663,142
query,1513192052.9995701,1513192053.070014,695
query,1513192053.0700176,1513192053.140993,747
query,1513192053.1409965,1513192053.2167552,1943
query,1513192053.216759,1513192053.3064375,2950
query,1513192053.306441,1513192053.3749802,578
query,1513192053.3749845,1513192053.454433,3011
query,1513192053.454437,1513192053.5283115,1034
query,1513192053.5283153,1513192053.5919058,1096
query,1513192053.5919096,1513192053.6613264,779
query,1513192053.6613295,1513192053.718758,5
query,1513192053.7187617,1513192053.7841704,1045
query,1513192053.7841737,1513192053.864758,2896
query,1513192053.8647625,1513192053.9518347,3041
query,1513192053.9518847,1513192054.0308635,1911
query,1513192054.044317,1513192054.1315138,3075
query,1513192054.131518,1513192054.2168312,2898
query,1513192054.2168353,1513192054.2888513,1168
query,1513192054.288855,1513192054.3808973,3497
query,1513192054.3809013,1513192054.4238427,0
query,1513192054.423847,1513192054.5090919,2703
query,1513192054.5090961,1513192054.589935,1816
query,1513192054.5899389,1513192054.6624522,2007
query,1513192054.6624563,1513192054.7355263,1088
query,1513192054.7355301,1513192054.8126369,1423
query,1513192054.8126407,1513192054.8812382,319
query,1513192054.881242,1513192054.9587154,1958
query,1513192054.9587195,1513192055.028172,834
query,1513192055.0281758,1513192055.1085176,1994
query,1513192055.1085227,1513192055.1867461,1737
query,1513192055.186751,1513192055.2754169,3039
query,1513192055.275421,1513192055.3639865,3207
query,1513192055.3639903,1513192055.43695,2148
query,1513192055.436954,1513192055.5237179,2764
query,1513192055.5237591,1513192055.6165242,631
query,1513192055.6288118,1513192055.7082045,988
query,1513192055.7082086,1513192055.7789614,804
query,1513192055.778965,1513192055.8521202,942
query,1513192055.852124,1513192055.9288263,1487
query,1513192055.9288306,1513192056.022993,3264
query,1513192056.0229983,1513192056.0971115,1082
query,1513192056.0971148,1513192056.1849754,1914
query,1513192056.1849787,1513192056.2635384,2471
query,1513192056.2635424,1513192056.337154,435
query,1513192056.337157,1513192056.4081817,1055
query,1513192056.4081843,1513192056.4932213,2612
query,1513192056.4932241,1513192056.5697403,1042
query,1513192056.569743,1513192056.66338,3051
query,1513192056.663384,1513192056.7379694,2285
query,1513192056.7379727,1513192056.8175416,2989
query,1513192056.817546,1513192056.8980823,2543
query,1513192056.898086,1513192056.9738138,1632
query,1513192056.9738178,1513192057.0414224,51
query,1513192057.0414262,1513192057.1212676,2864
query,1513192057.1213074,1513192057.2310433,2711
query,1513192057.2436347,1513192057.3129447,47
query,1513192057.3129485,1513192057.39379,1811
query,1513192057.3937933,1513192057.4397628,1
query,1513192057.4397664,1513192057.5127156,920
query,1513192057.5127196,1513192057.5839894,95
query,1513192057.5839927,1513192057.673614,2475
query,1513192057.6736176,1513192057.7706053,3114
query,1513192057.7706094,1513192057.8595579,3174
query,1513192057.8595617,1513192057.9370615,1838
query,1513192057.9370658,1513192058.0070033,169
query,1513192058.0070071,1513192058.0841775,1508
query,1513192058.0841808,1513192058.1642966,2610
query,1513192058.164301,1513192058.246453,3352
query,1513192058.246457,1513192058.3340387,1991
query,1513192058.334043,1513192058.3764365,0
query,1513192058.3764415,1513192058.457695,2568
query,1513192058.4576988,1513192058.54959,1534
query,1513192058.5495937,1513192058.6480176,2904
query,1513192058.6480217,1513192058.7257326,1917
query,1513192058.7257705,1513192058.7991345,2
query,1513192058.8093488,1513192058.9016025,3858
query,1513192058.9016063,1513192058.977014,721
query,1513192058.9770179,1513192059.025863,0
query,1513192059.025866,1513192059.1067917,2197
query,1513192059.1067953,1513192059.1876552,2237
query,1513192059.187659,1513192059.2696047,2579
query,1513192059.269609,1513192059.3393433,1150
query,1513192059.3393471,1513192059.4174757,100
query,1513192059.4174793,1513192059.4879048,92
query,1513192059.48791,1513192059.5760534,2430
query,1513192059.5760572,1513192059.6539156,2592
query,1513192059.6539195,1513192059.738007,2979
query,1513192059.7380106,1513192059.8359156,3052
query,1513192059.8359191,1513192059.9097416,32
query,1513192059.9097455,1513192059.9898665,2728
query,1513192059.9898703,1513192060.069256,1867
query,1513192060.0692606,1513192060.1390135,323
query,1513192060.1390178,1513192060.212656,1262
query,1513192060.21266,1513192060.2822437,130
query,1513192060.2822838,1513192060.3757284,344
query,1513192060.388259,1513192060.4875274,3262
query,1513192060.4875321,1513192060.562853,1415
query,1513192060.5628572,1513192060.6471632,2469
query,1513192060.6471672,1513192060.733843,2880
query,1513192060.7338474,1513192060.8191135,2799
query,1513192060.819117,1513192060.8994,2158
query,1513192060.8994036,1513192060.9704247,2142
query,1513192060.970429,1513192061.0469427,1473
query,1513192061.0469463,1513192061.1224344,1451
query,1513192061.122439,1513192061.1906776,547
query,1513192061.1906812,1513192061.2644315,839
query,1513192061.2644343,1513192061.3431323,2154
query,1513192061.3431349,1513192061.3877633,0
query,1513192061.3877664,1513192061.4805977,2926
query,1513192061.4806015,1513192061.5555263,2548
query,1513192061.5555308,1513192061.6341674,1992
query,1513192061.6341715,1513192061.7182038,1991
query,1513192061.7182078,1513192061.797426,2903
query,1513192061.7974296,1513192061.8730779,1512
query,1513192061.873117,1513192061.9382157,1
query,1513192061.9413855,1513192062.0108593,116
query,1513192062.0108638,1513192062.0868738,1757
query,1513192062.0868783,1513192062.1700957,2145
query,1513192062.1700995,1513192062.2341866,1795
query,1513192062.2341905,1513192062.3104913,2966
query,1513192062.310495,1513192062.3903015,1160
query,1513192062.390305,1513192062.4694054,2302
query,1513192062.4694088,1513192062.5544949,2931
query,1513192062.5544996,1513192062.6464887,3636
query,1513192062.646493,1513192062.687924,0
query,1513192062.6879277,1513192062.7576585,881
query,1513192062.7576625,1513192062.8259494,313
query,1513192062.8259532,1513192062.9039292,1535
query,1513192062.9039333,1513192062.9942079,3108
query,1513192062.994212,1513192063.075299,2763
query,1513192063.075303,1513192063.1671588,3034
query,1513192063.167163,1513192063.234958,6
query,1513192063.2349617,1513192063.2804143,0
query,1513192063.280417,1513192063.375441,3312
query,1513192063.3754687,1513192063.4677112,45
query,1513192063.4815688,1513192063.552591,753
query,1513192063.5525951,1513192063.6437862,3080
query,1513192063.6437898,1513192063.7313364,2661
query,1513192063.731341,1513192063.8134143,1889
query,1513192063.8134193,1513192063.8995275,2513
query,1513192063.8995314,1513192063.970023,40
query,1513192063.9700265,1513192064.0615005,2584
query,1513192064.0615048,1513192064.140391,1553
query,1513192064.1403956,1513192064.2125723,870
query,1513192064.2125762,1513192064.2829545,866
query,1513192064.2829585,1513192064.3566196,1237
query,1513192064.3566222,1513192064.4345334,2439
query,1513192064.4345376,1513192064.5120053,2108
query,1513192064.5120091,1513192064.582554,107
query,1513192064.5825582,1513192064.6794343,2841
query,1513192064.6794388,1513192064.754384,1804
query,1513192064.7543888,1513192064.8341405,2559
query,1513192064.834145,1513192064.9142175,2886
query,1513192064.914222,1513192065.0026586,3245
query,1513192065.0026965,1513192065.0946982,1524
query,1513192065.108992,1513192065.19472,2714
query,1513192065.194724,1513192065.2766504,3152
query,1513192065.2766547,1513192065.3437393,4
query,1513192065.3437426,1513192065.4173868,1720
query,1513192065.4173906,1513192065.493791,1390
query,1513192065.493795,1513192065.5646045,556
query,1513192065.5646086,1513192065.6490762,2580
query,1513192065.6490846,1513192065.7214453,764
query,1513192065.721449,1513192065.8053932,2611
query,1513192065.8053973,1513192065.881911,925
query,1513192065.8819153,1513192065.9630847,2454
query,1513192065.963089,1513192066.0352836,1559
query,1513192066.0352876,1513192066.1131413,1712
query,1513192066.113146,1513192066.1868823,1280
query,1513192066.186886,1513192066.258055,306
query,1513192066.2580585,1513192066.3300376,341
query,1513192066.3300407,1513192066.397899,574
query,1513192066.3979023,1513192066.4726884,1478
query,1513192066.4726923,1513192066.5457766,555
query,1513192066.5458126,1513192066.6426768,1138
query,1513192066.6570961,1513192066.7352421,1026
query,1513192066.735246,1513192066.841061,3315
query,1513192066.841065,1513192066.9134834,1561
query,1513192066.9134877,1513192067.0036345,1872
query,1513192067.0036383,1513192067.0912147,2939
query,1513192067.0912185,1513192067.1749148,2852
query,1513192067.1749196,1513192067.2405365,1228
query,1513192067.2405405,1513192067.3306031,2548
query,1513192067.330607,1513192067.4133618,2929
query,1513192067.4133658,1513192067.5005257,2746
query,1513192067.5005295,1513192067.584715,2088
query,1513192067.5847187,1513192067.645819,815
query,1513192067.6458232,1513192067.7220123,1901
query,1513192067.722016,1513192067.793808,2333
query,1513192067.7938118,1513192067.8625202,1070
query,1513192067.8625238,1513192067.9474223,3155
query,1513192067.947426,1513192068.0137954,2019
query,1513192068.013799,1513192068.0961523,2574
query,1513192068.0961561,1513192068.1778562,2858
query,1513192068.1778953,1513192068.2419224,0
query,1513192068.2432683,1513192068.3130898,616
query,1513192068.313094,1513192068.380988,470
query,1513192068.3809917,1513192068.4621193,710
query,1513192068.4621234,1513192068.5464532,2676
query,1513192068.546457,1513192068.6358387,1257
query,1513192068.635843,1513192068.7084374,1238
query,1513192068.708442,1513192068.7957883,2935
query,1513192068.7957919,1513192068.8829062,468
query,1513192068.8829103,1513192068.9607425,2082
query,1513192068.9607465,1513192069.0038793,0
query,1513192069.0038836,1513192069.0821388,1602
query,1513192069.0821424,1513192069.1256025,1
query,1513192069.125607,1513192069.191935,1
query,1513192069.1919384,1513192069.273679,2399
query,1513192069.2736845,1513192069.3460224,163
query,1513192069.346029,1513192069.4165552,1334
query,1513192069.4165604,1513192069.5028226,3035
query,1513192069.502827,1513192069.5763974,930
query,1513192069.576402,1513192069.646855,1068
query,1513192069.6468894,1513192069.7603612,3314
query,1513192069.7705834,1513192069.8527625,2592
query,1513192069.8527656,1513192069.927992,1562
query,1513192069.927995,1513192069.9715283,0
query,1513192069.971531,1513192070.054957,2190
query,1513192070.0549607,1513192070.139003,2888
query,1513192070.139007,1513192070.2054322,1629
query,1513192070.2054348,1513192070.277493,2186
query,1513192070.2774956,1513192070.3466976,608
query,1513192070.3467004,1513192070.4229593,1705
query,1513192070.422963,1513192070.4875054,0
query,1513192070.4875093,1513192070.5651948,1982
query,1513192070.5651975,1513192070.6081972,1
query,1513192070.6082013,1513192070.682769,1526
query,1513192070.6827734,1513192070.7523692,210
query,1513192070.7523746,1513192070.8255186,890
query,1513192070.8255222,1513192070.900144,466
query,1513192070.900148,1513192070.9755988,1709
query,1513192070.9756026,1513192071.0464811,1113
query,1513192071.046485,1513192071.1378741,3040
query,1513192071.137909,1513192071.2320933,151
query,1513192071.2459176,1513192071.290752,0
query,1513192071.2907557,1513192071.3648648,1152
query,1513192071.3648689,1513192071.4500618,2834
query,1513192071.4500647,1513192071.5171018,10
query,1513192071.5171049,1513192071.6005669,1900
query,1513192071.6005702,1513192071.6746452,1290
query,1513192071.674648,1513192071.7518833,1903
query,1513192071.751886,1513192071.8263764,1912
query,1513192071.8263807,1513192071.905363,1790
query,1513192071.905369,1513192071.9963021,2684
query,1513192071.9963055,1513192072.0787578,2545
query,1513192072.078761,1513192072.149175,1019
query,1513192072.1491797,1513192072.234831,2985
query,1513192072.2348354,1513192072.280734,0
query,1513192072.280739,1513192072.3683012,2794
query,1513192072.368305,1513192072.439021,302
query,1513192072.439025,1513192072.5239341,998
query,1513192072.5239384,1513192072.5949318,1302
query,1513192072.594936,1513192072.6821535,3638
query,1513192072.6821966,1513192072.797943,2737
query,1513192072.813163,1513192072.8992114,2291
query,1513192072.8992152,1513192072.9801004,2500
query,1513192072.9801037,1513192073.0592504,1751
query,1513192073.059254,1513192073.1353388,598
query,1513192073.1353438,1513192073.2031713,311
query,1513192073.2031748,1513192073.2471952,0
query,1513192073.2471983,1513192073.3423545,2967
query,1513192073.3423588,1513192073.4404182,3157
query,1513192073.4404223,1513192073.5173664,1923
query,1513192073.5173702,1513192073.6019328,3459
query,1513192073.601937,1513192073.6789455,2010
query,1513192073.6789494,1513192073.7783515,2946
query,1513192073.778355,1513192073.8515284,729
query,1513192073.8515322,1513192073.9330497,2746
query,1513192073.9330535,1513192074.024562,3039
query,1513192074.024566,1513192074.1102889,2589
query,1513192074.1102931,1513192074.1865113,1520
query,1513192074.1865146,1513192074.286325,3416
query,1513192074.2863312,1513192074.3628285,1477
query,1513192074.3628662,1513192074.4664478,3219
query,1513192074.480125,1513192074.56817,2952
query,1513192074.5681744,1513192074.6497848,2524
query,1513192074.6497886,1513192074.7429194,3287
query,1513192074.7429237,1513192074.8142133,6
query,1513192074.814217,1513192074.8895125,2282
query,1513192074.889516,1513192074.964746,1936
query,1513192074.9647505,1513192075.014139,1
query,1513192075.014142,1513192075.0961323,2287
query,1513192075.096136,1513192075.195382,3454
query,1513192075.1953855,1513192075.2639077,206
query,1513192075.2639108,1513192075.3440077,1734
query,1513192075.344011,1513192075.4150367,316
query,1513192075.4150407,1513192075.5024269,2583
query,1513192075.5024304,1513192075.5900476,2916
query,1513192075.590051,1513192075.6594043,53
query,1513192075.6594086,1513192075.724128,1300
query,1513192075.7241306,1513192075.7860408,972
query,1513192075.7860448,1513192075.8630877,3145
query,1513192075.863092,1513192075.9358485,2805
query,1513192075.9359047,1513192076.0361197,3053
query,1513192076.0485299,1513192076.1531956,2305
query,1513192076.1531997,1513192076.2434063,1150
query,1513192076.2434094,1513192076.309075,2104
query,1513192076.309078,1513192076.3794515,1113
query,1513192076.3794541,1513192076.4512222,950
query,1513192076.4512258,1513192076.5347662,2710
query,1513192076.534772,1513192076.6081157,1494
query,1513192076.6081192,1513192076.6958466,2810
query,1513192076.6958516,1513192076.7703173,597
query,1513192076.7703218,1513192076.8462033,2483
query,1513192076.846208,1513192076.9347973,2825
query,1513192076.9348013,1513192077.0126493,1569
query,1513192077.0126529,1513192077.0830038,494
query,1513192077.0830085,1513192077.168197,2455
query,1513192077.1682026,1513192077.254241,1753
query,1513192077.254245,1513192077.3352742,1675
query,1513192077.3352778,1513192077.4245927,2830
query,1513192077.4245963,1513192077.4955995,991
query,1513192077.4956028,1513192077.5699859,1211
query,1513192077.5700269,1513192077.6837308,3043
query,1513192077.6981564,1513192077.7778711,2628
query,1513192077.777875,1513192077.8592093,1525
query,1513192077.859213,1513192077.936129,1416
query,1513192077.9361339,1513192078.0048707,685
query,1513192078.004875,1513192078.0794218,957
query,1513192078.0794256,1513192078.15276,1268
query,1513192078.1527653,1513192078.2559423,2225
query,1513192078.2559466,1513192078.3360937,1698
query,1513192078.3360984,1513192078.4110804,1090
query,1513192078.411084,1513192078.4976468,2752
query,1513192078.4976509,1513192078.5857265,3197
query,1513192078.585732,1513192078.6609983,1081
query,1513192078.6610055,1513192078.7517884,2019
query,1513192078.7517936,1513192078.8216457,12
query,1513192078.8216498,1513192078.9036772,2813
query,1513192078.9036803,1513192078.973376,160
query,1513192078.973379,1513192079.0488083,1038
query,1513192079.0488122,1513192079.1386065,3234
query,1513192079.1386104,1513192079.2092159,574
query,1513192079.2092478,1513192079.305794,1631
query,1513192079.3194437,1513192079.3933182,2006
query,1513192079.393322,1513192079.4814937,2365
query,1513192079.4814973,1513192079.5749693,2580
query,1513192079.574973,1513192079.6470006,665
query,1513192079.6470041,1513192079.7194417,24
query,1513192079.719446,1513192079.7870553,28
query,1513192079.7870598,1513192079.854725,33
query,1513192079.8547285,1513192079.927342,1453
query,1513192079.9273458,1513192080.0154665,2869
query,1513192080.0154707,1513192080.0921752,1636
query,1513192080.092179,1513192080.1814868,2520
query,1513192080.1814914,1513192080.2654269,2471
query,1513192080.2654312,1513192080.333708,4
query,1513192080.333712,1513192080.4132566,3173
query,1513192080.4132602,1513192080.4914126,1701
query,1513192080.4914167,1513192080.5790625,3070
query,1513192080.579067,1513192080.6575336,2335
query,1513192080.6575394,1513192080.702733,0
query,1513192080.702737,1513192080.7789366,1916
query,1513192080.7789743,1513192080.869992,80
query,1513192080.8836472,1513192080.9718451,2959
query,1513192080.971849,1513192081.0635834,2515
query,1513192081.0635872,1513192081.1398716,1898
query,1513192081.1398761,1513192081.1860511,0
query,1513192081.186057,1513192081.2666914,1623
query,1513192081.2666953,1513192081.3498445,2093
query,1513192081.3498485,1513192081.4416583,2904
query,1513192081.4416625,1513192081.5121787,637
query,1513192081.5121822,1513192081.5890758,820
query,1513192081.5890791,1513192081.661809,1425
query,1513192081.6618133,1513192081.73638,260
query,1513192081.7363846,1513192081.7899988,2
query,1513192081.7900028,1513192081.8709435,1858
query,1513192081.8709483,1513192081.9529657,2867
query,1513192081.9529698,1513192082.0344045,2315
query,1513192082.0344083,1513192082.1012697,9
query,1513192082.1012735,1513192082.1711023,1046
query,1513192082.1711059,1513192082.2545633,1781
query,1513192082.254567,1513192082.3276994,1125
query,1513192082.3277404,1513192082.4388554,3090
query,1513192082.4513445,1513192082.5383313,2863
query,1513192082.538336,1513192082.5925283,3
query,1513192082.5925317,1513192082.6733918,2275
query,1513192082.6733956,1513192082.7568386,1953
query,1513192082.756843,1513192082.8265753,635
query,1513192082.8265808,1513192082.912601,3285
query,1513192082.912605,1513192082.983625,1125
query,1513192082.9836285,1513192083.052742,41
query,1513192083.0527463,1513192083.1235044,329
query,1513192083.1235082,1513192083.2104032,2538
query,1513192083.210407,1513192083.2805257,1560
query,1513192083.2805302,1513192083.3495731,548
query,1513192083.3495767,1513192083.4280026,2762
query,1513192083.4280064,1513192083.4925945,1218
query,1513192083.4925983,1513192083.5596762,2372
query,1513192083.5596797,1513192083.6416264,3220
query,1513192083.6416314,1513192083.7106066,397
query,1513192083.7106106,1513192083.7814395,291
query,1513192083.7814436,1513192083.852172,360
query,1513192083.8522162,1513192083.9667003,3479
query,1513192083.9813519,1513192084.064696,861
query,1513192084.0647,1513192084.1452968,1151
query,1513192084.1452997,1513192084.2223628,1269
query,1513192084.2223666,1513192084.2956805,532
query,1513192084.2956846,1513192084.3922222,3348
query,1513192084.3922265,1513192084.4823115,2970
query,1513192084.482315,1513192084.5554316,399
query,1513192084.5554364,1513192084.6244876,449
query,1513192084.624492,1513192084.703586,1493
query,1513192084.7035902,1513192084.7719042,1443
query,1513192084.7719083,1513192084.841983,429
query,1513192084.8419886,1513192084.9267256,2806
query,1513192084.9267309,1513192085.0142314,2969
query,1513192085.0142355,1513192085.0592911,0
query,1513192085.0592947,1513192085.1364567,1566
query,1513192085.1364605,1513192085.2336679,3419
query,1513192085.2336717,1513192085.3313637,1708
query,1513192085.3313675,1513192085.4232924,3144
query,1513192085.423296,1513192085.4980085,2014
query,1513192085.498046,1513192085.6119497,3271
query,1513192085.6235597,1513192085.6924634,62
query,1513192085.6924675,1513192085.7711782,1368
query,1513192085.7711842,1513192085.842944,401
query,1513192085.8429484,1513192085.9192855,1187
query,1513192085.91929,1513192086.0071223,2498
query,1513192086.0071268,1513192086.0992193,3223
query,1513192086.0992227,1513192086.1798482,2789
query,1513192086.1798518,1513192086.268982,2840
query,1513192086.2689862,1513192086.3446898,2460
query,1513192086.3446941,1513192086.429004,2401
query,1513192086.4290082,1513192086.5043015,1038
query,1513192086.5043054,1513192086.5766294,679
query,1513192086.5766332,1513192086.6663013,2617
query,1513192086.666304,1513192086.7600675,3498
query,1513192086.7600722,1513192086.8263094,4
query,1513192086.826314,1513192086.9092207,2078
query,1513192086.909225,1513192086.9820163,1014
query,1513192086.9820216,1513192087.0415823,2
query,1513192087.041586,1513192087.0859675,0
query,1513192087.0860252,1513192087.1568863,181
query,1513192087.171579,1513192087.253778,1202
query,1513192087.253782,1513192087.336236,2670
query,1513192087.3362699,1513192087.4203436,2687
query,1513192087.4203475,1513192087.500506,2707
query,1513192087.5005116,1513192087.5792813,2564
query,1513192087.5792863,1513192087.6505077,457
query,1513192087.6505113,1513192087.709818,2
query,1513192087.7098222,1513192087.7850308,2037
query,1513192087.7850358,1513192087.8626068,1633
query,1513192087.862611,1513192087.9387577,513
query,1513192087.9387617,1513192088.019532,2698
query,1513192088.0195363,1513192088.0964763,1472
query,1513192088.0964842,1513192088.1844804,2930
query,1513192088.1844852,1513192088.2786345,3765
query,1513192088.278638,1513192088.3564672,748
query,1513192088.356471,1513192088.4260476,1186
query,1513192088.4260514,1513192088.5098367,2631
query,1513192088.509841,1513192088.5899692,2492
query,1513192088.5899723,1513192088.6744242,2789
