tables,1513470566.5647075,1513471241.3675785
query,1513471241.368087,1513471241.7571003,82
query,1513471241.7701027,1513471242.0178263,464
query,1513471242.017832,1513471242.2067182,635
query,1513471242.2067242,1513471242.3354023,85
query,1513471242.3354082,1513471242.525731,23
query,1513471242.5257368,1513471242.8171422,523
query,1513471242.8171458,1513471243.0973935,7
query,1513471243.0973983,1513471243.340159,25
query,1513471243.3401625,1513471243.5297184,114
query,1513471243.5297241,1513471243.73881,27
query,1513471243.738815,1513471243.9853163,78
query,1513471243.985323,1513471244.2020047,651
query,1513471244.2020102,1513471244.3742979,78
query,1513471244.3743043,1513471244.589341,570
query,1513471244.589345,1513471244.8051605,96
query,1513471244.805166,1513471245.0016418,391
query,1513471245.0016463,1513471245.2157822,13
query,1513471245.2157881,1513471245.436439,80
query,1513471245.4364457,1513471245.6036215,33
query,1513471245.6036258,1513471245.8677702,78
query,1513471245.8678317,1513471246.116088,150
query,1513471246.123974,1513471246.3204346,347
query,1513471246.320439,1513471246.5854843,82
query,1513471246.5854874,1513471246.8236861,623
query,1513471246.82369,1513471247.0096817,49
query,1513471247.0096867,1513471247.2135065,78
query,1513471247.2135124,1513471247.4652402,78
query,1513471247.4652455,1513471247.6794636,78
query,1513471247.679468,1513471247.969154,78
query,1513471247.9691594,1513471248.1815345,78
query,1513471248.18154,1513471248.3798354,5
query,1513471248.3798444,1513471248.5305126,17
query,1513471248.5305183,1513471248.8800545,956
query,1513471248.8800595,1513471249.0530412,204
query,1513471249.053045,1513471249.2930071,778
query,1513471249.2930126,1513471249.557436,422
query,1513471249.5574415,1513471249.707329,1
query,1513471249.707333,1513471249.8769014,518
query,1513471249.876906,1513471250.1201844,395
query,1513471250.1201892,1513471250.2950776,302
query,1513471250.2951388,1513471250.5323472,985
query,1513471250.540153,1513471250.7534037,859
query,1513471250.753408,1513471250.9353054,825
query,1513471250.9353108,1513471251.1256862,1410
query,1513471251.125691,1513471251.3180819,152
query,1513471251.318087,1513471251.5458853,899
query,1513471251.5458913,1513471251.7132187,801
query,1513471251.7132242,1513471251.991884,1397
query,1513471251.991889,1513471252.2312098,1
query,1513471252.2312138,1513471252.4482868,6
query,1513471252.448291,1513471252.6494484,809
query,1513471252.6494534,1513471252.8088968,0
query,1513471252.808902,1513471253.064637,1526
query,1513471253.0646448,1513471253.2784514,760
query,1513471253.2784562,1513471253.4567056,247
query,1513471253.4567103,1513471253.6315734,704
query,1513471253.6315782,1513471253.801497,281
query,1513471253.8015027,1513471254.300801,771
query,1513471254.300806,1513471254.478897,416
query,1513471254.4789052,1513471254.7048175,14
query,1513471254.7048655,1513471254.9392526,1
query,1513471254.9446912,1513471255.15476,260
query,1513471255.154764,1513471255.3600707,1529
query,1513471255.3600786,1513471255.55838,1180
query,1513471255.5583842,1513471255.7411826,23
query,1513471255.7411885,1513471255.894119,718
query,1513471255.8941238,1513471256.0716107,246
query,1513471256.0716162,1513471256.3279793,1118
query,1513471256.3279836,1513471256.51755,432
query,1513471256.517555,1513471256.6729345,255
query,1513471256.6729393,1513471256.869516,622
query,1513471256.8695207,1513471257.0533633,966
query,1513471257.0533679,1513471257.151781,0
query,1513471257.1517851,1513471257.324626,431
query,1513471257.3246305,1513471257.6073596,508
query,1513471257.6073647,1513471257.8225307,418
query,1513471257.8225374,1513471257.9408696,0
query,1513471257.9408743,1513471258.1163013,161
query,1513471258.1163068,1513471258.2930875,306
query,1513471258.293092,1513471258.5078685,222
query,1513471258.5079107,1513471258.7556818,718
query,1513471258.762737,1513471259.0440323,80
query,1513471259.0440369,1513471259.2181873,585
query,1513471259.2181962,1513471259.4333785,9
query,1513471259.433383,1513471259.6216612,800
query,1513471259.6216652,1513471259.813431,24
query,1513471259.8134353,1513471259.9411118,0
query,1513471259.9411185,1513471260.1279025,1113
query,1513471260.1279075,1513471260.3449678,47
query,1513471260.344973,1513471260.5359688,241
query,1513471260.5359735,1513471260.7281024,537
query,1513471260.7281075,1513471260.896014,104
query,1513471260.8960183,1513471261.1236937,449
query,1513471261.1236987,1513471261.3105683,195
query,1513471261.310573,1513471261.4748678,8
query,1513471261.4748728,1513471261.7586799,1017
query,1513471261.7586846,1513471261.9408195,179
query,1513471261.9408255,1513471262.1449337,1358
query,1513471262.144939,1513471262.3004642,660
query,1513471262.3004694,1513471262.4831161,1400
query,1513471262.4831617,1513471262.6937048,5
query,1513471262.706241,1513471262.8786554,491
query,1513471262.878661,1513471263.128419,466
query,1513471263.1284242,1513471263.3321846,65
query,1513471263.3321917,1513471263.517441,344
query,1513471263.5174465,1513471263.8000932,581
query,1513471263.8000987,1513471264.0771837,1175
query,1513471264.0771909,1513471264.3041725,911
query,1513471264.3041766,1513471264.473012,7
query,1513471264.473017,1513471264.6618807,1471
query,1513471264.6618857,1513471264.8321843,476
query,1513471264.8321905,1513471265.0089917,465
query,1513471265.008997,1513471265.2005632,139
query,1513471265.2005684,1513471265.3925884,334
query,1513471265.392596,1513471265.5639935,398
query,1513471265.5639982,1513471265.7491486,45
query,1513471265.7491536,1513471266.005267,172
query,1513471266.0052736,1513471266.1984897,1533
query,1513471266.198495,1513471266.3614686,145
query,1513471266.3614738,1513471266.5288138,13
query,1513471266.5288568,1513471266.7548132,92
query,1513471266.7691529,1513471266.933435,185
query,1513471266.93344,1513471267.1644053,1287
query,1513471267.164411,1513471267.3926528,8
query,1513471267.3926585,1513471267.554073,346
query,1513471267.554079,1513471267.7736578,819
query,1513471267.7736647,1513471267.9388273,50
query,1513471267.9388323,1513471268.1236222,1714
query,1513471268.1236315,1513471268.327417,38
query,1513471268.3274217,1513471268.5522099,1373
query,1513471268.5522144,1513471268.7427013,583
query,1513471268.7427075,1513471268.9163501,934
query,1513471268.9163556,1513471269.1154277,217
query,1513471269.1154318,1513471269.2856903,130
query,1513471269.2856956,1513471269.7152338,1322
query,1513471269.7152393,1513471269.9214914,9
query,1513471269.9214969,1513471270.1318662,144
query,1513471270.131871,1513471270.327054,728
query,1513471270.32706,1513471270.4971554,35
query,1513471270.4971592,1513471270.731974,413
query,1513471270.7320118,1513471270.9519522,356
query,1513471270.9643905,1513471271.1105585,830
query,1513471271.1105635,1513471271.3457632,378
query,1513471271.345768,1513471271.557042,211
query,1513471271.5570493,1513471271.7771764,919
query,1513471271.7771816,1513471271.9851012,1667
query,1513471271.9851077,1513471272.225641,211
query,1513471272.225646,1513471272.3961403,438
query,1513471272.3961453,1513471272.6323903,1221
query,1513471272.632395,1513471272.8404677,396
query,1513471272.8404727,1513471273.0266204,269
query,1513471273.0266266,1513471273.1997073,0
query,1513471273.1997125,1513471273.4056034,508
query,1513471273.4056084,1513471273.631137,487
query,1513471273.6311412,1513471273.7934637,3
query,1513471273.793472,1513471274.0113738,50
query,1513471274.0113776,1513471274.204118,516
query,1513471274.204122,1513471274.3797486,608
query,1513471274.379753,1513471274.6009037,1512
query,1513471274.6009092,1513471274.7884274,1041
query,1513471274.7884707,1513471275.0123568,267
query,1513471275.0262885,1513471275.2134843,983
query,1513471275.2134893,1513471275.3998978,509
query,1513471275.3999026,1513471275.579673,342
query,1513471275.5796778,1513471275.7532117,49
query,1513471275.7532165,1513471275.9212353,78
query,1513471275.92124,1513471276.126003,679
query,1513471276.126008,1513471276.3499072,1706
query,1513471276.3499122,1513471276.5196974,241
query,1513471276.5197017,1513471276.669754,65
query,1513471276.6697595,1513471276.8438966,1071
query,1513471276.843902,1513471277.0242822,188
query,1513471277.0242867,1513471277.1832306,110
query,1513471277.183236,1513471277.3889809,985
query,1513471277.3889854,1513471277.5566084,1238
query,1513471277.5566137,1513471277.7096913,1287
query,1513471277.7096965,1513471277.8829665,86
query,1513471277.8829718,1513471278.0319111,95
query,1513471278.031916,1513471278.2002606,644
query,1513471278.200264,1513471278.3608088,795
query,1513471278.36084,1513471278.573284,214
query,1513471278.5855937,1513471278.7953372,405
query,1513471278.795342,1513471278.9899647,581
query,1513471278.989969,1513471279.200365,1323
query,1513471279.2003698,1513471279.4392502,907
query,1513471279.439255,1513471279.6414,501
query,1513471279.6414058,1513471279.8454306,335
query,1513471279.8454354,1513471280.0014746,3
query,1513471280.0014794,1513471280.16308,13
query,1513471280.1630857,1513471280.339384,1518
query,1513471280.339389,1513471280.5121665,78
query,1513471280.5121717,1513471280.6727042,327
query,1513471280.672709,1513471280.8417482,1
query,1513471280.8417518,1513471281.060054,739
query,1513471281.0600586,1513471281.2237742,0
query,1513471281.2237794,1513471281.4049873,1042
query,1513471281.4049914,1513471281.5640807,550
query,1513471281.5640862,1513471281.7684205,202
query,1513471281.768425,1513471281.9598393,916
query,1513471281.9598448,1513471282.19827,1342
query,1513471282.198339,1513471282.4456596,203
query,1513471282.458153,1513471282.664752,11
query,1513471282.664757,1513471282.8772056,433
query,1513471282.8772097,1513471283.0185447,323
query,1513471283.0185492,1513471283.1985223,732
query,1513471283.1985266,1513471283.3915892,734
query,1513471283.391595,1513471283.73086,1419
query,1513471283.7308652,1513471283.8815222,146
query,1513471283.8815284,1513471284.1229804,0
query,1513471284.1229863,1513471284.4321675,464
query,1513471284.4321723,1513471284.6387386,50
query,1513471284.638743,1513471284.8238847,382
query,1513471284.8238897,1513471285.1110559,1237
query,1513471285.1110613,1513471285.3941011,306
query,1513471285.3941078,1513471285.668691,273
query,1513471285.6686957,1513471285.889457,888
query,1513471285.8894622,1513471286.1139152,184
query,1513471286.1139205,1513471286.3604586,231
query,1513471286.3604639,1513471286.5675545,518
query,1513471286.5675585,1513471286.7937284,237
query,1513471286.7937663,1513471287.0826535,744
query,1513471287.0972953,1513471287.3074603,29
query,1513471287.3074653,1513471287.4919026,546
query,1513471287.4919076,1513471287.6824098,366
query,1513471287.6824172,1513471287.9077148,1420
query,1513471287.90772,1513471288.1030173,1092
query,1513471288.103024,1513471288.291871,1043
query,1513471288.291876,1513471288.4856458,1580
query,1513471288.4856503,1513471288.6747415,226
query,1513471288.674745,1513471288.8199992,0
query,1513471288.8200035,1513471289.0203903,696
query,1513471289.0203953,1513471289.2086415,547
query,1513471289.2086484,1513471289.3834288,304
query,1513471289.3834345,1513471289.5828805,658
query,1513471289.582886,1513471289.7784426,465
query,1513471289.7784472,1513471289.8919444,0
query,1513471289.8919487,1513471290.124971,1018
query,1513471290.1249764,1513471290.3740919,1345
query,1513471290.3740993,1513471290.5483005,184
query,1513471290.5483057,1513471290.757528,97
query,1513471290.7575724,1513471291.1223993,785
query,1513471291.130807,1513471291.3622475,1330
query,1513471291.3622534,1513471291.5606272,214
query,1513471291.5606313,1513471291.8028874,926
query,1513471291.8028936,1513471292.0760381,1655
query,1513471292.0760431,1513471292.3185213,951
query,1513471292.3185267,1513471292.5143251,717
query,1513471292.5143304,1513471292.6259158,0
query,1513471292.6259198,1513471292.8099384,9
query,1513471292.809945,1513471293.0222018,1138
query,1513471293.0222056,1513471293.2438283,147
query,1513471293.2438314,1513471293.3879337,3
query,1513471293.3879385,1513471293.6032078,991
query,1513471293.6032135,1513471293.7936802,72
query,1513471293.7936857,1513471294.0353324,1018
query,1513471294.0353386,1513471294.2197936,739
query,1513471294.2197988,1513471294.3813448,951
query,1513471294.3813503,1513471294.5117095,1
query,1513471294.5117142,1513471294.6482294,0
query,1513471294.6482341,1513471294.857349,613
query,1513471294.857396,1513471295.2068143,1353
query,1513471295.2229168,1513471295.488272,99
query,1513471295.4882777,1513471295.626914,0
query,1513471295.6269193,1513471295.849737,754
query,1513471295.8497415,1513471296.048798,616
query,1513471296.0488038,1513471296.2454941,112
query,1513471296.245499,1513471296.3552377,0
query,1513471296.3552446,1513471296.5730815,14
query,1513471296.5730872,1513471296.7891333,916
query,1513471296.78914,1513471296.929534,1
query,1513471296.9295392,1513471297.0773041,1
query,1513471297.0773094,1513471297.2502768,273
query,1513471297.2502832,1513471297.3640327,0
query,1513471297.3640375,1513471297.57039,184
query,1513471297.5703955,1513471297.760065,845
query,1513471297.7600703,1513471297.9227931,1150
query,1513471297.922801,1513471298.1692114,735
query,1513471298.169217,1513471298.3763933,1062
query,1513471298.3763986,1513471298.5295153,30
query,1513471298.5295198,1513471298.685841,877
query,1513471298.6858819,1513471298.9284441,83
query,1513471298.9420898,1513471299.2017498,1426
query,1513471299.2017546,1513471299.3736558,833
query,1513471299.373662,1513471299.5765407,171
query,1513471299.5765462,1513471299.7626326,359
query,1513471299.7626383,1513471299.9367034,215
query,1513471299.936709,1513471300.1067812,464
query,1513471300.1067903,1513471300.2790236,1211
query,1513471300.2790282,1513471300.4806535,312
query,1513471300.4806585,1513471300.7891932,28
query,1513471300.7891986,1513471300.9943984,350
query,1513471300.9944046,1513471301.2212975,600
query,1513471301.2213023,1513471301.505342,1360
query,1513471301.505346,1513471301.7117555,75
query,1513471301.7117605,1513471301.8567421,0
query,1513471301.856751,1513471302.0517356,86
query,1513471302.0517411,1513471302.2130451,1
query,1513471302.2130506,1513471302.400124,1102
query,1513471302.40013,1513471302.58226,982
query,1513471302.582267,1513471302.8220818,890
query,1513471302.8221374,1513471303.0319571,225
query,1513471303.0427742,1513471303.27669,716
query,1513471303.2766948,1513471303.4474623,657
query,1513471303.4474676,1513471303.6334622,1036
query,1513471303.633467,1513471303.8190773,1124
query,1513471303.8190815,1513471304.0294774,904
query,1513471304.029482,1513471304.22831,788
query,1513471304.228316,1513471304.418011,458
query,1513471304.418018,1513471304.6241744,364
query,1513471304.6241794,1513471304.8383086,1443
query,1513471304.8383136,1513471304.989433,1
query,1513471304.9894388,1513471305.248956,329
query,1513471305.2489626,1513471305.4264545,0
query,1513471305.4264612,1513471305.6178234,32
query,1513471305.6178284,1513471305.8850517,1558
query,1513471305.8850586,1513471306.0855072,26
query,1513471306.0855117,1513471306.269393,937
query,1513471306.269398,1513471306.4587622,642
query,1513471306.4587674,1513471306.5837202,0
query,1513471306.5837238,1513471306.7344646,24
query,1513471306.734525,1513471306.9838839,1453
query,1513471306.9965982,1513471307.2014942,278
query,1513471307.2014985,1513471307.419711,1551
query,1513471307.4197166,1513471307.6318986,1765
query,1513471307.631905,1513471307.8323019,288
query,1513471307.832307,1513471308.0450408,1387
query,1513471308.0450454,1513471308.276685,1869
query,1513471308.2766905,1513471308.4399745,274
query,1513471308.4399815,1513471308.6281583,494
query,1513471308.628164,1513471308.856165,1329
query,1513471308.8561702,1513471309.0975196,1024
query,1513471309.0975244,1513471309.300556,1293
query,1513471309.3005617,1513471309.447861,0
query,1513471309.447866,1513471309.6469002,114
query,1513471309.6469054,1513471309.8025517,435
query,1513471309.8025572,1513471310.0914977,343
query,1513471310.0915022,1513471310.2964046,32
query,1513471310.2964106,1513471310.464943,553
query,1513471310.464949,1513471310.6672885,490
query,1513471310.6672947,1513471310.9915056,1146
query,1513471310.9915452,1513471311.3074548,623
query,1513471311.3175926,1513471311.5367563,1435
query,1513471311.5367622,1513471311.697509,251
query,1513471311.6975138,1513471311.879213,40
query,1513471311.8792179,1513471312.0565186,962
query,1513471312.0565233,1513471312.25797,888
query,1513471312.2579749,1513471312.4495401,714
query,1513471312.4495451,1513471312.617567,512
query,1513471312.6175733,1513471312.7759037,117
query,1513471312.7759085,1513471312.9623265,1233
query,1513471312.9623313,1513471313.140483,1067
query,1513471313.1404872,1513471313.3002038,387
query,1513471313.300209,1513471313.4824023,389
query,1513471313.4824069,1513471313.756227,3
query,1513471313.7562313,1513471313.9257405,1072
query,1513471313.9257455,1513471314.1579914,496
query,1513471314.1579971,1513471314.3486154,179
query,1513471314.348621,1513471314.5158482,88
query,1513471314.5158527,1513471314.6485999,0
query,1513471314.6486046,1513471314.8629777,11
query,1513471314.8630264,1513471315.1115866,1377
query,1513471315.1213396,1513471315.391325,1727
query,1513471315.3913302,1513471315.5637095,7
query,1513471315.5637145,1513471315.7399914,5
query,1513471315.739996,1513471315.966087,425
query,1513471315.9660928,1513471316.1444213,718
query,1513471316.1444263,1513471316.3342903,837
query,1513471316.3342962,1513471316.5718355,447
query,1513471316.5718405,1513471316.7631469,285
query,1513471316.7631526,1513471316.9438546,1142
query,1513471316.9438596,1513471317.1661267,262
query,1513471317.1661315,1513471317.3947701,558
query,1513471317.394776,1513471317.5958295,620
query,1513471317.5958352,1513471317.817456,1160
query,1513471317.817461,1513471318.0962334,39
query,1513471318.0962377,1513471318.354074,107
query,1513471318.354079,1513471318.5497391,1046
query,1513471318.549745,1513471318.745281,840
query,1513471318.7452853,1513471318.892417,2
query,1513471318.8924212,1513471319.0681424,396
query,1513471319.0681868,1513471319.233469,5
query,1513471319.2453709,1513471319.4033191,68
query,1513471319.4033244,1513471319.5679157,122
query,1513471319.5679207,1513471319.7629132,367
query,1513471319.7629194,1513471320.010133,1503
query,1513471320.0101385,1513471320.1892524,293
query,1513471320.189258,1513471320.380246,17
query,1513471320.3802521,1513471320.5539188,348
query,1513471320.553923,1513471320.797514,348
query,1513471320.7975192,1513471320.9357202,0
query,1513471320.935725,1513471321.1450865,1350
query,1513471321.1450915,1513471321.3704555,273
query,1513471321.370461,1513471321.5799248,416
query,1513471321.5799296,1513471321.8886495,786
query,1513471321.888655,1513471322.12472,813
query,1513471322.1247256,1513471322.397101,633
query,1513471322.3971071,1513471322.6936393,819
query,1513471322.6936455,1513471323.0774899,10
query,1513471323.0774949,1513471323.1998801,1
query,1513471323.199885,1513471323.4145718,1681
query,1513471323.4146304,1513471323.6337788,968
query,1513471323.6445787,1513471323.8239028,155
query,1513471323.8239079,1513471323.9867842,724
query,1513471323.986789,1513471324.1612425,807
query,1513471324.1612477,1513471324.3294983,18
query,1513471324.3295043,1513471324.5246112,1596
query,1513471324.524617,1513471324.6798463,678
query,1513471324.6798503,1513471324.9886818,6
query,1513471324.9886878,1513471325.2234597,798
query,1513471325.2234647,1513471325.4883542,1394
query,1513471325.4883604,1513471325.7082567,461
query,1513471325.708262,1513471325.8706543,917
query,1513471325.8706594,1513471326.0309553,129
query,1513471326.0309608,1513471326.2855492,34
query,1513471326.2855544,1513471326.48009,263
query,1513471326.480094,1513471326.7512438,1649
query,1513471326.7512484,1513471326.9828835,1020
query,1513471326.9828887,1513471327.164156,5
query,1513471327.1641598,1513471327.4394426,601
query,1513471327.4394479,1513471327.617866,2
query,1513471327.6179163,1513471327.8248222,920
query,1513471327.8334796,1513471328.0025463,66
query,1513471328.00255,1513471328.1774135,934
query,1513471328.1774192,1513471328.3497608,755
query,1513471328.3497677,1513471328.5085175,159
query,1513471328.508524,1513471328.7082825,1451
query,1513471328.7082887,1513471328.8961546,1358
query,1513471328.8961606,1513471329.0600505,957
query,1513471329.0600557,1513471329.3464336,344
query,1513471329.3464413,1513471329.4883242,3
query,1513471329.488329,1513471329.6693542,128
query,1513471329.669359,1513471329.8776104,58
query,1513471329.8776147,1513471330.0491967,562
query,1513471330.0492013,1513471330.2740128,1307
query,1513471330.2740173,1513471330.4478004,662
query,1513471330.4478066,1513471330.6040661,3
query,1513471330.604072,1513471330.7384393,4
query,1513471330.7384553,1513471330.9627702,1105
query,1513471330.9627848,1513471331.1651208,9
query,1513471331.1651273,1513471331.358028,36
query,1513471331.3580897,1513471331.5937965,912
query,1513471331.607647,1513471331.8055375,37
query,1513471331.8055434,1513471331.9817426,67
query,1513471331.981747,1513471332.1636598,837
query,1513471332.163664,1513471332.3120308,131
query,1513471332.3120365,1513471332.5465405,1206
query,1513471332.546546,1513471332.7773216,131
query,1513471332.7773247,1513471332.9586139,746
query,1513471332.958618,1513471333.1257558,184
query,1513471333.125761,1513471333.3504205,654
query,1513471333.350426,1513471333.5801165,781
query,1513471333.5801222,1513471333.8146493,2
query,1513471333.8146546,1513471334.0586865,1308
query,1513471334.0586917,1513471334.2440648,4
query,1513471334.244071,1513471334.4412134,1294
query,1513471334.44122,1513471334.688304,1386
query,1513471334.6883087,1513471335.0077286,1465
query,1513471335.0077355,1513471335.256846,1247
query,1513471335.2568526,1513471335.3694353,1
query,1513471335.3694394,1513471335.5855849,392
query,1513471335.5856287,1513471335.8525112,922
query,1513471335.8634841,1513471336.0517333,261
query,1513471336.0517402,1513471336.21547,319
query,1513471336.2154772,1513471336.3741016,584
query,1513471336.3741093,1513471336.5187228,181
query,1513471336.5187278,1513471336.6582966,1240
query,1513471336.6583014,1513471336.860664,1646
query,1513471336.8606691,1513471337.0591335,639
query,1513471337.0591388,1513471337.250947,345
query,1513471337.2509532,1513471337.4562612,684
query,1513471337.4562662,1513471337.6499848,275
query,1513471337.64999,1513471337.832647,511
query,1513471337.8326523,1513471338.107146,124
query,1513471338.10715,1513471338.3067935,1625
query,1513471338.3067982,1513471338.4647517,81
query,1513471338.464756,1513471338.6625192,423
query,1513471338.6625245,1513471338.8711674,591
query,1513471338.8711724,1513471339.0156507,171
query,1513471339.0156562,1513471339.252246,488
query,1513471339.252251,1513471339.497063,1105
query,1513471339.4971187,1513471339.739715,774
query,1513471339.7528389,1513471339.9561267,756
query,1513471339.9561317,1513471340.1373441,727
query,1513471340.1373475,1513471340.2936063,156
query,1513471340.293611,1513471340.5002697,1370
query,1513471340.5002773,1513471340.6882625,182
query,1513471340.688268,1513471340.7966466,1
query,1513471340.7966506,1513471340.9913397,357
query,1513471340.991344,1513471341.1590147,1050
query,1513471341.1590197,1513471341.3088293,137
query,1513471341.3088365,1513471341.5132687,1337
query,1513471341.513274,1513471341.7206268,374
query,1513471341.7206316,1513471342.045584,1302
query,1513471342.0455894,1513471342.240847,6
query,1513471342.240855,1513471342.4328902,111
query,1513471342.4328964,1513471342.638614,1180
query,1513471342.6386204,1513471342.8419828,49
query,1513471342.841988,1513471343.0617723,813
query,1513471343.061777,1513471343.2165983,1478
query,1513471343.2166028,1513471343.4112754,873
query,1513471343.411329,1513471343.624025,2
query,1513471343.629157,1513471343.7947025,942
query,1513471343.7947075,1513471344.0116303,215
query,1513471344.0116355,1513471344.2037113,74
query,1513471344.203716,1513471344.4180963,717
query,1513471344.418101,1513471344.5938659,490
query,1513471344.5938706,1513471344.8083012,1411
query,1513471344.8083067,1513471344.9709578,339
query,1513471344.9709635,1513471345.1865575,1359
query,1513471345.186563,1513471345.420223,358
query,1513471345.42023,1513471345.6155019,1314
query,1513471345.6155062,1513471345.7775147,832
query,1513471345.7775204,1513471345.9726856,83
query,1513471345.9726913,1513471346.136864,109
query,1513471346.1368687,1513471346.269507,71
query,1513471346.2695112,1513471346.4726677,1618
query,1513471346.4726717,1513471346.6778362,1539
query,1513471346.6778398,1513471346.9290876,949
query,1513471346.9290926,1513471347.1581168,67
query,1513471347.1581216,1513471347.3946643,653
query,1513471347.3947046,1513471347.5722566,1
query,1513471347.580127,1513471347.7835734,1189
query,1513471347.7835772,1513471348.066099,333
query,1513471348.066104,1513471348.2610316,183
query,1513471348.2610383,1513471348.4492226,1530
query,1513471348.4492273,1513471348.5703046,14
query,1513471348.5703094,1513471348.7300637,571
query,1513471348.7300694,1513471348.8955557,344
query,1513471348.8955607,1513471349.0724747,1343
query,1513471349.0724795,1513471349.2693963,1642
query,1513471349.269401,1513471349.4410777,1101
query,1513471349.4410815,1513471349.6382759,1226
query,1513471349.6382823,1513471349.8069181,8
query,1513471349.8069234,1513471349.9766319,1535
query,1513471349.976637,1513471350.1334407,80
query,1513471350.133446,1513471350.2954283,1101
query,1513471350.295432,1513471350.4405534,416
query,1513471350.4405584,1513471350.6650825,494
query,1513471350.6650875,1513471350.8528214,1
query,1513471350.8528266,1513471351.0090654,340
query,1513471351.0091,1513471351.1763194,435
query,1513471351.1895084,1513471351.3438184,399
query,1513471351.343823,1513471351.552736,875
query,1513471351.552741,1513471351.8205533,393
query,1513471351.8205588,1513471352.016874,156
query,1513471352.0168815,1513471352.1212397,0
query,1513471352.1212444,1513471352.3067398,978
query,1513471352.3067448,1513471352.5020697,697
query,1513471352.502074,1513471352.661892,1316
query,1513471352.6618972,1513471352.7961972,98
query,1513471352.796204,1513471353.0069675,192
query,1513471353.006973,1513471353.2195392,128
query,1513471353.219544,1513471353.4750342,1281
query,1513471353.4750383,1513471353.6747923,1443
query,1513471353.6747973,1513471354.0158858,177
query,1513471354.0158913,1513471354.210824,681
query,1513471354.2108293,1513471354.405018,259
query,1513471354.4050243,1513471354.6020744,856
query,1513471354.6020782,1513471354.823069,906
query,1513471354.8230734,1513471355.0086648,50
query,1513471355.0087025,1513471355.252109,26
query,1513471355.264689,1513471355.4656742,689
query,1513471355.4656792,1513471355.6528764,870
query,1513471355.6528814,1513471355.8193738,1250
query,1513471355.8193796,1513471355.9599197,391
query,1513471355.959924,1513471356.167951,1410
query,1513471356.1679556,1513471356.354056,22
query,1513471356.354062,1513471356.627322,1724
query,1513471356.627326,1513471356.82714,481
query,1513471356.827144,1513471357.045738,498
query,1513471357.0457418,1513471357.2808836,287
query,1513471357.2808895,1513471357.4704247,722
query,1513471357.4704316,1513471357.6603582,1088
query,1513471357.6603625,1513471357.8493004,698
query,1513471357.8493056,1513471358.0244422,777
query,1513471358.024448,1513471358.2253969,1464
query,1513471358.2254014,1513471358.4908745,691
query,1513471358.4908803,1513471358.6934261,1321
query,1513471358.6934311,1513471358.8930237,376
query,1513471358.8930297,1513471359.043017,4
query,1513471359.043063,1513471359.2547152,50
query,1513471359.2622404,1513471359.3520432,0
query,1513471359.3520482,1513471359.4893522,503
query,1513471359.489356,1513471359.645757,182
query,1513471359.6457622,1513471359.8407626,143
query,1513471359.8408136,1513471360.038791,354
query,1513471360.0387967,1513471360.222389,99
query,1513471360.2223945,1513471360.3878038,841
query,1513471360.387809,1513471360.6075704,222
query,1513471360.6075766,1513471360.7721608,2
query,1513471360.7721653,1513471360.928539,712
query,1513471360.928544,1513471361.1236818,816
query,1513471361.1236866,1513471361.4534464,1
query,1513471361.4534512,1513471361.6880121,1177
query,1513471361.6880178,1513471361.8172054,520
query,1513471361.8172097,1513471361.9914145,18
query,1513471361.9914188,1513471362.1770828,522
query,1513471362.1770875,1513471362.332693,291
query,1513471362.3326983,1513471362.5126061,811
query,1513471362.512612,1513471362.6878164,696
query,1513471362.6878626,1513471362.9240308,916
query,1513471362.9381044,1513471363.1297352,13
query,1513471363.1297395,1513471363.3041995,911
query,1513471363.3042047,1513471363.4808311,679
query,1513471363.480837,1513471363.7015247,252
query,1513471363.7015295,1513471363.861467,22
query,1513471363.8614726,1513471364.017673,158
query,1513471364.017679,1513471364.2078028,92
query,1513471364.2078087,1513471364.4173162,105
query,1513471364.4173224,1513471364.5934675,91
query,1513471364.5934715,1513471364.7664022,507
query,1513471364.7664058,1513471364.9067247,330
query,1513471364.906729,1513471365.1315682,1012
query,1513471365.1315732,1513471365.2940278,421
query,1513471365.2940326,1513471365.448058,439
query,1513471365.4480617,1513471365.5692635,2
query,1513471365.5692675,1513471365.7435527,864
query,1513471365.7435575,1513471365.9193492,881
query,1513471365.9193575,1513471366.0664198,877
query,1513471366.0664256,1513471366.295335,189
query,1513471366.2953742,1513471366.5295734,220
query,1513471366.5459323,1513471366.731905,89
query,1513471366.7319095,1513471366.971559,817
query,1513471366.9715636,1513471367.141032,1174
query,1513471367.1410375,1513471367.2669868,0
query,1513471367.2669914,1513471367.4598048,1631
query,1513471367.4598093,1513471367.6719005,174
query,1513471367.6719048,1513471367.8681316,74
query,1513471367.8681374,1513471368.050526,5
query,1513471368.0505316,1513471368.2632785,242
query,1513471368.2632842,1513471368.4708347,113
query,1513471368.4708395,1513471368.716088,1426
query,1513471368.7160928,1513471368.9804337,1431
query,1513471368.9804387,1513471369.1255221,0
query,1513471369.1255264,1513471369.244685,1
query,1513471369.2446885,1513471369.4534087,1001
query,1513471369.4534147,1513471369.6389685,544
query,1513471369.638973,1513471369.866292,1380
query,1513471369.8662965,1513471370.061752,13
query,1513471370.0617564,1513471370.2340786,230
query,1513471370.2341483,1513471370.4493046,1058
query,1513471370.4619946,1513471370.657334,1039
query,1513471370.6573386,1513471370.8349016,543
query,1513471370.8349066,1513471371.031455,1157
query,1513471371.031462,1513471371.2055225,670
query,1513471371.205527,1513471371.3732133,998
query,1513471371.373218,1513471371.533619,108
query,1513471371.5336235,1513471371.6928914,95
query,1513471371.692896,1513471371.8428273,1037
query,1513471371.8428316,1513471372.0242064,1347
query,1513471372.0242121,1513471372.229187,1469
query,1513471372.2291934,1513471372.3935184,308
query,1513471372.393522,1513471372.6330397,1173
query,1513471372.6330469,1513471372.8053546,1436
query,1513471372.805359,1513471373.0379512,1382
query,1513471373.037956,1513471373.2391312,1108
query,1513471373.239136,1513471373.422161,370
query,1513471373.422165,1513471373.583433,414
query,1513471373.5834377,1513471373.7655008,3
query,1513471373.7655067,1513471373.9471917,1317
query,1513471373.9472363,1513471374.156709,666
query,1513471374.1677883,1513471374.3501496,1402
query,1513471374.350155,1513471374.5230806,18
query,1513471374.523086,1513471374.7506473,430
query,1513471374.7506516,1513471374.9006662,666
query,1513471374.9006708,1513471375.0422997,737
query,1513471375.0423062,1513471375.2678757,1399
query,1513471375.2678804,1513471375.4762764,870
query,1513471375.476282,1513471375.673763,1028
query,1513471375.673767,1513471375.876212,1003
query,1513471375.8762171,1513471376.056581,190
query,1513471376.0565863,1513471376.2254987,94
query,1513471376.2255037,1513471376.391324,98
query,1513471376.391329,1513471376.5767264,1202
query,1513471376.5767307,1513471376.6705732,2
query,1513471376.670578,1513471376.8523586,1458
query,1513471376.8523633,1513471377.0575466,770
query,1513471377.0575533,1513471377.2312613,1163
query,1513471377.2312672,1513471377.4092834,1556
query,1513471377.40929,1513471377.588809,1056
query,1513471377.5888546,1513471378.040564,1105
query,1513471378.0531425,1513471378.24034,22
query,1513471378.2403445,1513471378.3758404,472
query,1513471378.3758461,1513471378.5989342,1139
query,1513471378.5989385,1513471378.877034,1162
query,1513471378.87704,1513471379.0450568,894
query,1513471379.0450618,1513471379.2242997,855
query,1513471379.2243054,1513471379.4061284,244
query,1513471379.4061348,1513471379.6073794,226
query,1513471379.607384,1513471379.77155,41
query,1513471379.7715554,1513471379.9735053,945
query,1513471379.9735107,1513471380.0829177,2
query,1513471380.0829217,1513471380.231242,67
query,1513471380.231246,1513471380.4526849,960
query,1513471380.4526901,1513471380.6356986,1271
query,1513471380.6357036,1513471380.867161,1048
query,1513471380.8671656,1513471381.0403101,590
query,1513471381.0403156,1513471381.24319,1591
query,1513471381.2431953,1513471381.4174166,500
query,1513471381.417423,1513471381.6063576,734
query,1513471381.6063974,1513471381.8236744,1371
query,1513471381.8356411,1513471382.0156305,277
query,1513471382.015634,1513471382.306605,1060
query,1513471382.3066096,1513471382.4599628,88
query,1513471382.4599707,1513471382.6420822,476
query,1513471382.6420875,1513471382.822157,842
query,1513471382.8221614,1513471382.9893248,859
query,1513471382.9893298,1513471383.1956325,49
query,1513471383.195638,1513471383.4423723,1587
query,1513471383.4423785,1513471383.612851,590
query,1513471383.6128552,1513471383.82714,62
query,1513471383.8271453,1513471384.0413926,898
query,1513471384.0414166,1513471384.2637696,933
query,1513471384.2637768,1513471384.4378068,990
query,1513471384.4378128,1513471384.662801,15
query,1513471384.6628082,1513471384.8457808,105
query,1513471384.8457866,1513471385.0251093,173
query,1513471385.0251143,1513471385.179575,485
query,1513471385.1795797,1513471385.3944938,841
query,1513471385.3944995,1513471385.6364837,1075
query,1513471385.6365285,1513471385.902824,1132
query,1513471385.9151042,1513471386.0975168,1260
query,1513471386.0975208,1513471386.341646,1323
query,1513471386.3416512,1513471386.5040197,1013
query,1513471386.504026,1513471386.7408314,341
query,1513471386.7408378,1513471386.9495518,30
query,1513471386.9495564,1513471387.139699,126
query,1513471387.1397023,1513471387.3310947,867
query,1513471387.3310983,1513471387.5300784,1202
query,1513471387.5300834,1513471387.727079,1337
query,1513471387.7270846,1513471387.902034,1430
query,1513471387.9020393,1513471388.1074924,690
query,1513471388.1074967,1513471388.3142936,1648
query,1513471388.3142989,1513471388.476012,3
query,1513471388.4760187,1513471388.6585984,717
query,1513471388.6586044,1513471388.8892775,694
query,1513471388.8892906,1513471389.0831876,1060
query,1513471389.0831923,1513471389.2543657,1174
query,1513471389.2543714,1513471389.465724,88
query,1513471389.46573,1513471389.6867533,729
query,1513471389.6867952,1513471389.9188159,65
query,1513471389.9324105,1513471390.119577,836
query,1513471390.1195803,1513471390.298034,490
query,1513471390.2980375,1513471390.5156133,924
query,1513471390.515619,1513471390.6751492,163
query,1513471390.675153,1513471390.9153166,375
query,1513471390.9153204,1513471391.1194658,1563
query,1513471391.119471,1513471391.283953,520
query,1513471391.283958,1513471391.4943118,1349
query,1513471391.494317,1513471391.6630487,2
query,1513471391.663054,1513471391.8873982,1089
query,1513471391.8874035,1513471392.1383996,1313
query,1513471392.138404,1513471392.3478491,6
query,1513471392.3478544,1513471392.5432122,1370
query,1513471392.5432181,1513471392.6843066,2
query,1513471392.6843214,1513471392.8893325,105
query,1513471392.889338,1513471393.0939791,1128
query,1513471393.0939841,1513471393.2708986,52
query,1513471393.2709045,1513471393.4481173,1006
query,1513471393.4481251,1513471393.6392791,1623
query,1513471393.639326,1513471393.8753784,998
query,1513471393.8890882,1513471394.1594636,131
query,1513471394.1594694,1513471394.4666986,403
query,1513471394.4667065,1513471394.6693797,379
query,1513471394.6693845,1513471394.8428001,46
query,1513471394.8428173,1513471394.9982617,35
query,1513471394.9982667,1513471395.2082741,496
query,1513471395.2082787,1513471395.4334748,1446
query,1513471395.4334826,1513471395.564813,0
query,1513471395.5648208,1513471395.7621946,217
query,1513471395.7621994,1513471395.9434445,113
query,1513471395.9434497,1513471396.1880577,1268
query,1513471396.188063,1513471396.3789053,1526
query,1513471396.3789117,1513471396.5604887,937
query,1513471396.560493,1513471396.6849556,270
query,1513471396.6849604,1513471396.9470038,2000
query,1513471396.9470098,1513471397.190485,497
query,1513471397.19049,1513471397.365371,321
query,1513471397.3653762,1513471397.5823283,404
query,1513471397.5823336,1513471397.8117068,902
query,1513471397.811755,1513471398.088853,410
query,1513471398.1013882,1513471398.302175,762
query,1513471398.3021805,1513471398.4875019,1317
query,1513471398.4875076,1513471398.6005673,0
query,1513471398.6005716,1513471398.7834103,1706
query,1513471398.7834153,1513471399.0025508,35
query,1513471399.0025563,1513471399.242062,675
query,1513471399.2420673,1513471399.428831,1335
query,1513471399.4288366,1513471399.6257138,956
query,1513471399.625718,1513471399.824403,681
query,1513471399.82441,1513471400.0020251,40
query,1513471400.002031,1513471400.2098238,760
query,1513471400.209828,1513471400.435998,1115
query,1513471400.436003,1513471400.6458123,13
query,1513471400.6458173,1513471400.8579903,923
query,1513471400.857996,1513471401.0773613,877
query,1513471401.077366,1513471401.2797065,109
query,1513471401.2797122,1513471401.454352,27
query,1513471401.454359,1513471401.666772,825
query,1513471401.6667767,1513471401.8347418,0
query,1513471401.8347914,1513471402.0363379,945
query,1513471402.0475397,1513471402.3095694,735
query,1513471402.3095734,1513471402.4906144,165
query,1513471402.4906201,1513471402.725794,928
query,1513471402.7257996,1513471402.9467554,11
query,1513471402.9467602,1513471403.126422,1279
query,1513471403.126426,1513471403.2779605,290
query,1513471403.277964,1513471403.4971392,86
query,1513471403.4971445,1513471403.6910398,474
query,1513471403.6910439,1513471403.9383771,940
query,1513471403.9383838,1513471404.1338596,189
query,1513471404.1338637,1513471404.3360848,1363
query,1513471404.336089,1513471404.5378065,704
query,1513471404.5378146,1513471404.7018027,885
query,1513471404.7018075,1513471404.9234648,573
query,1513471404.9234705,1513471405.166556,837
query,1513471405.1665602,1513471405.3904138,665
query,1513471405.3904195,1513471405.5814836,99
query,1513471405.581489,1513471405.7768135,262
query,1513471405.776818,1513471406.010019,257
query,1513471406.0100489,1513471406.1995664,0
query,1513471406.200605,1513471406.3614833,24
query,1513471406.3614888,1513471406.6448014,189
query,1513471406.6448052,1513471406.83829,214
query,1513471406.8382976,1513471407.0908499,994
query,1513471407.0908587,1513471407.371267,1362
query,1513471407.3712735,1513471407.5624032,837
query,1513471407.5624092,1513471407.7741904,759
query,1513471407.7741954,1513471408.0257921,67
query,1513471408.025799,1513471408.2777781,41
query,1513471408.2777832,1513471408.5842915,1640
query,1513471408.5842957,1513471408.8974779,371
query,1513471408.897483,1513471409.1325054,1372
query,1513471409.132511,1513471409.386076,1066
query,1513471409.3860817,1513471409.5932958,802
query,1513471409.5933,1513471409.7558556,247
query,1513471409.7558603,1513471409.9882863,1429
query,1513471409.988292,1513471410.3840883,479
query,1513471410.3840935,1513471410.5846236,223
query,1513471410.5846305,1513471410.806889,1480
query,1513471410.8069482,1513471411.0242686,1427
query,1513471411.0402288,1513471411.298471,858
query,1513471411.2984757,1513471411.469056,445
query,1513471411.4690623,1513471411.6309884,302
query,1513471411.6309936,1513471411.8428423,1123
query,1513471411.8428473,1513471412.04782,1519
query,1513471412.0478253,1513471412.2604768,787
query,1513471412.2604823,1513471412.4785514,4
query,1513471412.4785576,1513471412.652206,868
query,1513471412.6522102,1513471412.842791,917
query,1513471412.8427951,1513471413.0866013,124
query,1513471413.0866063,1513471413.2153323,0
query,1513471413.215338,1513471413.406262,53
query,1513471413.4062676,1513471413.5865047,622
query,1513471413.5865102,1513471413.785425,687
query,1513471413.785431,1513471413.9627023,654
query,1513471413.962708,1513471414.0885088,1
query,1513471414.0885146,1513471414.3067381,1671
query,1513471414.306754,1513471414.4724586,183
query,1513471414.4724631,1513471414.6703591,197
query,1513471414.670392,1513471414.8571527,370
query,1513471414.8704588,1513471415.041487,1229
query,1513471415.041491,1513471415.2222133,17
query,1513471415.2222188,1513471415.374215,24
query,1513471415.3742208,1513471415.5271294,178
query,1513471415.5271354,1513471415.6718643,75
query,1513471415.671871,1513471415.9109986,861
query,1513471415.911007,1513471416.1732717,1634
query,1513471416.17328,1513471416.3598251,304
query,1513471416.3598306,1513471416.5752702,98
query,1513471416.5752761,1513471416.7795687,97
query,1513471416.7795775,1513471416.9751177,26
query,1513471416.975123,1513471417.178584,805
query,1513471417.1785898,1513471417.343287,36
query,1513471417.3432922,1513471417.521693,35
query,1513471417.521698,1513471417.733812,23
query,1513471417.7338183,1513471418.007037,1286
query,1513471418.0070417,1513471418.2717376,505
query,1513471418.2717433,1513471418.4826052,410
query,1513471418.48261,1513471418.706474,1017
query,1513471418.7065094,1513471418.9573495,904
query,1513471418.9706066,1513471419.206861,768
query,1513471419.2068665,1513471419.401829,34
query,1513471419.4018445,1513471419.5810142,122
query,1513471419.5810206,1513471419.7589324,10
query,1513471419.7589366,1513471419.953443,414
query,1513471419.953449,1513471420.0962107,4
query,1513471420.096217,1513471420.283697,4
query,1513471420.2837033,1513471420.4430878,11
query,1513471420.443093,1513471420.6637862,224
query,1513471420.6637924,1513471420.8841395,1053
query,1513471420.8841438,1513471421.054949,40
query,1513471421.0549548,1513471421.2458737,58
query,1513471421.2458777,1513471421.4284675,21
query,1513471421.4284744,1513471421.6512063,327
query,1513471421.6512108,1513471421.8870063,234
query,1513471421.887012,1513471422.0932522,1086
query,1513471422.093257,1513471422.268401,1062
query,1513471422.2684069,1513471422.4823916,872
query,1513471422.4823978,1513471422.6881776,1385
query,1513471422.6882274,1513471423.0211432,903
query,1513471423.034597,1513471423.3550344,1323
query,1513471423.355039,1513471423.5222046,111
query,1513471423.5222094,1513471423.7502046,61
query,1513471423.75021,1513471423.924517,66
query,1513471423.924522,1513471424.1227438,61
query,1513471424.1227486,1513471424.345346,1096
query,1513471424.3453507,1513471424.557171,1019
query,1513471424.5571773,1513471424.7512786,219
query,1513471424.751287,1513471424.9471781,27
query,1513471424.9471836,1513471425.1205418,242
query,1513471425.1205468,1513471425.353688,23
query,1513471425.3536925,1513471425.5995355,1222
query,1513471425.5995398,1513471425.7948604,4
query,1513471425.7948663,1513471425.99395,205
query,1513471425.993953,1513471426.2298415,1379
query,1513471426.2298465,1513471426.4143164,743
query,1513471426.4143248,1513471426.5938272,496
query,1513471426.5938315,1513471426.8383658,510
query,1513471426.83837,1513471427.0678093,339
query,1513471427.0678515,1513471427.2908516,1083
query,1513471427.3035815,1513471427.4586263,242
query,1513471427.4586315,1513471427.6208477,530
query,1513471427.6208527,1513471427.9237502,621
query,1513471427.9237561,1513471428.156151,337
query,1513471428.1561558,1513471428.3475246,969
query,1513471428.3475304,1513471428.5824804,1551
query,1513471428.5824845,1513471428.7871227,444
query,1513471428.787129,1513471428.9385817,0
query,1513471428.9385872,1513471429.1450639,1348
query,1513471429.145069,1513471429.273086,0
query,1513471429.273092,1513471429.3989058,1
query,1513471429.398911,1513471429.5388029,1
query,1513471429.5388076,1513471429.651803,0
query,1513471429.6518085,1513471429.842073,858
query,1513471429.8420768,1513471429.9459202,0
query,1513471429.9459238,1513471430.1766944,1090
query,1513471430.1766987,1513471430.2644088,0
query,1513471430.2644126,1513471430.466796,1100
query,1513471430.4668,1513471430.6446025,716
query,1513471430.644639,1513471430.911088,7
query,1513471430.918998,1513471431.139028,1186
query,1513471431.139034,1513471431.2997441,67
query,1513471431.2997487,1513471431.4791305,153
query,1513471431.4791355,1513471431.6519473,438
query,1513471431.6519518,1513471431.812289,687
query,1513471431.812294,1513471432.0337374,738
query,1513471432.0337427,1513471432.2311285,151
query,1513471432.2311332,1513471432.4039402,496
query,1513471432.4039457,1513471432.5473974,406
query,1513471432.5474017,1513471432.7947552,672
query,1513471432.7947602,1513471433.010809,202
query,1513471433.0108144,1513471433.2896533,678
query,1513471433.2896585,1513471433.4972155,402
query,1513471433.4972203,1513471433.6617546,396
query,1513471433.6617582,1513471433.852151,623
query,1513471433.8521569,1513471434.173276,1239
query,1513471434.173282,1513471434.3732133,66
query,1513471434.3732183,1513471434.5507898,1234
query,1513471434.5507948,1513471434.7178679,5
query,1513471434.7179089,1513471434.914335,65
query,1513471434.9265003,1513471435.0237768,1
query,1513471435.023782,1513471435.2076156,557
query,1513471435.2076206,1513471435.406752,167
query,1513471435.4067566,1513471435.5598223,280
query,1513471435.5598269,1513471435.7232625,402
query,1513471435.7232676,1513471435.8931968,665
query,1513471435.8932018,1513471436.074426,1288
query,1513471436.0744298,1513471436.2157533,514
query,1513471436.2157578,1513471436.4110541,1300
query,1513471436.4110587,1513471436.551793,903
query,1513471436.551798,1513471436.7170177,799
query,1513471436.7170234,1513471436.9231088,734
query,1513471436.9231145,1513471437.1549315,699
query,1513471437.1549373,1513471437.3606987,632
query,1513471437.3607051,1513471437.5362544,704
query,1513471437.5362582,1513471437.710664,272
query,1513471437.7106678,1513471437.9519196,169
query,1513471437.9519255,1513471438.1010761,86
query,1513471438.1010811,1513471438.2829,77
query,1513471438.2829595,1513471438.4731019,193
query,1513471438.4888856,1513471438.728756,895
query,1513471438.72876,1513471438.9076629,210
query,1513471438.907669,1513471439.0930543,959
query,1513471439.0930588,1513471439.3140337,1012
query,1513471439.314038,1513471439.5315044,1651
query,1513471439.5315175,1513471439.702172,952
query,1513471439.7021775,1513471439.8400385,0
query,1513471439.8400419,1513471440.0160704,1166
query,1513471440.0160756,1513471440.1457074,2
query,1513471440.1457136,1513471440.2942202,1624
query,1513471440.2942674,1513471440.4677663,167
query,1513471440.467772,1513471440.6257524,16
query,1513471440.6257596,1513471440.8366935,1147
query,1513471440.8366973,1513471440.9721744,0
query,1513471440.9721797,1513471441.1816688,1258
query,1513471441.181674,1513471441.360624,1126
query,1513471441.3606284,1513471441.577491,1467
query,1513471441.5774968,1513471441.7943404,1149
query,1513471441.7943454,1513471441.9530656,428
query,1513471441.9531124,1513471442.1807668,141
query,1513471442.1945815,1513471442.3242514,2
query,1513471442.3242583,1513471442.470158,3
query,1513471442.470163,1513471442.5901942,0
query,1513471442.5901995,1513471442.7438238,22
query,1513471442.7438288,1513471442.9673398,828
query,1513471442.9673448,1513471443.2836835,810
query,1513471443.283689,1513471443.4864485,638
query,1513471443.4864542,1513471443.6668317,846
query,1513471443.6668367,1513471443.8546162,1320
query,1513471443.8546214,1513471444.0099485,37
query,1513471444.0099528,1513471444.2372541,278
query,1513471444.2372584,1513471444.4358056,615
query,1513471444.4358106,1513471444.599996,897
query,1513471444.6000016,1513471444.8185914,778
query,1513471444.818597,1513471445.000145,882
query,1513471445.0001507,1513471445.217968,1581
query,1513471445.217975,1513471445.4255617,690
query,1513471445.4255667,1513471445.617904,86
query,1513471445.6179085,1513471445.806445,680
query,1513471445.8064923,1513471446.0582948,946
query,1513471446.0707412,1513471446.22265,149
query,1513471446.2226546,1513471446.419945,743
query,1513471446.4199493,1513471446.6038694,777
query,1513471446.6038744,1513471446.7972398,1054
query,1513471446.7972438,1513471446.9623024,795
query,1513471446.962307,1513471447.2067688,890
query,1513471447.206774,1513471447.326506,0
query,1513471447.3265111,1513471447.4810715,328
query,1513471447.4810765,1513471447.6746888,409
query,1513471447.6746929,1513471447.8492615,40
query,1513471447.849267,1513471448.0859628,8
query,1513471448.0859673,1513471448.2942078,1199
query,1513471448.2942128,1513471448.4789016,507
query,1513471448.4789069,1513471448.6626258,1375
query,1513471448.6626306,1513471448.8833199,1679
query,1513471448.8833249,1513471449.1449509,1554
query,1513471449.1449552,1513471449.3187656,138
query,1513471449.3187702,1513471449.5214667,420
query,1513471449.521471,1513471449.7308362,445
query,1513471449.7308772,1513471450.059026,428
query,1513471450.0727005,1513471450.264311,187
query,1513471450.264316,1513471450.4639668,630
query,1513471450.463974,1513471450.6709049,25
query,1513471450.6709104,1513471450.777386,0
query,1513471450.7773912,1513471450.9838212,1264
query,1513471450.9838274,1513471451.1635447,1278
query,1513471451.1635485,1513471451.341174,72
query,1513471451.3411791,1513471451.5498753,863
query,1513471451.5498796,1513471451.7357748,313
query,1513471451.7357795,1513471451.954616,335
query,1513471451.954621,1513471452.2073038,733
query,1513471452.2073095,1513471452.6050155,1237
query,1513471452.60502,1513471452.8840165,338
query,1513471452.88402,1513471453.0776813,424
query,1513471453.0776873,1513471453.2910514,298
query,1513471453.2910576,1513471453.5301392,1418
query,1513471453.5301437,1513471453.7045155,568
query,1513471453.7045212,1513471453.8188818,3
query,1513471453.818886,1513471454.0298262,72
query,1513471454.0298605,1513471454.266765,527
query,1513471454.2794511,1513471454.488104,974
query,1513471454.4881096,1513471454.6955676,641
query,1513471454.6955724,1513471455.0333493,16
query,1513471455.033355,1513471455.2606144,978
query,1513471455.2606196,1513471455.4761543,1164
query,1513471455.4761615,1513471455.6792135,907
query,1513471455.6792185,1513471455.885553,367
query,1513471455.8855574,1513471456.1233897,867
query,1513471456.123396,1513471456.2994044,384
query,1513471456.2994094,1513471456.4817061,86
query,1513471456.48171,1513471456.5820558,0
query,1513471456.5820594,1513471456.767723,1574
query,1513471456.7677312,1513471456.9669192,504
query,1513471456.966924,1513471457.148829,1359
query,1513471457.148834,1513471457.315063,333
query,1513471457.3150678,1513471457.4785194,151
query,1513471457.4785254,1513471457.6495132,1205
query,1513471457.6495187,1513471457.891718,1050
query,1513471457.891724,1513471458.1367443,1217
query,1513471458.136847,1513471458.3400288,755
query,1513471458.349325,1513471458.5661082,570
query,1513471458.5661137,1513471458.7951937,911
query,1513471458.7951987,1513471458.9637833,302
query,1513471458.9637895,1513471459.1420481,95
query,1513471459.1420522,1513471459.3393,297
query,1513471459.3393059,1513471459.49006,27
query,1513471459.4900656,1513471459.6311684,42
query,1513471459.6311762,1513471459.8696132,1830
query,1513471459.8696191,1513471460.1069806,632
query,1513471460.106986,1513471460.234391,0
query,1513471460.2343967,1513471460.4388692,623
query,1513471460.4388742,1513471460.615693,52
query,1513471460.6156988,1513471460.81359,46
query,1513471460.8135946,1513471461.0745838,1176
query,1513471461.0745878,1513471461.2524047,351
query,1513471461.2524092,1513471461.461482,1870
query,1513471461.4614878,1513471461.6638281,1369
query,1513471461.6638336,1513471461.85101,1263
query,1513471461.8510153,1513471462.0463614,310
query,1513471462.0464041,1513471462.2859392,388
query,1513471462.2997217,1513471462.4948378,777
query,1513471462.4948428,1513471462.6686249,289
query,1513471462.668634,1513471462.89753,1306
query,1513471462.8975348,1513471463.095102,333
query,1513471463.0951076,1513471463.3101075,325
query,1513471463.310113,1513471463.4301755,0
query,1513471463.4301803,1513471463.6642091,1092
query,1513471463.6642141,1513471464.0603266,228
query,1513471464.0603313,1513471464.4110427,775
query,1513471464.4110484,1513471464.722608,519
query,1513471464.722614,1513471464.938367,1412
query,1513471464.9383721,1513471465.1618233,842
query,1513471465.161828,1513471465.297706,1
query,1513471465.2977102,1513471465.4985232,753
query,1513471465.498528,1513471465.6692023,511
query,1513471465.6692078,1513471465.8612137,23
query,1513471465.8612187,1513471466.070854,1830
query,1513471466.0708601,1513471466.2690814,1355
query,1513471466.2690866,1513471466.432039,1519
query,1513471466.4320807,1513471466.642794,680
query,1513471466.65496,1513471466.8168511,288
query,1513471466.8168564,1513471466.9977434,489
query,1513471466.9977481,1513471467.1977837,1318
query,1513471467.197789,1513471467.3544765,288
query,1513471467.3544807,1513471467.546171,444
query,1513471467.5461755,1513471467.7197423,1304
query,1513471467.7197473,1513471467.8744595,0
query,1513471467.8744736,1513471468.2325048,773
query,1513471468.2325096,1513471468.4466255,1775
query,1513471468.4466305,1513471468.642579,644
query,1513471468.642584,1513471468.866398,59
query,1513471468.8664033,1513471469.1250007,790
query,1513471469.1250057,1513471469.6012948,536
query,1513471469.6013002,1513471469.8349152,106
query,1513471469.8349204,1513471469.9605088,1
query,1513471469.960513,1513471470.1209679,0
query,1513471470.1209724,1513471470.2822006,78
query,1513471470.2822058,1513471470.470431,835
query,1513471470.4704359,1513471470.6795025,956
query,1513471470.679552,1513471470.8760118,2
query,1513471470.892819,1513471471.1349463,1542
query,1513471471.134952,1513471471.3429146,1258
query,1513471471.3429198,1513471471.544625,1057
query,1513471471.5446305,1513471471.7070117,151
query,1513471471.7070172,1513471471.9207048,351
query,1513471471.9207098,1513471472.0879006,427
query,1513471472.0879064,1513471472.2667172,17
query,1513471472.266721,1513471472.5398061,1179
query,1513471472.5398126,1513471472.8096747,874
query,1513471472.8096802,1513471472.989031,774
query,1513471472.9890351,1513471473.1518397,135
query,1513471473.1518443,1513471473.322095,7
query,1513471473.3221004,1513471473.5065122,1815
query,1513471473.5065176,1513471473.692541,1
query,1513471473.6925452,1513471473.9492598,84
query,1513471473.9492648,1513471474.1372461,3
query,1513471474.137251,1513471474.3074253,1690
query,1513471474.3074296,1513471474.5317624,456
query,1513471474.5317688,1513471474.7123928,129
query,1513471474.7124286,1513471474.8935614,271
query,1513471474.9057038,1513471475.0779402,189
query,1513471475.077945,1513471475.3050356,1646
query,1513471475.3050413,1513471475.4436197,1
query,1513471475.443624,1513471475.6633103,1
query,1513471475.6633153,1513471475.8364913,2
query,1513471475.8364964,1513471476.0390222,1185
query,1513471476.0390265,1513471476.2193332,27
query,1513471476.2193391,1513471476.4509318,1756
query,1513471476.450937,1513471476.6512423,355
query,1513471476.6512463,1513471476.8098106,4
query,1513471476.809816,1513471477.0266912,1003
query,1513471477.0266964,1513471477.230035,199
query,1513471477.2300413,1513471477.4038723,966
query,1513471477.4038787,1513471477.569614,517
query,1513471477.5696192,1513471477.793615,395
query,1513471477.7936203,1513471477.9935298,828
query,1513471477.9935346,1513471478.155209,1382
query,1513471478.1552138,1513471478.3417425,425
query,1513471478.3417475,1513471478.498594,972
query,1513471478.4986365,1513471478.709968,1172
query,1513471478.7232506,1513471478.8998687,995
query,1513471478.8998744,1513471479.0874667,592
query,1513471479.0874712,1513471479.3502944,67
query,1513471479.3502998,1513471479.5048196,93
query,1513471479.504825,1513471479.6901946,742
query,1513471479.6901984,1513471479.8411608,0
query,1513471479.8411658,1513471480.0120642,142
query,1513471480.0120697,1513471480.2548258,786
query,1513471480.2548318,1513471480.40696,997
query,1513471480.4069653,1513471480.627013,696
query,1513471480.6270177,1513471480.8141873,117
query,1513471480.8141923,1513471481.0027127,1321
query,1513471481.0027175,1513471481.2316384,1475
query,1513471481.2316456,1513471481.5386648,765
query,1513471481.5386703,1513471481.76733,327
query,1513471481.7673361,1513471481.959024,51
query,1513471481.9590294,1513471482.2102823,999
query,1513471482.2102864,1513471482.3343406,1
query,1513471482.3343482,1513471482.558587,45
query,1513471482.5586278,1513471482.8147407,409
query,1513471482.82768,1513471483.0129755,123
query,1513471483.0129797,1513471483.2206368,42
query,1513471483.2206419,1513471483.432739,239
query,1513471483.4327455,1513471483.6552649,698
query,1513471483.65527,1513471483.8426385,26
query,1513471483.8426433,1513471484.0753455,95
query,1513471484.0753512,1513471484.2150471,0
query,1513471484.215052,1513471484.4237711,978
query,1513471484.4237764,1513471484.6531553,1268
query,1513471484.6531603,1513471484.828588,14
query,1513471484.8285928,1513471485.0543666,25
query,1513471485.0543714,1513471485.317938,550
query,1513471485.3179445,1513471485.518609,1096
query,1513471485.5186138,1513471485.7894042,42
query,1513471485.7894106,1513471486.000659,1082
query,1513471486.000664,1513471486.2207224,135
query,1513471486.2207284,1513471486.357459,0
query,1513471486.357464,1513471486.5517235,1003
query,1513471486.5517287,1513471486.731592,45
query,1513471486.7316315,1513471486.9556217,485
query,1513471486.964493,1513471487.139244,424
query,1513471487.1392503,1513471487.3506722,1466
query,1513471487.3506765,1513471487.5395198,1584
query,1513471487.539525,1513471487.7078495,347
query,1513471487.7078567,1513471487.8830059,1069
query,1513471487.8830109,1513471488.1030374,156
query,1513471488.1030424,1513471488.3318915,1400
query,1513471488.331899,1513471488.6077037,423
query,1513471488.607709,1513471488.8078432,639
query,1513471488.8078492,1513471489.0071604,1688
query,1513471489.0071661,1513471489.1800954,1071
query,1513471489.1801014,1513471489.3251746,665
query,1513471489.32518,1513471489.5389988,1584
query,1513471489.539005,1513471489.6986833,895
query,1513471489.6986892,1513471489.863663,962
query,1513471489.863667,1513471490.0365663,1135
query,1513471490.0365722,1513471490.2590399,897
query,1513471490.2590458,1513471490.487233,757
query,1513471490.487238,1513471490.6809285,51
query,1513471490.6809661,1513471490.9170396,10
query,1513471490.931722,1513471491.1283035,916
query,1513471491.12831,1513471491.4064693,117
query,1513471491.4064755,1513471491.6393418,878
query,1513471491.639348,1513471491.8814666,884
query,1513471491.8814728,1513471492.02328,94
query,1513471492.0232847,1513471492.2094293,431
query,1513471492.2094355,1513471492.414463,183
query,1513471492.414469,1513471492.575109,897
query,1513471492.5751145,1513471492.7468562,818
query,1513471492.7468688,1513471492.9828203,451
query,1513471492.9828253,1513471493.2300408,1521
query,1513471493.2300465,1513471493.4034438,365
query,1513471493.4034479,1513471493.5386033,5
query,1513471493.5386083,1513471493.8547013,892
query,1513471493.8547072,1513471494.060262,1245
query,1513471494.0602663,1513471494.2825162,1095
query,1513471494.2825205,1513471494.473186,889
query,1513471494.4731913,1513471494.6555686,991
query,1513471494.6555743,1513471494.8023932,3
query,1513471494.8024468,1513471494.9572244,0
query,1513471494.9586802,1513471495.077267,0
query,1513471495.0772717,1513471495.2846403,413
query,1513471495.284646,1513471495.4232218,0
query,1513471495.4232266,1513471495.6292794,229
query,1513471495.6292856,1513471495.7560446,1
query,1513471495.756049,1513471495.9598932,614
query,1513471495.959898,1513471496.102755,4
query,1513471496.1027594,1513471496.313115,1475
query,1513471496.3131223,1513471496.5714583,866
query,1513471496.571464,1513471496.749753,332
query,1513471496.7497587,1513471496.953998,429
query,1513471496.954005,1513471497.1494772,431
query,1513471497.1494825,1513471497.2878294,58
query,1513471497.2878346,1513471497.505723,873
query,1513471497.5057278,1513471497.688637,394
query,1513471497.6886415,1513471497.8934834,1284
query,1513471497.8934882,1513471498.015909,0
query,1513471498.015914,1513471498.2398832,137
query,1513471498.239888,1513471498.405203,551
query,1513471498.4052484,1513471498.6768641,98
query,1513471498.685235,1513471498.8791192,330
query,1513471498.8791237,1513471499.1227057,995
query,1513471499.1227105,1513471499.274739,0
query,1513471499.2747467,1513471499.542607,1047
query,1513471499.5426126,1513471499.7436206,842
query,1513471499.7436254,1513471499.9554532,666
query,1513471499.9554584,1513471500.1478734,448
query,1513471500.1478786,1513471500.324607,209
query,1513471500.3246124,1513471500.6109014,1342
query,1513471500.610907,1513471500.8071322,351
query,1513471500.8071373,1513471501.0572467,1241
query,1513471501.057253,1513471501.271521,778
query,1513471501.2715256,1513471501.4667752,1001
query,1513471501.4667807,1513471501.6215913,166
query,1513471501.6215951,1513471501.797483,290
query,1513471501.797487,1513471502.002564,340
query,1513471502.0025687,1513471502.202507,121
query,1513471502.2025144,1513471502.3958194,701
query,1513471502.3958247,1513471502.6032662,87
query,1513471502.6033046,1513471502.9150348,1085
query,1513471502.9261863,1513471503.1340432,1079
query,1513471503.1340487,1513471503.305506,405
query,1513471503.30551,1513471503.4861758,365
query,1513471503.4861798,1513471503.6870635,753
query,1513471503.6870697,1513471503.8347948,1
query,1513471503.8348,1513471504.0203626,130
query,1513471504.0203676,1513471504.1649184,1
query,1513471504.164925,1513471504.3424075,2
query,1513471504.3424141,1513471504.4512916,0
query,1513471504.4512975,1513471504.6702094,1527
query,1513471504.670214,1513471504.8242035,5
query,1513471504.8242102,1513471504.9648864,2
query,1513471504.964892,1513471505.1644976,722
query,1513471505.1645014,1513471505.427914,890
query,1513471505.4279199,1513471505.5996072,292
query,1513471505.5996122,1513471505.790683,180
query,1513471505.7906885,1513471505.950825,42
query,1513471505.950829,1513471506.126082,742
query,1513471506.1260872,1513471506.3244104,1040
query,1513471506.324458,1513471506.7071257,978
query,1513471506.7194078,1513471506.9303036,1111
query,1513471506.9303086,1513471507.1425405,436
query,1513471507.1425455,1513471507.3268838,1560
query,1513471507.3268888,1513471507.5237796,290
query,1513471507.5237837,1513471507.6534271,0
query,1513471507.653432,1513471507.9734366,586
query,1513471507.9734426,1513471508.1944482,54
query,1513471508.1944535,1513471508.40293,261
query,1513471508.402935,1513471508.60803,512
query,1513471508.6080344,1513471508.8545914,519
query,1513471508.8545957,1513471509.0390215,327
query,1513471509.039026,1513471509.2135668,149
query,1513471509.2135715,1513471509.424215,458
query,1513471509.4242203,1513471509.6108313,339
query,1513471509.610837,1513471509.8136787,256
query,1513471509.8136842,1513471509.932003,1
query,1513471509.9320073,1513471510.1176422,1187
query,1513471510.1176474,1513471510.295782,942
query,1513471510.2957878,1513471510.5302029,1307
query,1513471510.5303068,1513471510.763879,676
query,1513471510.7746177,1513471510.981439,135
query,1513471510.9814448,1513471511.1427245,637
query,1513471511.1427305,1513471511.320508,1096
query,1513471511.320523,1513471511.5626547,844
query,1513471511.56266,1513471511.7743068,752
query,1513471511.774312,1513471511.9871693,395
query,1513471511.9871752,1513471512.1907542,1047
query,1513471512.1907597,1513471512.361368,733
query,1513471512.3613744,1513471512.6485617,674
query,1513471512.6485684,1513471512.8234055,1198
query,1513471512.8234105,1513471512.994344,665
query,1513471512.9943495,1513471513.2057643,662
query,1513471513.205769,1513471513.3866444,6
query,1513471513.3866491,1513471513.6173196,1032
query,1513471513.6173236,1513471513.7878757,20
query,1513471513.7878807,1513471514.0635772,1470
query,1513471514.0635827,1513471514.3885024,93
query,1513471514.388507,1513471514.721741,94
query,1513471514.721747,1513471514.8521142,0
query,1513471514.8521547,1513471515.086142,931
query,1513471515.0949776,1513471515.2986753,1145
query,1513471515.2986794,1513471515.4998753,373
query,1513471515.4998798,1513471515.6823494,0
query,1513471515.682354,1513471515.861523,60
query,1513471515.8615296,1513471516.1071649,721
query,1513471516.1071699,1513471516.2548368,1
query,1513471516.2548418,1513471516.5063443,1349
query,1513471516.5063496,1513471516.716534,1599
query,1513471516.716539,1513471516.8442183,0
query,1513471516.844224,1513471517.0672882,381
query,1513471517.067292,1513471517.2108822,461
query,1513471517.2108858,1513471517.3862183,572
query,1513471517.3862221,1513471517.571482,243
query,1513471517.5714867,1513471517.9161344,3
query,1513471517.9161391,1513471518.1170547,808
query,1513471518.1170597,1513471518.3560643,70
query,1513471518.3560698,1513471518.555424,112
query,1513471518.5554295,1513471518.7436388,59
query,1513471518.7436433,1513471518.9415057,776
query,1513471518.9415433,1513471519.189799,506
query,1513471519.1976233,1513471519.3912654,915
query,1513471519.3912704,1513471519.6156,702
query,1513471519.6156049,1513471519.8195667,639
query,1513471519.8195715,1513471520.0138218,144
query,1513471520.0138261,1513471520.1924512,474
query,1513471520.192455,1513471520.3534927,203
query,1513471520.3534968,1513471520.473908,0
query,1513471520.4739115,1513471520.6593597,800
query,1513471520.6593645,1513471520.814643,273
query,1513471520.8146465,1513471521.008654,12
query,1513471521.008658,1513471521.1625383,495
query,1513471521.1625428,1513471521.3520868,357
query,1513471521.352091,1513471521.5964577,18
query,1513471521.5964637,1513471521.7784941,1849
query,1513471521.778501,1513471521.9684305,60
query,1513471521.9684355,1513471522.1374197,1392
query,1513471522.1374257,1513471522.3743277,674
query,1513471522.3743353,1513471522.590135,335
query,1513471522.5901394,1513471522.8224926,474
query,1513471522.8225272,1513471523.028608,1001
query,1513471523.0436158,1513471523.210457,814
query,1513471523.210463,1513471523.3860831,521
query,1513471523.3860896,1513471523.5371392,313
query,1513471523.5371432,1513471523.7259748,19
query,1513471523.7259793,1513471523.8899837,20
query,1513471523.8899894,1513471524.0656197,36
query,1513471524.0656238,1513471524.228186,133
query,1513471524.22819,1513471524.393555,819
query,1513471524.3935614,1513471524.6047513,1683
query,1513471524.6047587,1513471524.791072,270
query,1513471524.7910771,1513471524.9294395,2
query,1513471524.929445,1513471525.1389794,383
query,1513471525.1389837,1513471525.3837762,1416
query,1513471525.3837838,1513471525.5867715,600
query,1513471525.5867753,1513471525.8170073,1084
query,1513471525.8170128,1513471525.9905233,104
query,1513471525.9905279,1513471526.1821978,1080
query,1513471526.1822016,1513471526.3823287,120
query,1513471526.382334,1513471526.5703373,693
query,1513471526.570381,1513471526.839689,1622
query,1513471526.8541486,1513471527.0296702,683
query,1513471527.0296745,1513471527.2118182,984
query,1513471527.2118223,1513471527.3608444,81
query,1513471527.3608487,1513471527.6395707,1157
query,1513471527.639577,1513471527.813292,1053
query,1513471527.8132956,1513471528.0545168,896
query,1513471528.0545216,1513471528.246745,1045
query,1513471528.2467506,1513471528.5124521,825
query,1513471528.5124578,1513471528.7382915,1190
query,1513471528.7382972,1513471528.9299972,546
query,1513471528.9300025,1513471529.1738262,348
query,1513471529.1738315,1513471529.3071022,0
query,1513471529.3071065,1513471529.567174,1836
query,1513471529.5671785,1513471529.7878523,1752
query,1513471529.7878585,1513471529.949519,0
query,1513471529.9495246,1513471530.14956,668
query,1513471530.1495643,1513471530.352104,1564
query,1513471530.3521078,1513471530.5832953,863
query,1513471530.5832994,1513471530.8399394,998
query,1513471530.839985,1513471531.0935493,1070
query,1513471531.1013608,1513471531.400378,1738
query,1513471531.4003825,1513471531.6193218,283
query,1513471531.6193252,1513471531.8021946,423
query,1513471531.8021984,1513471532.0307207,1447
query,1513471532.0307252,1513471532.2197335,52
query,1513471532.2197392,1513471532.4261394,1365
query,1513471532.4261446,1513471532.6159382,27
query,1513471532.6159422,1513471532.8065205,245
query,1513471532.806526,1513471533.076068,1353
query,1513471533.076073,1513471533.262307,132
query,1513471533.2623107,1513471533.4672785,332
query,1513471533.467282,1513471533.6535082,539
query,1513471533.653512,1513471533.8268132,1234
query,1513471533.8268182,1513471534.0004642,787
query,1513471534.0004692,1513471534.1579735,7
query,1513471534.15798,1513471534.2696354,1
query,1513471534.2696395,1513471534.4703586,22
query,1513471534.4703627,1513471534.6873403,234
query,1513471534.687345,1513471534.855244,73
query,1513471534.855291,1513471535.066155,463
query,1513471535.0783658,1513471535.2964084,160
query,1513471535.2964146,1513471535.588289,97
query,1513471535.5882952,1513471535.783238,541
query,1513471535.783244,1513471536.009518,938
query,1513471536.009523,1513471536.1615355,0
query,1513471536.1615412,1513471536.3936994,78
query,1513471536.3937054,1513471536.612912,288
query,1513471536.6129181,1513471536.7878509,357
query,1513471536.7878542,1513471536.96647,216
query,1513471536.966476,1513471537.1234293,1277
query,1513471537.1234353,1513471537.410788,10
query,1513471537.410792,1513471537.65165,621
query,1513471537.6516547,1513471537.8791587,403
query,1513471537.879165,1513471538.0859935,430
query,1513471538.0859993,1513471538.3183997,9
query,1513471538.3184047,1513471538.5066621,1
query,1513471538.506668,1513471538.7523065,791
query,1513471538.7523117,1513471538.904244,1290
query,1513471538.9042492,1513471539.1851382,189
query,1513471539.1851926,1513471539.443366,521
query,1513471539.4555614,1513471539.6505096,0
query,1513471539.6505158,1513471539.8961768,1153
query,1513471539.8961823,1513471540.1584728,13
query,1513471540.1584797,1513471540.3716698,1008
query,1513471540.3716743,1513471540.610875,971
query,1513471540.61088,1513471540.8586173,362
query,1513471540.8586226,1513471541.0507379,997
query,1513471541.0507424,1513471541.2876663,768
query,1513471541.2876706,1513471541.521766,1020
query,1513471541.521771,1513471541.7263558,929
query,1513471541.7263606,1513471541.950311,1183
query,1513471541.9503157,1513471542.1381202,600
query,1513471542.1381269,1513471542.3226392,1252
query,1513471542.3226442,1513471542.5624998,1363
query,1513471542.5625064,1513471542.8069484,1195
query,1513471542.8069541,1513471542.9700744,35
query,1513471542.9700797,1513471543.1904466,1486
query,1513471543.190452,1513471543.3597894,647
query,1513471543.3597965,1513471543.5519972,25
query,1513471543.5520365,1513471543.794059,637
query,1513471543.8066058,1513471543.990635,964
query,1513471543.9906385,1513471544.1932385,390
query,1513471544.1932425,1513471544.4104664,406
query,1513471544.4104722,1513471544.7949502,995
query,1513471544.7949553,1513471545.0411568,701
query,1513471545.041162,1513471545.227233,1374
query,1513471545.2272394,1513471545.4301436,1018
query,1513471545.4301484,1513471545.6027844,199
query,1513471545.6027908,1513471545.7983727,73
query,1513471545.7983801,1513471546.043784,834
query,1513471546.0437899,1513471546.220384,1028
query,1513471546.2203884,1513471546.341658,0
query,1513471546.341665,1513471546.599819,1587
query,1513471546.599824,1513471546.7941232,708
query,1513471546.7941282,1513471547.0516703,16
query,1513471547.0516756,1513471547.2794108,251
query,1513471547.279416,1513471547.4600613,948
query,1513471547.4600668,1513471547.655886,543
query,1513471547.6558905,1513471547.7903101,0
query,1513471547.7903576,1513471548.0068357,665
query,1513471548.0181458,1513471548.1538005,0
query,1513471548.1538057,1513471548.3668354,532
query,1513471548.3668404,1513471548.5216706,155
query,1513471548.5216758,1513471548.707387,1365
query,1513471548.7073927,1513471548.887574,887
query,1513471548.8875802,1513471549.0904417,1286
query,1513471549.0904462,1513471549.2504566,1343
query,1513471549.2504613,1513471549.4341712,1229
query,1513471549.4341767,1513471549.5781448,104
query,1513471549.578149,1513471549.7998426,1430
query,1513471549.7998478,1513471550.0382075,24
query,1513471550.038213,1513471550.2871418,514
query,1513471550.2871456,1513471550.412295,0
query,1513471550.4122996,1513471550.6357505,1207
query,1513471550.6357555,1513471550.8659854,1008
query,1513471550.8659914,1513471551.3058796,1179
query,1513471551.3058848,1513471551.5068328,1315
query,1513471551.506838,1513471551.825904,908
query,1513471551.8259082,1513471552.0351357,3
query,1513471552.0351825,1513471552.2945473,10
query,1513471552.3088048,1513471552.6412675,1118
query,1513471552.6412725,1513471553.027966,500
query,1513471553.0279706,1513471553.299389,1494
query,1513471553.2993946,1513471553.6956217,1408
query,1513471553.6956272,1513471553.8997025,612
query,1513471553.8997068,1513471554.0481896,20
query,1513471554.0481937,1513471554.2366934,123
query,1513471554.2366984,1513471554.4326446,132
query,1513471554.43265,1513471554.5832784,119
query,1513471554.5832832,1513471554.7980468,1001
query,1513471554.7980518,1513471554.9949334,550
query,1513471554.9949386,1513471555.1896842,972
query,1513471555.18969,1513471555.4560473,1237
query,1513471555.4560533,1513471555.6109257,23
query,1513471555.6109333,1513471555.7959049,893
query,1513471555.7959108,1513471555.9661534,745
query,1513471555.9661582,1513471556.1291268,437
query,1513471556.1291325,1513471556.3081744,432
query,1513471556.308179,1513471556.4856467,894
query,1513471556.48568,1513471556.706512,279
query,1513471556.72183,1513471556.8976052,1163
query,1513471556.89761,1513471557.0794647,368
query,1513471557.0794704,1513471557.2307768,651
query,1513471557.2307816,1513471557.4025056,1533
query,1513471557.4025106,1513471557.5891688,745
query,1513471557.589173,1513471557.763711,1717
query,1513471557.7637155,1513471557.878183,0
query,1513471557.878188,1513471558.0869167,493
query,1513471558.0869217,1513471558.247709,957
query,1513471558.2477157,1513471558.4013376,1
query,1513471558.4013426,1513471558.6105695,813
query,1513471558.6105747,1513471558.7736368,452
query,1513471558.773642,1513471559.022996,571
query,1513471559.023,1513471559.2520902,592
query,1513471559.2520976,1513471559.4320793,250
query,1513471559.4320848,1513471559.60432,741
query,1513471559.6043246,1513471559.7659695,225
query,1513471559.765975,1513471559.9389975,166
query,1513471559.9390025,1513471560.1657085,1737
query,1513471560.1657631,1513471560.3693335,236
query,1513471560.3838747,1513471560.656007,383
query,1513471560.656012,1513471560.9081066,347
query,1513471560.9081125,1513471561.135088,747
query,1513471561.1350937,1513471561.3330781,863
query,1513471561.3330839,1513471561.5627964,936
query,1513471561.5628014,1513471561.7564692,361
query,1513471561.756474,1513471561.9781535,1182
query,1513471561.978158,1513471562.173276,420
query,1513471562.1732814,1513471562.362097,27
query,1513471562.362102,1513471562.5621922,1654
query,1513471562.5621967,1513471562.8089979,187
query,1513471562.8090026,1513471563.0182323,936
query,1513471563.0182667,1513471563.2392793,1256
query,1513471563.239284,1513471563.4282937,6
query,1513471563.4282987,1513471563.6624494,1619
query,1513471563.662453,1513471563.8519046,105
query,1513471563.8519094,1513471564.0250072,1674
query,1513471564.0250127,1513471564.2273064,939
query,1513471564.2273116,1513471564.4195936,1677
query,1513471564.4196377,1513471564.7052925,818
query,1513471564.7178195,1513471564.8931715,39
query,1513471564.8931775,1513471565.0741603,18
query,1513471565.074165,1513471565.2204773,2
query,1513471565.2204816,1513471565.3820276,757
query,1513471565.3820322,1513471565.5813305,1659
query,1513471565.5813365,1513471565.8138542,32
query,1513471565.813858,1513471566.064163,369
query,1513471566.064168,1513471566.2530181,1502
query,1513471566.2530231,1513471566.461856,86
query,1513471566.461861,1513471566.6688719,1205
query,1513471566.6688757,1513471566.874716,396
query,1513471566.874721,1513471567.0941591,425
query,1513471567.094165,1513471567.2877367,908
query,1513471567.2877405,1513471567.4542906,213
query,1513471567.454297,1513471567.6395388,6
query,1513471567.639544,1513471567.8107479,948
query,1513471567.8107533,1513471567.9663033,266
query,1513471567.9663098,1513471568.1153991,692
query,1513471568.1154025,1513471568.3195307,29
query,1513471568.3195624,1513471568.4886868,353
query,1513471568.5013783,1513471568.6838424,13
query,1513471568.6838465,1513471568.8597724,1139
query,1513471568.8597763,1513471569.0500438,1624
query,1513471569.05005,1513471569.2273877,1288
query,1513471569.2273936,1513471569.410503,1460
query,1513471569.4105093,1513471569.5150018,1
query,1513471569.5150075,1513471569.7209299,170
query,1513471569.7209349,1513471569.8855896,360
query,1513471569.8855953,1513471570.0808332,1079
query,1513471570.0808387,1513471570.318385,524
query,1513471570.3183916,1513471570.4987953,1209
query,1513471570.4988008,1513471570.6428795,175
query,1513471570.6428843,1513471570.798753,360
query,1513471570.7987602,1513471571.0060263,1028
query,1513471571.0060308,1513471571.202764,105
query,1513471571.20277,1513471571.3212206,1
query,1513471571.3212256,1513471571.5002441,49
query,1513471571.5002482,1513471571.7254488,46
query,1513471571.7254534,1513471571.9069452,278
query,1513471571.9069836,1513471572.1632006,388
query,1513471572.1744444,1513471572.3707764,1269
query,1513471572.3707805,1513471572.530716,20
query,1513471572.5307212,1513471572.730361,1047
query,1513471572.7303674,1513471572.9125707,350
query,1513471572.9125748,1513471573.0715961,502
query,1513471573.0716004,1513471573.2750828,43
query,1513471573.275088,1513471573.4450917,192
query,1513471573.445097,1513471573.577499,0
query,1513471573.577504,1513471573.787868,727
query,1513471573.7878723,1513471573.9779236,49
query,1513471573.9779277,1513471574.1633828,1017
query,1513471574.1633868,1513471574.3762872,774
query,1513471574.3762932,1513471574.550318,1203
query,1513471574.5503242,1513471574.7057786,139
query,1513471574.7057836,1513471574.930673,1139
query,1513471574.9306788,1513471575.1043208,1345
query,1513471575.1043253,1513471575.3349016,1023
query,1513471575.3349066,1513471575.5015178,992
query,1513471575.5015235,1513471575.645332,1112
query,1513471575.6453729,1513471575.84376,1197
query,1513471575.856199,1513471576.0694256,1394
query,1513471576.0694306,1513471576.2130883,1475
query,1513471576.2130938,1513471576.3704817,866
query,1513471576.3704865,1513471576.5533168,1216
query,1513471576.5533206,1513471576.741529,821
query,1513471576.741534,1513471576.9051328,990
query,1513471576.9051387,1513471577.1380646,1524
query,1513471577.13807,1513471577.3204644,612
query,1513471577.3204706,1513471577.5229242,182
query,1513471577.5229316,1513471577.7072823,1668
query,1513471577.7072875,1513471577.8983853,335
query,1513471577.8983896,1513471578.056826,141
query,1513471578.0568306,1513471578.1583514,0
query,1513471578.1583557,1513471578.294834,40
query,1513471578.2948387,1513471578.4879756,1362
query,1513471578.4879804,1513471578.6682823,93
query,1513471578.6682866,1513471578.8923159,698
query,1513471578.8923209,1513471579.049561,675
query,1513471579.049565,1513471579.2358754,341
query,1513471579.23592,1513471579.4654763,33
query,1513471579.4778368,1513471579.6731763,729
query,1513471579.67318,1513471579.8426776,1287
query,1513471579.842682,1513471580.0144439,493
query,1513471580.0144506,1513471580.1681142,332
query,1513471580.1681187,1513471580.372597,969
query,1513471580.3726027,1513471580.5624266,788
query,1513471580.5624318,1513471580.7740448,55
query,1513471580.774051,1513471580.960603,80
query,1513471580.960608,1513471581.1045191,1160
query,1513471581.1045234,1513471581.2623239,3
query,1513471581.2623286,1513471581.4554808,302
query,1513471581.4554863,1513471581.580988,1
query,1513471581.580993,1513471581.7320182,606
query,1513471581.7320237,1513471581.9047353,988
query,1513471581.9047408,1513471582.1084974,481
query,1513471582.1085036,1513471582.4244251,1309
query,1513471582.4244316,1513471582.594597,330
query,1513471582.594603,1513471582.7961895,736
query,1513471582.7961957,1513471582.9547982,26
query,1513471582.9548414,1513471583.1542132,8
query,1513471583.167468,1513471583.329832,0
query,1513471583.3298376,1513471583.4785674,14
query,1513471583.4785707,1513471583.648589,1502
query,1513471583.6485927,1513471583.79473,187
query,1513471583.7947335,1513471583.9326866,949
query,1513471583.93269,1513471584.1269324,634
query,1513471584.126938,1513471584.2376378,0
query,1513471584.237642,1513471584.4206436,69
query,1513471584.420649,1513471584.7075605,123
query,1513471584.7075648,1513471584.9276435,381
query,1513471584.9276483,1513471585.1898572,872
query,1513471585.1898632,1513471585.411717,523
query,1513471585.4117227,1513471585.6818893,693
query,1513471585.6818976,1513471585.9286513,266
query,1513471585.9286563,1513471586.049464,2
query,1513471586.0494678,1513471586.2305906,548
query,1513471586.2305954,1513471586.4012206,82
query,1513471586.4012256,1513471586.6883473,1085
query,1513471586.688352,1513471586.8936954,15
query,1513471586.893743,1513471587.2126083,841
query,1513471587.223865,1513471587.4573252,66
query,1513471587.4573307,1513471587.630864,279
query,1513471587.6308696,1513471587.8155813,1207
query,1513471587.815589,1513471587.9783242,50
query,1513471587.9783285,1513471588.1818004,1311
query,1513471588.1818058,1513471588.3352902,353
query,1513471588.3352957,1513471588.522394,876
query,1513471588.5223997,1513471588.709723,391
query,1513471588.7097285,1513471588.865809,109
query,1513471588.8658137,1513471589.037447,684
query,1513471589.0374513,1513471589.1817482,308
query,1513471589.181752,1513471589.4027567,1361
query,1513471589.4027627,1513471589.6297119,892
query,1513471589.6297169,1513471589.8655925,911
query,1513471589.8655977,1513471590.0316727,15
query,1513471590.0316784,1513471590.206982,159
query,1513471590.2069864,1513471590.4077272,67
query,1513471590.4077306,1513471590.5767057,193
query,1513471590.5767114,1513471590.7631102,809
query,1513471590.7631595,1513471590.983336,140
query,1513471590.997043,1513471591.1880016,964
query,1513471591.1880066,1513471591.3598406,190
query,1513471591.3598468,1513471591.5517263,174
query,1513471591.5517333,1513471591.745564,869
query,1513471591.745569,1513471591.9326317,119
query,1513471591.9326367,1513471592.0460339,3
query,1513471592.0460403,1513471592.136432,0
query,1513471592.1364357,1513471592.30494,71
query,1513471592.304946,1513471592.4541636,200
query,1513471592.4541688,1513471592.625893,3
query,1513471592.6258972,1513471592.8306904,551
query,1513471592.8306954,1513471593.0267956,5
query,1513471593.026802,1513471593.2598164,1489
query,1513471593.2598212,1513471593.547924,1332
query,1513471593.54793,1513471593.7205267,956
query,1513471593.7205312,1513471593.9636354,403
query,1513471593.96364,1513471594.1437798,418
query,1513471594.1437848,1513471594.322527,992
query,1513471594.3225336,1513471594.515343,52
query,1513471594.5153818,1513471594.902725,1159
query,1513471594.9118326,1513471595.1741116,613
query,1513471595.174116,1513471595.3399253,285
query,1513471595.3399303,1513471595.5905683,1047
query,1513471595.5905728,1513471595.7768772,1069
query,1513471595.7768822,1513471595.9056902,0
query,1513471595.9056957,1513471596.0738037,0
query,1513471596.073808,1513471596.249921,1
query,1513471596.2499259,1513471596.4282675,228
query,1513471596.428273,1513471596.5771244,37
query,1513471596.57713,1513471596.7829282,469
query,1513471596.7829337,1513471596.9587355,1720
query,1513471596.9587414,1513471597.1369147,1322
query,1513471597.136922,1513471597.3276923,1051
query,1513471597.3276997,1513471597.5402887,1395
query,1513471597.5402942,1513471597.7310588,556
query,1513471597.7310638,1513471597.899046,281
query,1513471597.89905,1513471598.0883653,65
query,1513471598.0883706,1513471598.3050058,1113
query,1513471598.3050103,1513471598.525317,755
query,1513471598.5253575,1513471598.743015,1006
query,1513471598.7556417,1513471598.9419558,1225
query,1513471598.9419613,1513471599.1123426,1642
query,1513471599.1123471,1513471599.3146157,1231
query,1513471599.314621,1513471599.4583342,749
query,1513471599.458339,1513471599.6100636,22
query,1513471599.610068,1513471599.761902,70
query,1513471599.761907,1513471599.9159656,363
query,1513471599.9159703,1513471600.109703,988
query,1513471600.109708,1513471600.2606885,294
query,1513471600.260692,1513471600.4612072,1247
query,1513471600.4612105,1513471600.6468346,90
query,1513471600.6468408,1513471600.8480492,1824
query,1513471600.8480523,1513471601.0179782,1395
query,1513471601.0179832,1513471601.2476509,117
query,1513471601.2476563,1513471601.4307735,1167
query,1513471601.4307785,1513471601.6543953,646
query,1513471601.6544013,1513471601.8775005,1077
query,1513471601.8775063,1513471602.0858736,861
query,1513471602.0858786,1513471602.2493153,420
query,1513471602.2493753,1513471602.4309657,0
query,1513471602.432515,1513471602.631345,706
query,1513471602.6313498,1513471602.8209817,1127
query,1513471602.8209858,1513471603.0028472,34
query,1513471603.0028522,1513471603.1870012,329
query,1513471603.1870067,1513471603.4223897,771
query,1513471603.422394,1513471603.5999238,951
query,1513471603.599928,1513471603.869232,1254
query,1513471603.8692358,1513471604.1002026,793
query,1513471604.1002064,1513471604.255778,143
query,1513471604.2557824,1513471604.4229167,192
query,1513471604.4229221,1513471604.5792983,307
query,1513471604.579303,1513471604.7399986,718
query,1513471604.7400024,1513471604.9057763,39
query,1513471604.90578,1513471605.0633752,803
query,1513471605.0633793,1513471605.2208195,16
query,1513471605.2208264,1513471605.3998795,161
query,1513471605.3998857,1513471605.6059134,1428
query,1513471605.6059182,1513471605.8380117,1150
query,1513471605.8380177,1513471606.0782297,189
query,1513471606.0783083,1513471606.295808,424
query,1513471606.3100998,1513471606.4612048,826
query,1513471606.46121,1513471606.6227324,1206
query,1513471606.6227372,1513471606.8298495,376
query,1513471606.829855,1513471607.0874512,1323
query,1513471607.0874557,1513471607.252257,48
query,1513471607.252263,1513471607.4022956,127
query,1513471607.4023,1513471607.6356385,905
query,1513471607.6356425,1513471607.8007586,241
query,1513471607.8007638,1513471608.0310261,412
query,1513471608.0310311,1513471608.239794,64
query,1513471608.2397995,1513471608.4618073,1244
query,1513471608.4618118,1513471608.648852,404
query,1513471608.6488576,1513471608.8368065,1513
query,1513471608.836811,1513471609.0489426,104
query,1513471609.0489473,1513471609.2574568,759
query,1513471609.2574615,1513471609.4347277,6
query,1513471609.4347334,1513471609.6052232,11
query,1513471609.6052284,1513471609.7696702,919
query,1513471609.7696767,1513471609.9597952,1462
query,1513471609.9598444,1513471610.1421964,521
query,1513471610.153962,1513471610.2955706,339
query,1513471610.2955747,1513471610.4437304,1
query,1513471610.443744,1513471610.5883396,1078
query,1513471610.588345,1513471610.7179034,0
query,1513471610.7179089,1513471610.8869352,665
query,1513471610.8869405,1513471611.0603137,220
query,1513471611.0603209,1513471611.2443275,848
query,1513471611.244333,1513471611.4603124,402
query,1513471611.460317,1513471611.6787734,147
query,1513471611.6787803,1513471611.9180999,1134
query,1513471611.9181054,1513471612.0868628,386
query,1513471612.0868683,1513471612.2601457,446
query,1513471612.2601511,1513471612.4421904,1551
query,1513471612.4421976,1513471612.6354294,742
query,1513471612.6354349,1513471612.8564305,1373
query,1513471612.8564348,1513471613.032009,1260
query,1513471613.0320141,1513471613.2088013,685
query,1513471613.2088063,1513471613.3961914,891
query,1513471613.3961961,1513471613.5796237,170
query,1513471613.5796583,1513471613.7983809,398
query,1513471613.806773,1513471613.955085,561
query,1513471613.9550898,1513471614.1184072,182
query,1513471614.118412,1513471614.2787051,310
query,1513471614.2787092,1513471614.4847507,715
query,1513471614.484756,1513471614.6014569,0
query,1513471614.6014638,1513471614.7948818,515
query,1513471614.7948873,1513471615.0310984,344
query,1513471615.0311034,1513471615.226303,1096
query,1513471615.2263086,1513471615.3745282,302
query,1513471615.3745353,1513471615.56634,110
query,1513471615.5663464,1513471615.793692,245
query,1513471615.7936976,1513471616.0361686,813
query,1513471616.0361748,1513471616.2983189,1880
query,1513471616.2983243,1513471616.554807,1117
query,1513471616.5548184,1513471616.833717,507
query,1513471616.8337226,1513471617.0355399,755
query,1513471617.0355446,1513471617.2268493,1407
query,1513471617.2268548,1513471617.4189959,348
query,1513471617.4190035,1513471617.6416569,720
query,1513471617.6416945,1513471617.8890884,558
query,1513471617.8994834,1513471618.06457,1452
query,1513471618.0645747,1513471618.1997657,618
query,1513471618.1997695,1513471618.3619666,241
query,1513471618.3619702,1513471618.5289042,1572
query,1513471618.5289094,1513471618.6528857,1
query,1513471618.6528914,1513471618.8064024,1522
query,1513471618.806408,1513471618.9577923,1050
query,1513471618.9577968,1513471619.061781,0
query,1513471619.0617862,1513471619.2554934,1197
query,1513471619.255497,1513471619.3996298,551
query,1513471619.3996336,1513471619.5960526,1096
query,1513471619.596058,1513471619.766053,269
query,1513471619.7660584,1513471620.0039704,699
query,1513471620.0039756,1513471620.1247048,1
query,1513471620.1247096,1513471620.2801635,287
query,1513471620.2801685,1513471620.4668713,781
query,1513471620.466878,1513471620.6501904,328
query,1513471620.650195,1513471620.8330925,958
query,1513471620.833097,1513471620.998556,1469
query,1513471620.9986107,1513471621.2056308,1107
query,1513471621.219627,1513471621.4085507,1473
query,1513471621.408556,1513471621.6155338,192
query,1513471621.6155386,1513471621.8088493,1718
query,1513471621.8088524,1513471621.9786048,659
query,1513471621.978611,1513471622.1054525,0
query,1513471622.1054573,1513471622.2844565,105
query,1513471622.2844603,1513471622.45116,378
query,1513471622.451164,1513471622.6483727,707
query,1513471622.6483781,1513471622.8656564,1474
query,1513471622.8656616,1513471623.0103393,255
query,1513471623.0103443,1513471623.2284093,1115
query,1513471623.2284133,1513471623.345611,0
query,1513471623.3456163,1513471623.505031,333
query,1513471623.5050378,1513471623.6674361,525
query,1513471623.6674397,1513471623.8463013,289
query,1513471623.846307,1513471624.0143533,922
query,1513471624.0143588,1513471624.2126102,211
query,1513471624.2126143,1513471624.4197183,142
query,1513471624.419724,1513471624.5921795,570
query,1513471624.5922303,1513471624.8233316,1694
query,1513471624.834738,1513471625.0072432,48
query,1513471625.0072489,1513471625.141953,0
query,1513471625.1419575,1513471625.3331978,1119
query,1513471625.333204,1513471625.508237,97
query,1513471625.5082428,1513471625.7117565,873
query,1513471625.7117639,1513471625.897116,988
query,1513471625.897121,1513471626.086039,269
query,1513471626.086044,1513471626.2594683,195
query,1513471626.2594736,1513471626.4204688,782
query,1513471626.4204738,1513471626.584711,519
query,1513471626.5847154,1513471626.8716943,204
query,1513471626.8717005,1513471627.0282526,1143
query,1513471627.0282571,1513471627.2110667,19
query,1513471627.211071,1513471627.4751344,445
query,1513471627.4751387,1513471627.5942373,0
query,1513471627.594309,1513471627.810512,604
query,1513471627.8105168,1513471628.025942,772
query,1513471628.0259469,1513471628.2734463,64
query,1513471628.2734532,1513471628.4601235,173
query,1513471628.460171,1513471628.7076747,41
query,1513471628.7205026,1513471628.8985777,75
query,1513471628.898583,1513471629.1340916,1506
query,1513471629.1340957,1513471629.339581,1275
query,1513471629.339585,1513471629.5534234,1390
query,1513471629.553428,1513471629.7336714,468
query,1513471629.7336767,1513471629.921428,1233
query,1513471629.921437,1513471630.1014562,549
query,1513471630.1014616,1513471630.2082374,0
query,1513471630.208242,1513471630.4037743,1231
query,1513471630.4037793,1513471630.6064835,465
query,1513471630.6064873,1513471630.7802181,1876
query,1513471630.7802234,1513471630.9607494,655
query,1513471630.9607544,1513471631.1672585,954
query,1513471631.1672628,1513471631.3714416,954
query,1513471631.3714464,1513471631.595676,403
query,1513471631.5956805,1513471631.8036072,123
query,1513471631.8036115,1513471631.9415505,0
query,1513471631.941556,1513471632.1664972,294
query,1513471632.1665027,1513471632.412767,709
query,1513471632.412864,1513471632.6912525,499
query,1513471632.7009296,1513471632.8897638,134
query,1513471632.889772,1513471633.0766072,26
query,1513471633.0766132,1513471633.270878,98
query,1513471633.2708826,1513471633.4423425,882
query,1513471633.4423487,1513471633.541662,0
query,1513471633.5416653,1513471633.7167988,1105
query,1513471633.7168043,1513471633.9267354,1427
query,1513471633.926741,1513471634.0835688,21
query,1513471634.0835724,1513471634.235465,1207
query,1513471634.2354689,1513471634.4194522,442
query,1513471634.419457,1513471634.582093,303
query,1513471634.5820973,1513471634.8319001,966
query,1513471634.8319056,1513471635.0455341,400
query,1513471635.0455396,1513471635.2176347,1361
query,1513471635.2176397,1513471635.3749323,235
query,1513471635.3749387,1513471635.5495567,4
query,1513471635.5495636,1513471635.795679,190
query,1513471635.795684,1513471636.0108223,30
query,1513471636.0108273,1513471636.1556833,29
query,1513471636.1557229,1513471636.4103823,1548
query,1513471636.424258,1513471636.6111608,554
query,1513471636.6111655,1513471636.8117592,1221
query,1513471636.8117638,1513471636.9330838,1
query,1513471636.9330878,1513471637.1341848,98
query,1513471637.134189,1513471637.322542,368
query,1513471637.3225465,1513471637.4716053,684
query,1513471637.4716094,1513471637.6529577,181
query,1513471637.6529624,1513471637.8789706,232
query,1513471637.8789754,1513471638.081313,681
query,1513471638.081318,1513471638.2368834,456
query,1513471638.2368882,1513471638.3732853,80
query,1513471638.3732908,1513471638.5720072,710
query,1513471638.5720122,1513471638.728538,1087
query,1513471638.7285457,1513471638.9801795,189
query,1513471638.9801855,1513471639.1764445,230
query,1513471639.1764503,1513471639.3637,34
query,1513471639.3637044,1513471639.5409453,1114
query,1513471639.5409503,1513471639.7206428,559
query,1513471639.7206478,1513471639.9155798,885
