tables,1513138422.1304462,1513140455.314851
query,1513140455.3161213,1513140455.6161745,93
query,1513140455.6301394,1513140456.135266,639
query,1513140456.135271,1513140456.5136447,582
query,1513140456.5136492,1513140456.753024,96
query,1513140456.7530289,1513140456.8911421,76
query,1513140456.891147,1513140457.2185636,1090
query,1513140457.2185688,1513140457.3370316,23
query,1513140457.3370352,1513140457.457957,37
query,1513140457.4579604,1513140457.5955448,130
query,1513140457.5955486,1513140457.7474422,87
query,1513140457.7474453,1513140459.1482456,93
query,1513140459.1482499,1513140459.5363522,941
query,1513140459.5363567,1513140460.9404612,93
query,1513140460.940467,1513140461.414573,724
query,1513140461.4145777,1513140461.5247066,90
query,1513140461.524711,1513140461.9954276,580
query,1513140461.9954317,1513140462.1311758,48
query,1513140462.13118,1513140462.8706343,94
query,1513140462.8706403,1513140462.9500144,18
query,1513140462.9500182,1513140463.955682,85
query,1513140463.956437,1513140464.122308,239
query,1513140464.136157,1513140464.3701096,449
query,1513140464.370114,1513140464.7399278,73
query,1513140464.739934,1513140465.398961,763
query,1513140465.3989658,1513140465.5348763,67
query,1513140465.534881,1513140466.7117865,93
query,1513140466.7117918,1513140467.9070938,92
query,1513140467.9070995,1513140469.1312532,93
query,1513140469.131258,1513140470.505393,93
query,1513140470.5053976,1513140471.769403,92
query,1513140471.7694073,1513140471.886641,18
query,1513140471.8866453,1513140471.9940398,60
query,1513140471.994044,1513140472.5005429,1310
query,1513140472.500547,1513140472.6516004,446
query,1513140472.6516047,1513140473.1845334,990
query,1513140473.184538,1513140473.4723468,793
query,1513140473.4723518,1513140473.599989,2
query,1513140473.599993,1513140473.879903,908
query,1513140473.8799074,1513140474.2118592,743
query,1513140474.2118633,1513140474.4120455,426
query,1513140474.412083,1513140475.187035,1518
query,1513140475.2000105,1513140476.0037081,1059
query,1513140476.0037127,1513140476.7828119,1368
query,1513140476.7828178,1513140477.7719052,1918
query,1513140477.771911,1513140477.9170818,311
query,1513140477.9170876,1513140478.5439448,1304
query,1513140478.543952,1513140479.1346483,1097
query,1513140479.1346545,1513140480.436455,2144
query,1513140480.4364603,1513140480.570117,7
query,1513140480.5701215,1513140480.648922,94
query,1513140480.6489277,1513140481.1449232,1255
query,1513140481.1449282,1513140481.2224996,0
query,1513140481.2225037,1513140482.4822397,2048
query,1513140482.482245,1513140482.7724316,926
query,1513140482.7724357,1513140482.948931,554
query,1513140482.9489355,1513140483.24942,767
query,1513140483.2494242,1513140483.4693153,1296
query,1513140483.4693205,1513140484.0778213,1437
query,1513140484.077826,1513140484.3452933,805
query,1513140484.3452961,1513140484.4811952,216
query,1513140484.4812312,1513140484.6354632,3
query,1513140484.648148,1513140484.8218296,627
query,1513140484.8218331,1513140486.1681206,2095
query,1513140486.1681254,1513140486.5665092,1357
query,1513140486.5665147,1513140486.7305403,225
query,1513140486.7305443,1513140486.9941971,881
query,1513140486.9942017,1513140487.1893456,442
query,1513140487.1893501,1513140488.3193743,1501
query,1513140488.3193784,1513140488.6300485,1301
query,1513140488.6300523,1513140488.7755914,510
query,1513140488.7755952,1513140489.2302744,1528
query,1513140489.2302783,1513140490.0697374,1563
query,1513140490.0697405,1513140490.2128386,7
query,1513140490.2128425,1513140490.4029896,1068
query,1513140490.4029937,1513140490.8073676,729
query,1513140490.8073719,1513140491.1913195,617
query,1513140491.1913226,1513140491.307936,2
query,1513140491.3079407,1513140491.434936,321
query,1513140491.4349391,1513140491.5822132,808
query,1513140491.5822172,1513140491.7576084,454
query,1513140491.7576382,1513140492.2698705,1382
query,1513140492.278799,1513140492.3895612,289
query,1513140492.3895645,1513140492.6024961,867
query,1513140492.6024992,1513140492.7339132,115
query,1513140492.7339172,1513140493.056615,1144
query,1513140493.0566192,1513140493.1895764,624
query,1513140493.1895802,1513140493.2568877,0
query,1513140493.2568913,1513140494.0021515,1695
query,1513140494.002155,1513140494.1310806,206
query,1513140494.1310852,1513140494.3240368,620
query,1513140494.3240411,1513140494.616593,972
query,1513140494.6165965,1513140494.7473602,255
query,1513140494.747364,1513140494.9105206,383
query,1513140494.9105248,1513140495.0498223,777
query,1513140495.0498264,1513140495.1579814,21
query,1513140495.1579874,1513140495.6711712,1746
query,1513140495.6711743,1513140495.8639743,416
query,1513140495.8639805,1513140496.3605187,1544
query,1513140496.3605225,1513140496.7679434,1221
query,1513140496.767949,1513140497.5208442,1747
query,1513140497.5208879,1513140497.6780448,21
query,1513140497.6909728,1513140498.0466805,904
query,1513140498.0466847,1513140498.510319,829
query,1513140498.5103235,1513140498.6197867,126
query,1513140498.6197898,1513140498.82832,581
query,1513140498.8283236,1513140499.3721726,782
query,1513140499.372178,1513140500.352605,1862
query,1513140500.3526087,1513140500.6145744,947
query,1513140500.6145785,1513140500.7218606,19
query,1513140500.7218637,1513140501.6092935,1782
query,1513140501.6092973,1513140501.8895462,981
query,1513140501.88955,1513140502.1331446,1315
query,1513140502.133149,1513140502.3024008,306
query,1513140502.3024049,1513140502.4718602,645
query,1513140502.4718685,1513140502.672532,454
query,1513140502.672537,1513140502.8062124,362
query,1513140502.8062172,1513140503.0026553,413
query,1513140503.0026603,1513140504.0912495,2029
query,1513140504.0912533,1513140504.285958,1026
query,1513140504.285963,1513140504.4270153,431
query,1513140504.4273138,1513140504.5810242,279
query,1513140504.5940206,1513140504.78886,236
query,1513140504.788865,1513140505.699854,1786
query,1513140505.699858,1513140505.8068738,18
query,1513140505.806878,1513140506.0820887,499
query,1513140506.0821047,1513140506.5094693,1165
query,1513140506.509474,1513140506.6271825,151
query,1513140506.6271865,1513140507.8924894,2030
query,1513140507.8924925,1513140508.025861,361
query,1513140508.0258646,1513140508.8167152,1997
query,1513140508.8167195,1513140509.0691335,1438
query,1513140509.0691378,1513140509.8778903,1008
query,1513140509.8778944,1513140510.017175,447
query,1513140510.0171793,1513140510.1932166,374
query,1513140510.1932216,1513140511.2225842,1789
query,1513140511.2225895,1513140511.3385139,34
query,1513140511.338518,1513140511.478578,222
query,1513140511.4785821,1513140511.9078958,1426
query,1513140511.9079022,1513140512.020178,150
query,1513140512.0201826,1513140512.5885348,606
query,1513140512.588571,1513140512.8444471,560
query,1513140512.856063,1513140513.309766,1648
query,1513140513.3097706,1513140513.4918957,397
query,1513140513.4919004,1513140514.096189,227
query,1513140514.0961938,1513140514.5860248,1342
query,1513140514.586031,1513140515.913573,2185
query,1513140515.9135761,1513140516.1539848,806
query,1513140516.1539884,1513140516.2934246,707
query,1513140516.29343,1513140517.2203455,1316
query,1513140517.2203505,1513140517.4943087,786
query,1513140517.4943144,1513140517.7745552,1245
query,1513140517.7745602,1513140517.8470755,4
query,1513140517.8470807,1513140518.105771,1061
query,1513140518.105776,1513140518.2363675,188
query,1513140518.2363715,1513140518.3479607,184
query,1513140518.3479652,1513140518.4604044,68
query,1513140518.460409,1513140518.7573898,1581
query,1513140518.757394,1513140519.1548512,1261
query,1513140519.1548562,1513140520.3919,1944
query,1513140520.3919172,1513140521.006934,2078
query,1513140521.0069869,1513140521.2831316,799
query,1513140521.2957613,1513140521.696757,1279
query,1513140521.6967611,1513140522.1670387,722
query,1513140522.1670425,1513140522.4253123,543
query,1513140522.4253163,1513140522.6070209,252
query,1513140522.6070244,1513140522.7610328,400
query,1513140522.761036,1513140523.13164,1196
query,1513140523.1316435,1513140524.598402,2055
query,1513140524.5984063,1513140524.8034663,504
query,1513140524.8034718,1513140524.9381866,137
query,1513140524.9381912,1513140525.526639,1604
query,1513140525.5266442,1513140525.7974753,245
query,1513140525.7974792,1513140525.9300675,670
query,1513140525.9300716,1513140526.508369,1018
query,1513140526.5083725,1513140527.318658,1821
query,1513140527.3186617,1513140528.0995727,1536
query,1513140528.0995758,1513140528.2501433,349
query,1513140528.2501469,1513140528.3959033,944
query,1513140528.3959076,1513140528.7270648,1286
query,1513140528.7270682,1513140529.2475586,1711
query,1513140529.2476165,1513140529.4704812,468
query,1513140529.4859035,1513140529.7584147,666
query,1513140529.7584703,1513140530.1829643,1058
query,1513140530.1829684,1513140530.8644626,1865
query,1513140530.8644667,1513140531.559898,1223
query,1513140531.5599015,1513140531.87993,1011
query,1513140531.8799362,1513140532.0833292,587
query,1513140532.0833352,1513140532.1903884,111
query,1513140532.190394,1513140532.330549,53
query,1513140532.3305535,1513140533.1425004,2098
query,1513140533.142505,1513140533.2865937,282
query,1513140533.2865984,1513140533.4592104,541
query,1513140533.4592152,1513140533.5745063,5
query,1513140533.5745118,1513140534.0116632,1349
query,1513140534.0116699,1513140534.0940425,9
query,1513140534.0940473,1513140534.7909994,1762
query,1513140534.791004,1513140535.4016705,879
query,1513140535.4016764,1513140535.571012,402
query,1513140535.5710166,1513140536.1295562,1246
query,1513140536.1295605,1513140537.4748352,1770
query,1513140537.4748864,1513140537.7307081,317
query,1513140537.7386687,1513140537.8736575,179
query,1513140537.8736615,1513140538.2017632,863
query,1513140538.2017665,1513140538.4635134,1683
query,1513140538.4635186,1513140538.85632,1371
query,1513140538.856325,1513140539.3841043,893
query,1513140539.3841076,1513140540.3353124,1698
query,1513140540.335318,1513140540.4677072,407
query,1513140540.4677143,1513140540.5429044,0
query,1513140540.5429091,1513140540.9515135,771
query,1513140540.951517,1513140541.0914216,247
query,1513140541.0914254,1513140541.500215,790
query,1513140541.5002193,1513140542.6311998,1806
query,1513140542.6312041,1513140542.835167,492
query,1513140542.8351703,1513140543.0751483,523
query,1513140543.075153,1513140543.66422,1006
query,1513140543.6642249,1513140543.8323643,451
query,1513140543.8323689,1513140544.0017943,500
query,1513140544.0017989,1513140544.3465047,1370
query,1513140544.3465092,1513140544.537778,1044
query,1513140544.5378194,1513140544.7796621,792
query,1513140544.7923975,1513140544.9230406,164
query,1513140544.9230442,1513140545.1254427,1023
query,1513140545.125446,1513140545.3009543,649
query,1513140545.300958,1513140545.7139423,1590
query,1513140545.713946,1513140546.8681514,1675
query,1513140546.868155,1513140547.6460679,1676
query,1513140547.6460721,1513140548.7303252,1966
query,1513140548.7303305,1513140548.917909,665
query,1513140548.9179134,1513140548.99494,0
query,1513140548.9949434,1513140549.3155897,806
query,1513140549.3155932,1513140549.6470463,1073
query,1513140549.6470516,1513140549.7704854,650
query,1513140549.7704904,1513140550.0763369,874
query,1513140550.0763416,1513140550.5372207,876
query,1513140550.5372252,1513140550.6039493,0
query,1513140550.603955,1513140551.7076263,1693
query,1513140551.7076306,1513140552.9854527,2204
query,1513140552.9854565,1513140553.131117,328
query,1513140553.1311207,1513140553.286914,314
query,1513140553.2869518,1513140553.927678,984
query,1513140553.9409366,1513140555.1278503,1809
query,1513140555.1278548,1513140555.3098583,352
query,1513140555.309862,1513140555.91034,1113
query,1513140555.9103436,1513140557.0535896,1857
query,1513140557.0535934,1513140557.7977004,1739
query,1513140557.7977035,1513140558.2266965,928
query,1513140558.2267,1513140558.3067822,0
query,1513140558.3067863,1513140558.42997,43
query,1513140558.4299738,1513140559.127249,2161
query,1513140559.127253,1513140559.278625,142
query,1513140559.2786293,1513140559.4296746,9
query,1513140559.4296799,1513140560.3185976,1747
query,1513140560.3186023,1513140560.5105302,442
query,1513140560.510533,1513140561.2693875,1591
query,1513140561.2693915,1513140561.7128441,1283
query,1513140561.7128491,1513140562.4237814,1559
query,1513140562.4237862,1513140562.5421503,12
query,1513140562.542155,1513140562.6266124,0
query,1513140562.6266174,1513140562.87815,758
query,1513140562.8781936,1513140563.8897204,1909
query,1513140563.8991663,1513140564.0303726,233
query,1513140564.0303752,1513140564.0981872,0
query,1513140564.0981896,1513140564.4905205,1475
query,1513140564.4905252,1513140564.8306422,1383
query,1513140564.8306465,1513140565.039614,423
query,1513140565.039619,1513140565.1074228,1
query,1513140565.1074266,1513140565.242692,63
query,1513140565.2426968,1513140566.3889277,1157
query,1513140566.3889337,1513140566.4909306,7
query,1513140566.490934,1513140566.5929346,13
query,1513140566.592939,1513140566.7456875,591
query,1513140566.745691,1513140566.8227346,0
query,1513140566.822739,1513140566.9594102,275
query,1513140566.959414,1513140567.5677798,922
query,1513140567.5677845,1513140568.3521745,1808
query,1513140568.3521786,1513140568.5603225,603
query,1513140568.5603275,1513140569.0688994,1323
query,1513140569.0689056,1513140569.178981,153
query,1513140569.1789865,1513140569.7520118,1590
query,1513140569.752044,1513140569.9385467,233
query,1513140569.9538918,1513140571.2227557,2042
query,1513140571.22276,1513140571.4992623,1297
query,1513140571.4992666,1513140571.628353,183
query,1513140571.6283581,1513140571.880254,691
query,1513140571.8802583,1513140572.1211736,841
query,1513140572.1211777,1513140572.3625274,705
query,1513140572.3625324,1513140573.0400755,1902
query,1513140573.0400832,1513140573.3517416,714
query,1513140573.3517456,1513140573.502083,111
query,1513140573.5020866,1513140573.8818944,518
query,1513140573.881898,1513140574.3280108,1138
query,1513140574.3280141,1513140575.474768,2198
query,1513140575.4747727,1513140575.627333,128
query,1513140575.627338,1513140575.7220678,0
query,1513140575.7220721,1513140575.8611448,592
query,1513140575.8611486,1513140575.9976733,5
query,1513140575.997678,1513140576.4594283,1311
query,1513140576.4594338,1513140577.0586305,1607
query,1513140577.0586343,1513140577.5944045,1588
query,1513140577.5945015,1513140577.820387,547
query,1513140577.8289773,1513140578.0959852,1004
query,1513140578.0959895,1513140578.3934093,844
query,1513140578.3934138,1513140578.9263847,1458
query,1513140578.9263883,1513140579.466384,1660
query,1513140579.4663975,1513140579.6209807,309
query,1513140579.6209843,1513140580.0518675,1043
query,1513140580.0518715,1513140580.3340135,826
query,1513140580.3340175,1513140580.4963121,421
query,1513140580.496327,1513140581.6345675,1967
query,1513140581.6345716,1513140581.7779076,117
query,1513140581.7779117,1513140582.0143971,826
query,1513140582.0144014,1513140582.1217976,0
query,1513140582.1218011,1513140582.254172,80
query,1513140582.2541764,1513140583.066558,1896
query,1513140583.0665622,1513140583.202027,83
query,1513140583.202031,1513140584.0793602,1173
query,1513140584.079366,1513140584.5549676,1205
query,1513140584.5549731,1513140584.6260934,0
query,1513140584.6260974,1513140584.7506323,100
query,1513140584.750677,1513140585.5674007,1868
query,1513140585.5765507,1513140585.685547,172
query,1513140585.6855516,1513140587.1581182,2194
query,1513140587.158122,1513140588.5096602,2209
query,1513140588.509664,1513140588.754518,578
query,1513140588.7545233,1513140589.6614501,1956
query,1513140589.6614532,1513140590.9235451,2268
query,1513140590.92355,1513140591.092514,405
query,1513140591.0925183,1513140591.3584127,724
query,1513140591.3584194,1513140591.806676,1317
query,1513140591.806682,1513140593.1981444,1743
query,1513140593.1981485,1513140594.388171,1811
query,1513140594.388175,1513140594.4999933,1
query,1513140594.4999979,1513140594.6618288,639
query,1513140594.6618323,1513140594.960236,602
query,1513140594.9602396,1513140595.2257342,459
query,1513140595.2257392,1513140595.3731744,76
query,1513140595.3731782,1513140595.7093978,1154
query,1513140595.7094011,1513140595.890114,541
query,1513140595.8901176,1513140596.9896986,1424
query,1513140596.9897428,1513140597.4013677,1688
query,1513140597.412696,1513140598.963263,2252
query,1513140598.9632673,1513140599.1422555,677
query,1513140599.1422594,1513140599.2770019,180
query,1513140599.2770045,1513140600.3072207,1392
query,1513140600.3072257,1513140600.570179,1352
query,1513140600.5701828,1513140600.8346553,1492
query,1513140600.8346603,1513140601.0499275,711
query,1513140601.0499327,1513140601.2181728,304
query,1513140601.218177,1513140602.1388946,2337
query,1513140602.1388981,1513140603.151271,1601
query,1513140603.1512756,1513140603.3950255,714
query,1513140603.3950305,1513140603.6749654,862
query,1513140603.6749701,1513140603.8236358,18
query,1513140603.823641,1513140604.3425407,1108
query,1513140604.3425453,1513140604.7896254,777
query,1513140604.7896297,1513140605.009445,220
query,1513140605.0094497,1513140605.1312675,217
query,1513140605.1312726,1513140605.2202017,1
query,1513140605.2202058,1513140605.3587656,14
query,1513140605.3588197,1513140606.156438,1840
query,1513140606.166048,1513140607.2783337,2257
query,1513140607.2783384,1513140607.386502,54
query,1513140607.3865063,1513140607.5187078,11
query,1513140607.5187123,1513140607.7872372,1139
query,1513140607.7872417,1513140608.1633148,1410
query,1513140608.1633198,1513140608.4579463,1270
query,1513140608.457951,1513140608.7174983,707
query,1513140608.717501,1513140608.933945,459
query,1513140608.933948,1513140609.6667583,1662
query,1513140609.6667626,1513140609.8719342,361
query,1513140609.871938,1513140610.2867603,1209
query,1513140610.2867649,1513140610.4870408,520
query,1513140610.4870453,1513140611.1993406,1638
query,1513140611.199344,1513140611.333314,25
query,1513140611.3333185,1513140611.5066473,395
query,1513140611.506652,1513140611.820858,1253
query,1513140611.8208628,1513140612.6965938,1421
query,1513140612.696598,1513140612.8200417,15
query,1513140612.8200467,1513140613.0621948,661
query,1513140613.0622318,1513140613.1976564,144
query,1513140613.2100263,1513140613.3412936,166
query,1513140613.3412986,1513140613.4623296,395
query,1513140613.4623337,1513140613.8028872,587
query,1513140613.8028927,1513140614.899633,1732
query,1513140614.8996375,1513140615.1420228,533
query,1513140615.1420274,1513140615.2714107,13
query,1513140615.271415,1513140615.5995135,612
query,1513140615.5995183,1513140615.8303437,1232
query,1513140615.8303485,1513140615.9291556,0
query,1513140615.9291615,1513140616.4012356,1623
query,1513140616.4012394,1513140616.6138046,913
query,1513140616.6138082,1513140616.9587815,969
query,1513140616.9587862,1513140617.5942225,979
query,1513140617.5942268,1513140618.266328,929
query,1513140618.2663317,1513140618.9596808,1041
query,1513140618.959685,1513140619.7067301,1459
query,1513140619.706735,1513140619.8465548,48
query,1513140619.8465579,1513140619.9531546,4
query,1513140619.9531593,1513140620.9113615,1812
query,1513140620.9114027,1513140621.4962347,1156
query,1513140621.5106025,1513140621.641971,239
query,1513140621.641975,1513140622.0343022,1062
query,1513140622.0343182,1513140622.5501626,1501
query,1513140622.550168,1513140622.67184,19
query,1513140622.6718452,1513140623.7763455,2279
query,1513140623.7763493,1513140624.054362,1181
query,1513140624.0543666,1513140624.1582022,7
query,1513140624.1582148,1513140624.5510242,1364
query,1513140624.5510292,1513140625.433429,1844
query,1513140625.4334335,1513140625.7125864,523
query,1513140625.7125907,1513140626.4427705,1647
query,1513140626.4427743,1513140626.6466439,426
query,1513140626.646649,1513140626.7826107,170
query,1513140626.7826152,1513140626.890061,17
query,1513140626.8900661,1513140627.89344,2073
query,1513140627.893445,1513140628.618831,1788
query,1513140628.6188374,1513140628.7333205,27
query,1513140628.7333257,1513140628.9710453,992
query,1513140628.9710493,1513140629.0839283,3
query,1513140629.0839767,1513140629.628513,1457
query,1513140629.6397731,1513140629.782112,128
query,1513140629.782116,1513140630.5032408,1335
query,1513140630.5032465,1513140630.885047,1363
query,1513140630.8850522,1513140631.018524,164
query,1513140631.0185292,1513140632.494524,2058
query,1513140632.4945297,1513140633.3474262,1787
query,1513140633.3474305,1513140633.8061798,1583
query,1513140633.8061836,1513140634.1085322,503
query,1513140634.1085367,1513140634.2411928,7
query,1513140634.2411983,1513140634.4139783,963
query,1513140634.4139833,1513140634.523287,134
query,1513140634.5232925,1513140634.8754041,1108
query,1513140634.87541,1513140635.3631885,1561
query,1513140635.3631923,1513140635.774623,1211
query,1513140635.7746272,1513140635.8536189,14
query,1513140635.8536217,1513140635.9733815,8
query,1513140635.9733858,1513140637.0500548,1426
query,1513140637.0500586,1513140637.1379867,49
query,1513140637.1379912,1513140637.284669,60
query,1513140637.2847104,1513140637.932138,1311
query,1513140637.9444196,1513140638.0805514,830
query,1513140638.080556,1513140638.253284,717
query,1513140638.2532876,1513140638.4956121,1509
query,1513140638.4956172,1513140638.6866772,217
query,1513140638.6866827,1513140639.0787175,1666
query,1513140639.0787215,1513140639.1871066,255
query,1513140639.187112,1513140639.4943666,1412
query,1513140639.4943717,1513140639.7062197,649
query,1513140639.706224,1513140640.1307666,1179
query,1513140640.130771,1513140640.8121612,981
query,1513140640.812165,1513140640.9311266,6
query,1513140640.9311476,1513140642.0343442,1838
query,1513140642.034348,1513140642.153854,69
query,1513140642.1538577,1513140643.100571,1575
query,1513140643.1005764,1513140644.0645947,2099
query,1513140644.0645993,1513140645.0993865,2207
query,1513140645.0993903,1513140645.9808593,2162
query,1513140645.9808626,1513140646.0687568,2
query,1513140646.0687606,1513140646.3373742,524
query,1513140646.3374054,1513140646.8696291,1147
query,1513140646.8796358,1513140647.0512164,698
query,1513140647.0512211,1513140647.2086244,626
query,1513140647.208628,1513140647.428967,1061
query,1513140647.4289706,1513140647.573,653
query,1513140647.573004,1513140648.1658223,1924
query,1513140648.165826,1513140649.0530248,1902
query,1513140649.0530283,1513140649.3949835,1174
query,1513140649.394987,1513140649.5712225,1063
query,1513140649.571226,1513140649.8179226,722
query,1513140649.8179266,1513140650.001504,436
query,1513140650.0015087,1513140650.2206604,807
query,1513140650.2206647,1513140650.34267,217
query,1513140650.3426743,1513140651.393961,2244
query,1513140651.3939645,1513140651.5084186,252
query,1513140651.5084224,1513140651.7454145,833
query,1513140651.7454178,1513140652.0582292,1048
query,1513140652.0582337,1513140652.1791348,324
query,1513140652.1791391,1513140652.487899,959
query,1513140652.4879038,1513140652.8867047,1676
query,1513140652.8867424,1513140653.302265,1637
query,1513140653.3115246,1513140653.6954122,1196
query,1513140653.6954188,1513140654.237517,765
query,1513140654.2375212,1513140654.449586,408
query,1513140654.4495897,1513140654.7115018,1109
query,1513140654.7115068,1513140654.8825674,412
query,1513140654.8825724,1513140654.9803061,8
query,1513140654.9803102,1513140655.1305764,834
query,1513140655.130583,1513140655.733048,1381
query,1513140655.7330527,1513140655.890563,233
query,1513140655.8905685,1513140656.7392385,1782
query,1513140656.739243,1513140657.077738,458
query,1513140657.077742,1513140658.2438807,2147
query,1513140658.243886,1513140658.3629634,26
query,1513140658.3629677,1513140658.5050232,313
query,1513140658.5050304,1513140659.287009,1764
query,1513140659.287014,1513140659.4373355,359
query,1513140659.4373407,1513140660.0872016,1343
query,1513140660.0872061,1513140660.4508588,1511
query,1513140660.4508636,1513140661.2663467,1525
query,1513140661.2663817,1513140661.389982,77
query,1513140661.4002311,1513140661.8554468,1364
query,1513140661.8554518,1513140662.0191715,743
query,1513140662.0191758,1513140662.117724,114
query,1513140662.117728,1513140662.4329011,1172
query,1513140662.4329045,1513140662.6867115,952
query,1513140662.6867156,1513140663.5786307,2024
query,1513140663.578635,1513140663.747579,678
query,1513140663.7475827,1513140664.7446895,1939
query,1513140664.7446933,1513140664.9621406,719
query,1513140664.9621437,1513140665.806125,2210
query,1513140665.8061285,1513140666.8108668,1219
query,1513140666.8108706,1513140666.9900458,51
query,1513140666.9900513,1513140667.1984265,591
query,1513140667.198431,1513140667.3910859,434
query,1513140667.3910909,1513140668.4924426,2165
query,1513140668.4924471,1513140669.6067505,1883
query,1513140669.6067553,1513140670.1621723,1860
query,1513140670.1621768,1513140670.2824228,120
query,1513140670.2824268,1513140670.7947052,903
query,1513140670.7947514,1513140670.8825097,347
query,1513140670.896479,1513140671.774853,1914
query,1513140671.7748578,1513140671.9912205,582
query,1513140671.991226,1513140672.1351085,568
query,1513140672.135113,1513140672.9211235,1979
query,1513140672.9211283,1513140673.030183,37
query,1513140673.0301876,1513140673.6660926,940
query,1513140673.6660972,1513140673.8064473,810
query,1513140673.8064537,1513140674.7507298,1863
query,1513140674.750734,1513140675.7405076,1891
query,1513140675.7405124,1513140676.2910228,1994
query,1513140676.2910273,1513140677.2541318,1868
query,1513140677.2541358,1513140677.3557208,20
query,1513140677.355725,1513140678.4268308,2114
query,1513140678.4268346,1513140678.5945494,351
query,1513140678.594553,1513140678.8844607,1796
query,1513140678.884464,1513140679.2347543,724
query,1513140679.2347589,1513140679.3688412,519
query,1513140679.3688457,1513140679.4688518,2
query,1513140679.4688578,1513140679.6905558,1177
query,1513140679.6906118,1513140679.9095821,822
query,1513140679.9236555,1513140680.1803105,1227
query,1513140680.1803145,1513140680.5705903,1268
query,1513140680.5705953,1513140680.8658621,642
query,1513140680.8658657,1513140681.0083864,593
query,1513140681.0083926,1513140681.0924675,2
query,1513140681.0924704,1513140682.0021734,1000
query,1513140682.0021772,1513140682.3748686,1116
query,1513140682.3748722,1513140683.5253108,1968
query,1513140683.5253155,1513140683.6706948,189
query,1513140683.670699,1513140683.8505154,213
query,1513140683.85052,1513140684.0146976,281
query,1513140684.014702,1513140684.838882,2051
query,1513140684.838887,1513140685.5414877,2141
query,1513140685.5414946,1513140685.679907,657
query,1513140685.6799114,1513140685.9268856,1190
query,1513140685.926892,1513140686.1859152,381
query,1513140686.1859193,1513140686.7790024,1599
query,1513140686.779007,1513140687.2819436,1288
query,1513140687.2819483,1513140687.400334,216
query,1513140687.4004016,1513140687.5869238,68
query,1513140687.6002133,1513140687.931893,784
query,1513140687.9318979,1513140688.5644867,1296
query,1513140688.5644908,1513140689.4743361,1747
query,1513140689.474357,1513140689.6875994,581
query,1513140689.6876025,1513140690.6195023,1828
query,1513140690.6195068,1513140690.770951,160
query,1513140690.7709553,1513140692.0533588,2128
query,1513140692.053363,1513140692.3341966,1111
query,1513140692.3342006,1513140692.7079492,1003
query,1513140692.7079544,1513140692.9018629,1013
query,1513140692.9018667,1513140693.3225327,1205
query,1513140693.322537,1513140693.9106467,1640
query,1513140693.9106514,1513140694.3248823,1317
query,1513140694.3248856,1513140695.03351,889
query,1513140695.0335155,1513140696.1462688,1878
query,1513140696.1462722,1513140696.5227466,1260
query,1513140696.5227528,1513140697.310432,1868
query,1513140697.3104362,1513140697.6801362,530
query,1513140697.6801405,1513140697.8174853,12
query,1513140697.817588,1513140698.0078812,77
query,1513140698.0213103,1513140698.120898,1
query,1513140698.1209013,1513140698.3271828,1129
query,1513140698.3271868,1513140698.5865347,258
query,1513140698.5865464,1513140698.770102,699
query,1513140698.7701073,1513140699.0384543,862
query,1513140699.0384612,1513140699.1730976,282
query,1513140699.173102,1513140699.4821987,1350
query,1513140699.4822025,1513140699.693735,476
query,1513140699.6937392,1513140699.8289049,6
query,1513140699.8289094,1513140700.3183086,1004
query,1513140700.3183138,1513140700.6504383,1305
query,1513140700.6504433,1513140700.7778432,2
query,1513140700.7778487,1513140701.408181,1635
query,1513140701.4081855,1513140701.6225672,1031
query,1513140701.6225724,1513140701.7328882,54
query,1513140701.7328951,1513140702.0705297,1564
query,1513140702.0705345,1513140702.2706616,825
query,1513140702.270666,1513140702.7638729,983
query,1513140702.7638772,1513140703.1232874,1218
query,1513140703.1233377,1513140703.443079,1600
query,1513140703.456749,1513140703.5942674,67
query,1513140703.5942726,1513140704.0880375,1326
query,1513140704.088043,1513140704.3271503,877
query,1513140704.3271563,1513140704.492616,685
query,1513140704.4926207,1513140704.6167667,85
query,1513140704.6168082,1513140704.7573938,427
query,1513140704.7573986,1513140704.9420006,567
query,1513140704.9420073,1513140705.0732276,181
query,1513140705.0732315,1513140705.2118454,187
query,1513140705.2118566,1513140705.7956266,912
query,1513140705.7956338,1513140705.9453666,435
query,1513140705.9453719,1513140706.8760917,1636
query,1513140706.8760955,1513140707.154803,521
query,1513140707.1548078,1513140707.3907845,511
query,1513140707.3907905,1513140707.5237904,12
query,1513140707.5237954,1513140708.0155306,1307
query,1513140708.0155358,1513140708.6039863,1433
query,1513140708.6039908,1513140709.1315985,1780
query,1513140709.1316028,1513140710.6645176,225
query,1513140710.6645594,1513140710.942862,684
query,1513140710.952106,1513140711.0909207,328
query,1513140711.0909257,1513140711.6400218,1271
query,1513140711.640027,1513140712.0909789,1453
query,1513140712.090984,1513140712.1899154,2
query,1513140712.1899223,1513140713.4580572,2008
query,1513140713.4580622,1513140713.6224153,767
query,1513140713.6224203,1513140713.7949235,350
query,1513140713.79493,1513140713.901063,14
query,1513140713.9010665,1513140714.1022418,708
query,1513140714.1022468,1513140714.237152,527
query,1513140714.2371564,1513140715.4392989,1977
query,1513140715.4393044,1513140716.7043898,2070
query,1513140716.704395,1513140716.8138003,0
query,1513140716.8138049,1513140716.8933346,2
query,1513140716.893339,1513140717.3981428,1535
query,1513140717.3981469,1513140717.7268653,1151
query,1513140717.7268822,1513140718.155874,1453
query,1513140718.1558788,1513140718.2819672,11
query,1513140718.2819724,1513140718.4874213,338
query,1513140718.4874878,1513140719.0909796,1875
query,1513140719.1005576,1513140720.0627618,1591
query,1513140720.0627666,1513140720.2985806,803
query,1513140720.2985861,1513140721.5801053,1654
query,1513140721.5801096,1513140721.8302233,811
query,1513140721.8302274,1513140722.5900435,1391
query,1513140722.5900478,1513140722.7239478,476
query,1513140722.723952,1513140722.8746178,555
query,1513140722.8746223,1513140723.277266,1356
query,1513140723.277271,1513140724.2801497,1839
query,1513140724.2801547,1513140725.7199476,2047
query,1513140725.719952,1513140725.9583461,588
query,1513140725.9583502,1513140726.7519917,1756
query,1513140726.7519972,1513140728.0325673,2087
query,1513140728.0325723,1513140729.0275974,1882
query,1513140729.0276024,1513140730.1199644,1660
query,1513140730.1199691,1513140730.391075,789
query,1513140730.391079,1513140730.7969396,785
query,1513140730.7969449,1513140730.9176965,18
query,1513140730.917701,1513140731.5747616,1500
query,1513140731.5748112,1513140731.805848,954
query,1513140731.8196251,1513140732.5591383,1923
query,1513140732.5591424,1513140732.6910622,166
query,1513140732.691067,1513140733.1541252,716
query,1513140733.1541293,1513140733.4547217,1148
query,1513140733.4547253,1513140733.810549,1611
query,1513140733.810553,1513140734.5647478,1985
query,1513140734.5647528,1513140735.163975,1087
query,1513140735.1639786,1513140736.0385635,1674
query,1513140736.0385673,1513140736.690114,1529
query,1513140736.6901195,1513140737.948876,224
query,1513140737.948881,1513140738.126219,244
query,1513140738.1262233,1513140738.3067636,706
query,1513140738.3067691,1513140739.2549129,1894
query,1513140739.2549179,1513140739.3379843,1
query,1513140739.337989,1513140740.302605,1896
query,1513140740.3026097,1513140740.7162464,1305
query,1513140740.7162519,1513140741.42043,1851
query,1513140741.4204357,1513140742.7296338,2016
query,1513140742.7296388,1513140743.4286056,1507
query,1513140743.4286544,1513140744.793515,1879
query,1513140744.8080199,1513140744.9138649,33
query,1513140744.9138713,1513140745.049715,945
query,1513140745.0497196,1513140745.5461695,1736
query,1513140745.5461743,1513140746.01964,2128
query,1513140746.0196455,1513140746.6806736,1540
query,1513140746.6806784,1513140747.2900748,1067
query,1513140747.2900794,1513140747.4779985,589
query,1513140747.4780016,1513140747.654966,389
query,1513140747.654971,1513140747.7893763,100
query,1513140747.78938,1513140748.570419,1489
query,1513140748.5704234,1513140748.7055035,4
query,1513140748.7055075,1513140748.8498824,221
query,1513140748.8498874,1513140749.2112246,1372
query,1513140749.2112298,1513140749.7021728,1825
query,1513140749.7021768,1513140750.9632537,1560
query,1513140750.9632576,1513140751.1737037,1008
query,1513140751.173708,1513140751.9959095,1887
query,1513140751.9959161,1513140752.561365,726
query,1513140752.5613692,1513140753.0864139,1442
query,1513140753.086463,1513140754.1264641,1998
query,1513140754.1395686,1513140754.3142116,330
query,1513140754.3142169,1513140755.0979273,1830
query,1513140755.0979314,1513140755.2536814,503
query,1513140755.2536857,1513140755.7969105,650
query,1513140755.7969153,1513140756.458874,1610
query,1513140756.458877,1513140756.8499987,1219
query,1513140756.8500028,1513140756.9720616,110
query,1513140756.9720662,1513140758.0815756,1998
query,1513140758.0815809,1513140758.3516285,1273
query,1513140758.3516343,1513140758.4985363,227
query,1513140758.4985433,1513140759.3227248,1419
query,1513140759.3227303,1513140759.9236178,1476
query,1513140759.9236238,1513140760.2325768,968
query,1513140760.232582,1513140760.3611443,4
query,1513140760.3611495,1513140760.5304656,914
query,1513140760.530472,1513140760.7350736,314
query,1513140760.7350783,1513140760.9330547,1023
query,1513140760.93306,1513140761.2307723,1208
query,1513140761.230777,1513140762.0473533,1535
query,1513140762.0475938,1513140762.4848897,1509
query,1513140762.49831,1513140763.158254,1639
query,1513140763.158259,1513140763.8579943,1829
query,1513140763.8579998,1513140764.5341945,1326
query,1513140764.5341992,1513140764.7631164,519
query,1513140764.7631197,1513140764.8941345,97
query,1513140764.8941393,1513140764.9925508,309
query,1513140764.9925551,1513140765.5592337,1602
query,1513140765.5592387,1513140766.4870346,1998
query,1513140766.4870393,1513140767.6067894,2024
query,1513140767.6067939,1513140768.708585,1827
query,1513140768.7085915,1513140769.1521783,1675
query,1513140769.1521835,1513140770.5278554,2216
query,1513140770.5278614,1513140770.6163163,8
query,1513140770.6163216,1513140771.0487602,1077
query,1513140771.0488,1513140771.3906865,960
query,1513140771.3906915,1513140772.2511966,1436
query,1513140772.2512007,1513140772.7934687,1313
query,1513140772.7934744,1513140772.9735346,351
query,1513140772.9735396,1513140773.4009888,1074
query,1513140773.4010448,1513140773.6177056,558
query,1513140773.6334264,1513140774.1304498,1464
query,1513140774.1304548,1513140774.5339918,855
query,1513140774.5339968,1513140775.0579107,1201
query,1513140775.0579154,1513140775.2134738,617
query,1513140775.2134798,1513140775.5744417,600
query,1513140775.5744464,1513140776.5721755,2120
query,1513140776.5721803,1513140776.9322789,1343
query,1513140776.9322817,1513140777.7835634,1771
query,1513140777.783568,1513140777.9154465,3
query,1513140777.915451,1513140778.4916656,1581
query,1513140778.4916704,1513140779.0337708,1227
query,1513140779.0337753,1513140779.1503525,33
query,1513140779.1503549,1513140779.802423,1854
query,1513140779.8024282,1513140779.937459,3
query,1513140779.9374654,1513140780.0494251,130
query,1513140780.0494297,1513140780.8380315,1951
query,1513140780.8380377,1513140780.982827,313
query,1513140780.9828322,1513140781.9943323,1444
query,1513140781.9943376,1513140783.1103482,1994
query,1513140783.110391,1513140783.8021703,1425
query,1513140783.8156784,1513140783.929364,318
query,1513140783.9293687,1513140784.145343,739
query,1513140784.145347,1513140784.351684,623
query,1513140784.351688,1513140784.4574623,94
query,1513140784.4574666,1513140784.5892565,97
query,1513140784.5892596,1513140784.793813,1116
query,1513140784.7938173,1513140785.7123442,2062
query,1513140785.712352,1513140785.8091023,1
query,1513140785.8091066,1513140785.9580512,473
query,1513140785.9580553,1513140786.0934505,361
query,1513140786.093455,1513140786.7980132,1710
query,1513140786.7980177,1513140788.1732583,1999
query,1513140788.1732614,1513140788.797576,1293
query,1513140788.7975798,1513140788.9481225,313
query,1513140788.9481282,1513140790.2903297,2179
query,1513140790.2903352,1513140790.6701903,1424
query,1513140790.6701946,1513140790.8613896,954
query,1513140790.8613937,1513140791.1696517,570
query,1513140791.1696556,1513140791.7675343,1388
query,1513140791.7675753,1513140792.1156473,601
query,1513140792.1268766,1513140792.608368,1442
query,1513140792.6083727,1513140793.4173698,1993
query,1513140793.4173734,1513140793.5139446,0
query,1513140793.5139494,1513140794.8024523,2077
query,1513140794.802456,1513140794.9229898,58
query,1513140794.9229949,1513140795.3822944,1010
query,1513140795.382299,1513140795.7843363,1621
query,1513140795.78434,1513140796.422432,1320
query,1513140796.4224377,1513140796.8421297,911
query,1513140796.8421361,1513140796.9784706,65
query,1513140796.9784749,1513140797.2184284,748
query,1513140797.2184343,1513140797.871774,1967
query,1513140797.8717773,1513140798.0281699,825
query,1513140798.0281749,1513140798.6284602,1373
query,1513140798.628466,1513140799.2133155,1355
query,1513140799.213321,1513140799.4237926,1190
query,1513140799.4237971,1513140799.5319715,243
query,1513140799.5319757,1513140800.2017078,1360
query,1513140800.201712,1513140800.2706015,0
query,1513140800.2708793,1513140801.024527,1334
query,1513140801.0367026,1513140801.5801697,1264
query,1513140801.580173,1513140801.7643206,590
query,1513140801.7643254,1513140802.4651954,1420
query,1513140802.4651997,1513140802.585113,8
query,1513140802.5851183,1513140803.311348,2118
query,1513140803.3113527,1513140803.5431848,1259
query,1513140803.5431902,1513140803.6973176,187
query,1513140803.6973217,1513140804.1392782,1160
query,1513140804.139283,1513140804.594287,1286
query,1513140804.5942914,1513140806.2454362,225
query,1513140806.2454417,1513140807.3742836,2037
query,1513140807.3742883,1513140807.5670176,964
query,1513140807.5670223,1513140808.1670406,1467
query,1513140808.1670449,1513140808.5380235,1233
query,1513140808.5380423,1513140808.8962998,1295
query,1513140808.8963041,1513140809.4580615,847
query,1513140809.4580665,1513140809.6206193,121
query,1513140809.6206255,1513140809.8580582,358
query,1513140809.8580623,1513140810.0260794,645
query,1513140810.0261214,1513140810.15843,0
query,1513140810.1603808,1513140810.2921424,283
query,1513140810.2921476,1513140811.966824,225
query,1513140811.9668293,1513140812.1536775,284
query,1513140812.153681,1513140812.9943457,1689
query,1513140812.9943507,1513140813.4792545,1758
query,1513140813.4792593,1513140813.909099,1728
query,1513140813.9091032,1513140814.0837185,824
query,1513140814.0837233,1513140814.2611933,455
query,1513140814.2612007,1513140814.393342,114
query,1513140814.3933458,1513140815.321579,2161
query,1513140815.3215845,1513140815.5175996,678
query,1513140815.5176055,1513140816.7867746,2184
query,1513140816.7867808,1513140817.4561799,1867
query,1513140817.4561837,1513140818.1001515,1011
query,1513140818.1001556,1513140818.3279428,540
query,1513140818.3279479,1513140819.3097417,2260
query,1513140819.3097463,1513140819.550221,797
query,1513140819.5502257,1513140819.7695591,498
query,1513140819.769563,1513140820.8682272,2188
query,1513140820.868271,1513140821.7863364,1968
query,1513140821.7992337,1513140822.401651,1654
query,1513140822.4016557,1513140822.7146208,1191
query,1513140822.7146256,1513140822.9619308,308
query,1513140822.9619346,1513140823.5545864,1549
query,1513140823.5545914,1513140824.7251391,2056
query,1513140824.7251425,1513140824.8674574,422
query,1513140824.8674629,1513140824.9845135,4
query,1513140824.98452,1513140825.502341,1835
query,1513140825.5023448,1513140825.9366398,1422
query,1513140825.9366436,1513140826.0853806,184
query,1513140826.0853832,1513140826.1974797,0
query,1513140826.197484,1513140826.3048296,15
query,1513140826.304835,1513140826.8518512,1064
query,1513140826.8518562,1513140827.2181888,1224
query,1513140827.218193,1513140827.4538996,1274
query,1513140827.4539037,1513140827.551248,5
query,1513140827.5512521,1513140828.6099079,2280
query,1513140828.6099129,1513140828.7896938,308
query,1513140828.7896988,1513140830.1184332,228
query,1513140830.118481,1513140830.3527002,461
query,1513140830.3666973,1513140831.083652,1919
query,1513140831.0836565,1513140831.2134087,100
query,1513140831.2134154,1513140831.357678,31
query,1513140831.3576827,1513140831.5688329,247
query,1513140831.5688376,1513140831.6754003,134
query,1513140831.6754029,1513140832.1816056,1065
query,1513140832.1816092,1513140832.947562,1837
query,1513140832.9475682,1513140833.114953,700
query,1513140833.114957,1513140833.2452917,132
query,1513140833.2452955,1513140833.368081,151
query,1513140833.3680856,1513140833.4942951,50
query,1513140833.4943109,1513140833.9699671,986
query,1513140833.9699726,1513140834.1141748,56
query,1513140834.1141798,1513140834.2539241,82
query,1513140834.2539291,1513140834.3624573,44
query,1513140834.3624616,1513140834.6189191,734
query,1513140834.6189241,1513140834.9334557,1190
query,1513140834.9334602,1513140835.1860702,746
query,1513140835.186076,1513140835.8353126,1511
query,1513140835.835357,1513140836.436678,1159
query,1513140836.4500449,1513140836.8350844,752
query,1513140836.8350894,1513140836.9418216,61
query,1513140836.9418263,1513140837.0831747,164
query,1513140837.0831804,1513140837.2091362,117
query,1513140837.209141,1513140837.5839221,428
query,1513140837.5839283,1513140837.728274,16
query,1513140837.7282786,1513140837.8652527,15
query,1513140837.8652573,1513140838.0010405,187
query,1513140838.001044,1513140838.185423,585
query,1513140838.1854277,1513140838.6749449,1808
query,1513140838.6749496,1513140838.8017833,79
query,1513140838.8017874,1513140838.9158704,65
query,1513140838.9158747,1513140839.021437,103
query,1513140839.0214398,1513140839.2378793,605
query,1513140839.2378843,1513140839.3951306,459
query,1513140839.3951333,1513140839.7593026,1322
query,1513140839.759307,1513140840.4007416,1476
query,1513140840.4007456,1513140841.0307326,1288
query,1513140841.0307376,1513140841.8812413,1773
query,1513140841.8812904,1513140842.5325766,1319
query,1513140842.544727,1513140843.2153537,1883
query,1513140843.215359,1513140843.3583517,285
query,1513140843.358357,1513140843.4740767,141
query,1513140843.4740834,1513140843.6241055,123
query,1513140843.6241093,1513140843.7718353,366
query,1513140843.7718399,1513140844.6177182,1645
query,1513140844.6177227,1513140845.4496326,1625
query,1513140845.4496377,1513140845.6780574,261
query,1513140845.678062,1513140845.7948549,145
query,1513140845.7948608,1513140845.9690723,595
query,1513140845.9690773,1513140846.100989,11
query,1513140846.1009934,1513140846.8397465,1788
query,1513140846.839751,1513140846.9900534,27
query,1513140846.9900603,1513140847.215662,1221
query,1513140847.215667,1513140847.7100601,1804
query,1513140847.7100651,1513140848.1467898,1164
query,1513140848.1467943,1513140848.5255756,753
query,1513140848.5255816,1513140848.9656713,631
query,1513140848.9656775,1513140849.1470006,917
query,1513140849.1470487,1513140850.2078085,1777
query,1513140850.2213552,1513140850.3584569,626
query,1513140850.3584614,1513140850.6219952,526
query,1513140850.621999,1513140851.1646147,1484
query,1513140851.1646206,1513140851.4077084,972
query,1513140851.407713,1513140852.1023755,1730
query,1513140852.1023788,1513140852.9988303,1907
query,1513140852.9988341,1513140853.243113,913
query,1513140853.2431169,1513140853.3388443,3
query,1513140853.3388484,1513140854.4097328,2044
query,1513140854.4097393,1513140854.4942458,0
query,1513140854.4942503,1513140854.5636227,0
query,1513140854.5636268,1513140854.6544623,1
query,1513140854.6544685,1513140854.7339325,0
query,1513140854.7339387,1513140855.1978116,1641
query,1513140855.1978164,1513140855.2792258,0
query,1513140855.2792306,1513140855.9773285,1868
query,1513140855.9773328,1513140856.0864913,4
query,1513140856.086495,1513140856.9593122,1580
query,1513140856.9593172,1513140857.2572682,1573
query,1513140857.257335,1513140857.4195063,73
query,1513140857.4325182,1513140858.3581498,1795
query,1513140858.3581667,1513140858.5195582,367
query,1513140858.5195618,1513140858.6457598,330
query,1513140858.6457634,1513140858.9924722,924
query,1513140858.9924772,1513140859.3772056,1430
query,1513140859.37721,1513140859.6993947,1438
query,1513140859.6993992,1513140859.882479,722
query,1513140859.882484,1513140860.1903925,1044
query,1513140860.1903992,1513140860.4884706,676
query,1513140860.4884758,1513140860.8374705,1332
query,1513140860.837475,1513140861.0657613,299
query,1513140861.0657668,1513140861.3623266,1217
query,1513140861.3623319,1513140861.656046,621
query,1513140861.656051,1513140861.932091,684
query,1513140861.9320962,1513140862.2267156,817
query,1513140862.2267196,1513140862.8420463,1725
query,1513140862.842052,1513140863.026432,307
query,1513140863.0264366,1513140863.7986665,1781
query,1513140863.7986696,1513140863.9336293,3
query,1513140863.9336689,1513140864.1260767,948
query,1513140864.1343527,1513140864.23005,1
query,1513140864.230053,1513140864.5546618,945
query,1513140864.554668,1513140864.7261608,254
query,1513140864.726184,1513140864.937981,788
query,1513140864.937987,1513140865.2130966,684
query,1513140865.2131011,1513140865.4703653,850
query,1513140865.4703698,1513140866.4905941,1931
query,1513140866.490599,1513140866.769015,822
query,1513140866.7690196,1513140867.6183465,1717
query,1513140867.6183503,1513140867.9911585,1434
query,1513140867.991162,1513140868.7035775,1954
query,1513140868.7035823,1513140869.377166,1031
query,1513140869.3771696,1513140869.875436,1446
query,1513140869.875441,1513140870.2829254,1339
query,1513140870.2829304,1513140870.5900357,1522
query,1513140870.590041,1513140870.7599509,496
query,1513140870.7599542,1513140870.9424155,410
query,1513140870.9424217,1513140871.1109483,853
query,1513140871.110955,1513140871.2856164,668
query,1513140871.2856739,1513140871.4642777,392
query,1513140871.4725788,1513140872.254198,1574
query,1513140872.2542026,1513140872.4260032,717
query,1513140872.426007,1513140873.1689541,1477
query,1513140873.168958,1513140874.1623907,1615
query,1513140874.1623952,1513140875.2864504,2182
query,1513140875.2864552,1513140875.7618747,1285
query,1513140875.76188,1513140875.8383987,0
query,1513140875.8384025,1513140876.5065937,1640
query,1513140876.5065987,1513140876.617925,2
query,1513140876.61793,1513140877.7550335,1768
query,1513140877.7550404,1513140877.9165537,348
query,1513140877.916558,1513140878.0659876,127
query,1513140878.0659912,1513140879.2864487,1673
query,1513140879.2864554,1513140879.3782477,0
query,1513140879.3782516,1513140880.0974782,1739
query,1513140880.097483,1513140881.157233,1668
query,1513140881.1572382,1513140881.9772618,1806
query,1513140881.9772663,1513140882.5467184,1764
query,1513140882.5467238,1513140882.797799,828
query,1513140882.797835,1513140883.0245643,288
query,1513140883.038299,1513140883.145284,32
query,1513140883.145288,1513140883.2790194,125
query,1513140883.279024,1513140883.3778102,5
query,1513140883.3778145,1513140883.48336,27
query,1513140883.4833639,1513140883.9983127,1773
query,1513140883.9983191,1513140884.521448,1301
query,1513140884.5214534,1513140884.9208982,1389
query,1513140884.9209037,1513140885.6374907,1025
query,1513140885.6374958,1513140886.4558363,1778
query,1513140886.4558427,1513140886.5819504,63
query,1513140886.5819557,1513140886.8305025,392
query,1513140886.830507,1513140887.088106,1076
query,1513140887.0881104,1513140887.7186232,1004
query,1513140887.718628,1513140888.4153082,1029
query,1513140888.4153128,1513140888.7297397,847
query,1513140888.7297442,1513140889.8106287,1956
query,1513140889.8106332,1513140890.0893915,1115
query,1513140890.0893958,1513140890.236515,353
query,1513140890.2365196,1513140890.5789478,1749
query,1513140890.578994,1513140891.0387337,1978
query,1513140891.0515351,1513140891.2216475,194
query,1513140891.2216513,1513140891.6437132,1669
query,1513140891.643718,1513140892.1609433,1517
query,1513140892.1609464,1513140893.130277,1433
query,1513140893.1302824,1513140893.6401489,1154
query,1513140893.6401532,1513140894.4950964,1518
query,1513140894.4951012,1513140894.5776443,0
query,1513140894.577648,1513140894.8502636,499
query,1513140894.8502684,1513140895.0249937,970
query,1513140895.0249987,1513140895.1554794,80
query,1513140895.155484,1513140895.261191,67
query,1513140895.261195,1513140896.0491595,2018
query,1513140896.0491648,1513140896.2391198,485
query,1513140896.2391243,1513140897.5156367,2032
query,1513140897.5156431,1513140898.4871569,1734
query,1513140898.4871614,1513140899.390016,1746
query,1513140899.390021,1513140899.5241945,282
query,1513140899.5241983,1513140899.757675,848
query,1513140899.75768,1513140900.1480062,594
query,1513140900.1480455,1513140900.3468957,568
query,1513140900.3592196,1513140900.5044456,420
query,1513140900.5044506,1513140901.2582204,924
query,1513140901.2582245,1513140901.3940964,91
query,1513140901.394102,1513140901.4662275,2
query,1513140901.466232,1513140902.4238617,1803
query,1513140902.4238656,1513140903.3620543,1692
query,1513140903.3620582,1513140903.5123012,158
query,1513140903.5123062,1513140903.9548538,1438
query,1513140903.9548602,1513140904.0906832,269
query,1513140904.0906885,1513140904.3936102,681
query,1513140904.3936145,1513140904.8897934,1290
query,1513140904.889798,1513140905.4217007,1731
query,1513140905.4217072,1513140905.651306,623
query,1513140905.6513102,1513140905.9228635,839
query,1513140905.922868,1513140906.1059084,1023
query,1513140906.1059127,1513140907.2741275,2017
query,1513140907.2741332,1513140907.8408818,816
query,1513140907.8408873,1513140907.9604282,7
query,1513140907.9604313,1513140908.0747633,153
query,1513140908.0748076,1513140908.3695543,1237
query,1513140908.3817387,1513140909.3124151,1589
query,1513140909.3124194,1513140909.7200933,765
query,1513140909.7200983,1513140909.8956785,15
query,1513140909.8956835,1513140910.601968,1423
query,1513140910.6019728,1513140911.508042,1355
query,1513140911.508047,1513140912.3935955,1563
query,1513140912.3936002,1513140912.6095846,522
query,1513140912.6095896,1513140913.008389,1412
query,1513140913.0083935,1513140913.2463827,593
query,1513140913.2463868,1513140913.3703709,139
query,1513140913.3703759,1513140913.4470587,0
query,1513140913.4470625,1513140914.4744625,2216
query,1513140914.4744687,1513140915.0079238,755
query,1513140915.007929,1513140916.258436,1823
query,1513140916.2584407,1513140916.4958675,352
query,1513140916.495871,1513140916.7140586,989
query,1513140916.7140632,1513140917.526446,1627
query,1513140917.5264506,1513140918.389367,1414
query,1513140918.3893735,1513140918.971161,1851
query,1513140918.9712007,1513140919.4458954,1204
query,1513140919.4596348,1513140919.7334461,1050
query,1513140919.7334502,1513140920.4698303,1546
query,1513140920.4698348,1513140920.641325,590
query,1513140920.6413298,1513140920.7755349,62
query,1513140920.7755394,1513140920.9454944,877
query,1513140920.9454987,1513140921.0909956,66
query,1513140921.0909986,1513140921.290108,942
query,1513140921.2901132,1513140922.1589856,1776
query,1513140922.1589897,1513140922.5248702,1445
query,1513140922.5248735,1513140922.6075633,0
query,1513140922.607566,1513140923.0430055,1261
query,1513140923.0430088,1513140923.1742103,300
query,1513140923.1742153,1513140923.2806273,172
query,1513140923.280632,1513140923.8654604,1855
query,1513140923.8654656,1513140924.1074398,628
query,1513140924.107443,1513140925.350194,2164
query,1513140925.3501985,1513140926.3855414,2165
query,1513140926.3855462,1513140927.0256934,1880
query,1513140927.0256982,1513140927.1456778,288
query,1513140927.145717,1513140927.4260218,698
query,1513140927.4374943,1513140927.7925284,888
query,1513140927.792534,1513140927.930054,418
query,1513140927.930058,1513140929.0599551,1876
query,1513140929.059959,1513140929.3020391,611
query,1513140929.3020427,1513140929.5858197,620
query,1513140929.5858238,1513140929.697212,2
query,1513140929.6972156,1513140930.1865861,1545
query,1513140930.186593,1513140930.3234482,425
query,1513140930.3234525,1513140930.8463666,1055
query,1513140930.8463717,1513140931.2226706,1446
query,1513140931.2226775,1513140932.2563405,1970
query,1513140932.2563462,1513140932.6772866,971
query,1513140932.6772916,1513140932.792363,2
query,1513140932.7923675,1513140933.3272667,1472
query,1513140933.327272,1513140933.6341178,1358
query,1513140933.634122,1513140933.7311156,73
query,1513140933.73112,1513140934.894232,2139
query,1513140934.8942366,1513140935.810181,1899
query,1513140935.8101854,1513140936.8354387,1871
query,1513140936.8354785,1513140937.034393,807
query,1513140937.047927,1513140937.1843112,439
query,1513140937.1843152,1513140937.400567,950
query,1513140937.4005737,1513140938.2943525,2197
query,1513140938.2943592,1513140938.422196,314
query,1513140938.4222004,1513140938.724976,902
query,1513140938.7249804,1513140939.586205,1601
query,1513140939.5862103,1513140939.6587594,0
query,1513140939.6587625,1513140940.2342937,1227
query,1513140940.234298,1513140941.2701895,2017
query,1513140941.2701943,1513140941.739946,1049
query,1513140941.7399511,1513140941.8624024,117
query,1513140941.8624072,1513140942.3383043,1091
query,1513140942.3383083,1513140942.7207508,848
query,1513140942.7207553,1513140942.8421495,155
query,1513140942.8421547,1513140942.9483757,5
query,1513140942.9483802,1513140943.0386071,0
query,1513140943.0386124,1513140943.238129,467
query,1513140943.2381337,1513140943.9181838,1316
query,1513140943.9181888,1513140944.54993,1297
query,1513140944.549973,1513140944.6740296,10
query,1513140944.6880596,1513140945.5019736,2198
query,1513140945.5019782,1513140946.5279927,1681
query,1513140946.5279973,1513140947.2904823,1540
query,1513140947.290487,1513140947.4578342,921
query,1513140947.4578385,1513140947.6787105,628
query,1513140947.678717,1513140948.0962121,536
query,1513140948.096217,1513140948.229952,83
query,1513140948.2299564,1513140949.0021436,1821
query,1513140949.0021486,1513140949.8382497,1296
query,1513140949.8382535,1513140950.360702,1626
query,1513140950.360707,1513140950.556393,425
query,1513140950.5563982,1513140950.6867015,14
query,1513140950.686705,1513140951.6821144,1740
query,1513140951.6821182,1513140951.7803352,2
query,1513140951.780339,1513140951.9113586,119
query,1513140951.911362,1513140952.0213752,6
query,1513140952.0213797,1513140953.0625186,2402
query,1513140953.0625222,1513140953.2818627,905
query,1513140953.2818663,1513140953.4533157,193
query,1513140953.453371,1513140953.6733563,975
query,1513140953.6858268,1513140953.8816504,248
query,1513140953.8816543,1513140955.2159643,2035
query,1513140955.2159817,1513140955.3088157,0
query,1513140955.3088205,1513140955.450624,7
query,1513140955.4506285,1513140955.5602028,29
query,1513140955.5602064,1513140956.782202,2060
query,1513140956.782205,1513140956.908245,46
query,1513140956.9082491,1513140958.3015335,1792
query,1513140958.3015368,1513140958.4818225,1041
query,1513140958.481826,1513140958.5884051,30
query,1513140958.5884082,1513140959.0763702,1612
query,1513140959.0763738,1513140960.454349,225
query,1513140960.4543529,1513140960.9786592,1267
query,1513140960.9786632,1513140961.2450798,1087
query,1513140961.245084,1513140961.4684021,1046
query,1513140961.4684057,1513140962.1499739,1277
query,1513140962.1499774,1513140963.0941215,1732
query,1513140963.094128,1513140963.2579725,355
query,1513140963.2579765,1513140963.6707075,1610
query,1513140963.6707494,1513140964.2828445,1598
query,1513140964.2957206,1513140965.011591,1361
query,1513140965.0115976,1513140965.182236,655
query,1513140965.1822402,1513140965.3063788,302
query,1513140965.306383,1513140965.4121082,644
query,1513140965.4121125,1513140965.9177237,1845
query,1513140965.9177287,1513140966.0328937,2
query,1513140966.0328972,1513140966.15697,187
query,1513140966.1569743,1513140966.534144,1091
query,1513140966.5341485,1513140966.8654845,1597
query,1513140966.8654885,1513140967.237777,1005
query,1513140967.237782,1513140967.3995779,343
query,1513140967.3995817,1513140968.498777,1963
query,1513140968.4987817,1513140969.6795175,2087
query,1513140969.6795218,1513140970.3215523,1026
query,1513140970.321556,1513140970.4738748,832
query,1513140970.473882,1513140970.625114,704
query,1513140970.6251194,1513140970.9041374,1438
query,1513140970.9041417,1513140970.9943225,1
query,1513140970.994327,1513140971.1448092,93
query,1513140971.1448543,1513140971.5348544,583
query,1513140971.5489454,1513140971.6854396,146
query,1513140971.6854444,1513140971.7954898,103
query,1513140971.7954938,1513140972.0099604,656
query,1513140972.0099657,1513140972.4698079,985
query,1513140972.4698129,1513140972.6169431,89
query,1513140972.6169488,1513140972.769729,197
query,1513140972.7697344,1513140972.8656898,0
query,1513140972.8656943,1513140973.4252448,1554
query,1513140973.42525,1513140974.5222452,1793
query,1513140974.5222502,1513140974.6325371,95
query,1513140974.6325417,1513140974.7771451,223
query,1513140974.7771516,1513140975.077779,904
query,1513140975.0777836,1513140975.5060315,1698
query,1513140975.5060503,1513140975.6532023,89
query,1513140975.6532054,1513140976.1797984,1693
query,1513140976.1798027,1513140976.3459466,689
query,1513140976.3459516,1513140976.4324446,1
query,1513140976.4324481,1513140976.9693806,1729
query,1513140976.9693842,1513140977.0821097,35
query,1513140977.0821505,1513140977.4100106,1489
query,1513140977.4239216,1513140977.6232562,519
query,1513140977.62326,1513140978.4734695,2063
query,1513140978.4734747,1513140979.4337075,1919
query,1513140979.4337142,1513140979.6990533,1255
query,1513140979.6990583,1513140980.074069,1228
query,1513140980.074076,1513140980.2779815,172
query,1513140980.277989,1513140981.1028779,1436
query,1513140981.1028826,1513140981.3472579,779
query,1513140981.3472617,1513140981.7989511,1710
query,1513140981.798956,1513140982.8481543,2217
query,1513140982.8481584,1513140983.190916,1130
query,1513140983.1909204,1513140983.4904683,1340
query,1513140983.4904728,1513140984.7303529,2195
query,1513140984.7303565,1513140985.035527,1560
query,1513140985.0355334,1513140985.7899728,1826
query,1513140985.7899876,1513140986.833164,2189
query,1513140986.8331685,1513140987.4791403,1300
query,1513140987.479145,1513140987.7125816,852
query,1513140987.7125857,1513140987.8387916,176
query,1513140987.8388326,1513140987.9730766,42
query,1513140987.9858577,1513140988.4987113,1295
query,1513140988.4987164,1513140988.6011431,110
query,1513140988.6011465,1513140989.0223405,1335
query,1513140989.022345,1513140989.422952,1487
query,1513140989.4229567,1513140989.5674412,195
query,1513140989.5674458,1513140989.8334947,1032
query,1513140989.8334997,1513140990.0577588,277
query,1513140990.0577633,1513140990.4428425,1843
query,1513140990.4428487,1513140991.205298,1336
query,1513140991.2053022,1513140991.3742878,555
query,1513140991.374292,1513140992.1814635,2155
query,1513140992.1814687,1513140992.3227437,455
query,1513140992.3227475,1513140992.4383543,16
query,1513140992.4383585,1513140993.0897238,1374
query,1513140993.0897284,1513140993.795848,1996
query,1513140993.7958522,1513140994.2928097,1772
query,1513140994.292815,1513140994.7893214,915
query,1513140994.7893267,1513140995.164416,1429
query,1513140995.164421,1513140995.2865086,4
query,1513140995.2865872,1513140995.402134,1
query,1513140995.4061894,1513140995.4855123,110
query,1513140995.4855156,1513140995.8124766,1348
query,1513140995.8124812,1513140995.880052,0
query,1513140995.8800588,1513140996.0501227,257
query,1513140996.0501275,1513140996.1299076,0
query,1513140996.129912,1513140996.5496721,1359
query,1513140996.5496762,1513140996.6588767,7
query,1513140996.6588812,1513140997.6059816,1901
query,1513140997.6059864,1513140998.1896665,899
query,1513140998.1896722,1513140998.4905899,521
query,1513140998.4905953,1513140998.830763,655
query,1513140998.8307686,1513140999.0685024,624
query,1513140999.0685093,1513140999.217556,283
query,1513140999.2175605,1513140999.9018657,1636
query,1513140999.9018707,1513141000.121491,699
query,1513141000.1214957,1513141001.1232712,1915
query,1513141001.1232765,1513141001.2142134,1
query,1513141001.2142177,1513141001.3692064,197
query,1513141001.3692107,1513141001.6260014,941
query,1513141001.6260545,1513141001.8495612,215
query,1513141001.8633149,1513141002.1365511,535
query,1513141002.1365564,1513141002.8902178,1036
query,1513141002.8902328,1513141003.001281,0
query,1513141003.0012853,1513141003.5406191,1764
query,1513141003.5406244,1513141004.0135708,1558
query,1513141004.0135758,1513141004.3976402,1366
query,1513141004.3976452,1513141004.5872061,475
query,1513141004.587213,1513141005.8634808,225
query,1513141005.8634849,1513141006.8578496,2029
query,1513141006.8578563,1513141007.1004133,612
query,1513141007.1004183,1513141007.728465,1777
query,1513141007.7284703,1513141008.2635493,956
query,1513141008.2635546,1513141009.1349769,1346
query,1513141009.134982,1513141009.2809527,404
query,1513141009.2809627,1513141009.429411,285
query,1513141009.4294155,1513141009.633847,1476
query,1513141009.6338508,1513141009.8135564,362
query,1513141009.81356,1513141010.335493,1232
query,1513141010.335496,1513141010.4835515,162
query,1513141010.4835935,1513141011.2155557,1424
query,1513141011.229601,1513141011.9268894,1723
query,1513141011.926893,1513141012.097567,619
query,1513141012.0975714,1513141012.4808373,573
query,1513141012.4808407,1513141012.8826103,1402
query,1513141012.8826137,1513141012.9828234,1
query,1513141012.9828265,1513141013.1231458,521
query,1513141013.1231487,1513141013.2042825,4
query,1513141013.2042866,1513141013.3235493,3
query,1513141013.3235557,1513141013.4409056,10
query,1513141013.44091,1513141014.34953,2035
query,1513141014.349534,1513141014.457833,70
query,1513141014.4578395,1513141014.5938373,14
query,1513141014.5938413,1513141014.9215567,939
query,1513141014.9215612,1513141015.856763,1337
query,1513141015.856766,1513141016.1652157,457
query,1513141016.1652188,1513141016.3455985,673
query,1513141016.3456023,1513141016.4820414,256
query,1513141016.4820454,1513141016.9599931,1362
query,1513141016.9599996,1513141017.5245457,1506
query,1513141017.524575,1513141018.2263227,1270
query,1513141018.2401886,1513141018.793326,2297
query,1513141018.79333,1513141019.061369,1135
query,1513141019.061373,1513141020.0262253,2043
query,1513141020.0262296,1513141020.2473626,636
query,1513141020.247366,1513141020.3259835,0
query,1513141020.3259878,1513141020.7454922,804
query,1513141020.745498,1513141020.8940926,79
query,1513141020.894096,1513141021.1258943,980
query,1513141021.1258986,1513141021.3725603,939
query,1513141021.3725636,1513141021.708289,1249
query,1513141021.708292,1513141021.9268034,590
query,1513141021.9268062,1513141022.0771232,208
query,1513141022.077126,1513141022.4056458,731
query,1513141022.4056518,1513141022.602157,643
query,1513141022.6021612,1513141022.7471716,237
query,1513141022.7471762,1513141022.8174107,1
query,1513141022.8174136,1513141023.493493,1829
query,1513141023.4934978,1513141024.4428003,1355
query,1513141024.4428055,1513141025.7457578,1765
query,1513141025.7458146,1513141025.9938498,726
query,1513141026.007029,1513141026.1172423,293
query,1513141026.1172478,1513141026.4835725,1013
query,1513141026.4835768,1513141027.0683177,1804
query,1513141027.068321,1513141027.6973412,1422
query,1513141027.697345,1513141028.1641672,1132
query,1513141028.1641707,1513141028.442584,648
query,1513141028.4425883,1513141029.1614032,1427
query,1513141029.1614075,1513141029.5178208,851
query,1513141029.5178266,1513141029.8572476,1417
query,1513141029.8572512,1513141030.5479238,1863
query,1513141030.547927,1513141030.7958813,560
query,1513141030.7958863,1513141031.135378,1642
query,1513141031.135382,1513141031.2709427,51
query,1513141031.2709453,1513141032.2309556,1644
query,1513141032.2309604,1513141032.3542588,46
query,1513141032.3542633,1513141033.7019894,2023
query,1513141033.7019958,1513141033.83315,132
query,1513141033.8331547,1513141033.969686,97
query,1513141033.9696915,1513141034.0973885,7
query,1513141034.0974183,1513141034.8582501,1479
query,1513141034.8709445,1513141035.4738598,1863
query,1513141035.473865,1513141035.7619002,915
query,1513141035.761905,1513141035.8732812,0
query,1513141035.8732858,1513141036.006678,203
query,1513141036.0066824,1513141036.5188293,962
query,1513141036.5188334,1513141036.649558,27
query,1513141036.6495624,1513141037.0434363,1561
query,1513141037.043441,1513141037.9305723,2083
query,1513141037.9305792,1513141038.0684671,299
query,1513141038.0684714,1513141038.271427,1258
query,1513141038.2714317,1513141038.6139777,1376
query,1513141038.6139839,1513141039.0350068,1696
query,1513141039.0350118,1513141039.218838,686
query,1513141039.2188423,1513141039.3652964,37
query,1513141039.3653004,1513141039.8656132,1112
query,1513141039.8656175,1513141040.0133994,249
query,1513141040.0134037,1513141040.1876247,596
query,1513141040.1876292,1513141040.297053,46
query,1513141040.2970583,1513141040.6974955,973
query,1513141040.6975367,1513141040.9903078,1096
query,1513141041.0039594,1513141041.557999,1303
query,1513141041.5580032,1513141042.117673,883
query,1513141042.1176777,1513141042.562181,1375
query,1513141042.562186,1513141042.7121704,202
query,1513141042.7121747,1513141042.8531325,833
query,1513141042.853137,1513141043.0074995,368
query,1513141043.0075052,1513141043.0861077,0
query,1513141043.0861118,1513141043.448703,1109
query,1513141043.4487064,1513141043.5889237,329
query,1513141043.5889282,1513141043.705169,6
query,1513141043.7051716,1513141043.954085,771
query,1513141043.954088,1513141044.274981,666
query,1513141044.2749853,1513141044.4125497,368
query,1513141044.412554,1513141045.4939847,2253
query,1513141045.4939902,1513141045.6837835,635
query,1513141045.6837893,1513141046.1985974,1544
query,1513141046.1986015,1513141046.5953047,815
query,1513141046.5953093,1513141046.801937,1175
query,1513141046.801941,1513141047.021417,809
query,1513141047.0214725,1513141047.9497645,1404
query,1513141047.9616516,1513141048.6218874,1118
query,1513141048.6218934,1513141048.895228,715
query,1513141048.8952303,1513141049.0070674,531
query,1513141049.0070708,1513141049.12914,28
query,1513141049.1291442,1513141049.27266,107
query,1513141049.2726643,1513141049.3687384,67
query,1513141049.3687422,1513141049.520069,497
query,1513141049.5200727,1513141050.029166,1327
query,1513141050.0291703,1513141051.1502137,2199
query,1513141051.150217,1513141051.3578837,369
query,1513141051.357888,1513141051.5199702,3
query,1513141051.519973,1513141051.7530558,637
query,1513141051.7530584,1513141052.8971543,2308
query,1513141052.8971605,1513141053.2845263,1783
query,1513141053.2845306,1513141053.707245,1389
query,1513141053.7072484,1513141053.8177025,187
query,1513141053.8177073,1513141054.3149939,1458
query,1513141054.3149981,1513141054.4978266,300
query,1513141054.4978325,1513141054.7290232,1168
query,1513141054.7290728,1513141055.624884,1929
query,1513141055.6373844,1513141056.029147,1711
query,1513141056.0291505,1513141056.4035597,1340
query,1513141056.4035642,1513141056.5499012,811
query,1513141056.5499055,1513141057.1905868,2092
query,1513141057.1905913,1513141057.782158,1630
query,1513141057.7821627,1513141058.3998144,1234
query,1513141058.399819,1513141058.7671692,1816
query,1513141058.7671742,1513141059.386854,1480
query,1513141059.3868568,1513141059.9569092,1986
query,1513141059.9569142,1513141060.2823079,1603
query,1513141060.2823126,1513141060.5979092,491
query,1513141060.5979228,1513141060.678985,1
query,1513141060.678989,1513141061.751812,1816
query,1513141061.7518165,1513141062.9221458,1971
query,1513141062.9221509,1513141062.988879,0
query,1513141062.988884,1513141063.249283,656
query,1513141063.2492886,1513141064.3695176,2178
query,1513141064.3695219,1513141064.8321624,1017
query,1513141064.8321674,1513141065.4337318,961
query,1513141065.433776,1513141066.1087112,1689
query,1513141066.1232643,1513141066.9580307,2212
query,1513141066.9580357,1513141067.1710186,421
query,1513141067.1710227,1513141067.4965918,886
query,1513141067.4965963,1513141068.9901114,1933
query,1513141068.990116,1513141069.105966,270
query,1513141069.10597,1513141070.1355052,2156
query,1513141070.1355083,1513141070.2851858,172
query,1513141070.2851906,1513141070.5040114,350
query,1513141070.5040174,1513141071.0142984,1689
query,1513141071.0143034,1513141071.189159,266
query,1513141071.1891623,1513141071.3897474,407
query,1513141071.3897533,1513141071.7001693,864
query,1513141071.7001734,1513141072.2393875,2196
query,1513141072.2393916,1513141072.4936295,1146
query,1513141072.4936342,1513141072.5976055,41
query,1513141072.5976098,1513141072.719826,171
query,1513141072.7198303,1513141072.7990375,370
query,1513141072.7990422,1513141073.0420885,402
query,1513141073.042093,1513141073.1702802,176
query,1513141073.170415,1513141073.3947008,829
query,1513141073.407029,1513141073.6302269,576
query,1513141073.6302311,1513141073.7844281,353
query,1513141073.7844317,1513141074.2708232,712
query,1513141074.2708285,1513141074.573024,1392
query,1513141074.573028,1513141074.6536794,0
query,1513141074.6536818,1513141074.7768383,203
query,1513141074.7768424,1513141074.9997046,722
query,1513141074.9997082,1513141075.1414955,354
query,1513141075.1415002,1513141075.3208508,520
query,1513141075.320854,1513141076.2185144,1827
query,1513141076.2185204,1513141076.3243587,76
query,1513141076.3243628,1513141077.1014693,948
query,1513141077.1014736,1513141077.4100933,388
query,1513141077.410098,1513141077.637061,758
query,1513141077.6370652,1513141077.7800865,73
query,1513141077.78009,1513141077.8911216,2
query,1513141077.891127,1513141078.2187874,1148
query,1513141078.2187912,1513141078.92887,1588
query,1513141078.9288745,1513141079.1256135,429
query,1513141079.1257908,1513141079.5048628,1530
query,1513141079.5119371,1513141079.5876129,2
query,1513141079.5876153,1513141080.085798,1342
query,1513141080.0858028,1513141080.2135828,32
query,1513141080.2135868,1513141080.7098455,1528
query,1513141080.7098503,1513141081.461569,1361
query,1513141081.461587,1513141081.741543,929
query,1513141081.7415495,1513141082.1296055,1418
query,1513141082.1296098,1513141082.5657697,1218
query,1513141082.565774,1513141083.6265628,1416
query,1513141083.626568,1513141084.2206802,1809
query,1513141084.2206848,1513141085.1220882,2000
query,1513141085.1220946,1513141085.6810162,811
query,1513141085.6810207,1513141086.2492075,1782
query,1513141086.2492127,1513141086.8406515,1325
query,1513141086.840656,1513141087.710878,1722
query,1513141087.7108827,1513141087.8494167,228
query,1513141087.8494215,1513141088.9977713,2105
query,1513141088.997776,1513141089.5881383,1247
query,1513141089.5881429,1513141089.7359207,52
query,1513141089.7359629,1513141090.1897826,997
query,1513141090.2043025,1513141090.5176857,1328
query,1513141090.5176911,1513141090.8883526,585
query,1513141090.888357,1513141091.233602,648
query,1513141091.2336059,1513141091.907492,1433
query,1513141091.9074965,1513141092.2451742,757
query,1513141092.245179,1513141093.0652382,2180
query,1513141093.0652432,1513141093.4128907,1606
query,1513141093.4129012,1513141093.6207378,649
query,1513141093.620741,1513141093.787272,950
query,1513141093.7872765,1513141094.3015895,1408
query,1513141094.3015943,1513141094.9041848,1551
query,1513141094.9041898,1513141094.9819298,0
query,1513141094.981934,1513141096.140333,2005
query,1513141096.1403382,1513141096.47744,941
query,1513141096.4774451,1513141096.6032875,109
query,1513141096.6032925,1513141096.8497736,1217
query,1513141096.8497803,1513141097.209196,1106
query,1513141097.2092001,1513141097.557111,1004
query,1513141097.5571148,1513141097.6569827,0
query,1513141097.6570263,1513141097.9915094,1163
query,1513141098.001179,1513141098.0694187,0
query,1513141098.069422,1513141098.6108944,813
query,1513141098.610899,1513141098.7442183,230
query,1513141098.7442226,1513141099.3813179,1881
query,1513141099.3813217,1513141100.112219,1541
query,1513141100.1122236,1513141100.749197,2031
query,1513141100.7492023,1513141101.001195,828
query,1513141101.0012,1513141101.1766715,665
query,1513141101.1766756,1513141101.3477685,274
query,1513141101.3477728,1513141102.7569509,2185
query,1513141102.7569563,1513141102.9373353,499
query,1513141102.9373531,1513141103.2992358,1102
query,1513141103.29924,1513141103.3731904,0
query,1513141103.3731945,1513141104.632923,1910
query,1513141104.6329288,1513141105.4734783,1461
query,1513141105.4734952,1513141105.9526222,1757
query,1513141105.9526274,1513141106.9592109,1752
query,1513141106.959215,1513141107.4906132,1487
query,1513141107.4906185,1513141107.6365464,6
query,1513141107.6366012,1513141107.8008893,304
query,1513141107.8081625,1513141108.552417,1364
query,1513141108.5524228,1513141109.122718,588
query,1513141109.122722,1513141110.0775292,2227
query,1513141110.0775354,1513141110.6091032,1673
query,1513141110.6091077,1513141111.1112638,1199
query,1513141111.1112673,1513141111.2605622,228
query,1513141111.2605662,1513141111.4036434,175
query,1513141111.4036477,1513141111.5333352,307
query,1513141111.5333412,1513141111.6690934,166
query,1513141111.669098,1513141112.079616,1701
query,1513141112.07962,1513141112.441543,881
query,1513141112.4415476,1513141113.479524,1812
query,1513141113.4795291,1513141114.3817685,1967
query,1513141114.3817732,1513141114.5056946,286
query,1513141114.5056994,1513141115.1609778,1403
query,1513141115.1609826,1513141115.5670042,1486
query,1513141115.5670106,1513141115.8444858,972
query,1513141115.8444905,1513141116.0491107,838
query,1513141116.049115,1513141116.7354212,1298
query,1513141116.7354648,1513141116.9645662,409
query,1513141116.9759743,1513141117.4656584,1628
query,1513141117.4656634,1513141117.8632636,591
query,1513141117.8632686,1513141118.0196643,605
query,1513141118.0196686,1513141119.145488,2160
query,1513141119.1454916,1513141119.554434,944
query,1513141119.554439,1513141120.5017734,2004
query,1513141120.501778,1513141120.5844865,0
query,1513141120.5844905,1513141120.9095511,1243
query,1513141120.9095554,1513141121.511914,1564
query,1513141121.511919,1513141121.654015,57
query,1513141121.654019,1513141122.1250427,1120
query,1513141122.1250474,1513141122.369216,802
query,1513141122.3692207,1513141122.7163076,989
query,1513141122.7163115,1513141123.1191754,1485
query,1513141123.1191795,1513141123.3213995,604
query,1513141123.3214064,1513141123.889244,908
query,1513141123.8892493,1513141123.9980245,231
query,1513141123.9980288,1513141124.1130612,283
query,1513141124.113065,1513141125.3331218,1996
query,1513141125.3331726,1513141125.4978476,341
query,1513141125.5249815,1513141125.9031925,587
query,1513141125.9031966,1513141126.261055,592
query,1513141126.26106,1513141126.7441201,1265
query,1513141126.7441232,1513141127.7217364,1195
query,1513141127.72174,1513141128.7076275,1479
query,1513141128.7076316,1513141128.919299,594
query,1513141128.919304,1513141129.885465,1751
query,1513141129.8854697,1513141130.1769023,529
query,1513141130.1769066,1513141130.286316,125
query,1513141130.2863197,1513141131.2330966,2165
query,1513141131.2331092,1513141131.3874834,244
query,1513141131.3874888,1513141132.201035,1575
query,1513141132.2010393,1513141133.141134,1725
query,1513141133.1411383,1513141133.2333302,108
query,1513141133.233335,1513141134.3453467,1972
query,1513141134.3453512,1513141134.4652927,180
query,1513141134.4652977,1513141135.784414,2214
query,1513141135.7844179,1513141136.3356965,1529
query,1513141136.3357012,1513141137.7690582,1904
query,1513141137.7691047,1513141138.174511,1202
query,1513141138.1839306,1513141138.3045707,34
query,1513141138.3045747,1513141138.4484136,63
query,1513141138.4484181,1513141138.5493762,3
query,1513141138.5493798,1513141138.9928038,966
query,1513141138.9928086,1513141140.3669126,2362
query,1513141140.3669178,1513141140.4904714,50
query,1513141140.4904761,1513141140.800661,1173
query,1513141140.800665,1513141142.058818,2174
query,1513141142.0588224,1513141142.1811442,124
query,1513141142.1811485,1513141143.3100228,1698
query,1513141143.3100276,1513141143.5228846,621
query,1513141143.522889,1513141143.7614346,564
query,1513141143.7614381,1513141144.0970976,1209
query,1513141144.097102,1513141144.230393,397
query,1513141144.230397,1513141144.3425832,17
query,1513141144.3425865,1513141144.9208896,1331
query,1513141144.9208944,1513141145.131145,863
query,1513141145.1311488,1513141145.416128,772
query,1513141145.4161317,1513141145.5318081,87
query,1513141145.5318666,1513141145.7949908,596
query,1513141145.8067162,1513141145.9423018,64
query,1513141145.9423053,1513141146.585666,1755
query,1513141146.5856705,1513141147.874561,2160
query,1513141147.874565,1513141148.678356,1773
query,1513141148.6783705,1513141149.2996035,1910
query,1513141149.2996078,1513141149.3765666,1
query,1513141149.3765883,1513141149.5296936,118
query,1513141149.5296977,1513141149.6907854,289
query,1513141149.6907904,1513141150.0032694,1392
query,1513141150.003274,1513141150.24576,620
query,1513141150.2457645,1513141151.2570977,2023
query,1513141151.257102,1513141151.4446108,527
query,1513141151.4446146,1513141151.6805272,1479
query,1513141151.6805325,1513141152.225061,1635
query,1513141152.2250655,1513141152.3772135,199
query,1513141152.3772166,1513141152.477649,5
query,1513141152.4776537,1513141152.619953,168
query,1513141152.6199572,1513141152.7316217,75
query,1513141152.7316256,1513141152.9717944,638
query,1513141152.9718354,1513141153.2742608,625
query,1513141153.2916884,1513141154.1334846,1995
query,1513141154.1334877,1513141154.2495365,33
query,1513141154.2495408,1513141154.4409173,686
query,1513141154.4409206,1513141154.6933348,770
query,1513141154.6933393,1513141154.8135388,158
query,1513141154.8135417,1513141154.969772,601
query,1513141154.969777,1513141155.1660223,324
query,1513141155.1660278,1513141155.2466576,0
query,1513141155.246664,1513141155.5972228,707
query,1513141155.5972264,1513141155.749302,262
query,1513141155.749307,1513141156.665069,1424
query,1513141156.665073,1513141157.0199568,896
query,1513141157.0199604,1513141157.3959072,1529
query,1513141157.395911,1513141157.6644998,655
query,1513141157.6645043,1513141158.330148,1670
query,1513141158.330152,1513141159.3461683,1891
query,1513141159.3461714,1513141160.1069357,1471
query,1513141160.10694,1513141160.717107,1828
query,1513141160.7171109,1513141161.4532232,1714
query,1513141161.4532778,1513141162.1901405,1635
query,1513141162.2041032,1513141163.3014119,2003
query,1513141163.3014185,1513141164.4535065,2045
query,1513141164.4535115,1513141164.8322804,1127
query,1513141164.8322852,1513141165.553236,1768
query,1513141165.5532398,1513141165.9904358,1309
query,1513141165.9904408,1513141166.5976727,1699
query,1513141166.5976775,1513141167.5007565,1872
query,1513141167.5007617,1513141167.8168182,969
query,1513141167.816822,1513141167.98265,401
query,1513141167.9826565,1513141169.2535481,1840
query,1513141169.2535527,1513141169.4814897,616
query,1513141169.4814944,1513141169.6332133,629
query,1513141169.633217,1513141169.7005346,0
query,1513141169.700539,1513141169.810298,70
query,1513141169.8103037,1513141170.2334967,1402
query,1513141170.2335029,1513141170.385485,375
query,1513141170.3854911,1513141170.8255572,1096
query,1513141170.8255618,1513141171.1257932,928
query,1513141171.1257975,1513141171.397366,492
query,1513141171.397405,1513141171.6174216,306
query,1513141171.6307378,1513141172.2813342,1234
query,1513141172.281338,1513141173.0122511,1831
query,1513141173.012256,1513141173.15,268
query,1513141173.1500041,1513141173.3375409,887
query,1513141173.337545,1513141174.015561,1193
query,1513141174.0155656,1513141174.5217066,1438
query,1513141174.521712,1513141174.6321337,130
query,1513141174.6321375,1513141174.751659,102
query,1513141174.751663,1513141175.2976892,1530
query,1513141175.297694,1513141175.430956,6
query,1513141175.430962,1513141175.692508,1133
query,1513141175.692513,1513141175.791539,1
query,1513141175.7915435,1513141176.0296016,1170
query,1513141176.0296063,1513141176.6985116,1816
query,1513141176.6985166,1513141176.9135764,1076
query,1513141176.9135816,1513141178.0055776,1825
query,1513141178.005583,1513141178.2378478,667
query,1513141178.2378519,1513141178.5855424,829
query,1513141178.5855467,1513141178.7135954,122
query,1513141178.7136297,1513141178.8774776,56
query,1513141178.890128,1513141178.9846222,0
query,1513141178.9846268,1513141179.125193,81
query,1513141179.1251972,1513141180.1012962,2096
query,1513141180.1013012,1513141180.2091393,147
query,1513141180.2091453,1513141180.7538466,1532
query,1513141180.7538526,1513141181.0812993,1127
query,1513141181.0813036,1513141181.1498182,0
query,1513141181.1498306,1513141181.2856774,158
query,1513141181.2856817,1513141181.437233,262
query,1513141181.4372368,1513141181.665021,596
query,1513141181.6650252,1513141182.049633,1401
query,1513141182.049637,1513141182.416384,1037
query,1513141182.416389,1513141182.809447,1086
query,1513141182.8094516,1513141183.045498,762
query,1513141183.0455027,1513141183.1207047,1
query,1513141183.120709,1513141183.3464289,963
query,1513141183.3464348,1513141183.4806352,218
query,1513141183.4806385,1513141184.0643036,1735
query,1513141184.0643175,1513141184.1896937,19
query,1513141184.1897385,1513141184.7774494,1151
query,1513141184.7896798,1513141184.8946629,61
query,1513141184.8946674,1513141185.1564004,714
query,1513141185.156403,1513141185.912815,2214
query,1513141185.9128199,1513141186.0482664,59
query,1513141186.0482697,1513141186.5207222,1769
query,1513141186.5207248,1513141186.8694055,608
query,1513141186.8694105,1513141187.4650474,1756
query,1513141187.4650505,1513141187.7291849,631
query,1513141187.729189,1513141187.8307328,501
query,1513141187.8307369,1513141188.0970821,1138
query,1513141188.0970862,1513141188.3293264,562
query,1513141188.3293307,1513141189.1359208,1785
query,1513141189.1359255,1513141189.4932878,1155
query,1513141189.4932945,1513141190.1733558,1391
query,1513141190.173359,1513141190.279406,7
query,1513141190.2794123,1513141190.4372582,331
query,1513141190.437263,1513141190.5763576,482
query,1513141190.5763621,1513141190.7531524,308
query,1513141190.7531562,1513141191.2009442,1862
query,1513141191.2009854,1513141191.3930216,553
query,1513141191.40476,1513141191.8175747,1332
query,1513141191.8175793,1513141191.9732106,351
query,1513141191.9732153,1513141192.1688688,244
query,1513141192.1688733,1513141192.7970507,1792
query,1513141192.7970552,1513141193.0172212,192
query,1513141193.017225,1513141193.125448,11
query,1513141193.1254523,1513141193.1972847,0
query,1513141193.1972897,1513141193.3279827,55
query,1513141193.3279872,1513141193.541837,602
query,1513141193.5418415,1513141193.6722546,20
query,1513141193.6722603,1513141194.0974658,625
query,1513141194.0974844,1513141194.2293742,7
query,1513141194.2293801,1513141195.450998,2090
query,1513141195.4510024,1513141196.2978323,1907
query,1513141196.297837,1513141196.6723137,1452
query,1513141196.6723187,1513141196.8368673,460
query,1513141196.8368723,1513141197.2575421,640
query,1513141197.257546,1513141197.9296958,1731
query,1513141197.9297009,1513141198.0671778,39
query,1513141198.0672145,1513141199.0816329,1630
query,1513141199.094491,1513141199.2336504,545
query,1513141199.2336562,1513141199.4095762,238
query,1513141199.4095802,1513141199.9334657,1262
query,1513141199.9334702,1513141200.7216196,1626
query,1513141200.7216244,1513141200.7900107,0
query,1513141200.7900155,1513141200.8620584,1
query,1513141200.8620627,1513141200.996208,4
query,1513141200.9962125,1513141201.2135894,513
query,1513141201.2135952,1513141201.3491998,41
query,1513141201.3492036,1513141201.6341188,700
query,1513141201.6341238,1513141202.6440876,1936
query,1513141202.6440978,1513141203.9132237,1782
query,1513141203.9132288,1513141204.5339189,1454
query,1513141204.533924,1513141205.2694714,2058
query,1513141205.269476,1513141205.5294077,1286
query,1513141205.5294137,1513141205.767128,1560
query,1513141205.767133,1513141205.9255924,110
query,1513141205.925596,1513141206.7252133,1519
query,1513141206.7252183,1513141207.2978413,1705
query,1513141207.2979581,1513141207.6738236,1375
query,1513141207.6890671,1513141208.116622,1800
query,1513141208.1166253,1513141208.9817653,1730
query,1513141208.9817696,1513141209.7575457,1909
query,1513141209.7575502,1513141210.1794796,970
query,1513141210.1794837,1513141210.3292537,80
query,1513141210.3292577,1513141210.4553483,229
query,1513141210.4553525,1513141210.9134789,589
query,1513141210.913484,1513141211.273601,1313
query,1513141211.2736068,1513141211.4371789,476
query,1513141211.4371834,1513141212.2128708,2062
query,1513141212.2128742,1513141212.3475704,601
query,1513141212.3475757,1513141213.67764,2321
query,1513141213.6776454,1513141214.2738671,1836
query,1513141214.2738724,1513141214.4654922,167
query,1513141214.4654968,1513141215.0417943,1562
query,1513141215.0417993,1513141215.4446146,1039
query,1513141215.4446175,1513141216.025383,1128
query,1513141216.0253875,1513141216.869673,1949
query,1513141216.8696787,1513141217.2623038,677
query,1513141217.2623475,1513141217.388499,0
query,1513141217.3900533,1513141217.9095004,1093
query,1513141217.9095051,1513141218.6294594,1637
query,1513141218.6294641,1513141218.7404706,142
query,1513141218.7404735,1513141218.98156,451
query,1513141218.981566,1513141219.4707692,1368
query,1513141219.4707735,1513141220.0859218,1587
query,1513141220.0859263,1513141220.354792,1089
query,1513141220.3547966,1513141220.8332577,1437
query,1513141220.8332627,1513141220.9646811,201
query,1513141220.9646857,1513141221.1227546,235
query,1513141221.1227593,1513141221.3093808,498
query,1513141221.309385,1513141221.6612067,971
query,1513141221.6612105,1513141221.764925,33
query,1513141221.7649283,1513141222.7414508,961
query,1513141222.7414544,1513141222.8653257,45
query,1513141222.8653295,1513141223.0559652,222
query,1513141223.0559697,1513141223.6131551,1596
query,1513141223.6131582,1513141224.6857355,1704
query,1513141224.6857421,1513141226.3121972,225
query,1513141226.3122382,1513141226.5010087,481
query,1513141226.5147176,1513141227.0936368,922
query,1513141227.0936427,1513141227.993685,2164
query,1513141227.9936898,1513141228.4054189,517
query,1513141228.4054227,1513141228.8191144,1252
query,1513141228.8191185,1513141228.9507008,13
query,1513141228.9507058,1513141229.24687,706
query,1513141229.2468753,1513141229.8408933,1549
query,1513141229.8408966,1513141229.9818387,338
query,1513141229.9818432,1513141230.3528209,427
query,1513141230.352825,1513141230.4850845,115
query,1513141230.4850895,1513141231.6008391,1661
query,1513141231.6008434,1513141231.890411,1145
query,1513141231.8904164,1513141232.8869953,2102
query,1513141232.8869994,1513141233.0411265,168
query,1513141233.0411313,1513141233.4408984,908
query,1513141233.4409015,1513141233.5763106,16
query,1513141233.5763147,1513141233.6840558,9
query,1513141233.6840596,1513141234.2170324,1088
query,1513141234.2170367,1513141235.5765588,2194
query,1513141235.5765953,1513141235.8866124,978
query,1513141235.8998559,1513141236.106797,269
query,1513141236.1068149,1513141236.192858,2
query,1513141236.192861,1513141236.9334207,1434
query,1513141236.9334407,1513141237.0240026,0
query,1513141237.0240066,1513141237.2210283,632
query,1513141237.2210329,1513141237.4851277,832
query,1513141237.485134,1513141237.8374445,1238
query,1513141237.837448,1513141238.1210246,970
query,1513141238.1210284,1513141238.2608018,333
query,1513141238.260806,1513141238.7694857,1719
query,1513141238.769542,1513141239.0410945,946
query,1513141239.0410984,1513141239.2771535,657
query,1513141239.2771587,1513141240.661503,2213
query,1513141240.661508,1513141241.0413976,1258
query,1513141241.0414028,1513141241.8683183,2094
query,1513141241.8683221,1513141242.289165,1318
query,1513141242.2891707,1513141242.580739,972
query,1513141242.5807436,1513141243.441771,1634
query,1513141243.441776,1513141243.6184638,1006
query,1513141243.6185286,1513141243.873576,465
query,1513141243.8875682,1513141244.084331,902
query,1513141244.0843384,1513141244.2814443,634
query,1513141244.2814484,1513141244.5352073,328
query,1513141244.5352118,1513141244.9683697,1285
query,1513141244.968373,1513141245.100142,11
query,1513141245.1001463,1513141245.3735042,1040
query,1513141245.3735087,1513141245.5405624,785
query,1513141245.5405676,1513141245.9601073,1460
query,1513141245.9601123,1513141246.0942173,546
query,1513141246.0942228,1513141246.2570252,152
query,1513141246.2570288,1513141246.4452858,299
query,1513141246.4452894,1513141246.9410505,1168
query,1513141246.9410543,1513141248.0774689,2029
query,1513141248.0774736,1513141248.4976928,1531
query,1513141248.4976974,1513141248.8608828,719
query,1513141248.860887,1513141249.2212718,1583
query,1513141249.2212753,1513141250.4832215,1829
query,1513141250.4832265,1513141250.7934809,572
query,1513141250.7934859,1513141251.253233,1501
query,1513141251.2532682,1513141251.6793363,1330
query,1513141251.6947372,1513141252.2933893,1627
query,1513141252.2933943,1513141252.583897,1191
query,1513141252.5839036,1513141252.7548058,401
query,1513141252.7548099,1513141253.9369655,1984
query,1513141253.9369693,1513141254.014225,2
query,1513141254.0142298,1513141255.2535496,2083
query,1513141255.2535543,1513141255.9966931,1613
query,1513141255.9966965,1513141256.062868,0
query,1513141256.0628724,1513141256.7135808,1726
query,1513141256.7135844,1513141257.0092974,1223
query,1513141257.0093012,1513141257.7721198,1732
query,1513141257.7721236,1513141257.9996893,688
query,1513141257.9996927,1513141258.3261871,1092
query,1513141258.3261936,1513141258.450772,4
query,1513141258.450776,1513141258.6382785,393
query,1513141258.6382837,1513141259.101028,1504
query,1513141259.1010318,1513141259.3316524,511
query,1513141259.3316562,1513141259.9852066,1125
query,1513141259.985212,1513141260.7232733,1586
query,1513141260.7233105,1513141261.3330872,1954
query,1513141261.3455806,1513141262.4729068,2073
query,1513141262.4729104,1513141263.1692352,233
query,1513141263.16924,1513141264.4710915,2018
query,1513141264.471096,1513141264.9335322,1269
query,1513141264.9335377,1513141265.0050256,0
query,1513141265.0050297,1513141265.1896582,975
query,1513141265.189663,1513141265.4287467,1247
query,1513141265.4287508,1513141265.981037,1126
query,1513141265.981043,1513141267.283226,2070
query,1513141267.2832294,1513141267.5495856,493
query,1513141267.5495903,1513141268.3811812,1866
query,1513141268.3811846,1513141268.4475744,0
query,1513141268.4475787,1513141268.6445615,716
query,1513141268.6445673,1513141268.9628913,1128
query,1513141268.962911,1513141269.2529972,517
query,1513141269.2530017,1513141269.9335346,1085
query,1513141269.9335392,1513141270.0972686,234
query,1513141270.0972738,1513141270.2330337,116
query,1513141270.2330372,1513141270.4199111,823
query,1513141270.4199524,1513141271.845699,2165
query,1513141271.8566105,1513141271.9964843,266
query,1513141271.9964883,1513141272.0628266,0
query,1513141272.06283,1513141272.4220076,1268
query,1513141272.422014,1513141272.5782874,264
query,1513141272.5782907,1513141273.3886852,1150
query,1513141273.388689,1513141274.1607027,1546
query,1513141274.1607058,1513141274.3445902,692
query,1513141274.344593,1513141274.4975266,636
query,1513141274.4975293,1513141274.877057,1194
query,1513141274.8770602,1513141275.2568228,799
query,1513141275.2568276,1513141275.396177,249
query,1513141275.3961809,1513141275.9053159,1798
query,1513141275.9053204,1513141276.0385246,108
query,1513141276.0385292,1513141276.377536,1143
query,1513141276.377541,1513141276.468655,0
query,1513141276.4686587,1513141277.1730669,938
query,1513141277.1730704,1513141277.661022,932
query,1513141277.6610265,1513141277.7933834,74
query,1513141277.7933884,1513141277.9336417,255
query,1513141277.9336846,1513141278.0593178,124
query,1513141278.0720623,1513141278.182229,150
query,1513141278.182233,1513141279.4006283,2028
query,1513141279.4006317,1513141280.2092757,1603
query,1513141280.2092807,1513141280.8572466,1604
query,1513141280.8572514,1513141281.1092527,1014
query,1513141281.1092567,1513141281.7210076,1521
query,1513141281.7210124,1513141281.9823637,1069
query,1513141281.9823663,1513141282.053582,0
query,1513141282.0535862,1513141282.7332766,1928
query,1513141282.733281,1513141282.928437,816
query,1513141282.92844,1513141283.7453449,1730
query,1513141283.7453492,1513141283.906982,213
query,1513141283.9069867,1513141284.7296293,1596
query,1513141284.729634,1513141285.6567147,1472
query,1513141285.6567185,1513141285.892191,660
query,1513141285.8921943,1513141286.0775406,366
query,1513141286.0775456,1513141286.146346,0
query,1513141286.1463504,1513141286.3015401,390
query,1513141286.3015459,1513141286.6489186,1235
query,1513141286.6489656,1513141286.9832401,833
query,1513141286.995775,1513141287.1772385,663
query,1513141287.177243,1513141287.2972968,136
query,1513141287.2973022,1513141287.4286947,263
query,1513141287.4286995,1513141288.055381,1457
query,1513141288.0553858,1513141288.1470506,2
query,1513141288.1470547,1513141288.6505346,1524
query,1513141288.6505394,1513141289.3125448,1849
query,1513141289.312549,1513141289.4402962,27
query,1513141289.4403002,1513141290.1089404,1760
query,1513141290.1089456,1513141290.4166033,993
query,1513141290.4166076,1513141290.5936623,439
query,1513141290.5936668,1513141291.1134586,1593
query,1513141291.1134617,1513141291.3307707,915
query,1513141291.3307755,1513141292.4675639,1919
query,1513141292.467569,1513141292.646745,341
query,1513141292.6467497,1513141292.7480066,18
query,1513141292.748011,1513141292.884451,945
query,1513141292.8844554,1513141292.992825,52
query,1513141292.9928298,1513141293.116138,123
query,1513141293.1161773,1513141294.1446226,1725
query,1513141294.157685,1513141294.4204473,1458
query,1513141294.420452,1513141294.7645874,1251
query,1513141294.7645915,1513141294.8344622,1
query,1513141294.8344665,1513141294.9930384,160
query,1513141294.9930434,1513141295.2206507,585
query,1513141295.2206552,1513141295.5983703,1653
query,1513141295.5983753,1513141295.7740076,770
query,1513141295.7740781,1513141295.9307358,380
query,1513141295.930741,1513141296.276329,941
query,1513141296.276332,1513141296.5887282,1160
query,1513141296.5887322,1513141296.7396467,551
query,1513141296.7396495,1513141297.0206413,1257
query,1513141297.020646,1513141297.6612875,1604
query,1513141297.6612926,1513141299.3050435,225
query,1513141299.3050478,1513141299.4781175,1005
query,1513141299.4781213,1513141299.5924146,84
query,1513141299.5924191,1513141300.4122477,1892
query,1513141300.412252,1513141300.9029188,822
query,1513141300.902924,1513141301.612533,1638
