tables,1513197426.2087548,1513198108.559686
query,1513198108.5605083,1513198108.6902184,514
query,1513198108.7074175,1513198108.7967103,682
query,1513198108.7967145,1513198108.8979788,295
query,1513198108.8979828,1513198108.9719536,168
query,1513198108.9719584,1513198109.0471072,751
query,1513198109.0471115,1513198109.1232142,75
query,1513198109.1232188,1513198109.199321,92
query,1513198109.1993246,1513198109.291545,215
query,1513198109.291549,1513198109.370842,185
query,1513198109.3708456,1513198109.4417477,221
query,1513198109.4417515,1513198109.4904335,1
query,1513198109.4904375,1513198109.5542064,10
query,1513198109.55421,1513198109.6241364,476
query,1513198109.6241398,1513198109.700683,215
query,1513198109.7006865,1513198109.7731884,340
query,1513198109.773192,1513198109.8382583,179
query,1513198109.8382623,1513198109.916072,412
query,1513198109.9160757,1513198109.9951208,604
query,1513198109.9951255,1513198110.0899487,215
query,1513198110.0899525,1513198110.1733453,87
query,1513198110.1734319,1513198110.279119,230
query,1513198110.2917805,1513198110.3800268,215
query,1513198110.3800309,1513198110.452042,93
query,1513198110.452047,1513198110.5327525,739
query,1513198110.5327568,1513198110.6281636,215
query,1513198110.6281679,1513198110.7046585,38
query,1513198110.7046628,1513198110.785175,701
query,1513198110.7851803,1513198110.8657503,53
query,1513198110.865754,1513198110.9396863,39
query,1513198110.93969,1513198111.0198247,496
query,1513198111.0198283,1513198111.1024036,448
query,1513198111.1024077,1513198111.1776426,161
query,1513198111.177647,1513198111.2543793,474
query,1513198111.2543836,1513198111.3450215,476
query,1513198111.3450267,1513198111.4218903,298
query,1513198111.421895,1513198111.5055504,215
query,1513198111.5055542,1513198111.5810666,95
query,1513198111.5810697,1513198111.6684587,636
query,1513198111.6684616,1513198111.7496805,224
query,1513198111.7496848,1513198111.833895,524
query,1513198111.8339403,1513198111.9351096,373
query,1513198111.9492548,1513198112.0300448,831
query,1513198112.0300488,1513198112.108273,228
query,1513198112.1082783,1513198112.1838028,272
query,1513198112.183807,1513198112.269689,215
query,1513198112.269693,1513198112.3392336,215
query,1513198112.3392377,1513198112.403312,173
query,1513198112.4033158,1513198112.4676585,331
query,1513198112.4676633,1513198112.5464067,260
query,1513198112.5464113,1513198112.6335638,214
query,1513198112.633567,1513198112.7083564,350
query,1513198112.7083602,1513198112.7828958,32
query,1513198112.7829013,1513198112.8627424,425
query,1513198112.8627467,1513198112.9386582,289
query,1513198112.9386623,1513198112.9870868,0
query,1513198112.9870903,1513198113.0627923,321
query,1513198113.0627964,1513198113.142958,747
query,1513198113.142962,1513198113.2152212,8
query,1513198113.2152264,1513198113.2800028,2
query,1513198113.2800076,1513198113.3627026,284
query,1513198113.3627481,1513198113.47622,219
query,1513198113.490758,1513198113.569059,479
query,1513198113.569063,1513198113.6436033,307
query,1513198113.6436093,1513198113.718762,371
query,1513198113.7187653,1513198113.8059185,518
query,1513198113.805923,1513198113.8819132,228
query,1513198113.8819172,1513198113.9625244,678
query,1513198113.9625294,1513198114.043211,444
query,1513198114.0432155,1513198114.119938,363
query,1513198114.1199417,1513198114.1987462,710
query,1513198114.1987498,1513198114.2820094,215
query,1513198114.2820127,1513198114.36013,797
query,1513198114.3601358,1513198114.437901,255
query,1513198114.4379056,1513198114.5197594,809
query,1513198114.519764,1513198114.5976455,443
query,1513198114.5976505,1513198114.6737645,407
query,1513198114.6737673,1513198114.7583084,1570
query,1513198114.7583113,1513198114.8385673,1311
query,1513198114.8385715,1513198114.9021285,2
query,1513198114.9021335,1513198114.977848,585
query,1513198114.977908,1513198115.0754645,18
query,1513198115.0908308,1513198115.1655436,119
query,1513198115.165552,1513198115.2403264,259
query,1513198115.2403316,1513198115.323358,1223
query,1513198115.323362,1513198115.4085371,967
query,1513198115.4085414,1513198115.4929242,1799
query,1513198115.4929278,1513198115.5696847,375
query,1513198115.5696898,1513198115.6195035,0
query,1513198115.6195076,1513198115.6969116,1176
query,1513198115.6969147,1513198115.76863,35
query,1513198115.7686343,1513198115.8453116,612
query,1513198115.8453155,1513198115.9220262,916
query,1513198115.9220304,1513198115.9989755,69
query,1513198115.9989798,1513198116.0524507,0
query,1513198116.0524547,1513198116.1293266,588
query,1513198116.1293306,1513198116.2131827,1793
query,1513198116.2131865,1513198116.2908459,507
query,1513198116.2908518,1513198116.3679025,328
query,1513198116.367906,1513198116.4267476,2
query,1513198116.426752,1513198116.5034113,494
query,1513198116.5034478,1513198116.6026385,411
query,1513198116.6147954,1513198116.6880352,311
query,1513198116.6880388,1513198116.763685,1199
query,1513198116.7636878,1513198116.8418243,255
query,1513198116.8418276,1513198116.9192667,915
query,1513198116.9192696,1513198116.9949882,357
query,1513198116.9949915,1513198117.0801756,1612
query,1513198117.0801787,1513198117.1587658,296
query,1513198117.1587703,1513198117.2339792,7
query,1513198117.233983,1513198117.3179133,1351
query,1513198117.3179173,1513198117.3961098,165
query,1513198117.3961148,1513198117.4711366,8
query,1513198117.471141,1513198117.557024,1118
query,1513198117.5570283,1513198117.6320221,127
query,1513198117.6320262,1513198117.7116613,1184
query,1513198117.7116652,1513198117.7899356,923
query,1513198117.7899394,1513198117.8650317,71
query,1513198117.865036,1513198117.9187498,1
query,1513198117.9187543,1513198117.9961288,204
query,1513198117.9961338,1513198118.0733109,269
query,1513198118.0733633,1513198118.1775756,1345
query,1513198118.1889958,1513198118.267884,831
query,1513198118.2678876,1513198118.34549,520
query,1513198118.345494,1513198118.4263327,975
query,1513198118.4263368,1513198118.5073125,790
query,1513198118.5073183,1513198118.5845828,1325
query,1513198118.5845864,1513198118.665909,885
query,1513198118.6659148,1513198118.7402031,15
query,1513198118.7402074,1513198118.8171887,204
query,1513198118.817193,1513198118.8986678,1259
query,1513198118.8986723,1513198118.9778645,891
query,1513198118.9778702,1513198119.059482,1576
query,1513198119.0594864,1513198119.1362734,49
query,1513198119.1362767,1513198119.213234,678
query,1513198119.2132373,1513198119.2900968,664
query,1513198119.2901013,1513198119.3658319,183
query,1513198119.3658361,1513198119.4426882,615
query,1513198119.442692,1513198119.745302,261
query,1513198119.745307,1513198119.8251297,935
query,1513198119.8251338,1513198119.8991005,103
query,1513198119.899156,1513198119.9988377,166
query,1513198120.0160103,1513198120.1035326,1268
query,1513198120.1035366,1513198120.176747,177
query,1513198120.1767511,1513198120.236461,5
query,1513198120.2364647,1513198120.3190029,1375
query,1513198120.3190084,1513198120.3962836,448
query,1513198120.396288,1513198120.4432304,0
query,1513198120.4432342,1513198120.5208452,325
query,1513198120.520848,1513198120.5949256,83
query,1513198120.5949295,1513198120.6737206,1522
query,1513198120.673724,1513198120.754164,1375
query,1513198120.7541673,1513198120.8282943,214
query,1513198120.8283002,1513198120.9144838,726
query,1513198120.914488,1513198120.9965541,1047
query,1513198120.996558,1513198121.0732539,1274
query,1513198121.0732594,1513198121.155426,1363
query,1513198121.1554296,1513198121.2308352,384
query,1513198121.2308414,1513198121.3050358,106
query,1513198121.3050394,1513198121.380674,679
query,1513198121.380678,1513198121.4560158,522
query,1513198121.4560564,1513198121.5611308,1522
query,1513198121.5749679,1513198121.6611123,1721
query,1513198121.6611164,1513198121.7407002,741
query,1513198121.740704,1513198121.8200169,888
query,1513198121.8200207,1513198121.899833,1076
query,1513198121.8998368,1513198121.9769785,473
query,1513198121.9769828,1513198122.0528502,36
query,1513198122.0528543,1513198122.1485767,878
query,1513198122.1485808,1513198122.225597,315
query,1513198122.2256014,1513198122.3056378,1026
query,1513198122.3056421,1513198122.382348,497
query,1513198122.3823524,1513198122.433051,0
query,1513198122.4330544,1513198122.491599,2
query,1513198122.491603,1513198122.5673175,83
query,1513198122.567321,1513198122.6457355,459
query,1513198122.6457396,1513198122.7243612,835
query,1513198122.7243657,1513198122.7845292,2
query,1513198122.7845333,1513198122.8602505,302
query,1513198122.8602545,1513198122.938436,197
query,1513198122.9384403,1513198123.0197926,396
query,1513198123.0198448,1513198123.0917573,0
query,1513198123.0932033,1513198123.181027,1785
query,1513198123.1810312,1513198123.2296584,0
query,1513198123.2296622,1513198123.319506,1077
query,1513198123.3195097,1513198123.4009902,793
query,1513198123.4009938,1513198123.4816694,198
query,1513198123.4816747,1513198123.55674,153
query,1513198123.5567439,1513198123.6313686,370
query,1513198123.6313732,1513198123.7140627,961
query,1513198123.7140665,1513198123.7938354,776
query,1513198123.7938392,1513198123.8631997,1367
query,1513198123.8632028,1513198123.913605,1
query,1513198123.9136088,1513198123.988232,147
query,1513198123.988236,1513198124.0652552,398
query,1513198124.0652595,1513198124.1529765,1863
query,1513198124.1529806,1513198124.2332177,1142
query,1513198124.2332213,1513198124.3071694,274
query,1513198124.3071744,1513198124.3823333,222
query,1513198124.3823373,1513198124.4686809,1510
query,1513198124.4686842,1513198124.5523815,1639
query,1513198124.5524206,1513198124.651872,10
query,1513198124.6656282,1513198124.7460735,725
query,1513198124.746078,1513198124.830405,1107
query,1513198124.8304088,1513198124.910992,711
query,1513198124.9109979,1513198124.9883013,1207
query,1513198124.9883058,1513198125.0744405,1666
query,1513198125.0744443,1513198125.1483405,574
query,1513198125.1483438,1513198125.2285903,201
query,1513198125.2285945,1513198125.3064046,752
query,1513198125.3064086,1513198125.3955126,935
query,1513198125.3955188,1513198125.4917881,56
query,1513198125.491792,1513198125.539468,0
query,1513198125.5394723,1513198125.6159863,122
query,1513198125.6159914,1513198125.7039955,1558
query,1513198125.7039998,1513198125.7874682,1371
query,1513198125.7874725,1513198125.8660336,89
query,1513198125.8660374,1513198125.9686637,402
query,1513198125.9686675,1513198126.0461092,88
query,1513198126.046113,1513198126.121697,14
query,1513198126.1217015,1513198126.1985612,510
query,1513198126.1986015,1513198126.3051744,1447
query,1513198126.3179061,1513198126.400292,852
query,1513198126.400298,1513198126.4793158,479
query,1513198126.4793198,1513198126.5600393,1198
query,1513198126.5600438,1513198126.646689,383
query,1513198126.6466932,1513198126.7268627,1393
query,1513198126.7268662,1513198126.8055515,1018
query,1513198126.8055558,1513198126.8820128,646
query,1513198126.882017,1513198126.929143,0
query,1513198126.9291465,1513198127.0103066,1103
query,1513198127.0103104,1513198127.0901487,1916
query,1513198127.0901527,1513198127.1657805,172
query,1513198127.1657858,1513198127.25418,1537
query,1513198127.254184,1513198127.3372068,1231
query,1513198127.3372111,1513198127.4225454,1713
query,1513198127.42255,1513198127.506044,69
query,1513198127.506048,1513198127.5817971,258
query,1513198127.5818007,1513198127.6581738,113
query,1513198127.658177,1513198127.7408202,348
query,1513198127.7408252,1513198127.8146548,4
query,1513198127.8146963,1513198127.917042,1011
query,1513198127.9307196,1513198128.0152323,1881
query,1513198128.0152354,1513198128.097189,1625
query,1513198128.097193,1513198128.1806262,801
query,1513198128.1806302,1513198128.2578769,1363
query,1513198128.2578807,1513198128.3410022,207
query,1513198128.3410046,1513198128.4073281,37
query,1513198128.4073308,1513198128.5037954,1504
query,1513198128.503798,1513198128.5933552,1625
query,1513198128.5933576,1513198128.6794226,880
query,1513198128.6794255,1513198128.740169,16
query,1513198128.7401714,1513198128.807226,885
query,1513198128.8072314,1513198128.8837965,873
query,1513198128.8838005,1513198128.966069,660
query,1513198128.9660728,1513198129.0138595,0
query,1513198129.0138633,1513198129.2739487,1
query,1513198129.2739532,1513198129.3560638,1065
query,1513198129.356067,1513198129.4357378,20
query,1513198129.4357424,1513198129.511729,29
query,1513198129.5117314,1513198129.5942674,1402
query,1513198129.5943313,1513198129.700193,1160
query,1513198129.7136626,1513198129.79439,832
query,1513198129.7943947,1513198129.8719206,111
query,1513198129.8719258,1513198129.9198568,0
query,1513198129.9198608,1513198129.9959357,13
query,1513198129.9959397,1513198130.077186,1701
query,1513198130.0771894,1513198130.1543097,608
query,1513198130.1543136,1513198130.2319355,161
query,1513198130.231939,1513198130.3027544,2
query,1513198130.302759,1513198130.380351,371
query,1513198130.3803568,1513198130.4759219,1661
query,1513198130.475928,1513198130.5556936,397
query,1513198130.5556982,1513198130.6119018,1
query,1513198130.6119058,1513198130.6904576,1032
query,1513198130.690462,1513198130.7395597,1
query,1513198130.7395635,1513198130.8354616,1717
query,1513198130.8354673,1513198130.9260502,1625
query,1513198130.9260545,1513198131.0025024,62
query,1513198131.0025089,1513198131.0833476,69
query,1513198131.0833528,1513198131.1673508,1384
query,1513198131.1674175,1513198131.2687516,1527
query,1513198131.2872262,1513198131.360349,94
query,1513198131.3603525,1513198131.435292,376
query,1513198131.4353049,1513198131.5001593,4
query,1513198131.5001645,1513198131.5755537,194
query,1513198131.5755582,1513198131.6556532,105
query,1513198131.6556573,1513198131.7232647,322
query,1513198131.7232697,1513198131.775523,2
query,1513198131.7755268,1513198131.8233774,0
query,1513198131.8233817,1513198131.8898454,413
query,1513198131.88985,1513198131.9672337,277
query,1513198131.967238,1513198132.028021,16
query,1513198132.0280252,1513198132.1106586,1559
query,1513198132.1106644,1513198132.191275,1667
query,1513198132.1912794,1513198132.2413127,1
query,1513198132.2413168,1513198132.3358474,595
query,1513198132.335852,1513198132.4176102,1806
query,1513198132.4176145,1513198132.4959311,675
query,1513198132.495935,1513198132.5662625,948
query,1513198132.5662675,1513198132.6321328,948
query,1513198132.6321762,1513198132.727769,1907
query,1513198132.7378404,1513198132.814338,17
query,1513198132.8143418,1513198132.8909605,1109
query,1513198132.8909645,1513198132.9674342,440
query,1513198132.9674385,1513198133.043149,14
query,1513198133.0431526,1513198133.1184628,193
query,1513198133.118466,1513198133.2011101,1205
query,1513198133.2011132,1513198133.27728,240
query,1513198133.277284,1513198133.358767,1680
query,1513198133.3587701,1513198133.4380176,84
query,1513198133.438021,1513198133.5105662,109
query,1513198133.5105698,1513198133.592299,1522
query,1513198133.5923018,1513198133.6646855,828
query,1513198133.6646879,1513198133.7131503,0
query,1513198133.713153,1513198133.7918625,1097
query,1513198133.7918658,1513198133.8386939,0
query,1513198133.8386984,1513198133.9181864,1334
query,1513198133.9181907,1513198133.9956114,97
query,1513198133.9956155,1513198134.0725684,488
query,1513198134.0725725,1513198134.1588416,196
query,1513198134.1588745,1513198134.2620077,1588
query,1513198134.2751431,1513198134.358458,1603
query,1513198134.3584619,1513198134.436258,6
query,1513198134.4362621,1513198134.519106,1291
query,1513198134.5191104,1513198134.5929248,129
query,1513198134.59293,1513198134.6704032,5
query,1513198134.670409,1513198134.7481785,941
query,1513198134.7481818,1513198134.8077629,1
query,1513198134.807767,1513198134.8892567,133
query,1513198134.889262,1513198134.9744592,1381
query,1513198134.974463,1513198135.048352,351
query,1513198135.0483558,1513198135.1166224,1326
query,1513198135.1166255,1513198135.2119672,1291
query,1513198135.2119706,1513198135.2956474,1787
query,1513198135.2956514,1513198135.3638577,390
query,1513198135.3638625,1513198135.4413695,572
query,1513198135.4413733,1513198135.5283015,920
query,1513198135.5283067,1513198135.579301,0
query,1513198135.5793045,1513198135.6650789,1886
query,1513198135.6650817,1513198135.7371967,234
query,1513198135.7372346,1513198135.8156452,34
query,1513198135.82925,1513198135.9169312,860
query,1513198135.916948,1513198135.9904673,40
query,1513198135.9904714,1513198136.0372224,0
query,1513198136.0372257,1513198136.107304,21
query,1513198136.1073089,1513198136.1761975,137
query,1513198136.176202,1513198136.2423925,1431
query,1513198136.2423959,1513198136.308595,436
query,1513198136.308612,1513198136.3535588,0
query,1513198136.3535612,1513198136.4263885,211
query,1513198136.4263928,1513198136.5039175,1123
query,1513198136.5039217,1513198136.58027,1657
query,1513198136.5802753,1513198136.6575298,1144
query,1513198136.6575341,1513198136.7328982,1519
query,1513198136.7329037,1513198136.8102102,808
query,1513198136.8102138,1513198136.8804896,9
query,1513198136.8804936,1513198136.9545975,886
query,1513198136.954601,1513198137.256219,1578
query,1513198137.2562222,1513198137.3164387,1
query,1513198137.316443,1513198137.4006636,394
query,1513198137.4007096,1513198137.5033906,1485
query,1513198137.5151794,1513198137.570355,2
query,1513198137.570359,1513198137.6453617,725
query,1513198137.6453643,1513198137.7389047,1663
query,1513198137.7389088,1513198137.787905,0
query,1513198137.7879097,1513198137.8422594,1
query,1513198137.8422632,1513198137.9189794,142
query,1513198137.9189847,1513198137.995825,13
query,1513198137.9958286,1513198138.0810819,1517
query,1513198138.0810857,1513198138.1599464,557
query,1513198138.15995,1513198138.2397966,254
query,1513198138.2398012,1513198138.3139622,427
query,1513198138.3139663,1513198138.389656,375
query,1513198138.3896604,1513198138.4652584,205
query,1513198138.465262,1513198138.5420866,4
query,1513198138.5420904,1513198138.6190636,297
query,1513198138.6190677,1513198138.699845,748
query,1513198138.6998487,1513198138.78632,1939
query,1513198138.7863243,1513198138.8641655,275
query,1513198138.86417,1513198138.9479647,1516
query,1513198138.9480069,1513198139.0490096,872
query,1513198139.0628834,1513198139.1399102,482
query,1513198139.139914,1513198139.216366,491
query,1513198139.21637,1513198139.2919426,625
query,1513198139.291946,1513198139.3692539,651
query,1513198139.3692575,1513198139.449292,678
query,1513198139.449295,1513198139.524534,559
query,1513198139.5245366,1513198139.6071434,1523
query,1513198139.6071463,1513198139.6695893,2
query,1513198139.6695917,1513198139.7513824,1617
query,1513198139.7513866,1513198139.829019,114
query,1513198139.8290238,1513198139.9045072,206
query,1513198139.9045115,1513198139.9825678,1025
query,1513198139.9825718,1513198140.0642788,557
query,1513198140.0642834,1513198140.139886,82
query,1513198140.139892,1513198140.2215977,883
query,1513198140.2216027,1513198140.2729738,1
query,1513198140.272978,1513198140.347868,269
query,1513198140.3478723,1513198140.4272327,867
query,1513198140.4272473,1513198140.5071487,882
query,1513198140.5071926,1513198140.604378,18
query,1513198140.6151557,1513198140.6935997,1089
query,1513198140.6936028,1513198140.7732365,413
query,1513198140.7732537,1513198140.8557754,1354
query,1513198140.8557796,1513198140.9419107,1755
query,1513198140.9419172,1513198141.0198226,646
query,1513198141.0198262,1513198141.1017191,697
query,1513198141.101723,1513198141.1802766,791
query,1513198141.1802795,1513198141.262656,36
query,1513198141.262659,1513198141.3394506,521
query,1513198141.339455,1513198141.408581,3
query,1513198141.4085853,1513198141.4906855,954
query,1513198141.4906898,1513198141.5690684,257
query,1513198141.5690727,1513198141.6452146,297
query,1513198141.6452184,1513198141.725376,1014
query,1513198141.7253802,1513198141.8122356,2149
query,1513198141.8122396,1513198141.8962584,1767
query,1513198141.896263,1513198141.9723158,460
query,1513198141.97232,1513198142.0466504,435
query,1513198142.0466542,1513198142.1163793,52
query,1513198142.1164224,1513198142.2130952,976
query,1513198142.224432,1513198142.2738655,1
query,1513198142.2738698,1513198142.3551857,1295
query,1513198142.355189,1513198142.4325025,913
query,1513198142.4325068,1513198142.5039802,310
query,1513198142.503984,1513198142.585286,952
query,1513198142.5852902,1513198142.685525,1178
query,1513198142.6855295,1513198142.7630665,120
query,1513198142.7630706,1513198142.810848,0
query,1513198142.8108523,1513198142.889302,339
query,1513198142.889307,1513198142.978821,1742
query,1513198142.978825,1513198143.0546844,1547
query,1513198143.0546885,1513198143.1307378,136
query,1513198143.1307425,1513198143.1791148,0
query,1513198143.1791198,1513198143.2516484,979
query,1513198143.2516515,1513198143.3309734,1802
query,1513198143.330977,1513198143.4099882,571
query,1513198143.4099917,1513198143.4839697,264
query,1513198143.4839735,1513198143.5741796,45
query,1513198143.5741904,1513198143.6555202,1226
query,1513198143.6555557,1513198143.7621498,1484
query,1513198143.7750664,1513198143.852926,845
query,1513198143.85293,1513198143.9519768,1018
query,1513198143.9519808,1513198144.0340447,979
query,1513198144.0340486,1513198144.084228,0
query,1513198144.0842314,1513198144.1630814,429
query,1513198144.1630847,1513198144.2188807,2
query,1513198144.2188847,1513198144.2987297,656
query,1513198144.2987337,1513198144.374733,240
query,1513198144.3747368,1513198144.4525895,347
query,1513198144.4525945,1513198144.530328,569
query,1513198144.5303323,1513198144.6075287,451
query,1513198144.6075323,1513198144.6833289,356
query,1513198144.6833327,1513198144.753786,362
query,1513198144.7537897,1513198144.827935,237
query,1513198144.827939,1513198144.9017127,1214
query,1513198144.9017167,1513198144.984518,701
query,1513198144.9845216,1513198145.0652232,389
query,1513198145.0652273,1513198145.1349425,5
query,1513198145.1349468,1513198145.2112246,331
query,1513198145.2112834,1513198145.3225324,1593
query,1513198145.3409023,1513198145.4154723,105
query,1513198145.415486,1513198145.4933472,803
query,1513198145.4933515,1513198145.5827348,1217
query,1513198145.5827382,1513198145.6622496,1084
query,1513198145.662254,1513198145.7363183,470
query,1513198145.736323,1513198145.814272,368
query,1513198145.8142767,1513198145.887908,390
query,1513198145.8879125,1513198145.9639592,188
query,1513198145.9639635,1513198146.041668,264
query,1513198146.0416722,1513198146.1250973,1454
query,1513198146.1251013,1513198146.2060902,1019
query,1513198146.206095,1513198146.2864697,107
query,1513198146.2864745,1513198146.44199,17
query,1513198146.4419942,1513198146.5889184,689
query,1513198146.5889242,1513198146.6663923,380
query,1513198146.6663961,1513198146.7139957,0
query,1513198146.713999,1513198146.79051,233
query,1513198146.790514,1513198146.8696947,794
query,1513198146.8696988,1513198146.948661,1165
query,1513198146.9487076,1513198147.0526397,1462
query,1513198147.0653596,1513198147.1438625,1496
query,1513198147.143866,1513198147.2087352,87
query,1513198147.208738,1513198147.2765684,968
query,1513198147.2765732,1513198147.3508778,559
query,1513198147.3508818,1513198147.4163246,862
query,1513198147.4163287,1513198147.494721,1441
query,1513198147.494726,1513198147.562235,1310
query,1513198147.5622394,1513198147.6133595,1
query,1513198147.6133637,1513198147.685953,1139
query,1513198147.6859581,1513198147.7829175,182
query,1513198147.782923,1513198147.8622887,954
query,1513198147.8622932,1513198147.9387705,68
query,1513198147.9387755,1513198148.024159,1369
query,1513198148.0241635,1513198148.1022174,1011
query,1513198148.1022215,1513198148.1791794,1222
query,1513198148.179183,1513198148.2540493,443
query,1513198148.2540529,1513198148.3450665,402
query,1513198148.345071,1513198148.4319942,842
query,1513198148.4319985,1513198148.5110366,67
query,1513198148.511102,1513198148.6235657,402
query,1513198148.6373003,1513198148.7148566,308
query,1513198148.7148604,1513198148.7938156,880
query,1513198148.79382,1513198148.8682735,350
query,1513198148.8682778,1513198148.9412825,7
query,1513198148.9412858,1513198149.015779,11
query,1513198149.015782,1513198149.0914047,531
query,1513198149.0914078,1513198149.1675196,729
query,1513198149.1675239,1513198149.2416573,72
query,1513198149.241661,1513198149.2916043,0
query,1513198149.2916083,1513198149.3672478,615
query,1513198149.3672523,1513198149.4470165,564
query,1513198149.4470205,1513198149.535551,1681
query,1513198149.5355556,1513198149.6013694,3
query,1513198149.601373,1513198149.680599,1051
query,1513198149.680602,1513198149.759039,804
query,1513198149.7590432,1513198149.8385673,942
query,1513198149.838571,1513198149.9149227,1473
query,1513198149.9149263,1513198149.9898233,1418
query,1513198149.9898288,1513198150.0710943,1437
query,1513198150.071131,1513198150.1783335,1053
query,1513198150.189775,1513198150.2666914,1520
query,1513198150.2666955,1513198150.3529592,2132
query,1513198150.3529632,1513198150.4182522,400
query,1513198150.4182558,1513198150.4851193,1690
query,1513198150.4851232,1513198150.5560167,1340
query,1513198150.556019,1513198150.6262064,327
query,1513198150.6262105,1513198150.6737585,0
query,1513198150.6737614,1513198150.750451,16
query,1513198150.7504554,1513198150.8363435,597
query,1513198150.8363473,1513198150.9198365,1359
query,1513198150.91984,1513198150.9965532,568
query,1513198150.996558,1513198151.077289,1045
query,1513198151.0772932,1513198151.1549954,770
query,1513198151.1549997,1513198151.2522454,1599
query,1513198151.2522492,1513198151.3286867,95
query,1513198151.3286905,1513198151.4166477,2307
query,1513198151.4166517,1513198151.491655,714
query,1513198151.4916592,1513198151.568652,470
query,1513198151.5686557,1513198151.6541572,1592
query,1513198151.6541932,1513198151.753147,831
query,1513198151.766422,1513198151.8424547,584
query,1513198151.8424582,1513198151.9180942,32
query,1513198151.9180982,1513198151.9948826,6
query,1513198151.9948876,1513198152.0742202,1139
query,1513198152.0742252,1513198152.1552017,178
query,1513198152.1552079,1513198152.2425423,1827
query,1513198152.2425458,1513198152.3195186,260
query,1513198152.3195226,1513198152.3988924,407
query,1513198152.398897,1513198152.4742277,356
query,1513198152.4742339,1513198152.5520363,729
query,1513198152.55204,1513198152.6319292,1050
query,1513198152.6319327,1513198152.7075052,448
query,1513198152.7075083,1513198152.7895944,1165
query,1513198152.7895987,1513198152.8689435,1232
query,1513198152.8689475,1513198152.952875,1687
query,1513198152.9528782,1513198153.0334582,1516
query,1513198153.0334628,1513198153.111181,713
query,1513198153.1111853,1513198153.1908774,1155
query,1513198153.1908827,1513198153.2680666,209
query,1513198153.268105,1513198153.3730404,1358
query,1513198153.3868465,1513198153.4638872,934
query,1513198153.4638913,1513198153.5377984,48
query,1513198153.5378025,1513198153.6167433,1036
query,1513198153.6167464,1513198153.6965384,1286
query,1513198153.696542,1513198153.7826207,1921
query,1513198153.782624,1513198153.8577423,258
query,1513198153.8577468,1513198153.9305859,94
query,1513198153.9305906,1513198153.9819264,1
query,1513198153.98193,1513198154.0611129,1507
query,1513198154.061117,1513198154.108903,0
query,1513198154.1089072,1513198154.1860723,985
query,1513198154.1860762,1513198154.2645116,209
query,1513198154.264516,1513198154.3394287,202
query,1513198154.3394325,1513198154.4168963,845
query,1513198154.4169004,1513198154.4928815,132
query,1513198154.4928858,1513198154.5726159,870
query,1513198154.5726192,1513198154.6441689,141
query,1513198154.644173,1513198154.7198124,307
query,1513198154.7198164,1513198154.7971015,435
query,1513198154.7971404,1513198154.883787,759
query,1513198154.8976238,1513198154.982694,737
query,1513198154.982698,1513198155.0299006,0
query,1513198155.0299041,1513198155.099168,94
query,1513198155.0991716,1513198155.1754508,529
query,1513198155.175455,1513198155.2400372,482
query,1513198155.2400417,1513198155.3018665,132
query,1513198155.3018706,1513198155.367921,12
query,1513198155.367925,1513198155.4201736,2
query,1513198155.4201777,1513198155.5086372,406
query,1513198155.508641,1513198155.5927439,1313
query,1513198155.5927474,1513198155.678694,1545
query,1513198155.678698,1513198155.751735,122
query,1513198155.751739,1513198155.8057253,0
query,1513198155.8057292,1513198155.8813221,906
query,1513198155.8813262,1513198155.9562614,152
query,1513198155.956265,1513198156.033712,1852
query,1513198156.0337148,1513198156.1046083,1103
query,1513198156.104612,1513198156.181876,514
query,1513198156.1818786,1513198156.2651231,182
query,1513198156.2651665,1513198156.3404984,30
query,1513198156.3542264,1513198156.4280372,8
query,1513198156.428041,1513198156.4979558,1500
query,1513198156.49796,1513198156.5663316,1610
query,1513198156.5663352,1513198156.6277602,838
query,1513198156.6277645,1513198156.6998272,1377
query,1513198156.6998312,1513198156.7793562,1228
query,1513198156.77936,1513198156.8500345,300
query,1513198156.8500385,1513198156.9421556,1581
query,1513198156.9421597,1513198157.0226033,390
query,1513198157.0226068,1513198157.0960596,82
query,1513198157.0960631,1513198157.1709697,129
query,1513198157.1709726,1513198157.24873,792
query,1513198157.248734,1513198157.3285372,1411
query,1513198157.3285427,1513198157.4071212,666
query,1513198157.4071264,1513198157.4825096,335
query,1513198157.4825137,1513198157.5711343,1657
query,1513198157.5711386,1513198157.6482356,1479
query,1513198157.6482391,1513198157.7327223,1541
query,1513198157.732726,1513198157.807102,97
query,1513198157.8071394,1513198157.8979428,729
query,1513198157.9110513,1513198157.9883394,887
query,1513198157.988343,1513198158.0685484,686
query,1513198158.0685525,1513198158.117626,0
query,1513198158.117629,1513198158.196927,1340
query,1513198158.196931,1513198158.2755897,926
query,1513198158.275594,1513198158.353075,54
query,1513198158.353079,1513198158.4150436,2
query,1513198158.4150476,1513198158.4976912,1549
query,1513198158.4976952,1513198158.5707455,132
query,1513198158.570749,1513198158.6548357,1257
query,1513198158.6548398,1513198158.7287567,1113
query,1513198158.7287602,1513198158.805392,64
query,1513198158.8053954,1513198158.8799982,89
query,1513198158.8800023,1513198158.9553652,778
query,1513198158.9553692,1513198159.0332613,512
query,1513198159.033265,1513198159.1106505,707
query,1513198159.1106536,1513198159.1860583,30
query,1513198159.1860616,1513198159.2601264,666
query,1513198159.2601295,1513198159.3358347,34
query,1513198159.33588,1513198159.4058254,0
query,1513198159.407291,1513198159.484436,958
query,1513198159.4844391,1513198159.5563622,11
query,1513198159.5563676,1513198159.6401038,1810
query,1513198159.6401064,1513198159.714349,16
query,1513198159.7143533,1513198159.7804418,227
query,1513198159.780446,1513198159.8503556,1122
query,1513198159.8503594,1513198159.9154434,977
query,1513198159.915449,1513198159.9980047,1134
query,1513198159.9980087,1513198160.078565,1452
query,1513198160.0785685,1513198160.1643698,1932
query,1513198160.1643724,1513198160.24595,1925
query,1513198160.2459526,1513198160.3386214,1665
query,1513198160.338624,1513198160.4133868,348
query,1513198160.4133906,1513198160.4634714,0
query,1513198160.4634748,1513198160.549709,1457
query,1513198160.5497136,1513198160.6266484,736
query,1513198160.626651,1513198160.7047622,261
query,1513198160.7047656,1513198160.7859704,1006
query,1513198160.7859745,1513198160.8706212,468
query,1513198160.8706603,1513198160.977564,1604
query,1513198160.9895685,1513198161.0720203,1408
query,1513198161.0720246,1513198161.1225975,0
query,1513198161.1226022,1513198161.1992326,17
query,1513198161.199238,1513198161.2804573,713
query,1513198161.280461,1513198161.3267374,0
query,1513198161.3267434,1513198161.412911,0
query,1513198161.4129145,1513198161.4872277,239
query,1513198161.4872315,1513198161.5542061,1
query,1513198161.55421,1513198161.6269295,218
query,1513198161.6269336,1513198161.7011912,30
query,1513198161.701195,1513198161.7763798,449
query,1513198161.7763839,1513198161.8600261,908
query,1513198161.8600302,1513198161.935069,638
query,1513198161.9350731,1513198162.0160658,749
query,1513198162.01607,1513198162.0937738,445
query,1513198162.0937786,1513198162.1712222,252
query,1513198162.171227,1513198162.2474039,583
query,1513198162.2474086,1513198162.2977684,0
query,1513198162.2977738,1513198162.3468165,0
query,1513198162.3468704,1513198162.4287019,1356
query,1513198162.4425855,1513198162.525631,779
query,1513198162.5256367,1513198162.6041446,77
query,1513198162.604148,1513198162.6853464,321
query,1513198162.6853497,1513198162.7628734,1509
query,1513198162.7628772,1513198162.8389795,1566
query,1513198162.8389838,1513198162.9143295,388
query,1513198162.914333,1513198162.9786384,375
query,1513198162.978643,1513198163.049222,778
query,1513198163.0492265,1513198163.1180289,740
query,1513198163.118033,1513198163.1942394,1749
query,1513198163.194243,1513198163.2679899,1643
query,1513198163.2679935,1513198163.33761,1392
query,1513198163.3376136,1513198163.3923402,1
query,1513198163.3923435,1513198163.4652429,294
query,1513198163.465246,1513198163.5362232,884
query,1513198163.5362272,1513198163.6152952,1081
query,1513198163.6152985,1513198163.6901348,439
query,1513198163.690138,1513198163.7678053,1841
query,1513198163.76781,1513198163.8421836,69
query,1513198163.8422227,1513198163.9195206,1300
query,1513198163.931988,1513198164.0182002,410
query,1513198164.0182037,1513198164.1058006,248
query,1513198164.1058052,1513198164.1820443,102
query,1513198164.1820474,1513198164.2593045,32
query,1513198164.2593076,1513198164.3415723,1381
query,1513198164.3415763,1513198164.4113395,1623
query,1513198164.4113433,1513198164.4872472,26
query,1513198164.4872503,1513198164.5650525,444
query,1513198164.565057,1513198164.6418178,210
query,1513198164.6418233,1513198164.716478,23
query,1513198164.7164826,1513198164.7984898,1534
query,1513198164.7984946,1513198164.8785837,530
query,1513198164.8785892,1513198164.953783,444
query,1513198164.9537876,1513198165.0373514,1619
query,1513198165.037356,1513198165.1246293,15
query,1513198165.1246338,1513198165.2090573,379
query,1513198165.2090623,1513198165.2921953,1396
query,1513198165.2922003,1513198165.3678002,783
query,1513198165.3678045,1513198165.4351842,3
query,1513198165.4352212,1513198165.5185685,1403
query,1513198165.5318754,1513198165.625518,343
query,1513198165.6255229,1513198165.7072003,1287
query,1513198165.7072048,1513198165.7835467,820
query,1513198165.7835524,1513198165.862183,1219
query,1513198165.8621871,1513198165.9442039,1303
query,1513198165.9443161,1513198166.0294592,1445
query,1513198166.029463,1513198166.1096435,1737
query,1513198166.109648,1513198166.1762094,2
query,1513198166.1762135,1513198166.2593503,1593
query,1513198166.2593532,1513198166.3345466,817
query,1513198166.3345516,1513198166.4183779,1427
query,1513198166.4183817,1513198166.4790354,1
query,1513198166.479039,1513198166.5543048,470
query,1513198166.5543096,1513198166.6102464,0
query,1513198166.6102507,1513198166.693332,155
query,1513198166.6933365,1513198166.7684445,9
query,1513198166.7684493,1513198166.837863,133
query,1513198166.8378677,1513198166.9141614,273
query,1513198166.9141657,1513198166.9948997,1562
query,1513198166.994952,1513198167.0923378,39
query,1513198167.1018112,1513198167.1794417,385
query,1513198167.1794453,1513198167.2609923,1420
query,1513198167.2609963,1513198167.3380704,269
query,1513198167.338073,1513198167.3978646,1
query,1513198167.3978689,1513198167.473062,94
query,1513198167.4730668,1513198167.5469337,1156
query,1513198167.5469377,1513198167.6209085,12
query,1513198167.6209128,1513198167.7070699,225
query,1513198167.707073,1513198167.7974842,1054
query,1513198167.797489,1513198167.8777618,178
query,1513198167.8777661,1513198167.959493,1436
query,1513198167.9594967,1513198168.0431845,459
query,1513198168.0431879,1513198168.117815,364
query,1513198168.1178186,1513198168.1964152,93
query,1513198168.1964185,1513198168.2891748,1957
query,1513198168.2891786,1513198168.3794804,1721
query,1513198168.3794837,1513198168.4545732,533
query,1513198168.4545763,1513198168.5291023,499
query,1513198168.5291235,1513198168.6114044,252
query,1513198168.6114442,1513198168.7301238,402
query,1513198168.7426107,1513198168.8257551,427
query,1513198168.8257592,1513198168.9095538,1685
query,1513198168.9095578,1513198168.9879758,833
query,1513198168.9879808,1513198169.068593,36
query,1513198169.0685976,1513198169.152425,1140
query,1513198169.152429,1513198169.2343776,1419
query,1513198169.2343822,1513198169.3181345,1611
query,1513198169.3181393,1513198169.399907,1288
query,1513198169.3999095,1513198169.4813366,1403
query,1513198169.4813387,1513198169.5370674,0
query,1513198169.5370715,1513198169.5901582,0
query,1513198169.5901616,1513198169.6716497,1059
query,1513198169.671653,1513198169.7532983,1399
query,1513198169.7533014,1513198169.841809,657
query,1513198169.8418126,1513198169.9180117,32
query,1513198169.9180152,1513198170.0043066,1032
query,1513198170.004311,1513198170.092091,1529
query,1513198170.0920944,1513198170.1754866,1347
query,1513198170.1754901,1513198170.2533388,832
query,1513198170.2533922,1513198170.3600128,1798
query,1513198170.3733342,1513198170.4492002,663
query,1513198170.4492044,1513198170.527882,173
query,1513198170.5278862,1513198170.6283555,40
query,1513198170.6283593,1513198170.7053165,427
query,1513198170.7053204,1513198170.7929623,1665
query,1513198170.7929668,1513198170.8701992,655
query,1513198170.8702037,1513198170.9503865,350
query,1513198170.9503906,1513198171.0296018,379
query,1513198171.0296052,1513198171.1080632,1735
query,1513198171.108067,1513198171.1864524,213
query,1513198171.186456,1513198171.2630384,887
query,1513198171.2630422,1513198171.3448806,1002
query,1513198171.344885,1513198171.4260116,1660
query,1513198171.4260159,1513198171.509998,1424
query,1513198171.5100048,1513198171.6035695,1868
query,1513198171.603573,1513198171.6791558,471
query,1513198171.6791608,1513198171.7563822,303
query,1513198171.7563882,1513198171.830901,314
query,1513198171.8309047,1513198171.9140794,126
query,1513198171.9141426,1513198172.0185459,1373
query,1513198172.0308492,1513198172.10971,257
query,1513198172.1097136,1513198172.1590223,0
query,1513198172.1590252,1513198172.2431777,1558
query,1513198172.2431808,1513198172.3261387,245
query,1513198172.3261442,1513198172.4044352,748
query,1513198172.4044387,1513198172.4894564,1845
query,1513198172.4894602,1513198172.5782592,1281
query,1513198172.578265,1513198172.6586008,45
query,1513198172.6586168,1513198172.73829,1670
query,1513198172.7382944,1513198172.81737,305
query,1513198172.817374,1513198172.902124,1061
query,1513198172.902127,1513198172.9855707,1632
query,1513198172.9855738,1513198173.0657175,687
query,1513198173.0657213,1513198173.1538124,1526
query,1513198173.1538167,1513198173.2359014,2163
query,1513198173.2359064,1513198173.3036714,1245
query,1513198173.3036757,1513198173.383066,447
query,1513198173.38307,1513198173.4581375,593
query,1513198173.4581409,1513198173.5430598,1595
query,1513198173.5431004,1513198173.663633,1563
query,1513198173.6744416,1513198173.7497063,406
query,1513198173.7497096,1513198173.8355274,185
query,1513198173.835534,1513198173.9127216,161
query,1513198173.912726,1513198173.9870336,174
query,1513198173.9870372,1513198174.0659895,1238
query,1513198174.065993,1513198174.1416013,333
query,1513198174.1416054,1513198174.2159882,393
query,1513198174.2159925,1513198174.2968762,660
query,1513198174.2968814,1513198174.3732085,820
query,1513198174.3732123,1513198174.4528866,1252
query,1513198174.4528906,1513198174.5271761,1652
query,1513198174.527181,1513198174.5766687,0
query,1513198174.5766733,1513198174.654998,1749
query,1513198174.6550024,1513198174.7161098,19
query,1513198174.7161145,1513198174.78336,529
query,1513198174.7833648,1513198174.8531168,1143
query,1513198174.8531213,1513198174.934041,1558
query,1513198174.9340446,1513198174.9928567,8
query,1513198174.9928591,1513198175.0864182,608
query,1513198175.086448,1513198175.1843183,1656
query,1513198175.196104,1513198175.2715037,9
query,1513198175.2715077,1513198175.3538582,293
query,1513198175.3538609,1513198175.4324253,1326
query,1513198175.4324274,1513198175.5068743,107
query,1513198175.5068803,1513198175.5851357,880
query,1513198175.5851398,1513198175.6438465,0
query,1513198175.6438513,1513198175.7245088,1719
query,1513198175.7245145,1513198175.7953677,568
query,1513198175.795372,1513198175.870145,967
query,1513198175.8701487,1513198175.939792,1041
query,1513198175.9397962,1513198175.9876974,0
query,1513198175.9877014,1513198176.0719357,157
query,1513198176.071941,1513198176.1471477,708
query,1513198176.147151,1513198176.233841,1108
query,1513198176.2338443,1513198176.310643,321
query,1513198176.310647,1513198176.4101217,1043
query,1513198176.4101257,1513198176.4944427,57
query,1513198176.4944468,1513198176.573273,232
query,1513198176.573277,1513198176.6569703,881
query,1513198176.6570156,1513198176.7624657,1393
query,1513198176.7761834,1513198176.8500576,284
query,1513198176.850062,1513198176.9275029,766
query,1513198176.9275093,1513198177.0204606,1983
query,1513198177.020465,1513198177.0989454,1379
query,1513198177.0989494,1513198177.1806839,85
query,1513198177.1806872,1513198177.2576916,599
query,1513198177.2576952,1513198177.33657,653
query,1513198177.3365774,1513198177.4140058,939
query,1513198177.41401,1513198177.485824,36
query,1513198177.485828,1513198177.5725029,1337
query,1513198177.572508,1513198177.6488626,1785
query,1513198177.648867,1513198177.732596,425
query,1513198177.7326002,1513198177.8098156,543
query,1513198177.8098202,1513198177.8866806,983
query,1513198177.8866847,1513198177.961102,177
query,1513198177.9611056,1513198178.037523,4
query,1513198178.0375278,1513198178.1265574,1543
query,1513198178.1265612,1513198178.2079866,1758
query,1513198178.2079902,1513198178.2771354,419
query,1513198178.2771783,1513198178.3710818,1466
query,1513198178.3846073,1513198178.4587576,543
query,1513198178.458762,1513198178.5320897,1156
query,1513198178.5320935,1513198178.6079252,1327
query,1513198178.607931,1513198178.6747575,1461
query,1513198178.6747615,1513198178.7371979,86
query,1513198178.7372015,1513198178.8208556,1335
query,1513198178.8208601,1513198178.8988225,233
query,1513198178.8988266,1513198178.9760616,184
query,1513198178.9760659,1513198179.0631025,1501
query,1513198179.063107,1513198179.1574843,171
query,1513198179.157488,1513198179.2401352,1387
query,1513198179.2401397,1513198179.3233216,9
query,1513198179.323326,1513198179.4005964,1468
query,1513198179.4006002,1513198179.480338,283
query,1513198179.4803421,1513198179.5604534,1013
query,1513198179.5604575,1513198179.6362803,712
query,1513198179.6362846,1513198179.7106643,1445
query,1513198179.7106678,1513198179.7944045,41
query,1513198179.7944093,1513198179.8705878,265
query,1513198179.8706315,1513198179.9662454,518
query,1513198179.9802625,1513198180.056941,538
query,1513198180.0569453,1513198180.136649,1341
query,1513198180.1366532,1513198180.2283924,401
query,1513198180.2283974,1513198180.3012507,664
query,1513198180.3012547,1513198180.3943589,1615
query,1513198180.3943624,1513198180.4673734,235
query,1513198180.4673786,1513198180.5439003,862
query,1513198180.5439043,1513198180.594487,1
query,1513198180.5944927,1513198180.6745713,36
query,1513198180.6745758,1513198180.7590306,460
query,1513198180.7590334,1513198180.8421395,1259
query,1513198180.8421443,1513198180.9182203,1133
query,1513198180.9182243,1513198180.983593,0
query,1513198180.9835968,1513198181.0572343,59
query,1513198181.0572383,1513198181.140198,119
query,1513198181.140202,1513198181.2190921,1668
query,1513198181.2190962,1513198181.2931376,48
query,1513198181.2931423,1513198181.3421693,0
query,1513198181.342174,1513198181.4169247,3
query,1513198181.4169912,1513198181.5205095,593
query,1513198181.5283856,1513198181.6146011,1748
query,1513198181.6146045,1513198181.672188,0
query,1513198181.6721916,1513198181.7762246,1650
query,1513198181.7762282,1513198181.8516607,476
query,1513198181.851664,1513198181.9390185,986
query,1513198181.939022,1513198182.0177596,189
query,1513198182.0177639,1513198182.1122994,76
query,1513198182.1123028,1513198182.1830075,299
query,1513198182.1830106,1513198182.2603173,853
query,1513198182.2603211,1513198182.3417182,1639
query,1513198182.3417227,1513198182.418657,133
query,1513198182.4186614,1513198182.4797757,1
query,1513198182.4797792,1513198182.5696907,1632
query,1513198182.569694,1513198182.6553814,1659
query,1513198182.6553884,1513198182.7232425,481
query,1513198182.7232485,1513198182.7952385,99
query,1513198182.7952423,1513198182.8988202,234
query,1513198182.8988245,1513198182.988231,1797
query,1513198182.9882355,1513198183.0622969,8
query,1513198183.062332,1513198183.1667626,373
query,1513198183.1805248,1513198183.259815,1562
query,1513198183.2598186,1513198183.3372636,1255
query,1513198183.3372684,1513198183.4188485,1004
query,1513198183.4188526,1513198183.5044298,1615
query,1513198183.5044348,1513198183.5798924,430
query,1513198183.5798957,1513198183.6562748,672
query,1513198183.656279,1513198183.7450836,232
query,1513198183.7450886,1513198183.8356688,1356
query,1513198183.835673,1513198183.914713,844
query,1513198183.914717,1513198184.00167,196
query,1513198184.0016747,1513198184.072577,1696
query,1513198184.0725806,1513198184.1457016,1302
query,1513198184.1457052,1513198184.2081819,651
query,1513198184.208185,1513198184.2758534,626
query,1513198184.2758577,1513198184.325644,0
query,1513198184.325647,1513198184.3893049,763
query,1513198184.389309,1513198184.4792483,34
query,1513198184.4792533,1513198184.5527651,90
query,1513198184.5528157,1513198184.638769,1722
query,1513198184.6388047,1513198184.7439735,520
query,1513198184.7554414,1513198184.8325267,420
query,1513198184.8325298,1513198184.9160144,2154
query,1513198184.9160175,1513198184.988798,83
query,1513198184.988801,1513198185.0683038,2494
query,1513198185.0683074,1513198185.1488194,1107
query,1513198185.1488228,1513198185.2259126,70
query,1513198185.2259169,1513198185.3017197,100
query,1513198185.3017244,1513198185.3715124,6
query,1513198185.371517,1513198185.4483104,175
query,1513198185.4483144,1513198185.538216,651
query,1513198185.5382197,1513198185.6120558,523
query,1513198185.6120594,1513198185.6899498,1283
query,1513198185.6899533,1513198185.7535229,730
query,1513198185.7535257,1513198185.8170557,5
query,1513198185.8170593,1513198185.888452,1400
query,1513198185.888456,1513198185.9603314,789
query,1513198185.9603355,1513198186.0096076,1
query,1513198186.0096118,1513198186.0907078,1038
query,1513198186.090712,1513198186.1676438,131
query,1513198186.167684,1513198186.2741735,1407
query,1513198186.286974,1513198186.3657284,37
query,1513198186.3657324,1513198186.4453254,379
query,1513198186.4453294,1513198186.5293455,107
query,1513198186.5293498,1513198186.5809963,0
query,1513198186.581,1513198186.661191,1018
query,1513198186.6611955,1513198186.7388854,8
query,1513198186.7388897,1513198186.8215911,873
query,1513198186.8215945,1513198186.901106,532
query,1513198186.9011102,1513198186.9821603,334
query,1513198186.9821644,1513198187.0634916,879
query,1513198187.0634959,1513198187.1158903,1
query,1513198187.1158938,1513198187.1679819,0
query,1513198187.167985,1513198187.2503479,385
query,1513198187.2503521,1513198187.3266473,6
query,1513198187.326651,1513198187.4073107,593
query,1513198187.4073153,1513198187.472766,4
query,1513198187.4728026,1513198187.5506198,793
query,1513198187.550624,1513198187.6448596,402
query,1513198187.6448627,1513198187.724998,61
query,1513198187.725024,1513198187.8313584,1600
query,1513198187.8450384,1513198187.9230344,703
query,1513198187.9230382,1513198187.9725063,0
query,1513198187.9725103,1513198188.0212657,0
query,1513198188.0212693,1513198188.1067195,1214
query,1513198188.106724,1513198188.1865473,961
query,1513198188.186551,1513198188.2707794,1586
query,1513198188.2707832,1513198188.3536382,1359
query,1513198188.3536427,1513198188.4363878,2039
query,1513198188.4363916,1513198188.487987,2
query,1513198188.4879909,1513198188.5645251,10
query,1513198188.5645294,1513198188.632327,1222
query,1513198188.632331,1513198188.69565,569
query,1513198188.6956542,1513198188.7618716,518
query,1513198188.7618747,1513198188.8356066,335
query,1513198188.8356113,1513198188.9113417,877
query,1513198188.911345,1513198188.9837735,592
query,1513198188.9837778,1513198189.058507,131
query,1513198189.0585105,1513198189.1376295,1046
query,1513198189.1376324,1513198189.2139657,993
query,1513198189.2140014,1513198189.3207307,1486
query,1513198189.33488,1513198189.410007,440
query,1513198189.4100113,1513198189.4872959,565
query,1513198189.4873,1513198189.5660949,594
query,1513198189.5660992,1513198189.6490567,1695
query,1513198189.6490607,1513198189.7281444,58
query,1513198189.7281482,1513198189.8097029,607
query,1513198189.8097076,1513198189.8726425,2
query,1513198189.872647,1513198189.959515,1897
query,1513198189.9595196,1513198190.0218887,2
query,1513198190.0218933,1513198190.1041713,1618
query,1513198190.1041753,1513198190.1907578,1595
query,1513198190.190762,1513198190.2787201,479
query,1513198190.2787244,1513198190.3625364,1204
query,1513198190.3625405,1513198190.4471912,1497
query,1513198190.4471953,1513198190.5401132,1789
query,1513198190.5401175,1513198190.6302502,1176
query,1513198190.6302533,1513198190.716876,1519
query,1513198190.7168794,1513198190.8118196,1263
query,1513198190.811823,1513198190.8735435,497
query,1513198190.873579,1513198190.9418414,1
query,1513198190.9455981,1513198191.0390532,1513
query,1513198191.0390568,1513198191.1137102,446
query,1513198191.1137147,1513198191.194484,1140
query,1513198191.1944878,1513198191.274142,609
query,1513198191.2741458,1513198191.346182,1632
query,1513198191.3461857,1513198191.3942707,0
query,1513198191.3942745,1513198191.4558833,0
query,1513198191.4558885,1513198191.5492656,32
query,1513198191.5492697,1513198191.6037548,0
query,1513198191.603759,1513198191.691248,383
query,1513198191.6912527,1513198191.786439,1715
query,1513198191.7864432,1513198191.8646607,158
query,1513198191.8646655,1513198191.9530528,1150
query,1513198191.953057,1513198192.035107,1595
query,1513198192.0351114,1513198192.1197023,1563
query,1513198192.1197062,1513198192.1991584,947
query,1513198192.1991615,1513198192.2877629,1963
query,1513198192.2877674,1513198192.3707309,1411
query,1513198192.370735,1513198192.45041,78
query,1513198192.4504507,1513198192.5482392,961
query,1513198192.5612226,1513198192.639988,554
query,1513198192.6399927,1513198192.719562,495
query,1513198192.7195675,1513198192.7999315,1576
query,1513198192.7999353,1513198192.8963516,1789
query,1513198192.8963559,1513198192.9646282,274
query,1513198192.9646323,1513198193.0506845,1577
query,1513198193.050688,1513198193.1323736,1569
query,1513198193.132377,1513198193.2098505,124
query,1513198193.2098534,1513198193.2985027,1044
query,1513198193.2985075,1513198193.3746417,871
query,1513198193.3746464,1513198193.4357383,2
query,1513198193.4357412,1513198193.5080168,413
query,1513198193.5080202,1513198193.5834465,325
query,1513198193.5834494,1513198193.658929,11
query,1513198193.6589336,1513198193.7346227,635
query,1513198193.7346272,1513198193.8092039,4
query,1513198193.8092067,1513198193.861009,0
query,1513198193.8610146,1513198193.943849,1113
query,1513198193.9438539,1513198194.0187414,7
query,1513198194.018789,1513198194.117259,868
query,1513198194.1289525,1513198194.217705,1615
query,1513198194.2177095,1513198194.300494,434
query,1513198194.3004987,1513198194.380417,484
query,1513198194.380422,1513198194.456943,716
query,1513198194.4569485,1513198194.532149,1103
query,1513198194.5321546,1513198194.6132817,863
query,1513198194.613286,1513198194.6778312,320
query,1513198194.677835,1513198194.7642956,969
query,1513198194.7642992,1513198194.8544345,1743
query,1513198194.8544378,1513198194.940895,1027
query,1513198194.9408991,1513198195.0261788,1712
query,1513198195.0261824,1513198195.1042216,332
query,1513198195.104225,1513198195.1909716,1761
query,1513198195.1909761,1513198195.276059,696
query,1513198195.2760637,1513198195.3566196,972
query,1513198195.3566232,1513198195.4364884,1244
query,1513198195.436492,1513198195.5211325,1401
query,1513198195.521137,1513198195.5979192,222
query,1513198195.597924,1513198195.6745024,464
query,1513198195.674544,1513198195.783622,1121
query,1513198195.7976146,1513198195.8686318,602
query,1513198195.868636,1513198195.9553792,1259
query,1513198195.9553833,1513198196.019292,1138
query,1513198196.019296,1513198196.0966473,1032
query,1513198196.0966501,1513198196.167814,562
query,1513198196.1678185,1513198196.2411087,1590
query,1513198196.2411125,1513198196.3158088,1347
query,1513198196.3158135,1513198196.3908992,69
query,1513198196.3909044,1513198196.4710062,414
query,1513198196.4710112,1513198196.549244,1562
query,1513198196.549248,1513198196.6321118,1173
query,1513198196.632116,1513198196.7066498,150
query,1513198196.706653,1513198196.7842255,511
query,1513198196.7842307,1513198196.869741,1259
query,1513198196.8697448,1513198196.9511843,1088
query,1513198196.9511895,1513198197.0336943,1499
query,1513198197.0336986,1513198197.0824263,2
query,1513198197.08243,1513198197.1664398,1691
query,1513198197.1664436,1513198197.246556,669
query,1513198197.2465954,1513198197.3476193,948
query,1513198197.3600502,1513198197.4342299,518
query,1513198197.4342341,1513198197.5090873,162
query,1513198197.5090945,1513198197.5835562,93
query,1513198197.5835593,1513198197.6616864,59
query,1513198197.661689,1513198197.711984,0
query,1513198197.7119868,1513198197.7921867,425
query,1513198197.792191,1513198197.84097,0
query,1513198197.8409739,1513198197.9028778,3
query,1513198197.9028819,1513198197.985872,1614
query,1513198197.9858754,1513198198.0658867,449
query,1513198198.0658925,1513198198.1461344,205
query,1513198198.1461384,1513198198.2214792,890
query,1513198198.221483,1513198198.3132892,1686
query,1513198198.313294,1513198198.3904796,261
query,1513198198.3904848,1513198198.496052,1284
query,1513198198.4960558,1513198198.5750186,990
query,1513198198.5750227,1513198198.6469312,91
query,1513198198.646934,1513198198.7213826,182
query,1513198198.7213857,1513198198.7913866,13
query,1513198198.7914276,1513198198.8936148,989
query,1513198198.9061787,1513198198.9904945,1714
query,1513198198.9904983,1513198199.0720165,543
query,1513198199.0720203,1513198199.1337743,640
query,1513198199.1337783,1513198199.2032433,460
query,1513198199.2032473,1513198199.2772398,573
query,1513198199.2772439,1513198199.3428786,875
query,1513198199.3428829,1513198199.421567,1022
query,1513198199.421571,1513198199.5029283,1565
query,1513198199.5029318,1513198199.5763156,862
query,1513198199.5763192,1513198199.6563551,1517
query,1513198199.6563587,1513198199.7393098,24
query,1513198199.739314,1513198199.8156412,1077
query,1513198199.8156478,1513198199.8884258,1680
query,1513198199.8884294,1513198199.9633012,609
query,1513198199.9633048,1513198200.0408175,1578
query,1513198200.0408218,1513198200.130849,1523
query,1513198200.1308546,1513198200.2068489,1313
query,1513198200.2068532,1513198200.2869074,1663
query,1513198200.2869117,1513198200.364997,1002
query,1513198200.3650382,1513198200.4802208,1020
query,1513198200.49367,1513198200.5863676,20
query,1513198200.5863721,1513198200.6768148,666
query,1513198200.6768181,1513198200.7803054,102
query,1513198200.7803102,1513198200.8783004,1542
query,1513198200.8783047,1513198200.9977608,535
query,1513198200.9977653,1513198201.0852544,219
query,1513198201.0852587,1513198201.138632,0
query,1513198201.1386445,1513198201.218484,1108
query,1513198201.2184885,1513198201.3043535,24
query,1513198201.304358,1513198201.3790007,413
query,1513198201.3790045,1513198201.4553201,321
query,1513198201.455326,1513198201.5366204,836
query,1513198201.5366318,1513198201.6179035,1502
query,1513198201.6179078,1513198201.700963,1786
query,1513198201.7009687,1513198201.7618246,963
query,1513198201.7618291,1513198201.828123,9
query,1513198201.8281276,1513198201.8933196,239
query,1513198201.8933241,1513198201.9643655,1022
query,1513198201.9643693,1513198202.0412164,1426
query,1513198202.0413053,1513198202.2031221,284
query,1513198202.219174,1513198202.2954142,251
query,1513198202.2954187,1513198202.3778174,1308
query,1513198202.3778212,1513198202.4618528,1086
query,1513198202.4618573,1513198202.5364275,335
query,1513198202.5364318,1513198202.6097994,9
query,1513198202.6098034,1513198202.6895156,1284
query,1513198202.6895213,1513198202.7709846,1379
query,1513198202.7709873,1513198202.847707,3
query,1513198202.8477108,1513198202.9231827,883
query,1513198202.9231868,1513198203.0110674,1992
query,1513198203.0110714,1513198203.0945764,59
query,1513198203.0945797,1513198203.179801,1319
query,1513198203.1798053,1513198203.2983556,353
query,1513198203.2983592,1513198203.422,1475
query,1513198203.4220052,1513198203.501261,203
query,1513198203.5012655,1513198203.5797622,4
query,1513198203.579767,1513198203.6948795,933
query,1513198203.6948838,1513198203.7822468,1688
query,1513198203.7822514,1513198203.8561316,685
query,1513198203.8561702,1513198203.947529,833
query,1513198203.9593775,1513198204.00804,0
query,1513198204.008045,1513198204.0944612,1282
query,1513198204.0944645,1513198204.1426644,0
query,1513198204.142668,1513198204.2179143,514
query,1513198204.2179184,1513198204.2931342,37
query,1513198204.2931383,1513198204.3931706,401
query,1513198204.3931763,1513198204.4751573,1517
query,1513198204.4751618,1513198204.559884,1506
query,1513198204.5598881,1513198204.647553,1941
query,1513198204.6475565,1513198204.7258534,116
query,1513198204.7258582,1513198204.8136349,868
query,1513198204.8136396,1513198204.894867,1359
query,1513198204.8948717,1513198204.9827423,6
query,1513198204.982746,1513198205.0644937,717
query,1513198205.0644972,1513198205.1505716,1783
query,1513198205.1505744,1513198205.2330067,1648
query,1513198205.2330122,1513198205.3181815,54
query,1513198205.3181856,1513198205.4046066,2537
query,1513198205.4046109,1513198205.4853165,544
query,1513198205.4853652,1513198205.5962002,1394
query,1513198205.6084316,1513198205.6850271,245
query,1513198205.68503,1513198205.769851,1320
query,1513198205.769854,1513198205.8606694,1787
query,1513198205.8606725,1513198205.9473906,902
query,1513198205.9473958,1513198206.0223231,556
query,1513198206.0223274,1513198206.09973,37
query,1513198206.0997343,1513198206.1517684,2
query,1513198206.1517723,1513198206.204828,2
query,1513198206.2048318,1513198206.2833455,214
query,1513198206.2833495,1513198206.3732052,402
query,1513198206.3732085,1513198206.4571755,1853
query,1513198206.4571812,1513198206.534669,216
query,1513198206.534674,1513198206.623132,545
query,1513198206.623137,1513198206.698607,324
query,1513198206.6986113,1513198206.7698832,1215
query,1513198206.769887,1513198206.8465397,550
query,1513198206.846543,1513198206.8965757,0
query,1513198206.8965795,1513198206.9767241,1090
query,1513198206.9767284,1513198207.0617979,918
query,1513198207.0618498,1513198207.164705,1402
query,1513198207.1723487,1513198207.2518725,1315
query,1513198207.2518764,1513198207.3373406,2015
query,1513198207.337345,1513198207.4179602,1026
query,1513198207.4179647,1513198207.4995577,1140
query,1513198207.4995623,1513198207.580312,359
query,1513198207.5803165,1513198207.649847,1587
query,1513198207.6498518,1513198207.7099469,181
query,1513198207.7099512,1513198207.7896395,1452
query,1513198207.7896433,1513198207.8718777,1697
query,1513198207.871882,1513198207.949929,671
query,1513198207.9499342,1513198208.0280411,1176
query,1513198208.0280447,1513198208.1033978,104
query,1513198208.1034021,1513198208.182244,380
query,1513198208.1822472,1513198208.2573671,1380
query,1513198208.2573705,1513198208.3523822,958
query,1513198208.352386,1513198208.4330428,942
query,1513198208.4330468,1513198208.5114908,855
query,1513198208.5114944,1513198208.5991035,2374
query,1513198208.599107,1513198208.678915,1682
query,1513198208.6789627,1513198208.809882,10
query,1513198208.8210733,1513198208.892831,717
query,1513198208.8928373,1513198208.95706,653
query,1513198208.9570758,1513198209.0886228,1605
query,1513198209.088628,1513198209.1666098,2114
query,1513198209.1666133,1513198209.2435,773
query,1513198209.2435038,1513198209.31165,1680
query,1513198209.3116543,1513198209.3960347,604
query,1513198209.3960385,1513198209.4788659,1754
query,1513198209.4788692,1513198209.564137,1344
query,1513198209.5641403,1513198209.6523747,700
query,1513198209.6523788,1513198209.7182271,0
query,1513198209.7182314,1513198209.82353,798
query,1513198209.8235333,1513198209.950089,403
query,1513198209.9500928,1513198210.0440347,402
query,1513198210.0440395,1513198210.1290653,1564
query,1513198210.129071,1513198210.2034605,724
query,1513198210.203465,1513198210.2823646,621
query,1513198210.28237,1513198210.3517296,2
query,1513198210.3517344,1513198210.4353342,586
query,1513198210.4353695,1513198210.5367095,1476
query,1513198210.5480454,1513198210.6983094,465
query,1513198210.6983154,1513198210.8039768,1511
query,1513198210.8039813,1513198210.8843098,186
query,1513198210.8843138,1513198210.972462,1548
query,1513198210.9724658,1513198211.0601835,355
query,1513198211.060188,1513198211.138354,292
query,1513198211.1383584,1513198211.243388,1161
query,1513198211.2433913,1513198211.3383536,1484
query,1513198211.3383582,1513198211.412658,124
query,1513198211.4126632,1513198211.483861,6
query,1513198211.4838648,1513198211.5626287,1221
query,1513198211.5626352,1513198211.679561,1779
query,1513198211.6795647,1513198211.777361,1072
query,1513198211.7773654,1513198211.8831778,1712
query,1513198211.8831823,1513198211.9329057,0
query,1513198211.9329116,1513198212.0528781,1553
query,1513198212.052883,1513198212.1310158,0
query,1513198212.1310198,1513198212.2133627,937
query,1513198212.2133675,1513198212.2902172,13
query,1513198212.2902622,1513198212.3731594,1546
query,1513198212.3862717,1513198212.4681644,1777
query,1513198212.4681697,1513198212.527148,0
query,1513198212.5271528,1513198212.607864,1860
query,1513198212.6078682,1513198212.687123,865
query,1513198212.6871266,1513198212.7785206,1781
query,1513198212.778525,1513198212.860578,36
query,1513198212.8605835,1513198212.933672,928
query,1513198212.9336765,1513198213.012825,1699
query,1513198213.0128293,1513198213.0984657,462
query,1513198213.0984697,1513198213.1908932,2245
query,1513198213.1908977,1513198213.243813,0
query,1513198213.2438173,1513198213.3571563,152
query,1513198213.3571594,1513198213.4666479,342
query,1513198213.4666517,1513198213.5295656,659
query,1513198213.5295691,1513198213.5982487,1184
query,1513198213.598253,1513198213.656843,536
query,1513198213.656846,1513198213.734491,307
query,1513198213.7344952,1513198213.834594,106
query,1513198213.8346,1513198213.9444647,695
query,1513198213.9445012,1513198214.0397048,12
query,1513198214.0539713,1513198214.138301,1833
query,1513198214.1383052,1513198214.237833,1020
query,1513198214.2378497,1513198214.302368,939
query,1513198214.3023736,1513198214.364096,42
query,1513198214.3640997,1513198214.4277775,3
query,1513198214.427781,1513198214.4914548,366
query,1513198214.4914584,1513198214.5808,599
query,1513198214.5808043,1513198214.6369078,3
query,1513198214.636912,1513198214.7462873,1268
query,1513198214.7462919,1513198214.8190987,80
query,1513198214.8191035,1513198214.8928072,321
query,1513198214.8928118,1513198214.9597278,137
query,1513198214.9597313,1513198215.0358353,791
query,1513198215.035838,1513198215.1087618,879
query,1513198215.108765,1513198215.2182786,1001
query,1513198215.2182958,1513198215.3683655,796
query,1513198215.3683689,1513198215.4343333,1081
query,1513198215.4343388,1513198215.5158484,1929
query,1513198215.515851,1513198215.5773776,9
query,1513198215.5774498,1513198215.6749926,1844
query,1513198215.6865613,1513198215.7363768,0
query,1513198215.7363815,1513198215.8119414,87
query,1513198215.8119457,1513198215.9017859,84
query,1513198215.9017901,1513198215.9860094,864
query,1513198215.9860137,1513198216.0652902,1908
query,1513198216.0652938,1513198216.1180496,1
query,1513198216.118054,1513198216.1900966,606
query,1513198216.190099,1513198216.3103588,508
query,1513198216.310363,1513198216.3716235,0
query,1513198216.3716261,1513198216.4363067,5
query,1513198216.4363117,1513198216.5119934,906
query,1513198216.5119975,1513198216.5763314,105
query,1513198216.5763342,1513198216.6525102,499
query,1513198216.6525137,1513198216.7406552,1679
query,1513198216.7406595,1513198216.825371,779
query,1513198216.8253746,1513198216.9001143,217
query,1513198216.9001174,1513198216.9788368,335
query,1513198216.9788394,1513198217.0544639,371
query,1513198217.0544674,1513198217.1323886,279
query,1513198217.1324165,1513198217.2406669,1572
query,1513198217.2547169,1513198217.3358753,1013
query,1513198217.3358786,1513198217.3911097,0
query,1513198217.391131,1513198217.4776907,1412
query,1513198217.4776943,1513198217.556,19
query,1513198217.5560029,1513198217.6050122,0
query,1513198217.6050165,1513198217.6935434,569
query,1513198217.693549,1513198217.7776403,1446
query,1513198217.7776449,1513198217.856268,145
query,1513198217.8562713,1513198217.9365523,258
query,1513198217.9365563,1513198218.0156386,425
query,1513198218.0156426,1513198218.0895221,29
query,1513198218.0895264,1513198218.1651037,804
query,1513198218.1651073,1513198218.2398903,556
query,1513198218.2398934,1513198218.3213933,799
query,1513198218.3213973,1513198218.407733,1740
query,1513198218.407736,1513198218.4904826,1210
query,1513198218.490487,1513198218.5730236,1287
query,1513198218.5730274,1513198218.6306493,1
query,1513198218.6306534,1513198218.7097752,502
query,1513198218.709814,1513198218.8107345,5
query,1513198218.8232162,1513198218.9076767,1351
query,1513198218.9076805,1513198218.9848096,965
query,1513198218.9848123,1513198219.064925,685
query,1513198219.064928,1513198219.1423383,229
query,1513198219.142342,1513198219.2260747,1566
query,1513198219.2260787,1513198219.3069463,884
query,1513198219.3069506,1513198219.3842654,43
query,1513198219.3842685,1513198219.461987,40
query,1513198219.461991,1513198219.5468779,1681
query,1513198219.546881,1513198219.6257207,25
query,1513198219.625725,1513198219.7061954,1602
query,1513198219.7061996,1513198219.7834046,366
query,1513198219.7834089,1513198219.8605382,257
query,1513198219.8605423,1513198219.9464107,1472
query,1513198219.9464152,1513198220.0272415,606
query,1513198220.0272527,1513198220.1081796,931
query,1513198220.1081843,1513198220.191347,485
query,1513198220.1913514,1513198220.2672293,20
query,1513198220.2672324,1513198220.3433175,99
query,1513198220.34337,1513198220.4217513,1
query,1513198220.4272225,1513198220.5278075,6
query,1513198220.5278115,1513198220.614004,1672
query,1513198220.6140082,1513198220.6966639,997
query,1513198220.6966677,1513198220.7749715,1192
query,1513198220.7749755,1513198220.8555143,889
query,1513198220.8555179,1513198220.9387176,707
query,1513198220.938736,1513198220.9891691,0
query,1513198220.9891732,1513198221.0679638,916
query,1513198221.0679677,1513198221.1471925,362
query,1513198221.147197,1513198221.2306333,115
query,1513198221.2306376,1513198221.3081734,521
query,1513198221.308179,1513198221.3947113,659
query,1513198221.3947153,1513198221.485785,1278
query,1513198221.4857886,1513198221.5620918,1181
query,1513198221.5620966,1513198221.6358511,30
query,1513198221.635856,1513198221.6967397,2
query,1513198221.6967437,1513198221.7720025,322
query,1513198221.7720065,1513198221.8552554,1137
query,1513198221.855259,1513198221.942232,64
query,1513198221.9422662,1513198222.0413718,330
query,1513198222.0534453,1513198222.1320531,1039
query,1513198222.1320572,1513198222.2098324,287
query,1513198222.209838,1513198222.2873368,333
query,1513198222.2873402,1513198222.3666813,1478
query,1513198222.3666868,1513198222.4442053,498
query,1513198222.444211,1513198222.5240211,1366
query,1513198222.5240254,1513198222.5974853,275
query,1513198222.5974894,1513198222.6765354,367
query,1513198222.67654,1513198222.7524333,384
query,1513198222.7524374,1513198222.8376098,1916
query,1513198222.8376138,1513198222.911034,7
query,1513198222.9110389,1513198222.9924574,1424
query,1513198222.9924617,1513198223.0794144,1015
query,1513198223.079419,1513198223.1625223,674
query,1513198223.1625273,1513198223.248701,621
query,1513198223.2487056,1513198223.325763,509
query,1513198223.3257692,1513198223.408205,1567
query,1513198223.408209,1513198223.4890757,1597
query,1513198223.4890795,1513198223.562635,1188
query,1513198223.562679,1513198223.6669137,445
query,1513198223.6811242,1513198223.7295825,0
query,1513198223.7295873,1513198223.8105128,1022
query,1513198223.8105166,1513198223.8895025,1771
query,1513198223.8895073,1513198223.9635344,22
query,1513198223.9635391,1513198224.0465572,1025
query,1513198224.0465615,1513198224.1286812,1048
query,1513198224.128685,1513198224.209733,378
query,1513198224.2097378,1513198224.2955434,558
query,1513198224.2955458,1513198224.372649,840
query,1513198224.3726513,1513198224.4508634,409
query,1513198224.4508655,1513198224.5263686,496
query,1513198224.526373,1513198224.8136747,537
query,1513198224.8136797,1513198224.8913987,985
query,1513198224.8914049,1513198224.9813278,681
query,1513198224.9813325,1513198225.0635886,1370
query,1513198225.0635922,1513198225.1122766,0
query,1513198225.112279,1513198225.1907582,870
query,1513198225.1907616,1513198225.2781618,1205
query,1513198225.278166,1513198225.3701048,1419
query,1513198225.3701463,1513198225.4673183,17
query,1513198225.482574,1513198225.5616615,858
query,1513198225.5616655,1513198225.6404233,1068
query,1513198225.6404264,1513198225.725189,1599
query,1513198225.725193,1513198225.7991924,50
query,1513198225.7991965,1513198225.8857582,921
query,1513198225.8857622,1513198225.9633574,812
query,1513198225.9633615,1513198226.0396142,334
query,1513198226.0396183,1513198226.1140852,534
query,1513198226.1140897,1513198226.1943784,1758
query,1513198226.1943812,1513198226.2827184,1225
query,1513198226.282723,1513198226.3621383,1300
query,1513198226.362141,1513198226.4500244,1447
query,1513198226.4500284,1513198226.5316103,968
query,1513198226.531614,1513198226.607794,483
query,1513198226.6077979,1513198226.6907923,42
query,1513198226.6907961,1513198226.7667067,310
query,1513198226.766711,1513198226.8504992,515
query,1513198226.8505034,1513198226.931323,1285
query,1513198226.9313269,1513198227.0098946,437
query,1513198227.0099623,1513198227.1134443,912
query,1513198227.1236353,1513198227.2086446,1291
query,1513198227.2086477,1513198227.286626,1810
query,1513198227.2866309,1513198227.3629906,410
query,1513198227.362995,1513198227.439123,788
query,1513198227.4391277,1513198227.5210106,1474
query,1513198227.5210166,1513198227.6014864,1115
query,1513198227.6014907,1513198227.6809163,998
query,1513198227.6809201,1513198227.7657783,1699
query,1513198227.7657828,1513198227.8394802,5
query,1513198227.8394847,1513198227.916215,92
query,1513198227.9162195,1513198227.9852557,262
query,1513198227.9852598,1513198228.0533953,394
query,1513198228.0533998,1513198228.120749,43
query,1513198228.1207535,1513198228.2052197,1799
query,1513198228.2052252,1513198228.277867,1596
query,1513198228.277872,1513198228.3475456,446
query,1513198228.3475509,1513198228.3959992,0
query,1513198228.3960035,1513198228.47295,57
query,1513198228.4729538,1513198228.558458,260
query,1513198228.5584965,1513198228.6215012,0
query,1513198228.6227663,1513198228.7014716,327
query,1513198228.701477,1513198228.7769063,115
query,1513198228.776911,1513198228.8582916,1459
query,1513198228.8582962,1513198228.9436913,1816
query,1513198228.943695,1513198229.018418,19
query,1513198229.0184221,1513198229.0974782,679
query,1513198229.0974817,1513198229.1709652,37
query,1513198229.170968,1513198229.2468262,594
query,1513198229.2468305,1513198229.323385,767
query,1513198229.3233874,1513198229.3890824,719
query,1513198229.3890874,1513198229.4444482,0
query,1513198229.4444518,1513198229.5219314,642
query,1513198229.5219338,1513198229.5959098,20
query,1513198229.5959136,1513198229.6601024,149
query,1513198229.660106,1513198229.7253964,1059
query,1513198229.7253993,1513198229.800686,389
query,1513198229.80069,1513198229.879132,894
query,1513198229.8791363,1513198229.949301,748
query,1513198229.949305,1513198230.0500095,1784
query,1513198230.050047,1513198230.1456404,26
query,1513198230.155871,1513198230.237579,1505
query,1513198230.2375827,1513198230.3145874,389
query,1513198230.3145905,1513198230.392896,65
query,1513198230.3929005,1513198230.473627,1090
query,1513198230.4736316,1513198230.5499065,1104
query,1513198230.549911,1513198230.622694,73
query,1513198230.6226974,1513198230.705281,1234
query,1513198230.7052858,1513198230.7848747,2029
query,1513198230.78488,1513198230.8600874,645
query,1513198230.860092,1513198230.9286597,144
query,1513198230.9286633,1513198231.0075843,555
query,1513198231.0075877,1513198231.0825374,220
query,1513198231.0825405,1513198231.1316156,0
query,1513198231.131619,1513198231.2058046,1420
query,1513198231.2058094,1513198231.2844539,279
query,1513198231.2844613,1513198231.362752,572
query,1513198231.362757,1513198231.4415293,749
query,1513198231.441534,1513198231.490658,0
query,1513198231.4906623,1513198231.5668154,76
query,1513198231.5668619,1513198231.6809266,402
query,1513198231.6942892,1513198231.7732077,213
query,1513198231.7732117,1513198231.8515368,145
query,1513198231.8515418,1513198231.913046,1
query,1513198231.913051,1513198231.9871507,8
query,1513198231.9871552,1513198232.0634923,154
query,1513198232.0634968,1513198232.1350646,10
query,1513198232.1350687,1513198232.2071376,1255
query,1513198232.2071412,1513198232.2673109,204
query,1513198232.2673156,1513198232.3394823,836
query,1513198232.3394852,1513198232.4206903,1342
query,1513198232.420693,1513198232.4929943,11
query,1513198232.492997,1513198232.571791,1525
query,1513198232.5717936,1513198232.6509128,544
query,1513198232.6509187,1513198232.7309978,955
query,1513198232.731001,1513198232.8052373,14
query,1513198232.8052413,1513198232.8612366,2
query,1513198232.8612409,1513198232.9320524,159
query,1513198232.932057,1513198233.019131,1667
query,1513198233.0191355,1513198233.10267,941
query,1513198233.102704,1513198233.207059,672
query,1513198233.2185013,1513198233.3060918,1580
query,1513198233.3060966,1513198233.3863091,1210
query,1513198233.3863137,1513198233.456033,380
query,1513198233.4560382,1513198233.5296187,1836
query,1513198233.529623,1513198233.5795958,0
query,1513198233.5795984,1513198233.649789,1220
query,1513198233.6497943,1513198233.7469652,1051
query,1513198233.7469704,1513198233.8273098,705
query,1513198233.8273144,1513198233.9036837,181
query,1513198233.9036882,1513198233.9842067,727
query,1513198233.9842114,1513198234.0547364,4
query,1513198234.0547416,1513198234.1343634,410
query,1513198234.1343677,1513198234.2081704,782
query,1513198234.2081733,1513198234.2841692,517
query,1513198234.2841725,1513198234.3621714,877
query,1513198234.3621752,1513198234.4456217,1557
query,1513198234.4456265,1513198234.5282502,1588
query,1513198234.5282538,1513198234.6099217,1451
query,1513198234.6099265,1513198234.6927106,1497
query,1513198234.6927378,1513198234.7921028,271
query,1513198234.8057966,1513198234.886807,566
query,1513198234.8868127,1513198234.960953,327
query,1513198234.960957,1513198235.0391464,590
query,1513198235.03915,1513198235.1130493,420
query,1513198235.113053,1513198235.1959856,1735
query,1513198235.1959896,1513198235.2733479,291
query,1513198235.2733521,1513198235.3617332,1149
query,1513198235.3617382,1513198235.4384942,1413
query,1513198235.4384983,1513198235.5140283,238
query,1513198235.5140328,1513198235.5902753,324
query,1513198235.5902796,1513198235.6679225,1473
query,1513198235.6679256,1513198235.7474554,533
query,1513198235.7474592,1513198235.833629,1978
query,1513198235.8336325,1513198235.9151182,862
query,1513198235.9151223,1513198236.0042365,1115
query,1513198236.0042403,1513198236.0911958,1355
query,1513198236.0911996,1513198236.1681747,309
query,1513198236.16818,1513198236.2167575,0
query,1513198236.2167609,1513198236.3045757,858
query,1513198236.3046155,1513198236.4075003,1721
query,1513198236.420966,1513198236.4961882,3
query,1513198236.4961941,1513198236.581528,1017
query,1513198236.5815315,1513198236.638304,0
query,1513198236.6383076,1513198236.7186692,314
query,1513198236.7186744,1513198236.793915,17
query,1513198236.793919,1513198236.8819137,1057
query,1513198236.8819177,1513198236.954368,1836
query,1513198236.954372,1513198237.0326054,1269
query,1513198237.0326097,1513198237.107097,502
query,1513198237.1071014,1513198237.1833498,11
query,1513198237.183355,1513198237.2615907,699
query,1513198237.261595,1513198237.3440592,809
query,1513198237.3440628,1513198237.4274008,1251
query,1513198237.4274032,1513198237.505191,754
query,1513198237.5051954,1513198237.5541463,0
query,1513198237.55415,1513198237.635887,1028
query,1513198237.6358914,1513198237.7126,627
query,1513198237.7126045,1513198237.7992134,1420
query,1513198237.799218,1513198237.8805034,749
query,1513198237.880545,1513198237.954649,0
query,1513198237.9563031,1513198238.0374866,2075
query,1513198238.0374901,1513198238.113841,306
query,1513198238.1138434,1513198238.1629472,0
query,1513198238.1629503,1513198238.2470903,1107
query,1513198238.2471023,1513198238.3280458,1152
query,1513198238.3280501,1513198238.4114492,1482
query,1513198238.4114537,1513198238.4863017,319
query,1513198238.486306,1513198238.5587432,3
query,1513198238.5587478,1513198238.6326914,22
query,1513198238.6326957,1513198238.7231777,1403
query,1513198238.7231824,1513198238.8045197,759
query,1513198238.804523,1513198238.886205,1469
query,1513198238.886209,1513198238.969579,2034
query,1513198238.9695926,1513198239.0381477,2
query,1513198239.0381513,1513198239.1205144,1148
query,1513198239.1205175,1513198239.2020538,987
query,1513198239.2020576,1513198239.2771056,82
query,1513198239.277109,1513198239.3526454,120
query,1513198239.352649,1513198239.4222503,25
query,1513198239.422282,1513198239.519872,165
query,1513198239.5336258,1513198239.6187518,1746
query,1513198239.6187541,1513198239.6946993,456
query,1513198239.6947017,1513198239.7737746,824
query,1513198239.7737775,1513198239.8539379,1743
query,1513198239.8539412,1513198239.9351172,1422
query,1513198239.93512,1513198240.0126781,941
query,1513198240.0126812,1513198240.0917454,686
query,1513198240.0917487,1513198240.1667848,575
query,1513198240.1667886,1513198240.242257,705
query,1513198240.242261,1513198240.3194065,88
query,1513198240.3194127,1513198240.3953211,311
query,1513198240.395326,1513198240.474591,1455
query,1513198240.4745953,1513198240.5221314,0
query,1513198240.5221367,1513198240.6028752,1707
query,1513198240.6028783,1513198240.6792297,818
query,1513198240.6792336,1513198240.7559142,682
query,1513198240.7559192,1513198240.8353372,1187
query,1513198240.8353403,1513198240.917344,1078
query,1513198240.9173489,1513198240.9971375,515
query,1513198240.9971788,1513198241.0742507,1
query,1513198241.0768893,1513198241.145275,4
query,1513198241.1452792,1513198241.2238612,751
query,1513198241.2238643,1513198241.2995002,979
query,1513198241.2995045,1513198241.3735547,953
query,1513198241.3735597,1513198241.45709,1763
query,1513198241.4570944,1513198241.538536,607
query,1513198241.5385408,1513198241.6209493,1157
query,1513198241.6209543,1513198241.7050276,1051
query,1513198241.705032,1513198241.790353,2006
query,1513198241.7903595,1513198241.8409374,0
query,1513198241.8409426,1513198241.9312515,367
query,1513198241.9312565,1513198241.9876983,6
query,1513198241.987703,1513198242.0682526,594
query,1513198242.0682561,1513198242.1539555,1758
query,1513198242.1539598,1513198242.233598,1247
query,1513198242.2336028,1513198242.3151734,1583
query,1513198242.315178,1513198242.3693666,1
query,1513198242.3693707,1513198242.4161432,0
query,1513198242.4161482,1513198242.503904,1947
query,1513198242.5039496,1513198242.5963776,4
query,1513198242.610252,1513198242.693269,49
query,1513198242.6932735,1513198242.7718866,1429
query,1513198242.771891,1513198242.854936,1248
query,1513198242.85494,1513198242.9353049,940
query,1513198242.9353092,1513198243.0138805,872
query,1513198243.013883,1513198243.0705626,1
query,1513198243.070567,1513198243.1496308,1388
query,1513198243.149635,1513198243.2260976,638
query,1513198243.2261024,1513198243.304213,173
query,1513198243.3042176,1513198243.3808682,313
query,1513198243.3808827,1513198243.4572768,587
query,1513198243.457281,1513198243.543413,763
query,1513198243.5434175,1513198243.622433,570
query,1513198243.622437,1513198243.696397,15
query,1513198243.6964006,1513198243.7784514,1541
query,1513198243.7784567,1513198243.85434,302
query,1513198243.8543463,1513198243.9312644,1181
query,1513198243.9312692,1513198244.0128217,1076
query,1513198244.0128248,1513198244.0960917,1811
query,1513198244.0961506,1513198244.1964955,484
query,1513198244.2099702,1513198244.2981799,1607
query,1513198244.2981842,1513198244.3765295,1335
query,1513198244.3765342,1513198244.4299283,1
query,1513198244.429933,1513198244.4923806,446
query,1513198244.4923854,1513198244.5750165,843
query,1513198244.5750208,1513198244.6524544,229
query,1513198244.6524587,1513198244.7332428,1268
query,1513198244.733245,1513198244.8105283,205
query,1513198244.8105326,1513198244.889135,1279
query,1513198244.8891394,1513198244.9663754,206
query,1513198244.9663796,1513198245.0470867,955
query,1513198245.0470908,1513198245.123811,225
query,1513198245.1238155,1513198245.198749,780
query,1513198245.1987536,1513198245.2776117,333
query,1513198245.2776163,1513198245.3267028,0
query,1513198245.3267078,1513198245.4099612,42
query,1513198245.4099658,1513198245.4863799,5
query,1513198245.4863942,1513198245.5624332,388
query,1513198245.5624375,1513198245.6495614,217
query,1513198245.649607,1513198245.7549167,330
query,1513198245.7685764,1513198245.8507779,81
query,1513198245.8507824,1513198245.9391215,1703
query,1513198245.9391258,1513198246.0159395,692
query,1513198246.0159447,1513198246.1053333,917
query,1513198246.1053386,1513198246.1900723,1309
query,1513198246.1900773,1513198246.272332,1174
query,1513198246.2723365,1513198246.3537958,133
query,1513198246.3537998,1513198246.4379578,1461
query,1513198246.437972,1513198246.5129583,1171
query,1513198246.5129623,1513198246.594095,1627
query,1513198246.594099,1513198246.6735854,771
query,1513198246.6735895,1513198246.7513711,284
query,1513198246.7513754,1513198246.8282013,770
query,1513198246.8282053,1513198246.9088268,1108
query,1513198246.9088314,1513198246.9864626,149
query,1513198246.9864666,1513198247.0728197,1643
query,1513198247.0728242,1513198247.1481678,835
query,1513198247.1481721,1513198247.2290432,930
query,1513198247.2290456,1513198247.308356,1242
query,1513198247.308407,1513198247.3837283,0
query,1513198247.385395,1513198247.4596639,172
query,1513198247.4596682,1513198247.5154119,1
query,1513198247.5154157,1513198247.591237,272
query,1513198247.5912411,1513198247.6718128,1344
query,1513198247.6718168,1513198247.7485578,535
query,1513198247.7485616,1513198247.824161,426
query,1513198247.824165,1513198247.905196,1639
query,1513198247.9052083,1513198247.9943924,399
query,1513198247.9943962,1513198248.0679884,804
query,1513198248.0679939,1513198248.1164322,0
query,1513198248.1164353,1513198248.193923,446
query,1513198248.193927,1513198248.2435226,0
query,1513198248.2435277,1513198248.295935,1
query,1513198248.295939,1513198248.3726563,1119
query,1513198248.3726604,1513198248.4527562,23
query,1513198248.4527607,1513198248.529998,553
query,1513198248.530002,1513198248.6130495,1535
query,1513198248.6130536,1513198248.6872072,168
query,1513198248.6872118,1513198248.7646887,326
query,1513198248.76473,1513198248.8746707,1774
query,1513198248.8922505,1513198248.9733682,1174
query,1513198248.9733725,1513198249.0521846,812
query,1513198249.052189,1513198249.1000469,0
query,1513198249.1000507,1513198249.18194,1171
query,1513198249.181944,1513198249.263154,1255
query,1513198249.263158,1513198249.3405685,53
query,1513198249.340574,1513198249.4241185,540
query,1513198249.424123,1513198249.5010333,176
query,1513198249.5010374,1513198249.5812378,741
query,1513198249.5812418,1513198249.6314912,0
query,1513198249.6314948,1513198249.7105293,687
query,1513198249.7105336,1513198249.7580187,0
query,1513198249.7580225,1513198249.8341048,605
query,1513198249.8341093,1513198249.906964,207
query,1513198249.9069684,1513198249.9826245,123
query,1513198249.982629,1513198250.0572016,351
query,1513198250.0572052,1513198250.1336575,1001
query,1513198250.1336617,1513198250.207484,106
query,1513198250.2074878,1513198250.3138769,1591
query,1513198250.3139164,1513198250.4137416,22
query,1513198250.4276016,1513198250.4770577,0
query,1513198250.4770617,1513198250.5529964,361
query,1513198250.553,1513198250.63174,1211
query,1513198250.6317437,1513198250.685937,2
query,1513198250.6859403,1513198250.7695937,1012
query,1513198250.769597,1513198250.845321,198
query,1513198250.8453252,1513198250.920562,497
query,1513198250.9205647,1513198250.995581,439
query,1513198250.9955847,1513198251.0858073,867
query,1513198251.0858107,1513198251.1656148,1352
query,1513198251.1656184,1513198251.2480106,1018
query,1513198251.2480164,1513198251.3234174,263
query,1513198251.3234212,1513198251.3984225,1136
query,1513198251.3984265,1513198251.4509141,0
query,1513198251.4509182,1513198251.5301044,1304
query,1513198251.5301065,1513198251.6086407,113
query,1513198251.608645,1513198251.6860607,477
query,1513198251.6860645,1513198251.7630033,293
query,1513198251.7630095,1513198251.8452797,1365
query,1513198251.845323,1513198251.9501767,1624
query,1513198251.9625058,1513198252.04502,1186
query,1513198252.0450242,1513198252.1200335,1441
query,1513198252.1200361,1513198252.1989865,937
query,1513198252.19899,1513198252.2770424,314
query,1513198252.2770464,1513198252.353003,109
query,1513198252.353007,1513198252.4032884,0
query,1513198252.403292,1513198252.4854047,1533
query,1513198252.4854078,1513198252.5720878,1817
query,1513198252.5720913,1513198252.6520164,942
query,1513198252.6520216,1513198252.7405405,1707
query,1513198252.7405443,1513198252.8182166,634
query,1513198252.8182204,1513198252.9058342,1591
query,1513198252.9058385,1513198252.9813344,101
query,1513198252.9813387,1513198253.0660458,1174
query,1513198253.066049,1513198253.15829,1504
query,1513198253.1582937,1513198253.2418385,1143
query,1513198253.2418423,1513198253.3177226,698
query,1513198253.3177266,1513198253.4046626,1770
query,1513198253.4046676,1513198253.4838064,451
query,1513198253.4838586,1513198253.5880055,1405
query,1513198253.6003451,1513198253.68637,1674
query,1513198253.6863735,1513198253.766433,808
query,1513198253.766436,1513198253.8486843,1790
query,1513198253.8486907,1513198253.8995774,0
query,1513198253.8995821,1513198253.9791636,955
query,1513198253.9791672,1513198254.057617,840
query,1513198254.05762,1513198254.111512,1
query,1513198254.111515,1513198254.1943853,922
query,1513198254.19439,1513198254.2836094,1737
query,1513198254.2836142,1513198254.363009,82
query,1513198254.3630118,1513198254.4427667,781
query,1513198254.4427695,1513198254.5208552,137
query,1513198254.5208583,1513198254.6035259,1296
query,1513198254.603531,1513198254.6871305,1683
query,1513198254.6871352,1513198254.751507,3
query,1513198254.7515116,1513198254.8313608,591
query,1513198254.8313675,1513198254.910819,111
query,1513198254.9108233,1513198254.994291,1980
query,1513198254.9942951,1513198255.0750306,1322
query,1513198255.0750668,1513198255.180989,1949
query,1513198255.1936083,1513198255.2840817,1084
query,1513198255.2840893,1513198255.3676689,487
query,1513198255.3676734,1513198255.4441113,272
query,1513198255.444115,1513198255.5211194,257
query,1513198255.5211236,1513198255.600588,198
query,1513198255.6005917,1513198255.688292,1543
query,1513198255.688297,1513198255.766549,312
query,1513198255.7665532,1513198255.8437505,1189
query,1513198255.8437548,1513198255.9272785,178
query,1513198255.927285,1513198256.0027711,862
query,1513198256.002776,1513198256.0837607,1540
query,1513198256.0837665,1513198256.1791933,716
query,1513198256.1791968,1513198256.240889,255
query,1513198256.240894,1513198256.3245435,1269
query,1513198256.3245473,1513198256.3914585,932
query,1513198256.3914626,1513198256.4547625,651
query,1513198256.454766,1513198256.520513,1730
query,1513198256.5205169,1513198256.5931003,223
query,1513198256.5931041,1513198256.657163,321
query,1513198256.6572013,1513198256.7567246,1407
query,1513198256.7701957,1513198256.847584,1174
query,1513198256.847588,1513198256.9123824,518
query,1513198256.912387,1513198256.9745767,310
query,1513198256.9745805,1513198257.0497782,81
query,1513198257.0497823,1513198257.1254904,224
query,1513198257.125506,1513198257.202213,397
query,1513198257.2022178,1513198257.287042,1279
query,1513198257.287046,1513198257.3644152,1057
query,1513198257.3644192,1513198257.441787,432
query,1513198257.4417913,1513198257.5241115,1708
query,1513198257.5241156,1513198257.6060064,1345
query,1513198257.6060104,1513198257.6833384,374
query,1513198257.6833441,1513198257.7622664,1041
query,1513198257.762271,1513198257.8179395,2
query,1513198257.8179479,1513198257.896757,1458
query,1513198257.8967612,1513198257.9549181,1
query,1513198257.9549227,1513198258.0310335,137
query,1513198258.0310383,1513198258.114541,1896
query,1513198258.1145456,1513198258.1893563,102
query,1513198258.1893954,1513198258.289374,355
query,1513198258.3029242,1513198258.379751,513
query,1513198258.3797545,1513198258.4611921,950
query,1513198258.461196,1513198258.536466,850
query,1513198258.5364697,1513198258.610278,131
query,1513198258.6102824,1513198258.6741278,2
query,1513198258.6741319,1513198258.7219968,0
query,1513198258.7220016,1513198258.792351,4
query,1513198258.7923548,1513198258.8710837,510
query,1513198258.8710878,1513198258.9535007,1108
query,1513198258.953504,1513198259.032526,722
query,1513198259.0325298,1513198259.1146247,1157
query,1513198259.1146271,1513198259.2003167,1062
query,1513198259.200319,1513198259.2692218,2
query,1513198259.2692258,1513198259.3632543,1250
query,1513198259.3632598,1513198259.4385529,570
query,1513198259.4385562,1513198259.5162196,1784
query,1513198259.5162232,1513198259.5915346,662
query,1513198259.5915387,1513198259.643498,0
query,1513198259.6435018,1513198259.7185624,602
query,1513198259.7185886,1513198259.8112857,3
query,1513198259.8248746,1513198259.9059916,1578
query,1513198259.9059958,1513198259.9866526,1307
query,1513198259.9866567,1513198260.0668106,1035
query,1513198260.0668619,1513198260.1154196,0
query,1513198260.115424,1513198260.1943445,662
query,1513198260.1943486,1513198260.2772841,961
query,1513198260.2772882,1513198260.3593774,1696
query,1513198260.3593817,1513198260.4327419,61
query,1513198260.4327457,1513198260.5118575,382
query,1513198260.511861,1513198260.587541,591
query,1513198260.5875444,1513198260.6617577,28
query,1513198260.6617608,1513198260.7118263,0
query,1513198260.7118301,1513198260.794216,1093
query,1513198260.7942207,1513198260.8761542,1024
query,1513198260.8761573,1513198260.9562647,814
query,1513198260.956268,1513198261.0086608,0
query,1513198261.0086644,1513198261.0731912,76
query,1513198261.0731945,1513198261.1500518,1047
query,1513198261.1500552,1513198261.212234,551
query,1513198261.212276,1513198261.3040864,1716
query,1513198261.3117166,1513198261.3907661,1431
query,1513198261.3907697,1513198261.435262,0
query,1513198261.435265,1513198261.5097234,1174
query,1513198261.509727,1513198261.5878437,1090
query,1513198261.5878472,1513198261.661802,15
query,1513198261.6618056,1513198261.738707,1245
query,1513198261.7387104,1513198261.810159,350
query,1513198261.810163,1513198261.861495,2
query,1513198261.8614993,1513198261.9314072,115
query,1513198261.9314122,1513198261.998908,1591
query,1513198261.9989114,1513198262.058161,155
query,1513198262.0581644,1513198262.1337972,90
query,1513198262.1338003,1513198262.2120297,829
query,1513198262.2120328,1513198262.2857373,412
query,1513198262.2857406,1513198262.3475847,673
query,1513198262.347588,1513198262.414921,1255
query,1513198262.4149244,1513198262.4863818,164
query,1513198262.4863853,1513198262.5572884,18
query,1513198262.5573063,1513198262.6232247,1
query,1513198262.6232545,1513198262.7194552,2028
query,1513198262.7268448,1513198262.801782,280
query,1513198262.8017848,1513198262.8772502,495
query,1513198262.8772528,1513198262.9527087,656
query,1513198262.9527123,1513198263.0275738,287
query,1513198263.027577,1513198263.1119847,1744
query,1513198263.1119876,1513198263.1875439,1210
query,1513198263.1875463,1513198263.261829,196
query,1513198263.2618332,1513198263.3369617,358
query,1513198263.3369644,1513198263.4129736,805
query,1513198263.4129763,1513198263.4869397,262
query,1513198263.4869432,1513198263.5611672,48
query,1513198263.5611703,1513198263.830724,1506
query,1513198263.8307283,1513198263.916235,1807
query,1513198263.9162395,1513198263.963783,0
query,1513198263.963786,1513198264.0417607,668
query,1513198264.0417643,1513198264.1270447,1772
query,1513198264.1270487,1513198264.203384,1006
query,1513198264.2033875,1513198264.290278,1924
query,1513198264.2902818,1513198264.3664167,541
query,1513198264.3664565,1513198264.4701872,1526
query,1513198264.477926,1513198264.5538354,18
query,1513198264.5538383,1513198264.633065,587
query,1513198264.6330688,1513198264.7096856,83
query,1513198264.7096887,1513198264.7864468,350
query,1513198264.7864506,1513198264.866849,754
query,1513198264.8668532,1513198264.956356,1480
query,1513198264.9563594,1513198265.0345988,963
query,1513198265.0346022,1513198265.1208415,1901
query,1513198265.1208446,1513198265.2039552,569
query,1513198265.203958,1513198265.287589,946
query,1513198265.2875926,1513198265.3652468,290
query,1513198265.3652515,1513198265.4460332,233
query,1513198265.446038,1513198265.5242574,1187
query,1513198265.52426,1513198265.6117246,1729
query,1513198265.6117294,1513198265.662095,1
query,1513198265.6620977,1513198265.7395022,621
query,1513198265.7395067,1513198265.8171055,291
query,1513198265.8171093,1513198265.8658383,0
query,1513198265.8658416,1513198265.9153657,0
query,1513198265.915404,1513198266.0089808,76
query,1513198266.023126,1513198266.1031904,578
query,1513198266.1031945,1513198266.186826,1197
query,1513198266.1868303,1513198266.2756703,1282
query,1513198266.2756746,1513198266.3556511,1350
query,1513198266.3556554,1513198266.4564126,1100
query,1513198266.4564168,1513198266.5617769,52
query,1513198266.5617814,1513198266.6217642,1
query,1513198266.6217685,1513198266.6978724,774
query,1513198266.6978762,1513198266.780407,337
query,1513198266.7804139,1513198266.8573463,410
query,1513198266.8573506,1513198266.9408343,1541
query,1513198266.9408402,1513198267.0159104,572
query,1513198267.0159142,1513198267.0796416,1158
query,1513198267.0796447,1513198267.1552813,1752
query,1513198267.155285,1513198267.2161458,86
query,1513198267.2161489,1513198267.2858815,18
query,1513198267.2858858,1513198267.3738532,1373
query,1513198267.3738582,1513198267.4551017,962
query,1513198267.4551055,1513198267.537714,1332
