tables,1513041813.2981658,1513042222.3568366
query,1513042222.3578067,1513042222.58542,107
query,1513042222.6028528,1513042222.7246878,880
query,1513042222.724693,1513042222.8683815,1051
query,1513042222.8683856,1513042222.9961593,98
query,1513042222.996163,1513042223.1515932,103
query,1513042223.1515973,1513042223.3084633,2351
query,1513042223.3084674,1513042223.473839,102
query,1513042223.4738429,1513042223.5690079,76
query,1513042223.569012,1513042223.6558642,181
query,1513042223.6558683,1513042223.7618263,89
query,1513042223.76183,1513042223.859076,96
query,1513042223.8590796,1513042224.0045602,1370
query,1513042224.0045648,1513042224.1433558,96
query,1513042224.1433597,1513042224.2621353,1751
query,1513042224.2621388,1513042224.3595185,143
query,1513042224.3595216,1513042224.467048,713
query,1513042224.4670506,1513042224.5540624,43
query,1513042224.5540652,1513042224.6419642,96
query,1513042224.641967,1513042224.7518144,122
query,1513042224.751818,1513042224.869553,94
query,1513042224.8696015,1513042224.999993,513
query,1513042225.0118508,1513042225.1426368,945
query,1513042225.1426406,1513042225.2757797,96
query,1513042225.2757835,1513042225.3971832,1759
query,1513042225.3971872,1513042225.5323591,117
query,1513042225.5323622,1513042225.649897,96
query,1513042225.649901,1513042225.7866552,96
query,1513042225.7866595,1513042225.9474216,96
query,1513042225.9474256,1513042226.1122446,96
query,1513042226.1122496,1513042226.2955868,96
query,1513042226.2955914,1513042226.4082289,95
query,1513042226.4082334,1513042226.528734,140
query,1513042226.5287383,1513042226.7285688,2847
query,1513042226.7285736,1513042226.9272015,653
query,1513042226.9272058,1513042227.0906053,1920
query,1513042227.0906096,1513042227.2059689,1030
query,1513042227.2059734,1513042227.2944934,64
query,1513042227.2944975,1513042227.38614,1926
query,1513042227.3861446,1513042227.5321667,1035
query,1513042227.5321705,1513042227.6197536,1391
query,1513042227.6197958,1513042227.7533944,2308
query,1513042227.767305,1513042227.9444728,1986
query,1513042227.9444766,1513042228.0982976,1986
query,1513042228.098303,1513042228.2251012,3556
query,1513042228.2251058,1513042228.3532307,797
query,1513042228.3532352,1513042228.4733975,2321
query,1513042228.4734123,1513042228.587675,1853
query,1513042228.5876884,1513042228.7460475,2799
query,1513042228.746052,1513042228.8493898,2723
query,1513042228.8493938,1513042228.9627638,61
query,1513042228.9627683,1513042229.0918417,1605
query,1513042229.0918458,1513042229.1845994,0
query,1513042229.1846035,1513042229.3221636,3517
query,1513042229.3221674,1513042229.439291,2199
query,1513042229.4392948,1513042229.5721292,974
query,1513042229.572133,1513042229.683266,1438
query,1513042229.6832695,1513042229.818175,2874
query,1513042229.81818,1513042229.941377,1966
query,1513042229.9413815,1513042230.0696576,1374
query,1513042230.0696633,1513042230.1901433,633
query,1513042230.1901908,1513042230.3622344,33
query,1513042230.3762832,1513042230.5217237,1639
query,1513042230.5217278,1513042230.7466295,3621
query,1513042230.7466333,1513042230.9144578,3795
query,1513042230.9144616,1513042231.0311913,706
query,1513042231.0311956,1513042231.1634655,1283
query,1513042231.1634696,1513042231.307928,1069
query,1513042231.3079326,1513042231.5304444,2178
query,1513042231.5304484,1513042231.7425215,2626
query,1513042231.7425253,1513042231.888658,1791
query,1513042231.8886628,1513042232.0864472,2582
query,1513042232.086451,1513042232.3101919,2537
query,1513042232.3101952,1513042232.4614608,25
query,1513042232.461465,1513042232.6592584,1904
query,1513042232.659263,1513042232.8338094,1106
query,1513042232.8338137,1513042232.9803143,919
query,1513042232.9803178,1513042233.0981271,12
query,1513042233.09813,1513042233.291222,1098
query,1513042233.291226,1513042233.430614,1626
query,1513042233.430618,1513042233.5742815,912
query,1513042233.5743268,1513042233.7986748,2294
query,1513042233.8074124,1513042233.9335103,402
query,1513042233.933515,1513042234.1056535,2576
query,1513042234.1056583,1513042234.2269769,96
query,1513042234.2269816,1513042234.3206668,1965
query,1513042234.320671,1513042234.4934509,754
query,1513042234.4934547,1513042234.542955,0
query,1513042234.542958,1513042234.6549206,3134
query,1513042234.6549234,1513042234.7681856,712
query,1513042234.7681892,1513042234.8812973,1526
query,1513042234.881301,1513042235.0178795,1582
query,1513042235.0178828,1513042235.150514,421
query,1513042235.1505182,1513042235.2289333,591
query,1513042235.2289374,1513042235.3268666,1273
query,1513042235.3268707,1513042235.419624,535
query,1513042235.4196286,1513042235.5648937,3134
query,1513042235.564897,1513042235.7218065,919
query,1513042235.7218118,1513042235.9034562,3163
query,1513042235.90346,1513042236.002102,1821
query,1513042236.002105,1513042236.2034533,3601
query,1513042236.2035148,1513042236.3178287,494
query,1513042236.3297045,1513042236.4418223,1093
query,1513042236.4418252,1513042236.550227,1707
query,1513042236.5502303,1513042236.6793215,217
query,1513042236.679325,1513042236.7828004,1451
query,1513042236.7828066,1513042236.8963382,1717
query,1513042236.896342,1513042237.0537028,3176
query,1513042237.0537064,1513042237.1795413,2075
query,1513042237.1795452,1513042237.28896,347
query,1513042237.288964,1513042237.426816,2622
query,1513042237.4268188,1513042237.5490763,2501
query,1513042237.5490816,1513042237.6945882,3106
query,1513042237.6945922,1513042237.8103642,598
query,1513042237.8103676,1513042237.913205,3065
query,1513042237.9132075,1513042238.0084112,1261
query,1513042238.0084152,1513042238.1187975,413
query,1513042238.118801,1513042238.248239,1667
query,1513042238.2482429,1513042238.3559992,2497
query,1513042238.3560026,1513042238.4701102,1171
query,1513042238.4701138,1513042238.5646288,705
query,1513042238.5646837,1513042238.710381,1037
query,1513042238.7239182,1513042238.856281,272
query,1513042238.8562841,1513042239.0114515,3837
query,1513042239.0114658,1513042239.1466885,178
query,1513042239.1466923,1513042239.324168,966
query,1513042239.3241735,1513042239.4683223,2036
query,1513042239.468326,1513042239.6199327,593
query,1513042239.619936,1513042239.8405185,3346
query,1513042239.8405244,1513042239.9494321,1039
query,1513042239.9494357,1513042240.111211,3643
query,1513042240.1112154,1513042240.2246761,2912
query,1513042240.2246804,1513042240.3636146,1502
query,1513042240.3636239,1513042240.4757874,1550
query,1513042240.4757905,1513042240.5961795,1255
query,1513042240.5961833,1513042240.7395983,3738
query,1513042240.7396023,1513042240.8549027,109
query,1513042240.8549068,1513042240.992815,264
query,1513042240.9928195,1513042241.152806,3506
query,1513042241.152812,1513042241.2599754,979
query,1513042241.2599792,1513042241.3883343,918
query,1513042241.3883705,1513042241.5520115,1038
query,1513042241.5653262,1513042241.7715,3253
query,1513042241.7715216,1513042241.91486,644
query,1513042241.9148645,1513042242.111978,272
query,1513042242.1119819,1513042242.3404574,2187
query,1513042242.3404608,1513042242.5418506,3598
query,1513042242.5418546,1513042242.6400874,1519
query,1513042242.640092,1513042242.7809806,2485
query,1513042242.7809846,1513042242.931623,1992
query,1513042242.9316275,1513042243.0868306,2083
query,1513042243.0868344,1513042243.2313967,2005
query,1513042243.2314003,1513042243.3861387,6
query,1513042243.3861432,1513042243.533329,1745
query,1513042243.5333338,1513042243.6323988,564
query,1513042243.6324048,1513042243.72797,369
query,1513042243.7279747,1513042243.8171792,212
query,1513042243.8171833,1513042243.965468,2415
query,1513042243.9654727,1513042244.1233227,1709
query,1513042244.1233258,1513042244.2954621,3535
query,1513042244.2954664,1513042244.4383473,3375
query,1513042244.4384003,1513042244.5562332,1342
query,1513042244.5670047,1513042244.737118,2531
query,1513042244.7371209,1513042244.8399632,983
query,1513042244.8399658,1513042244.9591095,940
query,1513042244.9591115,1513042245.0676541,528
query,1513042245.067657,1513042245.1690848,713
query,1513042245.1690876,1513042245.2843478,2278
query,1513042245.2843518,1513042245.4636502,4090
query,1513042245.463654,1513042245.6253324,945
query,1513042245.6253347,1513042245.7267704,513
query,1513042245.726774,1513042245.8837764,2789
query,1513042245.8837802,1513042246.01091,259
query,1513042246.0109138,1513042246.1138537,1834
query,1513042246.113857,1513042246.2574954,1478
query,1513042246.2574995,1513042246.3980486,2587
query,1513042246.398053,1513042246.5744767,2571
query,1513042246.574481,1513042246.6695976,1323
query,1513042246.6696014,1513042246.788265,88
query,1513042246.788269,1513042246.9310293,3233
query,1513042246.9310327,1513042247.0954773,3174
query,1513042247.0955224,1513042247.207704,1581
query,1513042247.21529,1513042247.325634,907
query,1513042247.325638,1513042247.4712055,2471
query,1513042247.471209,1513042247.602303,2824
query,1513042247.6023068,1513042247.759332,1931
query,1513042247.7593358,1513042247.9107897,1507
query,1513042247.9107945,1513042248.036616,1055
query,1513042248.0366209,1513042248.1842425,470
query,1513042248.1842453,1513042248.3028116,179
query,1513042248.302815,1513042248.4492323,3345
query,1513042248.4492376,1513042248.6207032,488
query,1513042248.6207066,1513042248.8427954,2223
query,1513042248.842799,1513042248.9530666,436
query,1513042248.953071,1513042249.0951726,1560
query,1513042249.0951765,1513042249.2320807,52
query,1513042249.2320852,1513042249.3703806,3343
query,1513042249.3703847,1513042249.5187216,1167
query,1513042249.5187254,1513042249.6067889,825
query,1513042249.6067922,1513042249.788603,1751
query,1513042249.7886076,1513042249.9758713,2833
query,1513042249.9759197,1513042250.0856502,556
query,1513042250.098399,1513042250.3093224,211
query,1513042250.3093264,1513042250.5437791,1453
query,1513042250.5437822,1513042250.6659381,3140
query,1513042250.6659417,1513042250.8094409,2139
query,1513042250.8094437,1513042250.9261403,1472
query,1513042250.9261434,1513042251.0982075,2362
query,1513042251.098211,1513042251.1978123,3097
query,1513042251.1978166,1513042251.2660327,1
query,1513042251.2660363,1513042251.3675902,1045
query,1513042251.367594,1513042251.4744995,310
query,1513042251.4745038,1513042251.5950043,1232
query,1513042251.5950081,1513042251.7163084,2571
query,1513042251.7163126,1513042251.848625,2414
query,1513042251.8486292,1513042251.9533021,783
query,1513042251.953308,1513042252.0917988,1513
query,1513042252.0918014,1513042252.2389,1134
query,1513042252.2389033,1513042252.3628395,1623
query,1513042252.3628428,1513042252.4659927,1905
query,1513042252.4659965,1513042252.6132565,1013
query,1513042252.6133077,1513042252.7552824,2035
query,1513042252.7688375,1513042252.8714006,817
query,1513042252.8714042,1513042253.0173738,2278
query,1513042253.0173771,1513042253.130885,1436
query,1513042253.1308875,1513042253.284752,3149
query,1513042253.2847545,1513042253.42546,2121
query,1513042253.425464,1513042253.5595481,2643
query,1513042253.5595524,1513042253.7139785,3269
query,1513042253.7139823,1513042253.8403301,870
query,1513042253.840334,1513042253.929794,3
query,1513042253.9297976,1513042254.0661585,1702
query,1513042254.0661628,1513042254.228948,1878
query,1513042254.2289546,1513042254.3785706,1194
query,1513042254.3785737,1513042254.5246184,1822
query,1513042254.524623,1513042254.689784,1100
query,1513042254.6897883,1513042254.7885618,0
query,1513042254.7885664,1513042254.9507751,2283
query,1513042254.950779,1513042255.0973725,3620
query,1513042255.097376,1513042255.280163,723
query,1513042255.2801666,1513042255.40171,571
query,1513042255.4017668,1513042255.6366706,1678
query,1513042255.6508856,1513042255.8139412,2488
query,1513042255.8139462,1513042255.9651175,739
query,1513042255.9651217,1513042256.1830125,1723
query,1513042256.1830165,1513042256.3623548,3742
query,1513042256.3623588,1513042256.5883713,3049
query,1513042256.5883756,1513042256.8172762,1570
query,1513042256.8172808,1513042256.9038177,0
query,1513042256.903822,1513042257.030652,78
query,1513042257.0306554,1513042257.2377808,3231
query,1513042257.2377846,1513042257.402305,283
query,1513042257.40231,1513042257.5379038,20
query,1513042257.5379074,1513042257.6779702,2682
query,1513042257.6779747,1513042257.7750335,520
query,1513042257.7750382,1513042257.964037,2508
query,1513042257.9640405,1513042258.1300766,1980
query,1513042258.13008,1513042258.2944043,2387
query,1513042258.2944078,1513042258.4194176,43
query,1513042258.4194217,1513042258.526628,64
query,1513042258.5266323,1513042258.723555,1845
query,1513042258.723598,1513042259.0085714,3117
query,1513042259.020812,1513042259.1643608,1774
query,1513042259.1643646,1513042259.2367468,0
query,1513042259.2367508,1513042259.4524643,2004
query,1513042259.4524682,1513042259.6025286,3100
query,1513042259.6025321,1513042259.738392,567
query,1513042259.7383962,1513042259.8232048,1
query,1513042259.8232086,1513042260.0809052,142
query,1513042260.080909,1513042260.2861347,2044
query,1513042260.286139,1513042260.449803,37
query,1513042260.4498086,1513042260.577272,39
query,1513042260.5772758,1513042260.670511,1382
query,1513042260.670516,1513042260.797779,117
query,1513042260.7977839,1513042260.940136,954
query,1513042260.9401414,1513042261.130907,1502
query,1513042261.1309116,1513042261.3389602,2511
query,1513042261.3389664,1513042261.4361205,2023
query,1513042261.4361243,1513042261.6151328,2682
query,1513042261.6151366,1513042261.7367253,601
query,1513042261.7367296,1513042261.9448328,2278
query,1513042261.9448853,1513042262.099027,1344
query,1513042262.111801,1513042262.379619,2856
query,1513042262.3796217,1513042262.5705783,3149
query,1513042262.5705817,1513042262.6738124,747
query,1513042262.6738162,1513042262.7712758,1286
query,1513042262.77128,1513042262.947389,1587
query,1513042262.9473944,1513042263.0831645,1968
query,1513042263.0831702,1513042263.237322,3559
query,1513042263.2373261,1513042263.38926,1203
query,1513042263.3892646,1513042263.6067185,827
query,1513042263.6067226,1513042263.7753398,886
query,1513042263.7753444,1513042263.9286504,1531
query,1513042263.9286547,1513042264.1955047,4017
query,1513042264.1955082,1513042264.3218613,341
query,1513042264.321865,1513042264.449859,1
query,1513042264.4498637,1513042264.5652764,1138
query,1513042264.5652795,1513042264.6792405,69
query,1513042264.6792445,1513042264.8124545,3368
query,1513042264.8124585,1513042264.9834547,2500
query,1513042264.9834583,1513042265.1472576,2238
query,1513042265.1472998,1513042265.384478,832
query,1513042265.3965483,1513042265.553827,2041
query,1513042265.5538306,1513042265.7401648,1805
query,1513042265.7401686,1513042265.9084709,3221
query,1513042265.9084752,1513042266.118371,2814
query,1513042266.1183743,1513042266.334409,1155
query,1513042266.3344123,1513042266.4734607,1871
query,1513042266.4734647,1513042266.631706,1003
query,1513042266.6317096,1513042266.7912972,802
query,1513042266.791303,1513042266.97053,3753
query,1513042266.9705346,1513042267.0794227,171
query,1513042267.0794268,1513042267.2277825,1358
query,1513042267.227786,1513042267.3150523,0
query,1513042267.3150573,1513042267.4400358,213
query,1513042267.440039,1513042267.676663,3206
query,1513042267.6766691,1513042267.8104722,297
query,1513042267.8104763,1513042267.948029,1959
query,1513042267.948032,1513042268.0514112,1652
query,1513042268.0514152,1513042268.2010891,1
query,1513042268.2010937,1513042268.3276021,868
query,1513042268.3276448,1513042268.5095437,3336
query,1513042268.5183132,1513042268.7030635,666
query,1513042268.7030704,1513042268.8600106,3513
query,1513042268.860014,1513042269.0697675,3417
query,1513042269.069771,1513042269.219796,1045
query,1513042269.2197995,1513042269.3688397,3388
query,1513042269.3688445,1513042269.51165,3288
query,1513042269.511653,1513042269.6437497,1728
query,1513042269.643755,1513042269.7590973,1560
query,1513042269.7591028,1513042269.8931956,2641
query,1513042269.8932009,1513042270.0665612,2466
query,1513042270.0665653,1513042270.2120435,2862
query,1513042270.2120473,1513042270.3215802,2
query,1513042270.3215835,1513042270.4761775,1367
query,1513042270.4761815,1513042270.6036484,904
query,1513042270.6036525,1513042270.7956088,827
query,1513042270.7956128,1513042270.8937778,558
query,1513042270.8937824,1513042271.0080106,2036
query,1513042271.0080137,1513042271.1584544,526
query,1513042271.1584575,1513042271.3168588,2003
query,1513042271.3168907,1513042271.4807541,3289
query,1513042271.4881346,1513042271.683672,3538
query,1513042271.6836758,1513042271.789303,1677
query,1513042271.7893064,1513042271.899347,276
query,1513042271.8993506,1513042272.0464842,1989
query,1513042272.0464876,1513042272.1684418,2038
query,1513042272.1684444,1513042272.2906215,1809
query,1513042272.2906253,1513042272.4639857,2545
query,1513042272.4639893,1513042272.6263828,496
query,1513042272.626387,1513042272.787827,3125
query,1513042272.7878308,1513042272.9686763,2556
query,1513042272.9686792,1513042273.1582232,1494
query,1513042273.158226,1513042273.3094409,1397
query,1513042273.3094444,1513042273.4126635,105
query,1513042273.4126666,1513042273.526963,1865
query,1513042273.526966,1513042273.6263785,1126
query,1513042273.6263819,1513042273.710074,247
query,1513042273.7100768,1513042273.8141944,313
query,1513042273.8141978,1513042273.9209313,3
query,1513042273.9209354,1513042274.0427191,27
query,1513042274.0427506,1513042274.2238772,3410
query,1513042274.2315736,1513042274.4291494,4076
query,1513042274.429152,1513042274.577579,311
query,1513042274.5775821,1513042274.689718,163
query,1513042274.6897213,1513042274.8079934,1660
query,1513042274.807996,1513042274.9508286,2279
query,1513042274.9508312,1513042275.064687,2433
query,1513042275.0646904,1513042275.2447433,1840
query,1513042275.2447484,1513042275.3506734,1314
query,1513042275.3506775,1513042275.517943,2731
query,1513042275.5179467,1513042275.6676822,552
query,1513042275.6676865,1513042275.8531897,1822
query,1513042275.8531938,1513042275.977762,749
query,1513042275.9777668,1513042276.130234,2518
query,1513042276.130237,1513042276.2329805,308
query,1513042276.2329845,1513042276.3283715,407
query,1513042276.3283744,1513042276.474655,1834
query,1513042276.474659,1513042276.6469896,2075
query,1513042276.6469932,1513042276.7992117,71
query,1513042276.7992153,1513042276.9041681,1404
query,1513042276.90421,1513042277.0355096,23
query,1513042277.0470212,1513042277.2008874,331
query,1513042277.2008936,1513042277.297103,976
query,1513042277.2971075,1513042277.4077864,936
query,1513042277.4077902,1513042277.5372727,3608
query,1513042277.5372753,1513042277.7052922,1102
query,1513042277.7052965,1513042277.830487,137
query,1513042277.830491,1513042277.967581,891
query,1513042277.9675856,1513042278.1219285,1624
query,1513042278.1219325,1513042278.1981125,0
query,1513042278.1981163,1513042278.3751318,3340
query,1513042278.375136,1513042278.524108,882
query,1513042278.5241115,1513042278.6508646,1446
query,1513042278.6508684,1513042278.8043752,1589
query,1513042278.804379,1513042278.8975453,1299
query,1513042278.8975496,1513042279.0379221,1190
query,1513042279.0379255,1513042279.191453,2439
query,1513042279.191457,1513042279.320239,382
query,1513042279.3202426,1513042279.4534428,106
query,1513042279.4534473,1513042279.666644,4064
query,1513042279.666686,1513042279.8471396,1625
query,1513042279.860752,1513042279.9735699,263
query,1513042279.9735734,1513042280.0935776,2595
query,1513042280.0935817,1513042280.2243302,2166
query,1513042280.2243347,1513042280.384567,136
query,1513042280.384573,1513042280.5566056,3608
query,1513042280.5566216,1513042280.6850762,1711
query,1513042280.6850977,1513042280.8535578,26
query,1513042280.853561,1513042281.0031009,2107
query,1513042281.0031064,1513042281.1223447,2802
query,1513042281.1223488,1513042281.2293344,730
query,1513042281.2293375,1513042281.360185,2310
query,1513042281.360188,1513042281.4562194,864
query,1513042281.4562228,1513042281.5514245,389
query,1513042281.5514276,1513042281.7180266,912
query,1513042281.7180295,1513042281.8443592,3712
query,1513042281.8443651,1513042281.9618335,2242
query,1513042281.9618359,1513042282.045932,251
query,1513042282.0459354,1513042282.2246296,1548
query,1513042282.224634,1513042282.3077526,5
query,1513042282.307788,1513042282.4473832,2328
query,1513042282.460243,1513042282.5981815,228
query,1513042282.5981846,1513042282.7308311,2058
query,1513042282.7308362,1513042282.90105,2031
query,1513042282.9010534,1513042283.0213237,276
query,1513042283.021328,1513042283.215312,3495
query,1513042283.215316,1513042283.3866384,3940
query,1513042283.3866432,1513042283.4867542,3022
query,1513042283.4867585,1513042283.5969706,836
query,1513042283.5969756,1513042283.691817,679
query,1513042283.6918206,1513042283.798136,1120
query,1513042283.79814,1513042283.9033055,211
query,1513042283.9033093,1513042284.0401556,2018
query,1513042284.0401592,1513042284.2066233,3613
query,1513042284.2066274,1513042284.3534327,2351
query,1513042284.3534358,1513042284.4734714,156
query,1513042284.4734745,1513042284.5909069,97
query,1513042284.5909107,1513042284.80252,2093
query,1513042284.802524,1513042284.9517205,610
query,1513042284.9517243,1513042285.0929363,471
query,1513042285.092991,1513042285.272283,1888
query,1513042285.286185,1513042285.4353037,992
query,1513042285.4353077,1513042285.579719,973
query,1513042285.5797231,1513042285.73618,3049
query,1513042285.7361844,1513042285.890606,325
query,1513042285.8906097,1513042286.023335,3454
query,1513042286.0233386,1513042286.1395488,488
query,1513042286.1395524,1513042286.3263571,2073
query,1513042286.3263612,1513042286.5300782,3045
query,1513042286.5300827,1513042286.7024503,2638
query,1513042286.702454,1513042286.8157353,1621
query,1513042286.8157394,1513042286.975848,43
query,1513042286.975851,1513042287.1323123,2462
query,1513042287.1323164,1513042287.279108,190
query,1513042287.2791123,1513042287.4234278,2489
query,1513042287.423431,1513042287.605778,3592
query,1513042287.6057816,1513042287.7669091,4148
query,1513042287.7669127,1513042287.8815691,2657
query,1513042287.8815722,1513042288.0145035,2
query,1513042288.014508,1513042288.1426778,983
query,1513042288.1427193,1513042288.3034337,1664
query,1513042288.316079,1513042288.4354076,1033
query,1513042288.4354112,1513042288.544069,2418
query,1513042288.5440722,1513042288.661671,2030
query,1513042288.6616757,1513042288.7735543,824
query,1513042288.7735589,1513042288.893443,3518
query,1513042288.8934467,1513042289.0577705,3822
query,1513042289.057774,1513042289.1831274,2156
query,1513042289.1831312,1513042289.3741539,2855
query,1513042289.3741572,1513042289.5201561,1013
query,1513042289.5201595,1513042289.61383,781
query,1513042289.6138346,1513042289.7476585,1767
query,1513042289.7476623,1513042289.8987968,310
query,1513042289.8988006,1513042290.1482227,3237
query,1513042290.1482263,1513042290.312029,464
query,1513042290.3120334,1513042290.4762056,1024
query,1513042290.4762084,1513042290.6070986,2527
query,1513042290.6071017,1513042290.7372413,860
query,1513042290.7372456,1513042290.9204729,1422
query,1513042290.9204762,1513042291.104714,3273
query,1513042291.104755,1513042291.3252406,3654
query,1513042291.3381207,1513042291.4672048,2075
query,1513042291.4672086,1513042291.6622696,1220
query,1513042291.6622746,1513042291.8033917,877
query,1513042291.8033946,1513042291.9159653,2226
query,1513042291.9159684,1513042292.0367422,1863
query,1513042292.0367455,1513042292.1596465,23
query,1513042292.1596491,1513042292.2653816,1955
query,1513042292.2653883,1513042292.4106457,2439
query,1513042292.41065,1513042292.5141685,401
query,1513042292.5141726,1513042292.727105,3438
query,1513042292.727108,1513042292.8802598,931
query,1513042292.8802636,1513042293.050654,3455
query,1513042293.0506585,1513042293.1421013,365
query,1513042293.1421075,1513042293.2429886,1076
query,1513042293.2429926,1513042293.3850868,2462
query,1513042293.3850908,1513042293.5803003,1056
query,1513042293.5803044,1513042293.710866,1640
query,1513042293.7108698,1513042293.8630095,2608
query,1513042293.8630135,1513042293.9979017,1887
query,1513042293.9979432,1513042294.1742349,19
query,1513042294.1888952,1513042294.3529441,2702
query,1513042294.352948,1513042294.4978366,1769
query,1513042294.4978406,1513042294.6635563,204
query,1513042294.66356,1513042294.805144,2294
query,1513042294.8051481,1513042294.9362447,1801
query,1513042294.9362485,1513042295.0442398,3417
query,1513042295.044243,1513042295.2076347,2051
query,1513042295.2076392,1513042295.3755443,3330
query,1513042295.3755488,1513042295.50894,1732
query,1513042295.5089447,1513042295.6687295,3464
query,1513042295.6687336,1513042295.811416,2048
query,1513042295.8114195,1513042295.912074,424
query,1513042295.9120777,1513042296.0007274,1053
query,1513042296.0007312,1513042296.0996766,1881
query,1513042296.09968,1513042296.248208,3624
query,1513042296.2482119,1513042296.3803127,2771
query,1513042296.380316,1513042296.5364082,3441
query,1513042296.5364125,1513042296.670496,325
query,1513042296.670501,1513042296.8558412,1674
query,1513042296.855882,1513042296.987058,24
query,1513042296.9999542,1513042297.188102,2428
query,1513042297.188106,1513042297.3239264,1335
query,1513042297.3239307,1513042297.4507663,818
query,1513042297.4507704,1513042297.6395197,3480
query,1513042297.6395237,1513042297.807946,371
query,1513042297.80795,1513042297.9503782,1455
query,1513042297.9503837,1513042298.116139,3055
query,1513042298.1161435,1513042298.3139687,3367
query,1513042298.3139734,1513042298.543395,3783
query,1513042298.5433993,1513042298.710541,2509
query,1513042298.7105453,1513042298.911995,3344
query,1513042298.9120004,1513042299.0699983,51
query,1513042299.070002,1513042299.278477,3446
query,1513042299.278481,1513042299.4417195,346
query,1513042299.4417229,1513042299.6266487,2100
query,1513042299.6266518,1513042299.7546682,972
query,1513042299.7546723,1513042299.856948,718
query,1513042299.8569522,1513042299.977871,3
query,1513042299.9778733,1513042300.119964,2352
query,1513042300.1200058,1513042300.2728646,1693
query,1513042300.2869341,1513042300.4617174,1716
query,1513042300.461721,1513042300.5727556,1772
query,1513042300.57276,1513042300.75757,966
query,1513042300.7575738,1513042300.879021,902
query,1513042300.879026,1513042300.9725444,7
query,1513042300.9725485,1513042301.110687,1488
query,1513042301.1106908,1513042301.242484,1832
query,1513042301.2424898,1513042301.4565969,3225
query,1513042301.4566011,1513042301.5894248,328
query,1513042301.5894294,1513042301.694137,438
query,1513042301.6941411,1513042301.8516803,312
query,1513042301.851684,1513042302.0189939,3234
query,1513042302.0189967,1513042302.1950262,3444
query,1513042302.1950302,1513042302.3297005,1353
query,1513042302.329706,1513042302.4488423,2331
query,1513042302.448846,1513042302.5378966,793
query,1513042302.5379007,1513042302.665828,2259
query,1513042302.6658318,1513042302.8097088,2066
query,1513042302.8097134,1513042302.9352126,594
query,1513042302.935259,1513042303.066352,158
query,1513042303.0792224,1513042303.259943,1833
query,1513042303.2599466,1513042303.45232,1639
query,1513042303.4523246,1513042303.662297,2652
query,1513042303.662301,1513042303.8411565,935
query,1513042303.841161,1513042304.018572,3566
query,1513042304.0185766,1513042304.1639254,771
query,1513042304.16393,1513042304.30533,3850
query,1513042304.3053334,1513042304.4191601,1625
query,1513042304.4191642,1513042304.5713248,1704
query,1513042304.57133,1513042304.7307923,1140
query,1513042304.7307963,1513042304.8567152,2107
query,1513042304.856719,1513042305.0425322,3563
query,1513042305.042536,1513042305.1610827,1685
query,1513042305.1610856,1513042305.2725332,1245
query,1513042305.2725363,1513042305.4180257,3589
query,1513042305.41803,1513042305.547447,2524
query,1513042305.5474508,1513042305.7302961,2870
query,1513042305.7302992,1513042305.8603718,976
query,1513042305.8603747,1513042305.960577,76
query,1513042305.9606104,1513042306.076403,460
query,1513042306.0852478,1513042306.2262087,7
query,1513042306.2262132,1513042306.377577,1441
query,1513042306.3775797,1513042306.5440028,512
query,1513042306.5440056,1513042306.7302365,1184
query,1513042306.7302399,1513042306.9532418,2045
query,1513042306.9532456,1513042307.120061,1061
query,1513042307.1200645,1513042307.3324738,3070
query,1513042307.3324766,1513042307.5116737,917
query,1513042307.511677,1513042307.6568673,38
query,1513042307.6568704,1513042307.8437634,1638
query,1513042307.84378,1513042307.9642296,3683
query,1513042307.9642334,1513042308.0701969,37
query,1513042308.0702019,1513042308.2158587,3432
query,1513042308.215864,1513042308.3679597,1545
query,1513042308.367964,1513042308.5010743,179
query,1513042308.5010788,1513042308.6632192,2254
query,1513042308.663223,1513042308.787252,1156
query,1513042308.787256,1513042308.9642475,1917
query,1513042308.9642515,1513042309.1514955,2278
query,1513042309.1515498,1513042309.4454904,3479
query,1513042309.461992,1513042309.587156,139
query,1513042309.5871608,1513042309.717748,1939
query,1513042309.7177525,1513042309.8817134,2102
query,1513042309.881718,1513042309.9973679,1102
query,1513042309.9973714,1513042310.1135252,611
query,1513042310.113529,1513042310.2820241,561
query,1513042310.2820284,1513042310.404364,1490
query,1513042310.4043686,1513042310.5594254,240
query,1513042310.5594296,1513042310.7376018,627
query,1513042310.737606,1513042310.9130507,1218
query,1513042310.9130569,1513042311.0395176,918
query,1513042311.0395217,1513042311.222483,2438
query,1513042311.2224874,1513042311.3944242,820
query,1513042311.3944283,1513042311.4948082,1350
query,1513042311.494812,1513042311.5911798,48
query,1513042311.5911849,1513042311.7370777,2400
query,1513042311.7370818,1513042311.8477845,2561
query,1513042311.8477902,1513042311.97617,3708
query,1513042311.976174,1513042312.1144009,241
query,1513042312.114438,1513042312.2710054,3062
query,1513042312.2846296,1513042312.3980627,418
query,1513042312.3980682,1513042312.5361779,1864
query,1513042312.5361829,1513042312.6782813,2572
query,1513042312.6782856,1513042312.8035839,15
query,1513042312.8035877,1513042312.973712,3333
query,1513042312.9737158,1513042313.1086493,1878
query,1513042313.1086552,1513042313.2623231,1734
query,1513042313.2623403,1513042313.4036124,239
query,1513042313.4036174,1513042313.5998945,1258
query,1513042313.5999007,1513042313.7278533,1273
query,1513042313.7278585,1513042313.9131744,3239
query,1513042313.9131794,1513042314.0777605,3560
query,1513042314.0777643,1513042314.1657777,4
query,1513042314.1657834,1513042314.254969,1
query,1513042314.2549732,1513042314.4238915,2110
query,1513042314.4238944,1513042314.5955782,1692
query,1513042314.5955813,1513042314.7699099,2742
query,1513042314.769913,1513042314.883563,408
query,1513042314.8835657,1513042314.9926543,634
query,1513042314.9927053,1513042315.171723,2701
query,1513042315.1860275,1513042315.3801088,2404
query,1513042315.380115,1513042315.5198538,1710
query,1513042315.519858,1513042315.6916628,2700
query,1513042315.6916673,1513042315.8005786,1351
query,1513042315.8005848,1513042315.954365,2239
query,1513042315.9543693,1513042316.0793264,1902
query,1513042316.0793295,1513042316.2001805,963
query,1513042316.200185,1513042316.3259373,3406
query,1513042316.325949,1513042316.6081507,3263
query,1513042316.6081543,1513042316.7706058,3603
query,1513042316.7706106,1513042316.92706,1545
query,1513042316.9270642,1513042317.1073258,2361
query,1513042317.107329,1513042317.248212,3612
query,1513042317.2482226,1513042317.4795294,2889
query,1513042317.479535,1513042317.6318974,2257
query,1513042317.6319015,1513042317.7628734,2350
query,1513042317.7628791,1513042317.8955252,1059
query,1513042317.89553,1513042318.0101948,1817
query,1513042318.010199,1513042318.1984992,2805
query,1513042318.1985493,1513042318.3882682,2898
query,1513042318.40243,1513042318.628675,3474
query,1513042318.6286793,1513042318.768468,126
query,1513042318.7684717,1513042318.934999,937
query,1513042318.9350038,1513042319.0632694,2899
query,1513042319.063273,1513042319.2360718,3565
query,1513042319.236076,1513042319.397865,3708
query,1513042319.3978698,1513042319.588433,1682
query,1513042319.5884378,1513042319.7364078,2405
query,1513042319.7364116,1513042319.9126942,2720
query,1513042319.9126978,1513042320.0657,268
query,1513042320.0657048,1513042320.2149427,627
query,1513042320.2149467,1513042320.4243824,1832
query,1513042320.4243875,1513042320.660124,4327
query,1513042320.6601286,1513042320.7860203,96
query,1513042320.786024,1513042320.945077,2582
query,1513042320.945081,1513042321.0929096,1679
query,1513042321.0929167,1513042321.21847,3376
query,1513042321.218475,1513042321.4150608,3536
query,1513042321.4150658,1513042321.6440158,2941
query,1513042321.6440558,1513042321.9166117,2516
query,1513042321.9245398,1513042322.0991194,460
query,1513042322.0991225,1513042322.2379405,938
query,1513042322.2379453,1513042322.3809674,3134
query,1513042322.3809726,1513042322.6180475,2549
query,1513042322.618051,1513042322.8178105,1931
query,1513042322.8178158,1513042322.9972367,1885
query,1513042322.9972413,1513042323.139054,2075
query,1513042323.139058,1513042323.2652164,769
query,1513042323.2652204,1513042323.4042337,678
query,1513042323.4042382,1513042323.537549,2052
query,1513042323.537554,1513042323.7037928,146
query,1513042323.7037969,1513042323.7956328,543
query,1513042323.7956371,1513042323.983028,3207
query,1513042323.983032,1513042324.1508036,3262
query,1513042324.1508083,1513042324.2744107,2601
query,1513042324.2744162,1513042324.4026666,1979
query,1513042324.4026704,1513042324.5852716,3133
query,1513042324.5852757,1513042324.7630897,1017
query,1513042324.7630954,1513042324.918732,2117
query,1513042324.9187937,1513042325.153247,3216
query,1513042325.1658833,1513042325.310573,657
query,1513042325.3105774,1513042325.486441,2692
query,1513042325.4864447,1513042325.6100786,1087
query,1513042325.610083,1513042325.7742355,950
query,1513042325.7742407,1513042325.9367108,2501
query,1513042325.936715,1513042326.0743053,1802
query,1513042326.0743098,1513042326.2360044,264
query,1513042326.2360086,1513042326.456377,3396
query,1513042326.4563808,1513042326.708544,3068
query,1513042326.70855,1513042326.8843446,700
query,1513042326.8843489,1513042327.051927,2073
query,1513042327.0519311,1513042327.1878853,2184
query,1513042327.1878898,1513042327.3428724,2354
query,1513042327.342876,1513042327.433535,48
query,1513042327.433538,1513042327.5448737,1332
query,1513042327.5448763,1513042327.677156,441
query,1513042327.6771612,1513042327.7888455,2162
query,1513042327.78885,1513042327.889014,1928
query,1513042327.8890183,1513042328.0868115,3135
query,1513042328.086866,1513042328.2954013,2100
query,1513042328.3088405,1513042328.4684172,2595
query,1513042328.4684212,1513042328.6969073,3424
query,1513042328.696912,1513042328.9247384,1984
query,1513042328.9247434,1513042329.0345378,1112
query,1513042329.0345426,1513042329.1317217,406
query,1513042329.131724,1513042329.2782845,850
query,1513042329.278287,1513042329.4527078,2784
query,1513042329.452712,1513042329.6311202,2433
query,1513042329.631124,1513042329.8601825,3477
query,1513042329.8601859,1513042330.0544255,2454
query,1513042330.0544295,1513042330.237818,2364
query,1513042330.2378218,1513042330.4926324,4110
query,1513042330.4926376,1513042330.6197808,17
query,1513042330.6197836,1513042330.8048856,2193
query,1513042330.8048925,1513042330.951986,1607
query,1513042330.9519904,1513042331.1453664,2387
query,1513042331.1453705,1513042331.25956,2391
query,1513042331.2595649,1513042331.3722441,686
query,1513042331.3722484,1513042331.5578544,1530
query,1513042331.557911,1513042331.7101192,1197
query,1513042331.725411,1513042331.8821762,2521
query,1513042331.8821793,1513042332.0072834,1681
query,1513042332.0072865,1513042332.151514,1847
query,1513042332.1515179,1513042332.2718678,1014
query,1513042332.271872,1513042332.412432,1012
query,1513042332.412436,1513042332.5793052,2814
query,1513042332.5793092,1513042332.7782097,1889
query,1513042332.778214,1513042332.9861107,3107
query,1513042332.9861147,1513042333.0819595,6
query,1513042333.081964,1513042333.2602203,3563
query,1513042333.2602248,1513042333.4119453,2037
query,1513042333.4119558,1513042333.5442832,537
query,1513042333.5442867,1513042333.7912457,3537
query,1513042333.79125,1513042333.931239,12
query,1513042333.9312432,1513042334.0532215,862
query,1513042334.0532262,1513042334.2187114,2459
query,1513042334.218715,1513042334.351671,404
query,1513042334.3516748,1513042334.5351489,2414
query,1513042334.5351527,1513042334.7610934,3332
query,1513042334.7611399,1513042335.0116587,2821
query,1513042335.0246563,1513042335.1672535,312
query,1513042335.1672566,1513042335.3377845,2038
query,1513042335.3377876,1513042335.4963596,1364
query,1513042335.4963634,1513042335.7068884,239
query,1513042335.7068923,1513042335.9087615,1046
query,1513042335.9087663,1513042336.0598762,3093
query,1513042336.0598805,1513042336.2460718,3672
query,1513042336.2460763,1513042336.3463337,2
query,1513042336.3463383,1513042336.4781291,1291
query,1513042336.4781334,1513042336.578305,810
query,1513042336.5783095,1513042336.7110014,2992
query,1513042336.711005,1513042336.8756156,2763
query,1513042336.8756194,1513042337.1236591,2008
query,1513042337.1236627,1513042337.249315,949
query,1513042337.2493196,1513042337.4905963,3370
query,1513042337.490602,1513042337.6608667,3107
query,1513042337.6608708,1513042337.7782612,1142
query,1513042337.7782652,1513042337.9220994,854
query,1513042337.922103,1513042338.0987206,2014
query,1513042338.0987544,1513042338.2033353,963
query,1513042338.2171881,1513042338.3511539,2291
query,1513042338.351158,1513042338.556314,3248
query,1513042338.5563297,1513042338.7082832,0
query,1513042338.7082872,1513042338.9308686,3277
query,1513042338.930873,1513042339.072654,195
query,1513042339.0726573,1513042339.2342281,1645
query,1513042339.234232,1513042339.4128597,3360
query,1513042339.412863,1513042339.5585737,1946
query,1513042339.5585775,1513042339.7587154,1321
query,1513042339.7587202,1513042339.929992,242
query,1513042339.9299958,1513042340.0837984,1956
query,1513042340.0838082,1513042340.3078055,3287
query,1513042340.3078089,1513042340.4696069,249
query,1513042340.4696114,1513042340.6183455,1977
query,1513042340.6183486,1513042340.8128989,1856
query,1513042340.8129041,1513042340.9110084,1905
query,1513042340.9110126,1513042341.0194483,552
query,1513042341.0194519,1513042341.2082498,2010
query,1513042341.2082546,1513042341.3040419,1
query,1513042341.3040988,1513042341.4753623,1879
query,1513042341.4881003,1513042341.6383755,1929
query,1513042341.6383796,1513042341.7644014,2309
query,1513042341.7644055,1513042341.9804208,2173
query,1513042341.9804263,1513042342.107978,470
query,1513042342.1079814,1513042342.2562363,3270
query,1513042342.2562413,1513042342.3674433,1590
query,1513042342.3674464,1513042342.4855359,347
query,1513042342.4855406,1513042342.6400328,1882
query,1513042342.640036,1513042342.7564418,3140
query,1513042342.7564466,1513042342.8683686,241
query,1513042342.8683856,1513042342.999457,3439
query,1513042342.999461,1513042343.1011875,2089
query,1513042343.1011915,1513042343.2637682,2797
query,1513042343.263774,1513042343.3932805,2079
query,1513042343.393284,1513042343.5865073,2123
query,1513042343.5865114,1513042343.7278419,1853
query,1513042343.7278466,1513042343.88613,326
query,1513042343.886135,1513042344.0546198,696
query,1513042344.0546238,1513042344.1925921,1256
query,1513042344.1926491,1513042344.310478,1
query,1513042344.3159769,1513042344.4314973,124
query,1513042344.4315016,1513042344.5373044,241
query,1513042344.5373077,1513042344.683517,447
query,1513042344.6835215,1513042344.806107,2586
query,1513042344.8061109,1513042344.9841363,2868
query,1513042344.9841397,1513042345.111917,2238
query,1513042345.1119208,1513042345.2318342,1972
query,1513042345.231839,1513042345.3798516,747
query,1513042345.3798563,1513042345.543704,1482
query,1513042345.543708,1513042345.702744,3228
query,1513042345.7027478,1513042345.859451,2105
query,1513042345.8594565,1513042346.0822756,3448
query,1513042346.0822794,1513042346.3604803,3160
query,1513042346.3605437,1513042346.5431669,1452
query,1513042346.5431705,1513042346.784561,900
query,1513042346.7845652,1513042347.0596356,3610
query,1513042347.0596406,1513042347.2362378,2099
query,1513042347.2362437,1513042347.3685365,1252
query,1513042347.368541,1513042347.5380287,3477
query,1513042347.5380683,1513042347.7233613,2568
query,1513042347.7358747,1513042347.8776271,2402
query,1513042347.87763,1513042348.0124102,2566
query,1513042348.0124145,1513042348.1865222,481
query,1513042348.1865268,1513042348.3499966,2576
query,1513042348.3500006,1513042348.5841212,3688
query,1513042348.584125,1513042348.7359526,2818
query,1513042348.7359571,1513042348.8529274,8
query,1513042348.8529308,1513042349.0167196,3287
query,1513042349.0167239,1513042349.2196023,2317
query,1513042349.2196057,1513042349.3604019,384
query,1513042349.3604057,1513042349.483505,0
query,1513042349.483509,1513042349.6417403,145
query,1513042349.6417444,1513042349.8001044,1654
query,1513042349.8001082,1513042349.923864,2362
query,1513042349.9238663,1513042350.1041298,2457
query,1513042350.1041322,1513042350.214729,156
query,1513042350.2147338,1513042350.3810222,3378
query,1513042350.3810248,1513042350.5153627,649
query,1513042350.5153656,1513042350.616481,252
query,1513042350.616564,1513042350.7437186,730
query,1513042350.757193,1513042350.907303,2871
query,1513042350.907307,1513042351.0027957,379
query,1513042351.0027997,1513042351.1781616,549
query,1513042351.1781652,1513042351.2780497,397
query,1513042351.278054,1513042351.423623,201
query,1513042351.4236271,1513042351.6068118,1906
query,1513042351.6068158,1513042351.7606041,3253
query,1513042351.76061,1513042351.9226062,1485
query,1513042351.9226105,1513042352.053649,259
query,1513042352.0536525,1513042352.1876738,395
query,1513042352.187679,1513042352.3312027,368
query,1513042352.3312066,1513042352.4983032,1688
query,1513042352.4983077,1513042352.6129553,262
query,1513042352.6129596,1513042352.8124502,144
query,1513042352.8124554,1513042352.975903,204
query,1513042352.975907,1513042353.127327,2400
query,1513042353.1273303,1513042353.2704687,3038
query,1513042353.2704735,1513042353.4277067,1464
query,1513042353.4277098,1513042353.560095,2622
query,1513042353.56013,1513042353.6932914,2322
query,1513042353.7069845,1513042353.862669,1093
query,1513042353.8626728,1513042353.9818056,374
query,1513042353.9818094,1513042354.1043155,374
query,1513042354.1043196,1513042354.2291865,403
query,1513042354.2291908,1513042354.3749163,747
query,1513042354.3749197,1513042354.5097117,140
query,1513042354.5097156,1513042354.6642096,127
query,1513042354.6642141,1513042354.7634668,424
query,1513042354.763471,1513042354.899606,1598
query,1513042354.8996098,1513042355.0327206,3152
query,1513042355.0327241,1513042355.1420069,205
query,1513042355.142011,1513042355.2475214,692
query,1513042355.247526,1513042355.3668833,938
query,1513042355.3668878,1513042355.520622,1232
query,1513042355.520627,1513042355.6125383,620
query,1513042355.6125412,1513042355.751009,2508
query,1513042355.7510126,1513042355.8691943,2279
query,1513042355.8691986,1513042356.0520191,2358
query,1513042356.0520234,1513042356.1932538,3235
query,1513042356.1932962,1513042356.4108858,2241
query,1513042356.4226718,1513042356.562929,3267
query,1513042356.5629318,1513042356.665088,722
query,1513042356.665092,1513042356.8083308,441
query,1513042356.8083348,1513042356.9466095,195
query,1513042356.9466138,1513042357.0669255,948
query,1513042357.0669293,1513042357.3210258,2100
query,1513042357.321031,1513042357.487437,2392
query,1513042357.4874423,1513042357.6308658,292
query,1513042357.63087,1513042357.7529187,555
query,1513042357.752923,1513042357.8603969,1560
query,1513042357.8604012,1513042358.1612132,60
query,1513042358.1612182,1513042358.4287438,2459
query,1513042358.4287493,1513042358.5394697,99
query,1513042358.5394735,1513042358.6813853,2296
query,1513042358.6813893,1513042358.912449,3518
query,1513042358.9124525,1513042359.0259871,1691
query,1513042359.0259912,1513042359.1786592,1305
query,1513042359.1786635,1513042359.301721,917
query,1513042359.3017244,1513042359.4367447,1641
query,1513042359.43682,1513042359.6111739,2489
query,1513042359.6229868,1513042359.7782772,1861
query,1513042359.7782812,1513042359.946181,991
query,1513042359.9461846,1513042360.1068692,2569
query,1513042360.1068742,1513042360.2405713,2290
query,1513042360.240575,1513042360.383649,2411
query,1513042360.383653,1513042360.5417743,3770
query,1513042360.5417788,1513042360.663903,1754
query,1513042360.663906,1513042360.7630632,42
query,1513042360.7630668,1513042360.9198618,4154
query,1513042360.9198656,1513042361.0612679,0
query,1513042361.0612717,1513042361.1755261,3
query,1513042361.17553,1513042361.3477097,8
query,1513042361.3477123,1513042361.4429696,0
query,1513042361.4429736,1513042361.8582726,3282
query,1513042361.858277,1513042362.011129,0
query,1513042362.0111341,1513042362.2185514,3741
query,1513042362.2185557,1513042362.376459,13
query,1513042362.3764646,1513042362.5659962,2542
query,1513042362.5660012,1513042362.7846286,2190
query,1513042362.7846708,1513042362.9414027,607
query,1513042362.9537237,1513042363.116442,2798
query,1513042363.1164458,1513042363.2498186,661
query,1513042363.2498224,1513042363.3474352,722
query,1513042363.3474376,1513042363.482476,1192
query,1513042363.4824796,1513042363.6644228,1842
query,1513042363.6644268,1513042363.8469892,1872
query,1513042363.8469932,1513042364.0034554,973
query,1513042364.0034587,1513042364.154169,1246
query,1513042364.1541739,1513042364.2765675,935
query,1513042364.2765718,1513042364.3816411,1569
query,1513042364.3816457,1513042364.4875503,539
query,1513042364.4875531,1513042364.651848,2917
query,1513042364.651851,1513042364.781013,1118
query,1513042364.7810175,1513042364.8961022,1227
query,1513042364.8961055,1513042365.012281,1980
query,1513042365.0122855,1513042365.1808288,3534
query,1513042365.1808348,1513042365.3203666,733
query,1513042365.320369,1513042365.5143661,3267
query,1513042365.5143692,1513042365.626401,34
query,1513042365.6264355,1513042365.7564597,854
query,1513042365.7695513,1513042365.8686752,5
query,1513042365.868679,1513042366.0247083,2268
query,1513042366.0247116,1513042366.160712,573
query,1513042366.1607165,1513042366.260427,1371
query,1513042366.2604313,1513042366.4125314,1011
query,1513042366.4125364,1513042366.5492032,1795
query,1513042366.5492063,1513042366.7434883,2865
query,1513042366.743491,1513042366.8984137,1622
query,1513042366.8984165,1513042367.0930128,3014
query,1513042367.0930173,1513042367.3120334,2185
query,1513042367.3120375,1513042367.5169203,2714
query,1513042367.5169249,1513042367.6550899,1558
query,1513042367.6550941,1513042367.8260627,3272
query,1513042367.8260672,1513042368.0795798,1854
query,1513042368.079584,1513042368.306905,2560
query,1513042368.3069081,1513042368.466764,2028
query,1513042368.4667675,1513042368.6081932,1261
query,1513042368.608197,1513042368.75136,2137
query,1513042368.7513638,1513042368.8639314,1999
query,1513042368.8639684,1513042369.0023503,1845
query,1513042369.014622,1513042369.2926772,2526
query,1513042369.2926815,1513042369.4699674,865
query,1513042369.4699712,1513042369.676473,2298
query,1513042369.6764772,1513042369.8253782,2306
query,1513042369.8253827,1513042370.0291338,3400
query,1513042370.0291386,1513042370.1826978,2553
query,1513042370.1827018,1513042370.2957356,0
query,1513042370.2957397,1513042370.430073,3798
query,1513042370.4300778,1513042370.6039293,10
query,1513042370.6039326,1513042370.8088737,3773
query,1513042370.8088822,1513042370.9448738,773
query,1513042370.9448793,1513042371.066129,377
query,1513042371.066134,1513042371.2361703,2139
query,1513042371.2361743,1513042371.336842,1
query,1513042371.3368464,1513042371.5465913,2617
query,1513042371.5465946,1513042371.7244635,2804
query,1513042371.724467,1513042371.9950578,3295
query,1513042371.9950626,1513042372.1916,3391
query,1513042372.1916056,1513042372.3573494,1500
query,1513042372.35739,1513042372.5034723,648
query,1513042372.5159125,1513042372.617188,60
query,1513042372.6171918,1513042372.7677684,184
query,1513042372.7677727,1513042372.881426,9
query,1513042372.88143,1513042373.0466554,89
query,1513042373.0466592,1513042373.2438586,3281
query,1513042373.2438638,1513042373.4292576,2505
query,1513042373.4292626,1513042373.5843046,1540
query,1513042373.584309,1513042373.7292707,1233
query,1513042373.7292757,1513042373.9044013,3897
query,1513042373.9044056,1513042374.0194788,132
query,1513042374.0194829,1513042374.1455004,529
query,1513042374.1455045,1513042374.2997622,1798
query,1513042374.299768,1513042374.447941,1381
query,1513042374.4479446,1513042374.604328,1648
query,1513042374.6043327,1513042374.7786245,2910
query,1513042374.7786288,1513042374.9909434,3674
query,1513042374.990948,1513042375.1502678,2012
query,1513042375.1502712,1513042375.273892,1032
query,1513042375.2738957,1513042375.4565587,2461
query,1513042375.4565992,1513042375.6274972,2983
query,1513042375.6404097,1513042375.820355,371
query,1513042375.8203583,1513042375.9945557,3231
query,1513042375.9945598,1513042376.1663759,3643
query,1513042376.1663797,1513042376.3404372,2214
query,1513042376.340443,1513042376.5270073,1660
query,1513042376.5270112,1513042376.6890423,2663
query,1513042376.6890473,1513042376.767387,1
query,1513042376.7673903,1513042376.9323473,914
query,1513042376.9323516,1513042377.0942924,1142
query,1513042377.0942967,1513042377.2252302,982
query,1513042377.2252436,1513042377.3290386,273
query,1513042377.3290424,1513042377.4679573,3378
query,1513042377.467961,1513042377.5916536,1175
query,1513042377.5916576,1513042377.7621849,4123
query,1513042377.7621894,1513042377.8937016,2764
query,1513042377.893705,1513042378.0186636,3600
query,1513042378.0186682,1513042378.217485,1160
query,1513042378.217489,1513042378.3222313,1349
query,1513042378.322236,1513042378.429572,1048
query,1513042378.429612,1513042378.5665698,1429
query,1513042378.5807545,1513042378.766231,740
query,1513042378.7662346,1513042378.8818178,1719
query,1513042378.8818214,1513042378.9693277,893
query,1513042378.9693317,1513042379.0879033,188
query,1513042379.087906,1513042379.2417383,3049
query,1513042379.2417417,1513042379.3661397,2639
query,1513042379.366142,1513042379.5158,384
query,1513042379.5158045,1513042379.724381,2367
query,1513042379.724386,1513042379.8579276,709
query,1513042379.8579316,1513042380.0124183,1224
query,1513042380.012422,1513042380.2012353,2057
query,1513042380.201239,1513042380.3504503,3319
query,1513042380.3504539,1513042380.5022368,2483
query,1513042380.5022416,1513042380.6803236,1422
query,1513042380.680328,1513042380.8797004,1713
query,1513042380.8797038,1513042381.1128967,3433
query,1513042381.1129014,1513042381.2799532,1489
query,1513042381.2799575,1513042381.403557,98
query,1513042381.4035602,1513042381.4999716,356
query,1513042381.5000188,1513042381.6270936,2635
query,1513042381.636718,1513042381.7825472,2604
query,1513042381.782551,1513042381.9138186,1284
query,1513042381.9138222,1513042382.002212,35
query,1513042382.0022168,1513042382.13785,2159
query,1513042382.1378548,1513042382.4414601,1918
query,1513042382.4414644,1513042382.6224167,1968
query,1513042382.622422,1513042382.750365,1580
query,1513042382.750369,1513042382.8956468,2850
query,1513042382.895651,1513042383.0294394,1091
query,1513042383.0294437,1513042383.1419218,335
query,1513042383.1419256,1513042383.2127194,0
query,1513042383.2127235,1513042383.400207,3375
query,1513042383.4002118,1513042383.553383,1032
query,1513042383.5533874,1513042383.7145047,3149
query,1513042383.7145083,1513042383.8412776,805
query,1513042383.8412833,1513042383.9865432,1509
query,1513042383.9865472,1513042384.1780603,2895
query,1513042384.1780646,1513042384.3482301,2588
query,1513042384.3482454,1513042384.4762652,2956
query,1513042384.4763134,1513042384.6539128,2285
query,1513042384.6672506,1513042384.816681,1844
query,1513042384.816685,1513042384.948939,1819
query,1513042384.9489422,1513042385.1370282,1087
query,1513042385.1370316,1513042385.246727,212
query,1513042385.2467318,1513042385.3699048,2143
query,1513042385.36991,1513042385.563519,280
query,1513042385.5635228,1513042385.7071514,1233
query,1513042385.7071545,1513042385.9289439,2827
query,1513042385.9289482,1513042386.1482246,1891
query,1513042386.148229,1513042386.2675543,0
query,1513042386.2675574,1513042386.3931627,1836
query,1513042386.3931653,1513042386.53817,1485
query,1513042386.5381732,1513042386.7278273,510
query,1513042386.7278311,1513042386.892681,3255
query,1513042386.8926845,1513042387.0438733,1234
query,1513042387.0438766,1513042387.2178848,3582
query,1513042387.2178895,1513042387.4402943,3226
query,1513042387.4402976,1513042387.611735,2689
query,1513042387.6117384,1513042387.7527049,2223
query,1513042387.7527585,1513042387.9363575,1714
query,1513042387.9446805,1513042388.1603665,1051
query,1513042388.16037,1513042388.2873406,1898
query,1513042388.287349,1513042388.4454331,2979
query,1513042388.4454372,1513042388.5956016,903
query,1513042388.5956056,1513042388.7258255,1111
query,1513042388.7258296,1513042388.8188305,27
query,1513042388.818834,1513042388.946571,2434
query,1513042388.9465747,1513042389.1710677,1411
query,1513042389.1710715,1513042389.3660471,1578
query,1513042389.3660498,1513042389.5222106,2419
query,1513042389.5222147,1513042389.7232776,4043
query,1513042389.7232816,1513042389.8908083,1999
query,1513042389.8908112,1513042390.0168006,4
query,1513042390.0168047,1513042390.14033,2182
query,1513042390.1403344,1513042390.2677288,2034
query,1513042390.2677333,1513042390.4039643,288
query,1513042390.4039683,1513042390.5835242,3923
query,1513042390.5835266,1513042390.7162125,3318
query,1513042390.716216,1513042390.8626122,3357
query,1513042390.8626578,1513042391.0378995,2132
query,1513042391.0494401,1513042391.145585,768
query,1513042391.145589,1513042391.3251202,1899
query,1513042391.3251238,1513042391.479922,3585
query,1513042391.4799252,1513042391.5916567,1674
query,1513042391.5916593,1513042391.774551,2754
query,1513042391.7745557,1513042391.9162,3639
query,1513042391.9162033,1513042392.0343494,42
query,1513042392.0343535,1513042392.1502721,1873
query,1513042392.150277,1513042392.3006196,3355
query,1513042392.3006237,1513042392.4604514,1671
query,1513042392.4604561,1513042392.5831907,441
query,1513042392.583195,1513042392.8019736,2068
query,1513042392.8019779,1513042392.9827912,1179
query,1513042392.9827957,1513042393.154944,651
query,1513042393.1549482,1513042393.3280356,48
query,1513042393.3280404,1513042393.4244037,0
query,1513042393.4244077,1513042393.5751443,754
query,1513042393.575148,1513042393.7634194,1794
query,1513042393.7634242,1513042393.9474144,2034
query,1513042393.947458,1513042394.1711633,102
query,1513042394.1848912,1513042394.3861582,3686
query,1513042394.3861637,1513042394.5792534,2141
query,1513042394.579257,1513042394.81077,2356
query,1513042394.8107743,1513042394.9685576,1387
query,1513042394.968561,1513042395.167239,1013
query,1513042395.1672451,1513042395.3155801,859
query,1513042395.3155842,1513042395.4679513,346
query,1513042395.4679546,1513042395.69008,2729
query,1513042395.6900833,1513042395.8717754,1862
query,1513042395.8717785,1513042396.077229,3482
query,1513042396.0772336,1513042396.2236834,614
query,1513042396.2236872,1513042396.3666704,67
query,1513042396.3666732,1513042396.5621667,3442
query,1513042396.562171,1513042396.6864347,10
query,1513042396.686439,1513042396.8076985,227
query,1513042396.8077025,1513042396.9590576,333
query,1513042396.9590616,1513042397.1860478,3264
query,1513042397.1860502,1513042397.326954,1680
query,1513042397.3269584,1513042397.437374,266
query,1513042397.4374182,1513042397.6146,2231
query,1513042397.626913,1513042397.7565265,268
query,1513042397.7565308,1513042397.9164696,4110
query,1513042397.9164727,1513042397.9935162,2
query,1513042397.9935205,1513042398.0908177,15
query,1513042398.0908203,1513042398.2267127,42
query,1513042398.226717,1513042398.4413433,2457
query,1513042398.4413493,1513042398.5521696,521
query,1513042398.5521743,1513042398.697028,3918
query,1513042398.6970322,1513042398.894388,2849
query,1513042398.8943915,1513042399.0737371,73
query,1513042399.0737414,1513042399.255691,2724
query,1513042399.2556946,1513042399.4516604,249
query,1513042399.4516642,1513042399.5957294,2262
query,1513042399.595733,1513042399.775868,3034
query,1513042399.775872,1513042399.9186766,1622
query,1513042399.9186804,1513042400.0862458,2023
query,1513042400.0862498,1513042400.3795083,3004
query,1513042400.3795118,1513042400.5419424,1353
query,1513042400.5419457,1513042400.7174778,3547
query,1513042400.717521,1513042400.9571214,4100
query,1513042400.9693403,1513042401.1644378,2256
query,1513042401.1644418,1513042401.368599,1787
query,1513042401.3686035,1513042401.5241668,2754
query,1513042401.5241706,1513042401.6605506,1110
query,1513042401.660555,1513042401.8478408,2429
query,1513042401.8478427,1513042401.9476798,2
query,1513042401.9476848,1513042402.126565,651
query,1513042402.126568,1513042402.3843126,2292
query,1513042402.384317,1513042402.5801885,3392
query,1513042402.5801923,1513042402.7423081,1687
query,1513042402.7423122,1513042402.8942761,725
query,1513042402.8942807,1513042403.0356393,2612
query,1513042403.0356426,1513042403.235036,3666
query,1513042403.2350407,1513042403.3733723,1279
query,1513042403.3733766,1513042403.5290287,1541
query,1513042403.5290332,1513042403.6350443,1084
query,1513042403.6350493,1513042403.769795,3030
query,1513042403.7698002,1513042403.839897,1
query,1513042403.8399014,1513042403.9480515,249
query,1513042403.948094,1513042404.1801403,955
query,1513042404.1939507,1513042404.3276527,1134
query,1513042404.3276558,1513042404.443101,273
query,1513042404.443105,1513042404.5829053,2982
query,1513042404.5829084,1513042404.7250164,1562
query,1513042404.725021,1513042404.8445268,556
query,1513042404.844531,1513042405.0002909,392
query,1513042405.0002935,1513042405.098409,1
query,1513042405.0984118,1513042405.2494802,3581
query,1513042405.2494836,1513042405.3881288,3385
query,1513042405.3881319,1513042405.5762076,191
query,1513042405.5762105,1513042405.6924114,634
query,1513042405.6924143,1513042405.8024223,1776
query,1513042405.8024254,1513042405.9363434,3091
query,1513042405.936346,1513042406.0456305,607
query,1513042406.045634,1513042406.2603047,2744
query,1513042406.260308,1513042406.440766,1486
query,1513042406.4407945,1513042406.5886803,2
query,1513042406.5886836,1513042406.7643213,3125
query,1513042406.7643254,1513042406.9642265,203
query,1513042406.9642637,1513042407.1237857,2033
query,1513042407.1369307,1513042407.3072445,1616
query,1513042407.3072474,1513042407.52234,2574
query,1513042407.522344,1513042407.8148732,3893
query,1513042407.8148787,1513042407.9884133,1767
query,1513042407.9884171,1513042408.1160977,2285
query,1513042408.116102,1513042408.2482305,206
query,1513042408.248234,1513042408.4243398,2422
query,1513042408.4243445,1513042408.6482818,1484
query,1513042408.648285,1513042408.820371,3511
query,1513042408.8203747,1513042408.996244,3408
query,1513042408.9962473,1513042409.1122513,2067
query,1513042409.1122556,1513042409.261737,2544
query,1513042409.2617533,1513042409.433697,3678
query,1513042409.4337015,1513042409.5785549,3267
query,1513042409.5785573,1513042409.6943254,2798
query,1513042409.6943295,1513042409.8441799,2369
query,1513042409.8441837,1513042410.0680199,1916
query,1513042410.068023,1513042410.2164817,1716
query,1513042410.2165008,1513042410.3318634,772
query,1513042410.3319101,1513042410.4594643,729
query,1513042410.473791,1513042410.6194143,2293
query,1513042410.6194167,1513042410.7125125,236
query,1513042410.7125168,1513042410.8834007,2357
query,1513042410.8834045,1513042411.064443,2500
query,1513042411.0644474,1513042411.1922145,566
query,1513042411.1922188,1513042411.3123574,2235
query,1513042411.312362,1513042411.412039,449
query,1513042411.4120426,1513042411.5944235,3193
query,1513042411.5944276,1513042411.7833333,1898
query,1513042411.7833374,1513042411.9627366,1282
query,1513042411.9627407,1513042412.1451948,3414
query,1513042412.1451986,1513042412.3041298,1339
query,1513042412.3041332,1513042412.3920898,247
query,1513042412.3920937,1513042412.5994587,2341
query,1513042412.599462,1513042412.7804255,3963
query,1513042412.7804291,1513042413.0054708,3197
query,1513042413.0054748,1513042413.190068,2042
query,1513042413.190072,1513042413.3404703,2668
query,1513042413.3404748,1513042413.5216732,36
query,1513042413.5217042,1513042413.7050304,5
query,1513042413.7211096,1513042413.8156524,1
query,1513042413.8156567,1513042414.0410948,2385
query,1513042414.041099,1513042414.1527166,15
query,1513042414.1527221,1513042414.2745082,493
query,1513042414.2745118,1513042414.4217973,1
query,1513042414.421801,1513042414.5821636,2663
query,1513042414.5821671,1513042414.7547808,119
query,1513042414.7547846,1513042414.9046326,3527
query,1513042414.904638,1513042415.090236,1931
query,1513042415.0902507,1513042415.254209,854
query,1513042415.254213,1513042415.428337,938
query,1513042415.4283412,1513042415.6001642,1744
query,1513042415.6001682,1513042415.7284706,1116
query,1513042415.7284749,1513042415.8767414,2195
query,1513042415.8767452,1513042416.100092,1636
query,1513042416.1000953,1513042416.3046958,3212
query,1513042416.3047001,1513042416.3829618,0
query,1513042416.3829672,1513042416.5323913,446
query,1513042416.5323951,1513042416.7409992,1995
query,1513042416.74106,1513042416.8963585,388
query,1513042416.9096248,1513042417.061304,717
query,1513042417.0613084,1513042417.2118604,1534
query,1513042417.2118647,1513042417.3320217,0
query,1513042417.3320258,1513042417.5147648,3733
query,1513042417.514768,1513042417.6819284,2548
query,1513042417.6819322,1513042417.8796356,3553
query,1513042417.8796399,1513042418.0679805,1915
query,1513042418.0679836,1513042418.2233613,240
query,1513042418.223365,1513042418.3512692,3492
query,1513042418.3512745,1513042418.463554,1233
query,1513042418.4635568,1513042418.6140642,3278
query,1513042418.6140678,1513042418.803591,1629
query,1513042418.8035948,1513042418.9963174,2757
query,1513042418.9963331,1513042419.1203818,1472
query,1513042419.1203854,1513042419.2739842,892
query,1513042419.273988,1513042419.472166,1741
query,1513042419.47217,1513042419.6520586,587
query,1513042419.6520612,1513042419.8081534,1875
query,1513042419.8081582,1513042419.9478893,945
query,1513042419.9479322,1513042420.1080768,1956
query,1513042420.1198168,1513042420.2607045,2446
query,1513042420.2607088,1513042420.3703554,1112
query,1513042420.3703592,1513042420.4833887,953
query,1513042420.483392,1513042420.6058848,2205
query,1513042420.6058886,1513042420.823683,6
query,1513042420.8236856,1513042420.983673,1410
query,1513042420.9836776,1513042421.1265514,19
query,1513042421.1265552,1513042421.247064,505
query,1513042421.2470684,1513042421.3678262,126
query,1513042421.3678296,1513042421.56941,3825
query,1513042421.5694146,1513042421.709657,246
query,1513042421.7096622,1513042421.818272,104
query,1513042421.8182757,1513042421.9583344,1468
query,1513042421.9583378,1513042422.135104,2110
query,1513042422.135108,1513042422.269957,785
query,1513042422.269961,1513042422.3971977,1030
query,1513042422.397201,1513042422.5056574,527
query,1513042422.5056615,1513042422.6400566,1897
query,1513042422.640061,1513042422.7735062,2277
query,1513042422.7735438,1513042422.9360344,2016
query,1513042422.9482849,1513042423.123459,3596
query,1513042423.1234632,1513042423.3086336,1973
query,1513042423.3086388,1513042423.4476478,3977
query,1513042423.4476514,1513042423.5585005,1428
query,1513042423.5585067,1513042423.6340451,1
query,1513042423.6340473,1513042423.7747047,1109
query,1513042423.7747087,1513042423.9002333,144
query,1513042423.9002373,1513042424.0430212,1619
query,1513042424.0430236,1513042424.2189252,1677
query,1513042424.2189298,1513042424.3783402,1795
query,1513042424.3783448,1513042424.5326176,890
query,1513042424.5326211,1513042424.6939523,610
query,1513042424.6939566,1513042424.8089058,1443
query,1513042424.8089104,1513042424.9339027,2059
query,1513042424.933906,1513042425.0603275,1501
query,1513042425.060331,1513042425.2098987,24
query,1513042425.2099032,1513042425.3322086,2713
query,1513042425.3322124,1513042425.5009007,1928
query,1513042425.500906,1513042425.680378,2700
query,1513042425.680419,1513042425.8793654,1135
query,1513042425.8866482,1513042426.0522373,662
query,1513042426.0522413,1513042426.2366323,1675
query,1513042426.2366364,1513042426.3895476,2408
query,1513042426.3895516,1513042426.5324411,2968
query,1513042426.5324447,1513042426.7484624,1398
query,1513042426.748466,1513042426.8775783,959
query,1513042426.8775826,1513042427.129258,2291
query,1513042427.129262,1513042427.3043232,1182
query,1513042427.3043284,1513042427.4757397,3088
query,1513042427.4757445,1513042427.7341886,3402
query,1513042427.7341938,1513042427.9117002,1042
query,1513042427.9117048,1513042428.0904422,2126
query,1513042428.0904467,1513042428.2663264,211
query,1513042428.2663312,1513042428.4487672,2336
query,1513042428.4491143,1513042428.6233392,106
query,1513042428.6233437,1513042428.8604157,3498
query,1513042428.8604202,1513042429.0087128,308
query,1513042429.0087166,1513042429.1603694,1098
query,1513042429.1603746,1513042429.258816,1
query,1513042429.258858,1513042429.43187,2220
query,1513042429.4453874,1513042429.6100283,3477
query,1513042429.610043,1513042429.8105426,1526
query,1513042429.8105464,1513042429.893859,1
query,1513042429.8938637,1513042430.0177896,470
query,1513042430.0177927,1513042430.1487591,1581
query,1513042430.148764,1513042430.2802215,59
query,1513042430.280226,1513042430.437646,2367
query,1513042430.437651,1513042430.6959434,3380
query,1513042430.695948,1513042430.8251202,232
query,1513042430.8251245,1513042431.019727,2036
query,1513042431.0197306,1513042431.1547375,3374
query,1513042431.1547427,1513042431.2843401,1835
query,1513042431.2843444,1513042431.4667706,2395
query,1513042431.466775,1513042431.647053,175
query,1513042431.6470566,1513042431.7792559,1662
query,1513042431.7792594,1513042431.9200752,653
query,1513042431.9200788,1513042432.0615778,2004
query,1513042432.061581,1513042432.1776657,343
query,1513042432.177669,1513042432.3605878,1934
query,1513042432.3606372,1513042432.5057142,2432
query,1513042432.5188358,1513042432.6792893,2236
query,1513042432.6793044,1513042432.8396199,1719
query,1513042432.8396232,1513042433.0161014,1728
query,1513042433.0161054,1513042433.1555686,404
query,1513042433.1555727,1513042433.3035586,2873
query,1513042433.3035622,1513042433.4743946,552
query,1513042433.4743981,1513042433.5754933,0
query,1513042433.5754972,1513042433.7438908,2464
query,1513042433.743895,1513042433.936394,931
query,1513042433.9363973,1513042434.0738473,144
query,1513042434.0738513,1513042434.2274349,1809
query,1513042434.2274392,1513042434.493111,916
query,1513042434.4931169,1513042434.7086926,564
query,1513042434.708697,1513042434.9585032,3328
query,1513042434.9585078,1513042435.147969,579
query,1513042435.1479733,1513042435.3734105,3069
query,1513042435.3734138,1513042435.5472155,1497
query,1513042435.5472183,1513042435.680427,1956
query,1513042435.680431,1513042435.82819,1852
query,1513042435.8282197,1513042436.0237403,1956
query,1513042436.0375326,1513042436.2207518,1653
query,1513042436.2207558,1513042436.4075062,1998
query,1513042436.40751,1513042436.5229764,1399
query,1513042436.52298,1513042436.654107,69
query,1513042436.6541097,1513042436.818934,126
query,1513042436.8189387,1513042436.9311576,205
query,1513042436.9311619,1513042437.0602605,1678
query,1513042437.060266,1513042437.2194653,2065
query,1513042437.2194693,1513042437.348901,3405
query,1513042437.3489056,1513042437.4794495,804
query,1513042437.479453,1513042437.5732331,33
query,1513042437.5732365,1513042437.702175,1572
query,1513042437.7021787,1513042437.946143,3596
query,1513042437.9461477,1513042438.1097395,2403
query,1513042438.1097434,1513042438.2699935,3143
query,1513042438.2699986,1513042438.396991,457
query,1513042438.3969953,1513042438.5130785,2364
query,1513042438.5130818,1513042438.6263468,1055
query,1513042438.6263506,1513042438.784636,2326
query,1513042438.7846715,1513042438.9704309,3045
query,1513042438.980681,1513042439.1589127,2363
query,1513042439.1589167,1513042439.3726766,1979
query,1513042439.372681,1513042439.4903994,1003
query,1513042439.490403,1513042439.726242,3265
query,1513042439.7262473,1513042439.9204068,3238
query,1513042439.920411,1513042440.108448,1809
query,1513042440.1084523,1513042440.244226,2142
query,1513042440.2442298,1513042440.3958826,2202
query,1513042440.3958867,1513042440.5533426,3552
query,1513042440.5533454,1513042440.6765707,3730
query,1513042440.676575,1513042440.8073285,805
query,1513042440.8073332,1513042440.9091878,2
query,1513042440.909192,1513042441.1130972,3915
query,1513042441.1131015,1513042441.27825,3394
query,1513042441.2782543,1513042441.360112,1
query,1513042441.360116,1513042441.4674096,1052
query,1513042441.467414,1513042441.639836,3444
query,1513042441.6398394,1513042441.8592055,1650
query,1513042441.8592095,1513042441.985993,1245
query,1513042441.9860272,1513042442.2758234,2208
query,1513042442.2897115,1513042442.4478092,3306
query,1513042442.4478133,1513042442.5938647,877
query,1513042442.5938685,1513042442.7624583,1299
query,1513042442.7624626,1513042443.0642176,4308
query,1513042443.0642211,1513042443.2761934,666
query,1513042443.2761972,1513042443.5041976,2724
query,1513042443.5042012,1513042443.6319962,355
query,1513042443.6319995,1513042443.7806628,780
query,1513042443.7806673,1513042443.97134,3154
query,1513042443.9713438,1513042444.1100166,545
query,1513042444.1100223,1513042444.2603054,840
query,1513042444.2603097,1513042444.4040627,1747
query,1513042444.4040666,1513042444.5801067,3593
query,1513042444.5801098,1513042444.74435,1773
query,1513042444.7443545,1513042444.906836,127
query,1513042444.9068398,1513042445.109853,641
query,1513042445.109858,1513042445.299137,351
query,1513042445.2991414,1513042445.3893552,647
query,1513042445.389359,1513042445.5081747,275
query,1513042445.5082126,1513042445.7034247,1699
query,1513042445.717629,1513042445.8964431,1492
query,1513042445.8964477,1513042446.0286875,438
query,1513042446.028692,1513042446.1523812,1011
query,1513042446.152385,1513042446.3182645,2557
query,1513042446.318268,1513042446.4155447,1
query,1513042446.4155483,1513042446.5279148,335
query,1513042446.5279174,1513042446.7259843,1208
query,1513042446.725988,1513042446.8723114,2767
query,1513042446.872316,1513042446.994075,726
query,1513042446.9940789,1513042447.2072294,2857
query,1513042447.2072337,1513042447.3501046,411
query,1513042447.3501081,1513042447.4743035,1756
query,1513042447.4743075,1513042447.6143227,814
query,1513042447.614327,1513042447.8103025,1519
query,1513042447.8103065,1513042447.9382327,509
query,1513042447.9382365,1513042448.0704763,3
query,1513042448.0704806,1513042448.242472,1556
query,1513042448.242476,1513042448.4345381,2581
query,1513042448.434543,1513042448.5439336,1254
query,1513042448.5439806,1513042448.6787221,2251
query,1513042448.6911292,1513042448.8201313,114
query,1513042448.8201344,1513042448.9785488,2237
query,1513042448.9785526,1513042449.0894396,184
query,1513042449.0894437,1513042449.3054183,2780
query,1513042449.3054214,1513042449.4789581,1875
query,1513042449.4789622,1513042449.6011221,1710
query,1513042449.601126,1513042449.7755115,3038
query,1513042449.7755144,1513042449.948061,1843
query,1513042449.9480646,1513042450.1308737,1999
query,1513042450.1308777,1513042450.308182,2419
query,1513042450.3081853,1513042450.4510305,3827
query,1513042450.451034,1513042450.7523847,1746
query,1513042450.7523894,1513042450.9106243,2855
query,1513042450.910628,1513042451.1136556,1940
query,1513042451.1136591,1513042451.3119452,3161
query,1513042451.3119493,1513042451.4602783,469
query,1513042451.460283,1513042451.6283588,3684
query,1513042451.6283631,1513042451.8068984,2222
query,1513042451.806901,1513042451.9252155,198
query,1513042451.9252567,1513042452.080329,1699
query,1513042452.092004,1513042452.2245328,2280
query,1513042452.2245374,1513042452.3671803,919
query,1513042452.3671842,1513042452.5247302,892
query,1513042452.5247345,1513042452.6806848,1973
query,1513042452.6806889,1513042452.794211,1605
query,1513042452.7942147,1513042452.9341836,3311
query,1513042452.9341888,1513042453.0684428,2538
query,1513042453.0684469,1513042453.1793466,1361
query,1513042453.1793501,1513042453.2881014,1290
query,1513042453.288105,1513042453.4657338,2420
query,1513042453.4657376,1513042453.5962944,2227
query,1513042453.5962996,1513042453.7009125,0
query,1513042453.7009165,1513042453.929405,3299
query,1513042453.9294088,1513042454.0668838,1079
query,1513042454.0668879,1513042454.1925848,569
query,1513042454.1925883,1513042454.3554163,2328
query,1513042454.3554196,1513042454.52576,2619
query,1513042454.5257638,1513042454.697584,1650
query,1513042454.6975882,1513042454.8035634,1
query,1513042454.8036149,1513042454.9224124,1862
query,1513042454.936616,1513042455.0197697,1
query,1513042455.019773,1513042455.194431,1731
query,1513042455.1944366,1513042455.3053594,779
query,1513042455.3053632,1513042455.4703453,3522
query,1513042455.470349,1513042455.5952604,2131
query,1513042455.5952644,1513042455.7502418,3226
query,1513042455.7502458,1513042455.9423747,2161
query,1513042455.9423785,1513042456.0925465,2145
query,1513042456.0925508,1513042456.2676437,473
query,1513042456.2676468,1513042456.4834125,3478
query,1513042456.4834163,1513042456.601043,479
query,1513042456.6010454,1513042456.7003238,1899
query,1513042456.7003264,1513042456.8295026,14
query,1513042456.8295066,1513042457.0181546,2725
query,1513042457.0181575,1513042457.1677976,2327
query,1513042457.167803,1513042457.3030186,3075
query,1513042457.3030233,1513042457.4531915,2669
query,1513042457.453195,1513042457.5801847,2174
query,1513042457.5801885,1513042457.7017748,23
query,1513042457.701823,1513042457.8284166,561
query,1513042457.841855,1513042458.0180004,2082
query,1513042458.0180044,1513042458.1881688,859
query,1513042458.1881723,1513042458.3565922,3555
query,1513042458.356597,1513042458.519842,3720
query,1513042458.5198457,1513042458.6632495,1667
query,1513042458.6632533,1513042458.8458967,555
query,1513042458.845901,1513042459.0001993,842
query,1513042459.0002031,1513042459.0965955,353
query,1513042459.0965993,1513042459.2761073,440
query,1513042459.2761111,1513042459.4258199,3818
query,1513042459.4258235,1513042459.5397203,1387
query,1513042459.5397243,1513042459.7163517,2267
query,1513042459.7163563,1513042459.9080303,3372
query,1513042459.9080334,1513042460.0577297,484
query,1513042460.057735,1513042460.203347,2176
query,1513042460.203351,1513042460.3330228,2104
query,1513042460.3330264,1513042460.4601896,2932
query,1513042460.4601932,1513042460.5679817,1792
query,1513042460.567985,1513042460.6809723,2151
query,1513042460.681015,1513042460.80296,543
query,1513042460.8161857,1513042460.9598484,3246
query,1513042460.9598522,1513042461.0821552,828
query,1513042461.0821586,1513042461.2066922,1939
query,1513042461.2066963,1513042461.4274845,3333
query,1513042461.427488,1513042461.532151,1989
query,1513042461.5321546,1513042461.6924353,3407
query,1513042461.6924393,1513042461.763419,1
query,1513042461.7634244,1513042461.888843,1962
query,1513042461.888847,1513042462.1014962,3463
query,1513042462.1015003,1513042462.2024748,131
query,1513042462.2024791,1513042462.3779504,1717
query,1513042462.3779542,1513042462.479358,3224
query,1513042462.479362,1513042462.6041045,1639
query,1513042462.6041079,1513042462.7215576,2323
query,1513042462.721563,1513042462.8732162,787
query,1513042462.8732202,1513042463.0317338,1754
query,1513042463.0317392,1513042463.1503875,440
query,1513042463.150392,1513042463.2504702,958
query,1513042463.2504742,1513042463.397335,4398
query,1513042463.3973732,1513042463.5400586,485
query,1513042463.552762,1513042463.7047975,879
query,1513042463.7048006,1513042463.8574195,915
query,1513042463.8574264,1513042464.011963,1502
query,1513042464.0119677,1513042464.2880142,2039
query,1513042464.288018,1513042464.485877,2203
query,1513042464.48588,1513042464.7084408,1542
query,1513042464.708446,1513042464.8961856,2259
query,1513042464.8961916,1513042465.0721848,982
query,1513042465.072189,1513042465.2548711,613
query,1513042465.2548752,1513042465.4636028,3427
query,1513042465.4636073,1513042465.5911126,675
query,1513042465.5911164,1513042465.8073332,2171
query,1513042465.807338,1513042465.9659834,2104
query,1513042465.9659874,1513042466.1672673,601
query,1513042466.1672716,1513042466.3603876,3762
query,1513042466.360392,1513042466.472421,664
query,1513042466.4724247,1513042466.6725438,3477
query,1513042466.6725488,1513042466.838254,3932
query,1513042466.838258,1513042467.0481138,3365
query,1513042467.0481482,1513042467.176365,2624
query,1513042467.1908479,1513042467.2903678,785
query,1513042467.2903724,1513042467.3934593,231
query,1513042467.3934631,1513042467.4857826,8
query,1513042467.4857867,1513042467.6032553,1439
query,1513042467.6032588,1513042467.7390964,3456
query,1513042467.7391005,1513042467.8426795,290
query,1513042467.8426833,1513042467.9785676,1890
query,1513042467.9785707,1513042468.176611,3532
query,1513042468.1766145,1513042468.2857502,282
query,1513042468.285754,1513042468.4035363,2140
query,1513042468.4035416,1513042468.503683,969
query,1513042468.503687,1513042468.6200464,1208
query,1513042468.6200502,1513042468.7498705,3013
query,1513042468.749874,1513042468.8696187,747
query,1513042468.8696218,1513042469.0347006,59
query,1513042469.0347044,1513042469.2149534,3022
query,1513042469.2149575,1513042469.3559487,1256
query,1513042469.3559525,1513042469.4922879,1694
query,1513042469.4922915,1513042469.627054,165
query,1513042469.6270885,1513042469.8271575,823
query,1513042469.840538,1513042469.9633937,148
query,1513042469.9633975,1513042470.103257,3234
query,1513042470.1032608,1513042470.3376536,4093
query,1513042470.3376575,1513042470.51585,2656
query,1513042470.5158544,1513042470.6623156,2517
query,1513042470.6623318,1513042470.782135,54
query,1513042470.7821393,1513042470.8978577,352
query,1513042470.897862,1513042470.9890373,1238
query,1513042470.9890418,1513042471.1083999,2989
query,1513042471.1084056,1513042471.209639,1917
query,1513042471.2096431,1513042471.370222,2967
query,1513042471.3702261,1513042471.4681308,1414
query,1513042471.4681344,1513042471.6292377,2883
query,1513042471.629242,1513042471.8460288,3572
query,1513042471.846033,1513042472.0293713,464
query,1513042472.0293756,1513042472.219358,33
query,1513042472.2193625,1513042472.3695018,918
query,1513042472.369506,1513042472.478757,825
query,1513042472.478761,1513042472.590623,1003
query,1513042472.590681,1513042472.7274458,906
query,1513042472.741578,1513042472.91629,3390
query,1513042472.916294,1513042473.0131812,58
query,1513042473.0131853,1513042473.1345692,1767
query,1513042473.1345732,1513042473.235826,1354
query,1513042473.235829,1513042473.337654,618
query,1513042473.3376718,1513042473.4416304,745
query,1513042473.441634,1513042473.559649,764
query,1513042473.5596528,1513042473.6682966,0
query,1513042473.6683006,1513042473.8050876,1218
query,1513042473.8050914,1513042473.9273431,371
query,1513042473.9273472,1513042474.1242626,2501
query,1513042474.1242664,1513042474.3281217,1182
query,1513042474.3281255,1513042474.4823756,2246
query,1513042474.4823787,1513042474.5981956,658
query,1513042474.5981994,1513042474.8191488,2690
query,1513042474.8191524,1513042474.9580429,2610
query,1513042474.958047,1513042475.1271896,2595
query,1513042475.1271937,1513042475.26094,2643
query,1513042475.2609434,1513042475.457227,2642
query,1513042475.457279,1513042475.6037605,2384
query,1513042475.6135128,1513042475.744965,3638
query,1513042475.744969,1513042475.908145,2768
query,1513042475.9081488,1513042476.036587,1962
query,1513042476.0365913,1513042476.229425,2514
query,1513042476.229429,1513042476.3821232,2345
query,1513042476.3821268,1513042476.5708585,3267
query,1513042476.570862,1513042476.7565491,3562
query,1513042476.7565532,1513042476.9122214,2127
query,1513042476.912224,1513042477.0710523,1245
query,1513042477.0710578,1513042477.238584,3450
query,1513042477.2385883,1513042477.3711054,1143
query,1513042477.3711088,1513042477.5255468,1573
query,1513042477.52555,1513042477.6239824,0
query,1513042477.6239855,1513042477.7272923,720
query,1513042477.727296,1513042477.879433,3433
query,1513042477.879437,1513042478.0065112,457
query,1513042478.006515,1513042478.1482484,1858
query,1513042478.1482527,1513042478.2729416,2088
query,1513042478.2729483,1513042478.420671,932
query,1513042478.4207184,1513042478.5535808,208
query,1513042478.5689466,1513042478.7886667,1760
query,1513042478.7886713,1513042478.955386,3184
query,1513042478.955391,1513042479.0841393,802
query,1513042479.0841448,1513042479.2432425,1698
query,1513042479.2432463,1513042479.394934,2072
query,1513042479.3949375,1513042479.567526,2483
query,1513042479.5675302,1513042479.6910524,256
query,1513042479.6910572,1513042479.873744,204
query,1513042479.873748,1513042480.0483446,2675
query,1513042480.0483496,1513042480.1604187,71
query,1513042480.1604223,1513042480.3358932,2830
query,1513042480.3358977,1513042480.4654655,8
query,1513042480.4654686,1513042480.6522136,2267
query,1513042480.6522171,1513042480.7877164,2351
query,1513042480.7877202,1513042480.9626853,2088
query,1513042480.9626896,1513042481.0963528,2528
query,1513042481.0963578,1513042481.2080257,1271
query,1513042481.2080295,1513042481.3222826,1284
query,1513042481.3222878,1513042481.4491231,1557
query,1513042481.449168,1513042481.5758314,168
query,1513042481.5895116,1513042481.6765702,0
query,1513042481.6765747,1513042481.7972322,365
query,1513042481.797245,1513042481.9557943,3356
query,1513042481.9557984,1513042482.071259,309
query,1513042482.071263,1513042482.2093627,2793
query,1513042482.2093663,1513042482.3223217,1961
query,1513042482.3223255,1513042482.3911152,0
query,1513042482.3911185,1513042482.5042791,325
query,1513042482.5042922,1513042482.6161025,349
query,1513042482.6161063,1513042482.7103517,1234
query,1513042482.7103555,1513042482.8996255,2125
query,1513042482.899629,1513042483.023541,1845
query,1513042483.0235448,1513042483.1686687,2207
query,1513042483.1686726,1513042483.297111,1024
query,1513042483.297115,1513042483.4108655,10
query,1513042483.4108691,1513042483.5471826,2804
query,1513042483.5471864,1513042483.6863465,482
query,1513042483.6863503,1513042483.8520412,3135
query,1513042483.852045,1513042484.0091481,108
query,1513042484.0091977,1513042484.155746,2224
query,1513042484.1711047,1513042484.303823,824
query,1513042484.3038268,1513042484.45217,1810
query,1513042484.4521732,1513042484.5875642,2672
query,1513042484.5875764,1513042484.745925,1164
query,1513042484.7459288,1513042484.913767,3277
query,1513042484.9137714,1513042485.057804,1048
query,1513042485.0578077,1513042485.2129664,2660
query,1513042485.2129703,1513042485.3722084,1009
query,1513042485.372214,1513042485.5395832,748
query,1513042485.539587,1513042485.6870015,2516
query,1513042485.6870058,1513042485.8334262,790
query,1513042485.8334308,1513042486.015256,2817
query,1513042486.0152602,1513042486.130143,3231
query,1513042486.130147,1513042486.2780788,2351
query,1513042486.2780826,1513042486.4994535,14
query,1513042486.4994574,1513042486.6969492,653
query,1513042486.6969543,1513042486.8603978,1111
query,1513042486.8604016,1513042487.0047305,504
query,1513042487.004734,1513042487.191722,3349
query,1513042487.1917658,1513042487.3883586,652
query,1513042487.4005938,1513042487.552403,2351
query,1513042487.5524073,1513042487.7164345,785
query,1513042487.716439,1513042487.8708553,455
query,1513042487.8708587,1513042488.0356183,3362
query,1513042488.0356216,1513042488.2333302,328
query,1513042488.233334,1513042488.3499217,23
query,1513042488.3499255,1513042488.4355586,0
query,1513042488.435563,1513042488.5747693,462
query,1513042488.5747728,1513042488.6619892,1010
query,1513042488.6619933,1513042488.7832942,22
query,1513042488.7832985,1513042488.919265,1143
query,1513042488.9192686,1513042489.058738,111
query,1513042489.058744,1513042489.270803,2669
query,1513042489.270806,1513042489.3903432,3812
query,1513042489.3903465,1513042489.5254254,3128
query,1513042489.52543,1513042489.6658936,1331
query,1513042489.6658998,1513042489.8312328,921
query,1513042489.8312366,1513042489.9879606,2403
query,1513042489.9879642,1513042490.1224747,297
query,1513042490.1225073,1513042490.2869525,2217
query,1513042490.3012183,1513042490.420267,1226
query,1513042490.4202714,1513042490.5361419,678
query,1513042490.5361469,1513042490.672042,1673
query,1513042490.672045,1513042490.7925775,1987
query,1513042490.7925818,1513042490.8910146,1
query,1513042490.8910182,1513042491.012629,3
query,1513042491.012634,1513042491.1200593,16
query,1513042491.1200645,1513042491.2824497,851
query,1513042491.2824554,1513042491.3952484,135
query,1513042491.3952522,1513042491.5339417,1799
query,1513042491.5339441,1513042491.72834,3508
query,1513042491.7283442,1513042491.9186583,2710
query,1513042491.9186616,1513042492.0743918,2415
query,1513042492.0743954,1513042492.222454,3632
query,1513042492.2224584,1513042492.344884,1947
query,1513042492.344888,1513042492.489052,1950
query,1513042492.4890556,1513042492.6214917,183
query,1513042492.6214955,1513042492.7901294,2419
query,1513042492.7901332,1513042492.9137037,2355
query,1513042492.9137433,1513042493.102224,2137
query,1513042493.1133428,1513042493.2970204,3074
query,1513042493.2970257,1513042493.505499,2767
query,1513042493.5055034,1513042493.6689625,2788
query,1513042493.6689668,1513042493.8024502,1116
query,1513042493.8024545,1513042493.9033625,275
query,1513042493.9033666,1513042494.0348506,1056
query,1513042494.034855,1513042494.2119753,839
query,1513042494.2119792,1513042494.3371546,3301
query,1513042494.337158,1513042494.4807932,1522
query,1513042494.4807978,1513042494.6530726,2914
query,1513042494.6530766,1513042494.7945464,1511
query,1513042494.7945504,1513042494.9829755,3359
query,1513042494.9829798,1513042495.1317532,3163
query,1513042495.1317573,1513042495.2579505,257
query,1513042495.257957,1513042495.4362166,2889
query,1513042495.4362206,1513042495.632569,2171
query,1513042495.6325734,1513042495.8092692,1858
query,1513042495.8092725,1513042495.936421,2413
query,1513042495.9364252,1513042496.0332153,1003
query,1513042496.033261,1513042496.1613765,1
query,1513042496.1667907,1513042496.304275,1468
query,1513042496.3042786,1513042496.4341216,2347
query,1513042496.4341261,1513042496.517911,147
query,1513042496.5179138,1513042496.6174462,840
query,1513042496.6174495,1513042496.7702582,2436
query,1513042496.7702627,1513042496.9334323,2331
query,1513042496.9334369,1513042497.0570855,2985
query,1513042497.0570893,1513042497.186515,2713
query,1513042497.1865199,1513042497.3203244,490
query,1513042497.320328,1513042497.5128732,300
query,1513042497.512878,1513042497.626007,573
query,1513042497.6260102,1513042497.7468517,1959
query,1513042497.746856,1513042497.8686492,301
query,1513042497.8686533,1513042498.0264452,1698
query,1513042498.0264492,1513042498.11909,183
query,1513042498.119094,1513042498.2898076,430
query,1513042498.2898114,1513042498.480154,3464
query,1513042498.4801583,1513042498.654179,2340
query,1513042498.6541848,1513042498.7800555,241
query,1513042498.7800975,1513042498.9270504,1190
query,1513042498.9410515,1513042499.1015089,1637
query,1513042499.1015115,1513042499.2358015,3359
query,1513042499.2358057,1513042499.3714962,842
query,1513042499.3715,1513042499.5426166,1974
query,1513042499.5426214,1513042499.661496,273
query,1513042499.6614997,1513042499.7773688,995
query,1513042499.777373,1513042499.9172418,2357
query,1513042499.917245,1513042500.0959907,644
query,1513042500.0959945,1513042500.2060037,661
query,1513042500.2060063,1513042500.3146396,321
query,1513042500.314642,1513042500.501757,2319
query,1513042500.5017607,1513042500.6303031,1587
query,1513042500.6303067,1513042500.760021,3645
query,1513042500.7600248,1513042500.8790195,435
query,1513042500.8790238,1513042501.023552,1811
query,1513042501.0235567,1513042501.1188273,52
query,1513042501.1188314,1513042501.292053,49
query,1513042501.292057,1513042501.506946,1766
query,1513042501.50695,1513042501.7353833,3445
query,1513042501.7354255,1513042501.896687,1580
query,1513042501.9093382,1513042502.0360165,513
query,1513042502.0360196,1513042502.147063,180
query,1513042502.1470668,1513042502.3979757,2001
query,1513042502.3979788,1513042502.530218,0
query,1513042502.5302207,1513042502.6504722,894
query,1513042502.6504748,1513042502.8023667,1679
query,1513042502.8023722,1513042502.9612594,2100
query,1513042502.9612632,1513042503.1696918,1796
query,1513042503.169696,1513042503.2891412,717
query,1513042503.2891445,1513042503.4299462,3111
query,1513042503.4299505,1513042503.5177143,1427
query,1513042503.5177188,1513042503.6333103,2113
query,1513042503.6333158,1513042503.8127615,4050
query,1513042503.8127654,1513042503.9679983,2074
query,1513042503.9680035,1513042504.2558577,3391
query,1513042504.255862,1513042504.4014804,3381
query,1513042504.4014845,1513042504.5419834,1661
query,1513042504.5419874,1513042504.6818995,2667
query,1513042504.6819036,1513042504.8489926,1700
query,1513042504.8490362,1513042505.0178294,959
query,1513042505.0285764,1513042505.1795206,1407
query,1513042505.1795247,1513042505.2693624,1343
query,1513042505.2693665,1513042505.4283864,533
query,1513042505.4283895,1513042505.5720427,2109
query,1513042505.5720465,1513042505.7024288,9
query,1513042505.7024336,1513042505.849237,2179
query,1513042505.8492439,1513042506.0094066,1258
query,1513042506.0094104,1513042506.1411219,1769
query,1513042506.1411252,1513042506.3049638,776
query,1513042506.3049674,1513042506.4290218,298
query,1513042506.4290257,1513042506.5962365,568
query,1513042506.59624,1513042506.8164492,1601
query,1513042506.8164537,1513042506.985304,3978
query,1513042506.9853075,1513042507.2080052,3250
query,1513042507.208009,1513042507.3621047,1111
query,1513042507.362109,1513042507.4583845,2051
query,1513042507.4583886,1513042507.6467698,4361
query,1513042507.6467738,1513042507.7649438,942
query,1513042507.7649481,1513042507.9426112,2051
query,1513042507.942654,1513042508.228765,2090
query,1513042508.2421288,1513042508.4671545,2716
query,1513042508.467158,1513042508.6783347,2084
query,1513042508.6783378,1513042508.847243,800
query,1513042508.8472488,1513042509.0519023,3551
query,1513042509.051906,1513042509.1830318,4
query,1513042509.1830354,1513042509.425407,3371
query,1513042509.4254127,1513042509.6029387,2287
query,1513042509.6029437,1513042509.683799,0
query,1513042509.6838021,1513042509.8626,2539
query,1513042509.862604,1513042510.0477808,2329
query,1513042510.0477839,1513042510.227224,2920
query,1513042510.227227,1513042510.369955,1400
query,1513042510.3699582,1513042510.5136595,2188
query,1513042510.5136626,1513042510.6332242,8
query,1513042510.633227,1513042510.8291583,538
query,1513042510.829163,1513042511.025576,2310
query,1513042511.0255792,1513042511.134463,883
query,1513042511.134466,1513042511.2969005,1761
query,1513042511.2969036,1513042511.4382806,3708
query,1513042511.4383085,1513042511.6510718,3692
query,1513042511.6644642,1513042511.7950559,3895
query,1513042511.7950597,1513042511.9334576,251
query,1513042511.9334614,1513042512.1147277,3276
query,1513042512.1147308,1513042512.2530231,2345
query,1513042512.253027,1513042512.3358252,0
query,1513042512.3358293,1513042512.4607515,737
query,1513042512.4607558,1513042512.5787764,3275
query,1513042512.5787802,1513042512.7266972,1723
query,1513042512.7267003,1513042512.9368794,3823
query,1513042512.936882,1513042513.0493221,919
query,1513042513.0493252,1513042513.2152517,2577
query,1513042513.2152553,1513042513.3145223,1
query,1513042513.3145263,1513042513.4355383,998
query,1513042513.435542,1513042513.6168232,1692
query,1513042513.6168272,1513042513.7281191,1518
query,1513042513.7281222,1513042513.8862092,1560
query,1513042513.8862123,1513042514.0152478,556
query,1513042514.0152516,1513042514.1424344,429
query,1513042514.1424382,1513042514.265664,1522
query,1513042514.26571,1513042514.4148111,4042
query,1513042514.4225888,1513042514.5519717,524
query,1513042514.551975,1513042514.662944,6
query,1513042514.6629474,1513042514.7838583,2538
query,1513042514.7838626,1513042514.9035995,992
query,1513042514.903603,1513042515.0312874,1624
query,1513042515.0312912,1513042515.199128,2309
query,1513042515.199131,1513042515.3690214,866
query,1513042515.3690255,1513042515.4806218,1695
query,1513042515.4806266,1513042515.6116858,1924
query,1513042515.6116903,1513042515.7449746,1292
query,1513042515.744978,1513042515.9171424,325
query,1513042515.917145,1513042516.1199028,3197
query,1513042516.119907,1513042516.24291,203
query,1513042516.2429142,1513042516.4890978,2214
query,1513042516.4891016,1513042516.5756154,0
query,1513042516.5756202,1513042516.73519,1713
query,1513042516.735196,1513042516.9240005,1678
query,1513042516.9240036,1513042517.0479581,189
query,1513042517.0479627,1513042517.1501534,448
query,1513042517.1502023,1513042517.355161,560
query,1513042517.369258,1513042517.5058281,283
query,1513042517.5058334,1513042517.6719646,3710
query,1513042517.6719675,1513042517.894084,2830
query,1513042517.8940883,1513042518.0673134,2882
query,1513042518.067319,1513042518.204555,1973
query,1513042518.204558,1513042518.3872967,3284
query,1513042518.3873005,1513042518.6802292,2441
query,1513042518.680233,1513042518.801418,0
query,1513042518.801422,1513042518.9900088,3269
query,1513042518.9900115,1513042519.142895,1199
query,1513042519.1428986,1513042519.2810779,2941
query,1513042519.2810812,1513042519.4061518,1177
query,1513042519.4061558,1513042519.5484605,1926
query,1513042519.548464,1513042519.6984913,2019
query,1513042519.698496,1513042519.8176596,1256
query,1513042519.8176637,1513042519.9458501,1051
query,1513042519.945855,1513042520.0441048,0
query,1513042520.0441089,1513042520.1837842,863
query,1513042520.1837873,1513042520.35794,2415
query,1513042520.3579762,1513042520.647216,1790
query,1513042520.6550763,1513042520.8167284,1334
query,1513042520.8167331,1513042520.9688127,1052
query,1513042520.9688163,1513042521.1474292,695
query,1513042521.147434,1513042521.3121572,2362
query,1513042521.3121624,1513042521.4298441,4
query,1513042521.4298494,1513042521.5561707,3548
query,1513042521.556176,1513042521.6884112,3335
query,1513042521.6884155,1513042521.8114092,130
query,1513042521.8114135,1513042521.9499302,3277
query,1513042521.9499345,1513042522.0783575,1821
query,1513042522.0783613,1513042522.1939483,1161
query,1513042522.1939528,1513042522.3609757,2249
query,1513042522.3609805,1513042522.4730265,2105
query,1513042522.473031,1513042522.6157296,3115
query,1513042522.6157339,1513042522.7642698,564
query,1513042522.764274,1513042522.964458,587
query,1513042522.9644628,1513042523.1323032,2800
query,1513042523.132308,1513042523.2370143,303
query,1513042523.237018,1513042523.358987,424
query,1513042523.3590236,1513042523.5767264,4029
query,1513042523.588051,1513042523.7276173,3073
query,1513042523.7276213,1513042523.8638446,1883
query,1513042523.863849,1513042523.9781964,2
query,1513042523.978201,1513042524.1580176,243
query,1513042524.1580205,1513042524.3588133,1194
query,1513042524.3588164,1513042524.5142894,2162
query,1513042524.5142927,1513042524.6746979,1998
query,1513042524.6747026,1513042524.8279588,779
query,1513042524.8279626,1513042524.9979098,1697
query,1513042524.9979134,1513042525.1162763,1780
query,1513042525.116281,1513042525.2271154,1508
query,1513042525.2271209,1513042525.3377154,3064
query,1513042525.3377197,1513042525.502097,2642
query,1513042525.5021002,1513042525.6797123,241
query,1513042525.6797168,1513042525.8358512,1293
query,1513042525.8358557,1513042526.0328693,279
query,1513042526.0328748,1513042526.247707,3335
query,1513042526.2477114,1513042526.3856633,1455
query,1513042526.3856668,1513042526.6379724,2667
