tables,1513043989.1427946,1513045246.4972248
query,1513045246.4982615,1513045246.9031875,107
query,1513045246.916242,1513045247.3189983,1087
query,1513045247.3190033,1513045247.832884,1491
query,1513045247.8328881,1513045248.295872,105
query,1513045248.2958763,1513045248.6346714,104
query,1513045248.6346753,1513045248.9799829,2186
query,1513045248.9799867,1513045249.2844603,64
query,1513045249.2844632,1513045249.8240356,114
query,1513045249.824039,1513045250.1688802,353
query,1513045250.1688838,1513045251.0921345,108
query,1513045251.0921383,1513045251.5547934,97
query,1513045251.5547976,1513045251.9768882,1522
query,1513045251.9768925,1513045252.4290233,97
query,1513045252.429027,1513045253.093639,1411
query,1513045253.093643,1513045253.4572556,356
query,1513045253.4572594,1513045253.9260669,935
query,1513045253.926082,1513045254.1764505,46
query,1513045254.176454,1513045254.4859064,98
query,1513045254.4859116,1513045254.88859,336
query,1513045254.888593,1513045255.1797683,95
query,1513045255.1798828,1513045256.1560237,391
query,1513045256.1693997,1513045256.5673118,1033
query,1513045256.5673165,1513045256.8476121,108
query,1513045256.8476157,1513045257.240639,1400
query,1513045257.2406447,1513045257.8006327,115
query,1513045257.8006375,1513045258.1491296,97
query,1513045258.1491342,1513045258.7785835,97
query,1513045258.7785878,1513045259.2097232,97
query,1513045259.2097273,1513045259.5929677,97
query,1513045259.592972,1513045260.0914357,97
query,1513045260.09144,1513045260.4328961,103
query,1513045260.4329002,1513045260.7744277,427
query,1513045260.774432,1513045261.36559,2719
query,1513045261.3655944,1513045261.7760775,1173
query,1513045261.7760816,1513045262.1177225,2130
query,1513045262.117726,1513045262.4513767,1200
query,1513045262.4513805,1513045262.8575265,349
query,1513045262.8575432,1513045263.3482616,1936
query,1513045263.3482661,1513045263.8513403,1638
query,1513045263.8513455,1513045264.3367186,1291
query,1513045264.3368063,1513045264.782705,2683
query,1513045264.7962058,1513045265.2818642,2356
query,1513045265.2818692,1513045265.8050704,2335
query,1513045265.8050752,1513045266.3690267,3194
query,1513045266.3690307,1513045266.7369156,802
query,1513045266.7369208,1513045267.2139938,2486
query,1513045267.2139978,1513045267.6648273,1996
query,1513045267.6648316,1513045268.5451875,3333
query,1513045268.5451922,1513045269.2231443,156
query,1513045269.223148,1513045269.5242546,235
query,1513045269.5242593,1513045269.9459047,2147
query,1513045269.9459085,1513045270.179899,0
query,1513045270.1799026,1513045270.8700955,3212
query,1513045270.8700995,1513045271.277756,2555
query,1513045271.277761,1513045271.76402,1557
query,1513045271.7640247,1513045271.9769876,1633
query,1513045271.9769917,1513045272.2331736,2358
query,1513045272.233178,1513045272.5720077,1983
query,1513045272.5720108,1513045273.052134,1498
query,1513045273.0521395,1513045273.4688857,634
query,1513045273.468935,1513045273.9552655,35
query,1513045273.9677052,1513045274.3130715,2008
query,1513045274.3130758,1513045274.7199962,3587
query,1513045274.72,1513045275.227951,2810
query,1513045275.2279549,1513045275.6052833,1082
query,1513045275.6052856,1513045275.9360595,1359
query,1513045275.9360626,1513045276.4213617,1052
query,1513045276.4213657,1513045276.927253,2715
query,1513045276.9272585,1513045277.436719,2589
query,1513045277.4367228,1513045277.7337492,1506
query,1513045277.7337532,1513045278.0823827,2701
query,1513045278.0823872,1513045278.711329,2414
query,1513045278.7113333,1513045279.1392512,59
query,1513045279.1392548,1513045279.6549714,2372
query,1513045279.654975,1513045280.1478686,1284
query,1513045280.1478715,1513045280.7064319,1123
query,1513045280.7064366,1513045280.9623501,5
query,1513045280.962354,1513045281.3241653,988
query,1513045281.324169,1513045281.6557841,1770
query,1513045281.6557882,1513045281.92052,1139
query,1513045281.9205725,1513045282.4050615,2903
query,1513045282.4187415,1513045282.8488405,592
query,1513045282.8488457,1513045283.2938964,2384
query,1513045283.2939022,1513045283.5330222,102
query,1513045283.5330265,1513045284.0440683,2849
query,1513045284.0440724,1513045284.4534042,1069
query,1513045284.453408,1513045284.7541924,0
query,1513045284.7541966,1513045285.241047,2909
query,1513045285.2410514,1513045285.5784183,923
query,1513045285.5784235,1513045285.9371395,1914
query,1513045285.9371426,1513045286.4730852,1547
query,1513045286.473089,1513045286.9990494,530
query,1513045286.9990525,1513045287.2455187,979
query,1513045287.2455237,1513045287.7396142,1672
query,1513045287.7396197,1513045288.0574791,303
query,1513045288.0574834,1513045288.5880888,2806
query,1513045288.588093,1513045288.867496,1068
query,1513045288.8674998,1513045289.175155,3106
query,1513045289.17516,1513045289.7375796,2737
query,1513045289.737584,1513045290.2309914,3175
query,1513045290.231205,1513045290.700972,440
query,1513045290.7161589,1513045290.985681,1306
query,1513045290.9856899,1513045291.4034028,1367
query,1513045291.4034228,1513045291.697501,384
query,1513045291.6975071,1513045292.0426059,2174
query,1513045292.0426102,1513045292.6419716,1598
query,1513045292.6419759,1513045293.5174265,3046
query,1513045293.5174434,1513045294.3169591,2179
query,1513045294.3169637,1513045294.6186852,245
query,1513045294.6186895,1513045295.144747,2945
query,1513045295.144763,1513045295.4970968,2208
query,1513045295.4971023,1513045296.0167327,2453
query,1513045296.016737,1513045296.5846648,818
query,1513045296.584669,1513045296.9289668,2331
query,1513045296.9289715,1513045297.5812812,1564
query,1513045297.581284,1513045297.9927657,1686
query,1513045297.9928024,1513045298.396523,1871
query,1513045298.3965273,1513045299.0724483,2997
query,1513045299.0724523,1513045299.4663663,2016
query,1513045299.4663723,1513045299.8210747,886
query,1513045299.821173,1513045300.2087233,1111
query,1513045300.2239091,1513045300.4959345,403
query,1513045300.495939,1513045301.0492127,3154
query,1513045301.049217,1513045301.4930942,303
query,1513045301.493099,1513045302.060429,1415
query,1513045302.0604346,1513045302.4962168,3006
query,1513045302.496221,1513045302.933079,555
query,1513045302.933083,1513045303.3590274,3408
query,1513045303.3590338,1513045303.6693394,807
query,1513045303.6693437,1513045304.202243,3186
query,1513045304.2022474,1513045304.6571054,2673
query,1513045304.657109,1513045305.1040528,1768
query,1513045305.1040568,1513045305.4739637,1658
query,1513045305.4739676,1513045305.8722916,1566
query,1513045305.872295,1513045306.2434137,2998
query,1513045306.243416,1513045306.672175,726
query,1513045306.6721792,1513045307.1765378,349
query,1513045307.1765416,1513045307.5794938,2661
query,1513045307.5794997,1513045307.9417737,1059
query,1513045307.9417777,1513045308.5061033,1095
query,1513045308.506152,1513045308.9302444,1386
query,1513045308.9428794,1513045309.340926,3035
query,1513045309.3409305,1513045309.680761,746
query,1513045309.6807652,1513045310.0083532,345
query,1513045310.008358,1513045310.3269057,3340
query,1513045310.3269112,1513045310.9330997,3185
query,1513045310.9331036,1513045311.3614817,1790
query,1513045311.3614857,1513045311.8168647,1361
query,1513045311.816869,1513045312.1523998,2441
query,1513045312.1524045,1513045312.6227548,1850
query,1513045312.6227596,1513045312.997842,1982
query,1513045312.9978454,1513045313.4166234,30
query,1513045313.4166274,1513045313.84068,2480
query,1513045313.840686,1513045314.2258184,926
query,1513045314.2258224,1513045314.6446383,1108
query,1513045314.644665,1513045314.9642782,381
query,1513045314.9642823,1513045315.3865592,2944
query,1513045315.3865638,1513045316.0643082,2032
query,1513045316.0643127,1513045316.5095458,3297
query,1513045316.5095496,1513045316.986003,2952
query,1513045316.98615,1513045317.3221076,1325
query,1513045317.3373158,1513045317.800868,2311
query,1513045317.8008718,1513045318.2519295,1224
query,1513045318.251933,1513045318.5542839,1069
query,1513045318.5542867,1513045318.86854,459
query,1513045318.8685439,1513045319.4598215,808
query,1513045319.4598253,1513045319.8987377,2962
query,1513045319.898742,1513045320.3729064,3340
query,1513045320.3729107,1513045320.7910154,1101
query,1513045320.79102,1513045321.2490492,523
query,1513045321.2490542,1513045321.766371,2869
query,1513045321.7663753,1513045322.2496219,350
query,1513045322.2496262,1513045322.669613,2002
query,1513045322.669617,1513045323.0694237,1814
query,1513045323.0694275,1513045323.598625,2993
query,1513045323.5986302,1513045324.0722697,2780
query,1513045324.072273,1513045324.5445576,1178
query,1513045324.5445619,1513045325.035109,462
query,1513045325.0351126,1513045325.4206111,2786
query,1513045325.420627,1513045326.0140302,2994
query,1513045326.0140727,1513045326.3649008,1358
query,1513045326.3771746,1513045327.3858685,1154
query,1513045327.385873,1513045327.956661,2386
query,1513045327.956665,1513045328.5843604,3301
query,1513045328.5843642,1513045329.024396,1951
query,1513045329.0243993,1513045329.4331458,1692
query,1513045329.4331515,1513045329.8370001,1347
query,1513045329.8370059,1513045330.178141,864
query,1513045330.1781452,1513045330.5228574,726
query,1513045330.5228617,1513045331.0206368,3133
query,1513045331.0206413,1513045331.352386,512
query,1513045331.3523898,1513045331.7123556,1830
query,1513045331.7123616,1513045332.0086954,317
query,1513045332.0087094,1513045332.4326663,1853
query,1513045332.4326718,1513045332.825109,75
query,1513045332.8251133,1513045333.2049742,3456
query,1513045333.2049801,1513045333.5685103,1547
query,1513045333.5685146,1513045334.0085895,920
query,1513045334.0085933,1513045334.4329581,1995
query,1513045334.4329638,1513045334.9792163,3147
query,1513045334.9792612,1513045335.47258,431
query,1513045335.486185,1513045335.720916,632
query,1513045335.7209198,1513045336.0486908,1497
query,1513045336.048695,1513045336.5485284,2551
query,1513045336.5485353,1513045336.9966066,2418
query,1513045336.9966109,1513045337.47238,1895
query,1513045337.4723837,1513045337.8341978,2913
query,1513045337.834202,1513045338.2403512,1507
query,1513045338.2403543,1513045338.4951847,1
query,1513045338.4951887,1513045338.8127155,1253
query,1513045338.8127196,1513045339.2247262,362
query,1513045339.2247295,1513045339.600202,1568
query,1513045339.6002054,1513045340.0898647,2745
query,1513045340.0898695,1513045340.3966055,1695
query,1513045340.3966093,1513045340.8576243,1033
query,1513045340.8576283,1513045341.2973745,1838
query,1513045341.297378,1513045341.6646154,1535
query,1513045341.6646197,1513045342.206464,2485
query,1513045342.2064679,1513045342.653925,2866
query,1513045342.6539297,1513045343.0138402,1670
query,1513045343.0138865,1513045343.641,2541
query,1513045343.6516473,1513045343.9996474,582
query,1513045343.999653,1513045344.389139,2442
query,1513045344.3891425,1513045344.859155,2491
query,1513045344.8591595,1513045345.532016,2891
query,1513045345.5320203,1513045346.008394,2469
query,1513045346.0083978,1513045346.5682118,3049
query,1513045346.5682156,1513045347.1137767,3122
query,1513045347.1137807,1513045347.8172925,1185
query,1513045347.817297,1513045348.115751,14
query,1513045348.1157548,1513045348.7173507,1839
query,1513045348.7173545,1513045349.11818,2143
query,1513045349.1181846,1513045349.4879258,1621
query,1513045349.4879305,1513045349.7299178,2126
query,1513045349.7299216,1513045350.2361991,1334
query,1513045350.236204,1513045350.6238127,0
query,1513045350.6238165,1513045351.2078025,2531
query,1513045351.2078063,1513045351.617816,3716
query,1513045351.6178207,1513045351.9459271,1199
query,1513045351.945931,1513045352.3691523,530
query,1513045352.3692532,1513045352.8170254,1732
query,1513045352.829824,1513045353.3174448,3325
query,1513045353.3174477,1513045353.7630262,931
query,1513045353.7630303,1513045354.1249313,1883
query,1513045354.124936,1513045354.7218995,3239
query,1513045354.7219033,1513045355.2100978,3059
query,1513045355.2101016,1513045355.4421082,1731
query,1513045355.4421113,1513045355.67591,0
query,1513045355.675915,1513045356.0316646,682
query,1513045356.031669,1513045356.3560808,3183
query,1513045356.356084,1513045356.7116113,373
query,1513045356.7116148,1513045357.028162,102
query,1513045357.028166,1513045357.539696,2499
query,1513045357.5397007,1513045357.9659743,828
query,1513045357.9659786,1513045358.5308394,2682
query,1513045358.5308433,1513045358.996297,2693
query,1513045358.9963007,1513045359.3432868,2633
query,1513045359.343292,1513045359.6305606,169
query,1513045359.6305637,1513045359.9461524,36
query,1513045359.9461684,1513045360.424351,2220
query,1513045360.4243903,1513045361.138018,2939
query,1513045361.1508656,1513045361.5366268,1675
query,1513045361.5366309,1513045361.8064587,1
query,1513045361.8064616,1513045362.289815,2364
query,1513045362.2898183,1513045362.6862261,2968
query,1513045362.6862314,1513045363.068434,842
query,1513045363.06844,1513045363.3147194,1
query,1513045363.314723,1513045363.6892352,350
query,1513045363.68924,1513045364.270243,2343
query,1513045364.2702477,1513045364.741966,535
query,1513045364.7419689,1513045365.0841599,215
query,1513045365.084164,1513045365.472454,1417
query,1513045365.472461,1513045365.7753744,23
query,1513045365.7753794,1513045366.0764742,898
query,1513045366.0764775,1513045366.5950522,1695
query,1513045366.5950568,1513045366.9871051,2697
query,1513045366.9871097,1513045367.5324612,2001
query,1513045367.5324655,1513045367.9779217,2641
query,1513045367.9779263,1513045368.3704364,885
query,1513045368.370441,1513045368.8932123,2641
query,1513045368.8932636,1513045369.4925942,514
query,1513045369.5022757,1513045370.2092528,3204
query,1513045370.2092571,1513045370.7402015,2816
query,1513045370.7402062,1513045371.0387895,673
query,1513045371.0387943,1513045371.3820326,1838
query,1513045371.3820362,1513045371.9061916,2041
query,1513045371.906196,1513045372.3381073,1655
query,1513045372.3381135,1513045372.692908,2991
query,1513045372.692912,1513045373.0988228,1262
query,1513045373.0988262,1513045373.507379,342
query,1513045373.5073833,1513045373.9464376,1177
query,1513045373.9464424,1513045374.6017096,1975
query,1513045374.6017134,1513045375.3072777,3536
query,1513045375.307282,1513045375.7113974,398
query,1513045375.7114136,1513045376.0701275,2
query,1513045376.0701315,1513045376.4219267,1049
query,1513045376.4219308,1513045376.687501,525
query,1513045376.6875048,1513045377.500558,2786
query,1513045377.5005627,1513045378.376569,2963
query,1513045378.3765733,1513045378.8079765,3049
query,1513045378.808115,1513045379.2443078,835
query,1513045379.2579577,1513045379.6110594,2857
query,1513045379.6110635,1513045380.1132643,1907
query,1513045380.1132689,1513045380.4685757,2915
query,1513045380.4685805,1513045381.1171403,2950
query,1513045381.1171443,1513045381.4479146,1790
query,1513045381.447919,1513045381.810048,1849
query,1513045381.8100522,1513045382.2305565,1244
query,1513045382.2305608,1513045382.6744647,1052
query,1513045382.6744685,1513045383.475016,3607
query,1513045383.4750216,1513045383.896427,654
query,1513045383.896433,1513045384.3561568,1677
query,1513045384.3561623,1513045384.6035151,0
query,1513045384.6035194,1513045384.867831,348
query,1513045384.8678353,1513045385.3771923,3311
query,1513045385.3771966,1513045385.70889,460
query,1513045385.7088945,1513045386.1688845,1925
query,1513045386.1688895,1513045386.6536705,2170
query,1513045386.653675,1513045386.951441,1
query,1513045386.9514446,1513045387.4399748,895
query,1513045387.4400208,1513045387.996912,3185
query,1513045388.013852,1513045388.6054919,780
query,1513045388.6054952,1513045389.118836,3235
query,1513045389.1188402,1513045389.7533183,3170
query,1513045389.7533212,1513045390.1037211,1346
query,1513045390.1037245,1513045390.6426096,3028
query,1513045390.642615,1513045391.0475748,3271
query,1513045391.047579,1513045391.4251633,1452
query,1513045391.425167,1513045391.8704143,1539
query,1513045391.8704202,1513045392.3333497,2568
query,1513045392.3333542,1513045393.015876,2585
query,1513045393.01588,1513045393.5095496,3189
query,1513045393.5095534,1513045393.9203181,15
query,1513045393.920322,1513045394.3569233,2119
query,1513045394.3569283,1513045394.8651931,1277
query,1513045394.865197,1513045395.2927406,904
query,1513045395.2927456,1513045395.8868012,393
query,1513045395.8868072,1513045396.5224116,2675
query,1513045396.5224164,1513045397.015724,1409
query,1513045397.0157285,1513045397.6367593,2872
query,1513045397.6368723,1513045398.288907,2645
query,1513045398.3030818,1513045399.0035074,3285
query,1513045399.0035126,1513045399.324644,1705
query,1513045399.3246486,1513045399.7156572,1034
query,1513045399.715663,1513045400.3532217,2783
query,1513045400.3532257,1513045400.7295957,2345
query,1513045400.7296,1513045401.1582155,2197
query,1513045401.1582205,1513045401.6733387,2388
query,1513045401.6733432,1513045402.2056952,775
query,1513045402.2057,1513045402.7041347,3131
query,1513045402.7041545,1513045403.1021667,2645
query,1513045403.1021712,1513045403.512706,1902
query,1513045403.5127106,1513045404.0008748,2082
query,1513045404.0008795,1513045404.3526838,64
query,1513045404.3526886,1513045404.7081819,2084
query,1513045404.7081866,1513045405.104827,1462
query,1513045405.104831,1513045405.4849584,402
query,1513045405.484963,1513045405.860576,376
query,1513045405.860579,1513045406.269369,6
query,1513045406.2693746,1513045406.9143538,76
query,1513045406.9144392,1513045407.4808617,3207
query,1513045407.4944506,1513045408.043992,3369
query,1513045408.0439954,1513045408.3245888,520
query,1513045408.3245926,1513045408.8528366,211
query,1513045408.852841,1513045409.6030295,1774
query,1513045409.6030333,1513045410.2486079,3143
query,1513045410.2486124,1513045410.6330018,2498
query,1513045410.6330075,1513045410.960763,1836
query,1513045410.9608073,1513045411.3061397,1314
query,1513045411.3061442,1513045411.8083756,3179
query,1513045411.8083792,1513045412.1842933,768
query,1513045412.1842968,1513045412.5607388,2013
query,1513045412.560743,1513045412.932434,1059
query,1513045412.9324386,1513045413.5356157,2642
query,1513045413.5356197,1513045413.986074,200
query,1513045413.98608,1513045414.2684445,851
query,1513045414.2684488,1513045414.7529774,2865
query,1513045414.7529838,1513045415.1485748,2412
query,1513045415.1485808,1513045415.4202454,24
query,1513045415.42025,1513045415.8134878,1588
query,1513045415.8135343,1513045416.372739,240
query,1513045416.3866546,1513045416.7402961,684
query,1513045416.7403014,1513045417.1005614,903
query,1513045417.100566,1513045417.7385085,1077
query,1513045417.7385137,1513045418.157813,3384
query,1513045418.1578171,1513045418.5466945,1505
query,1513045418.546699,1513045418.8964887,323
query,1513045418.8964934,1513045419.337124,975
query,1513045419.3371303,1513045419.7844472,1677
query,1513045419.7844515,1513045420.0038352,0
query,1513045420.003839,1513045420.7500648,3005
query,1513045420.75007,1513045421.0644841,1179
query,1513045421.0644884,1513045421.3751004,1673
query,1513045421.3751044,1513045421.9614553,1630
query,1513045421.9614744,1513045422.6885893,1603
query,1513045422.688594,1513045423.144546,1463
query,1513045423.1445508,1513045423.6210418,2627
query,1513045423.6210463,1513045424.0129168,421
query,1513045424.0129235,1513045424.4962974,244
query,1513045424.4963007,1513045424.8809798,3496
query,1513045424.8810258,1513045425.241052,2082
query,1513045425.2562852,1513045425.5686917,385
query,1513045425.5686946,1513045426.1874964,2867
query,1513045426.1875007,1513045426.633028,2655
query,1513045426.6330338,1513045426.9206026,185
query,1513045426.9206078,1513045427.5590482,3437
query,1513045427.5590527,1513045428.0526416,2358
query,1513045428.0526466,1513045428.48853,24
query,1513045428.4885345,1513045428.9529626,2527
query,1513045428.9529674,1513045429.340685,3094
query,1513045429.3406894,1513045429.724512,1043
query,1513045429.7245164,1513045430.3404965,2328
query,1513045430.3405006,1513045430.6850781,1081
query,1513045430.6850824,1513045431.020286,729
query,1513045431.0202897,1513045431.387633,467
query,1513045431.3876383,1513045431.74923,3035
query,1513045431.7492342,1513045432.1299999,2596
query,1513045432.1300035,1513045432.417793,218
query,1513045432.4177966,1513045432.9124248,1772
query,1513045432.9124289,1513045433.2525923,5
query,1513045433.2526357,1513045433.8711677,2666
query,1513045433.8856738,1513045434.2477734,357
query,1513045434.2477782,1513045434.6611743,2481
query,1513045434.6611779,1513045435.0243683,2001
query,1513045435.0243723,1513045435.3404772,360
query,1513045435.3404813,1513045436.0192297,3152
query,1513045436.0192342,1513045436.8494337,3380
query,1513045436.8494384,1513045437.3035798,2820
query,1513045437.3035843,1513045437.6488845,1509
query,1513045437.6488888,1513045438.2750187,123
query,1513045438.2750235,1513045438.6563787,1269
query,1513045438.6563833,1513045438.9669716,398
query,1513045438.9669764,1513045439.2770839,2059
query,1513045439.277088,1513045439.6245987,2769
query,1513045439.624603,1513045440.1320653,2570
query,1513045440.1320686,1513045440.6886485,355
query,1513045440.6886556,1513045441.1510372,82
query,1513045441.151043,1513045441.9128432,2756
query,1513045441.9128492,1513045442.3124175,580
query,1513045442.3124208,1513045442.6730723,919
query,1513045442.6731224,1513045443.248606,2178
query,1513045443.2563956,1513045443.7046278,692
query,1513045443.7046313,1513045444.0971994,1176
query,1513045444.0972042,1513045444.695921,2735
query,1513045444.6959252,1513045445.1723337,376
query,1513045445.1723378,1513045445.6128473,2959
query,1513045445.6128519,1513045446.1003833,803
query,1513045446.1003864,1513045446.6168847,2598
query,1513045446.616889,1513045447.1807168,2428
query,1513045447.1807203,1513045447.7325218,2282
query,1513045447.732526,1513045448.1363957,1745
query,1513045448.1364,1513045448.401461,49
query,1513045448.4014661,1513045448.7702959,2742
query,1513045448.7703004,1513045449.052461,644
query,1513045449.0524647,1513045449.727329,2977
query,1513045449.7273324,1513045450.355927,3467
query,1513045450.3559313,1513045451.2223206,3315
query,1513045451.2223246,1513045451.6322658,3435
query,1513045451.63227,1513045452.1196709,5
query,1513045452.119676,1513045452.395649,1111
query,1513045452.3956788,1513045452.7749474,1989
query,1513045452.787329,1513045453.1849468,1136
query,1513045453.1849523,1513045453.5453808,1917
query,1513045453.5453854,1513045453.9845078,2316
query,1513045453.9845123,1513045454.3565931,861
query,1513045454.356598,1513045454.868949,3432
query,1513045454.8689537,1513045455.4299715,3521
query,1513045455.4299755,1513045455.9642754,2683
query,1513045455.9642818,1513045456.454343,2306
query,1513045456.454348,1513045456.8289845,1328
query,1513045456.8289886,1513045457.0927312,1008
query,1513045457.0927353,1513045457.4164164,2017
query,1513045457.4164207,1513045457.7847567,482
query,1513045457.784761,1513045458.252501,3022
query,1513045458.2525055,1513045458.636477,577
query,1513045458.6364818,1513045458.9330213,1148
query,1513045458.9330254,1513045459.3533263,1981
query,1513045459.3533406,1513045459.6286094,1226
query,1513045459.628614,1513045460.1324525,2001
query,1513045460.1324573,1513045460.5624704,2906
query,1513045460.5625308,1513045460.9128072,3055
query,1513045460.9254615,1513045461.3689313,2322
query,1513045461.3689363,1513045461.74883,1477
query,1513045461.748835,1513045462.175797,1011
query,1513045462.1758018,1513045462.5634673,2666
query,1513045462.563471,1513045462.9037917,1781
query,1513045462.9037962,1513045463.2904835,98
query,1513045463.2904875,1513045463.5861385,2066
query,1513045463.5861437,1513045464.017603,2737
query,1513045464.0176077,1513045464.3397048,486
query,1513045464.339708,1513045465.065107,3190
query,1513045465.0651112,1513045465.4836986,899
query,1513045465.4837034,1513045466.0958629,3263
query,1513045466.095868,1513045466.4645474,1165
query,1513045466.464552,1513045466.8933883,1530
query,1513045466.8934057,1513045467.3605435,3198
query,1513045467.360548,1513045467.7485716,885
query,1513045467.7485762,1513045468.273016,1751
query,1513045468.2730205,1513045468.7104876,2348
query,1513045468.7104921,1513045469.0533583,2266
query,1513045469.053644,1513045469.4760897,48
query,1513045469.4892821,1513045469.8332155,3121
query,1513045469.8332198,1513045470.2430112,1637
query,1513045470.2430146,1513045470.556521,396
query,1513045470.5565245,1513045470.8691595,2606
query,1513045470.8691633,1513045471.2565107,1637
query,1513045471.2565155,1513045471.8288763,3140
query,1513045471.8288803,1513045472.257812,2023
query,1513045472.2578173,1513045473.067547,3445
query,1513045473.0675516,1513045473.5927107,2005
query,1513045473.5927148,1513045474.193058,3107
query,1513045474.1930625,1513045474.6440804,2332
query,1513045474.6440845,1513045475.0504644,900
query,1513045475.0504687,1513045475.536329,1717
query,1513045475.5363328,1513045475.7973816,1161
query,1513045475.7973866,1513045476.3056202,3821
query,1513045476.3056247,1513045476.8411539,3103
query,1513045476.8411584,1513045477.3610523,2984
query,1513045477.3610568,1513045477.6029987,399
query,1513045477.6030028,1513045478.134099,2272
query,1513045478.1341398,1513045478.5329816,7
query,1513045478.5498643,1513045479.08426,2763
query,1513045479.0842636,1513045479.5645626,1993
query,1513045479.5645688,1513045479.9320705,2121
query,1513045479.9320745,1513045480.444575,3100
query,1513045480.4445772,1513045480.8452673,1478
query,1513045480.8452733,1513045481.2650657,1700
query,1513045481.2650714,1513045481.5632079,1784
query,1513045481.5632148,1513045481.9726582,3242
query,1513045481.9726624,1513045482.5530295,3162
query,1513045482.5530336,1513045482.9563196,2796
query,1513045482.9563234,1513045483.357962,3253
query,1513045483.3579679,1513045483.6847558,132
query,1513045483.6847599,1513045484.1015625,3176
query,1513045484.101565,1513045484.4982758,713
query,1513045484.49828,1513045484.837527,2605
query,1513045484.8375304,1513045485.2170029,1100
query,1513045485.2170079,1513045485.598204,1640
query,1513045485.5982075,1513045485.8163211,3
query,1513045485.8163252,1513045486.2717428,2123
query,1513045486.2717862,1513045486.6713207,2203
query,1513045486.6858027,1513045487.1287456,1664
query,1513045487.12875,1513045487.574808,1992
query,1513045487.5748127,1513045487.8802989,1234
query,1513045487.8803036,1513045488.2125888,1180
query,1513045488.212595,1513045488.6040711,3
query,1513045488.6040752,1513045489.1256735,1766
query,1513045489.125678,1513045489.6005344,2872
query,1513045489.6005383,1513045490.1002417,3283
query,1513045490.1002457,1513045490.5658226,441
query,1513045490.5658267,1513045490.946873,561
query,1513045490.946878,1513045491.3764668,365
query,1513045491.376471,1513045492.0489283,3179
query,1513045492.048934,1513045492.699939,3568
query,1513045492.6999433,1513045493.1488292,2219
query,1513045493.1488335,1513045493.4888747,3043
query,1513045493.4888778,1513045493.8842154,849
query,1513045493.8842194,1513045494.3322713,2403
query,1513045494.3322752,1513045494.8082776,2884
query,1513045494.8082805,1513045495.1889682,645
query,1513045495.1890318,1513045495.6133254,514
query,1513045495.62654,1513045495.8869064,2151
query,1513045495.8869102,1513045496.20033,1969
query,1513045496.200334,1513045496.600489,3064
query,1513045496.6004927,1513045496.900515,1183
query,1513045496.9005187,1513045497.3264365,3565
query,1513045497.3264413,1513045497.7085872,739
query,1513045497.708591,1513045498.1565607,3045
query,1513045498.156565,1513045498.5326471,2019
query,1513045498.532651,1513045498.888873,2068
query,1513045498.8888774,1513045499.249863,1362
query,1513045499.249868,1513045499.5602932,2229
query,1513045499.560297,1513045500.1088758,3142
query,1513045500.1088789,1513045500.47415,2319
query,1513045500.4741542,1513045500.8995764,1539
query,1513045500.899581,1513045501.4206264,3124
query,1513045501.4206297,1513045501.9092324,2740
query,1513045501.909237,1513045502.6152987,3145
query,1513045502.6153033,1513045502.985058,940
query,1513045502.9850624,1513045503.2174027,371
query,1513045503.2175348,1513045503.5675285,600
query,1513045503.579058,1513045503.9669964,4
query,1513045503.9670005,1513045504.356444,2694
query,1513045504.3564491,1513045504.833616,426
query,1513045504.83362,1513045505.1374233,1224
query,1513045505.137427,1513045505.489044,1493
query,1513045505.4890485,1513045505.8763902,997
query,1513045505.8763938,1513045506.4452536,2960
query,1513045506.4452581,1513045506.7335117,1001
query,1513045506.7335162,1513045507.024336,22
query,1513045507.0243406,1513045507.4586658,1819
query,1513045507.4586704,1513045507.894763,2584
query,1513045507.8947678,1513045508.2068598,409
query,1513045508.2068644,1513045508.603949,3267
query,1513045508.603953,1513045508.9129856,1800
query,1513045508.9129903,1513045509.2544465,561
query,1513045509.2544506,1513045509.7814445,1943
query,1513045509.7814484,1513045510.4051309,1412
query,1513045510.4051359,1513045510.8008971,2217
query,1513045510.8009017,1513045511.3485909,2633
query,1513045511.3486328,1513045511.8926125,2447
query,1513045511.905797,1513045512.3168166,250
query,1513045512.3168228,1513045512.8485773,2361
query,1513045512.8485827,1513045513.186125,2394
query,1513045513.186129,1513045513.8073084,1341
query,1513045513.8073132,1513045514.2645316,558
query,1513045514.2645361,1513045514.6254692,706
query,1513045514.6254725,1513045514.9524145,1554
query,1513045514.9524183,1513045515.3089,295
query,1513045515.3089044,1513045515.788449,846
query,1513045515.7884533,1513045516.2250278,1337
query,1513045516.2250323,1513045516.6124735,1400
query,1513045516.612478,1513045517.0498438,2668
query,1513045517.049848,1513045517.5286288,1097
query,1513045517.5286403,1513045518.148238,2098
query,1513045518.1482449,1513045518.428294,48
query,1513045518.4282975,1513045518.8885667,2957
query,1513045518.8885713,1513045519.2723503,2686
query,1513045519.2723558,1513045519.644594,3193
query,1513045519.6445973,1513045520.1724713,345
query,1513045520.1725159,1513045520.668843,2063
query,1513045520.6826103,1513045521.1529553,568
query,1513045521.1529598,1513045521.4686203,2348
query,1513045521.4686246,1513045522.01241,2568
query,1513045522.0124135,1513045522.3470635,34
query,1513045522.3470678,1513045522.9251966,3253
query,1513045522.9252012,1513045523.4729476,1655
query,1513045523.4729524,1513045523.941503,1303
query,1513045523.9415078,1513045524.3253906,262
query,1513045524.3253949,1513045524.9044013,1833
query,1513045524.9044054,1513045525.1897597,979
query,1513045525.1897633,1513045525.703892,3089
query,1513045525.7038977,1513045526.190477,3263
query,1513045526.1904826,1513045526.441165,1
query,1513045526.441169,1513045526.861109,3
query,1513045526.8611128,1513045527.321545,2512
query,1513045527.3215632,1513045527.6984236,2002
query,1513045527.698428,1513045528.2857196,2639
query,1513045528.2857242,1513045528.666567,134
query,1513045528.6665704,1513045529.0168946,697
query,1513045529.016967,1513045529.900034,2769
query,1513045529.9137206,1513045530.7117887,2731
query,1513045530.7117925,1513045531.1380575,2137
query,1513045531.138061,1513045531.511135,2582
query,1513045531.5111408,1513045531.8932648,1785
query,1513045531.893268,1513045532.2619226,2544
query,1513045532.2619262,1513045532.6041968,2045
query,1513045532.604201,1513045533.0572283,1290
query,1513045533.0572336,1513045533.4420106,2957
query,1513045533.442014,1513045533.8380094,3116
query,1513045533.838013,1513045534.2245266,3257
query,1513045534.2245302,1513045534.5604522,1647
query,1513045534.5604575,1513045534.9798524,2658
query,1513045534.9798555,1513045535.3746502,3695
query,1513045535.3746564,1513045536.0195003,3473
query,1513045536.019504,1513045536.6005092,2896
query,1513045536.600513,1513045537.0610185,2416
query,1513045537.0610259,1513045537.5114398,1312
query,1513045537.5114448,1513045537.8144248,240
query,1513045537.814429,1513045538.204119,3084
query,1513045538.2041693,1513045538.6466677,2138
query,1513045538.6562831,1513045539.015614,3316
query,1513045539.0156171,1513045539.285785,812
query,1513045539.285792,1513045539.7777827,1243
query,1513045539.7777874,1513045540.170041,2198
query,1513045540.1700454,1513045540.5364244,2972
query,1513045540.5364277,1513045541.0820868,3114
query,1513045541.0820913,1513045541.4416282,1826
query,1513045541.4416306,1513045541.8176467,2582
query,1513045541.8176513,1513045542.2761362,2732
query,1513045542.2761402,1513045542.7183585,344
query,1513045542.7183628,1513045543.0334086,1110
query,1513045543.0334127,1513045543.4460633,1580
query,1513045543.446067,1513045543.7705796,3246
query,1513045543.7705843,1513045544.260114,9
query,1513045544.2601194,1513045544.7245486,3105
query,1513045544.7245529,1513045545.0972812,2277
query,1513045545.0972857,1513045545.7004058,3156
query,1513045545.7004108,1513045546.190049,3374
query,1513045546.1900527,1513045546.5394123,2586
query,1513045546.5394566,1513045547.1652732,3195
query,1513045547.174049,1513045547.564522,1200
query,1513045547.5645258,1513045547.9059553,1096
query,1513045547.9059613,1513045548.3141224,3325
query,1513045548.3141263,1513045548.7232208,2965
query,1513045548.7232263,1513045549.0738258,2197
query,1513045549.0738304,1513045549.4926267,1695
query,1513045549.4926307,1513045549.7901938,1409
query,1513045549.7901971,1513045550.177705,790
query,1513045550.1777098,1513045550.6419084,538
query,1513045550.6419117,1513045551.2070076,2385
query,1513045551.207012,1513045551.7004566,56
query,1513045551.7004602,1513045552.073541,918
query,1513045552.0735455,1513045552.343733,3093
query,1513045552.3437355,1513045552.747908,3278
query,1513045552.7479131,1513045553.307189,2636
query,1513045553.3071923,1513045553.678926,2149
query,1513045553.6789303,1513045554.0942366,3267
query,1513045554.0942414,1513045554.701936,969
query,1513045554.7019544,1513045555.1760373,2370
query,1513045555.1761026,1513045555.5859342,3190
query,1513045555.5966663,1513045555.9220338,834
query,1513045555.922039,1513045556.4327102,3032
query,1513045556.432713,1513045556.724652,1575
query,1513045556.7246573,1513045557.047948,1170
query,1513045557.047951,1513045557.6123507,3064
query,1513045557.612355,1513045558.0486078,2087
query,1513045558.0486126,1513045558.3734474,373
query,1513045558.373451,1513045558.9587958,3304
query,1513045558.9588,1513045559.349189,2508
query,1513045559.3491924,1513045559.7818172,844
query,1513045559.7818224,1513045560.1513753,2175
query,1513045560.15138,1513045560.5638833,2971
query,1513045560.563889,1513045560.9758413,2496
query,1513045560.9758475,1513045561.5507834,22
query,1513045561.5507877,1513045561.8962908,1088
query,1513045561.8962948,1513045562.275989,545
query,1513045562.2759933,1513045562.784996,2099
query,1513045562.7849991,1513045563.3340797,2431
query,1513045563.3340828,1513045563.739315,2755
query,1513045563.739361,1513045564.2485263,2378
query,1513045564.2562768,1513045564.7610402,2997
query,1513045564.761043,1513045565.4001675,3068
query,1513045565.4001703,1513045565.9337952,2272
query,1513045565.9337978,1513045566.49166,1651
query,1513045566.4916627,1513045566.8805912,644
query,1513045566.8805962,1513045567.2121801,567
query,1513045567.2121842,1513045567.753298,2493
query,1513045567.7533033,1513045568.2230012,2583
query,1513045568.2230046,1513045568.771588,3122
query,1513045568.7715926,1513045569.279508,2834
query,1513045569.2795126,1513045569.939245,2824
query,1513045569.9392498,1513045570.3919988,3305
query,1513045570.3920035,1513045570.7196362,80
query,1513045570.7196496,1513045571.0037003,2252
query,1513045571.003705,1513045571.3430357,1992
query,1513045571.3430398,1513045571.9915564,2716
query,1513045571.9915593,1513045572.3253052,2968
query,1513045572.3253095,1513045572.749969,1108
query,1513045572.7499735,1513045573.100542,1903
query,1513045573.100594,1513045573.5067973,1161
query,1513045573.5236661,1513045573.9274347,2548
query,1513045573.9274397,1513045574.456907,1449
query,1513045574.4569132,1513045574.9454484,1850
query,1513045574.9454534,1513045575.4326243,1415
query,1513045575.4326293,1513045575.9817936,1240
query,1513045575.9817982,1513045576.3723817,3607
query,1513045576.3723865,1513045576.8542647,2431
query,1513045576.8542829,1513045577.3737183,2935
query,1513045577.3737226,1513045577.6966567,7
query,1513045577.696661,1513045578.3887277,2913
query,1513045578.3887327,1513045578.8548348,2277
query,1513045578.8548386,1513045579.2416055,481
query,1513045579.24161,1513045579.7266467,3102
query,1513045579.7266512,1513045580.0333498,41
query,1513045580.0333538,1513045580.3316307,772
query,1513045580.3316333,1513045580.843773,3162
query,1513045580.8437772,1513045581.2445664,730
query,1513045581.244571,1513045581.8260229,2311
query,1513045581.8260272,1513045582.431411,3323
query,1513045582.431469,1513045583.104475,3014
query,1513045583.116508,1513045583.4766884,547
query,1513045583.4766927,1513045584.0845432,1832
query,1513045584.0845478,1513045584.409739,1664
query,1513045584.4097435,1513045584.9981806,387
query,1513045584.998185,1513045585.3641157,1191
query,1513045585.3641202,1513045585.8431375,2042
query,1513045585.8431423,1513045586.519684,3371
query,1513045586.51969,1513045586.9029217,1
query,1513045586.9029267,1513045587.576409,1503
query,1513045587.5764136,1513045587.905766,1003
query,1513045587.905771,1513045588.3693478,2880
query,1513045588.369353,1513045589.3736572,3089
query,1513045589.3736618,1513045589.769306,2750
query,1513045589.769311,1513045590.1215112,754
query,1513045590.1215158,1513045590.6361368,3248
query,1513045590.6361427,1513045591.00264,2699
query,1513045591.0026443,1513045591.448586,1435
query,1513045591.4485905,1513045591.8239226,1094
query,1513045591.8239272,1513045592.5774775,2334
query,1513045592.577523,1513045593.305221,990
query,1513045593.328294,1513045593.9599657,2974
query,1513045593.9599698,1513045594.4963276,3504
query,1513045594.4963312,1513045594.8955622,0
query,1513045594.8955667,1513045595.523276,3375
query,1513045595.5232801,1513045595.9266315,372
query,1513045595.9266384,1513045596.508192,1743
query,1513045596.5081964,1513045596.9902506,2976
query,1513045596.9902546,1513045597.5562146,2378
query,1513045597.5562196,1513045598.0875866,1831
query,1513045598.0875916,1513045598.407084,506
query,1513045598.4070888,1513045598.7644534,2184
query,1513045598.764458,1513045599.069666,3069
query,1513045599.0696692,1513045599.5592766,195
query,1513045599.559281,1513045600.075119,2369
query,1513045600.0751243,1513045600.4289837,2281
query,1513045600.4289887,1513045600.7507136,947
query,1513045600.750718,1513045601.4282615,595
query,1513045601.4282663,1513045601.9560652,2729
query,1513045601.9560695,1513045602.336985,1
query,1513045602.3370366,1513045602.813817,2100
query,1513045602.8241298,1513045603.2839017,2223
query,1513045603.2839055,1513045603.588581,1486
query,1513045603.5885832,1513045604.0308747,2323
query,1513045604.0308812,1513045604.403573,1039
query,1513045604.4035892,1513045604.756976,3074
query,1513045604.756982,1513045605.1841307,1985
query,1513045605.1841357,1513045605.564167,462
query,1513045605.5641704,1513045605.9257705,2328
query,1513045605.9257762,1513045606.3060904,2541
query,1513045606.3060956,1513045606.6724906,345
query,1513045606.6724951,1513045607.0999353,3772
query,1513045607.099938,1513045607.5879571,2066
query,1513045607.5879614,1513045607.9322,2475
query,1513045607.9322045,1513045608.3195593,2766
query,1513045608.3195624,1513045608.7443635,2391
query,1513045608.7443678,1513045609.2848628,1641
query,1513045609.2848687,1513045609.845011,412
query,1513045609.8450274,1513045610.313538,1020
query,1513045610.3135424,1513045610.7405698,1570
query,1513045610.7406135,1513045610.9983099,2
query,1513045611.0077112,1513045611.411943,1330
query,1513045611.411947,1513045611.835107,345
query,1513045611.8351111,1513045612.2126415,507
query,1513045612.2126455,1513045612.6163142,2878
query,1513045612.616318,1513045613.0477374,2679
query,1513045613.0477417,1513045613.6414242,2771
query,1513045613.6414297,1513045614.1114178,2420
query,1513045614.1114218,1513045614.6275773,1899
query,1513045614.6275816,1513045615.2489145,906
query,1513045615.2489178,1513045615.8152266,3175
query,1513045615.8152318,1513045616.3583386,2165
query,1513045616.3583426,1513045616.8530672,3269
query,1513045616.853071,1513045617.2892985,3112
query,1513045617.2893026,1513045617.756419,1769
query,1513045617.7564235,1513045618.1905012,1033
query,1513045618.190506,1513045618.7505994,3373
query,1513045618.7506042,1513045619.244557,2010
query,1513045619.2445605,1513045619.820365,1915
query,1513045619.8203685,1513045620.301357,3160
query,1513045620.301419,1513045620.8666172,2660
query,1513045620.878055,1513045621.5081336,3033
query,1513045621.5081372,1513045621.978684,2150
query,1513045621.9786885,1513045622.5973182,608
query,1513045622.597322,1513045623.2371063,3100
query,1513045623.2371106,1513045623.9989107,3532
query,1513045623.998915,1513045624.4555075,1387
query,1513045624.4555113,1513045624.928358,10
query,1513045624.9284067,1513045625.8277104,2935
query,1513045625.827715,1513045626.272659,2874
query,1513045626.2726626,1513045626.865748,445
query,1513045626.8657527,1513045627.421506,0
query,1513045627.4215102,1513045627.9419773,249
query,1513045627.9419806,1513045628.3408756,1759
query,1513045628.3408802,1513045629.3223352,2951
query,1513045629.3223393,1513045629.8792331,2818
query,1513045629.8792398,1513045630.2382245,260
query,1513045630.2382293,1513045630.9091651,3114
query,1513045630.9091704,1513045631.6454153,746
query,1513045631.645419,1513045632.2092643,344
query,1513045632.2093008,1513045632.804563,1423
query,1513045632.8173902,1513045633.462977,2957
query,1513045633.4629807,1513045633.828257,593
query,1513045633.828261,1513045634.4729874,361
query,1513045634.4729905,1513045634.9947128,450
query,1513045634.9947174,1513045635.4685564,449
query,1513045635.4685607,1513045635.863077,2212
query,1513045635.863082,1513045636.4731147,3235
query,1513045636.473121,1513045636.9295197,1408
query,1513045636.929524,1513045637.3238823,385
query,1513045637.3238857,1513045637.595389,470
query,1513045637.5953946,1513045637.9828973,795
query,1513045637.9829023,1513045638.5049007,1734
query,1513045638.5049071,1513045638.9461372,243
query,1513045638.9461422,1513045639.4552464,215
query,1513045639.4552505,1513045639.9036865,410
query,1513045639.903691,1513045640.8215482,2288
query,1513045640.821553,1513045641.3231356,2396
query,1513045641.32314,1513045641.791245,2141
query,1513045641.7912493,1513045642.4007084,2746
query,1513045642.4007638,1513045643.4199927,2486
query,1513045643.4345949,1513045643.854506,1418
query,1513045643.8545113,1513045644.316117,503
query,1513045644.3161216,1513045644.869251,410
query,1513045644.8692565,1513045645.2363539,423
query,1513045645.2363575,1513045645.6610858,817
query,1513045645.6610904,1513045646.2195518,86
query,1513045646.2195566,1513045646.8267539,243
query,1513045646.8267586,1513045647.4981906,1042
query,1513045647.4981942,1513045647.995537,1154
query,1513045647.9955418,1513045648.524947,2926
query,1513045648.5249531,1513045649.2042077,298
query,1513045649.204212,1513045649.6341772,1078
query,1513045649.634183,1513045650.17435,484
query,1513045650.1743534,1513045650.7125838,1515
query,1513045650.712588,1513045651.2759664,862
query,1513045651.275971,1513045651.8696826,2718
query,1513045651.8696876,1513045652.409343,2588
query,1513045652.409347,1513045653.0348756,2342
query,1513045653.03488,1513045653.5950499,2919
query,1513045653.5950875,1513045654.2626476,2350
query,1513045654.2757468,1513045654.9523435,3154
query,1513045654.9523478,1513045655.3318207,902
query,1513045655.3318255,1513045655.7074096,681
query,1513045655.7074132,1513045656.1120462,410
query,1513045656.11205,1513045656.6049142,1435
query,1513045656.6049192,1513045657.1848347,2570
query,1513045657.1848407,1513045657.909086,3008
query,1513045657.9090905,1513045658.4160614,356
query,1513045658.416065,1513045658.8498945,666
query,1513045658.8498995,1513045659.4645085,1620
query,1513045659.4645123,1513045659.8824136,97
query,1513045659.8824182,1513045660.4364226,2853
query,1513045660.436427,1513045660.9159167,155
query,1513045660.9159222,1513045661.3684106,2058
query,1513045661.368415,1513045661.7993824,2856
query,1513045661.799387,1513045662.4766111,2078
query,1513045662.4766154,1513045663.0453997,1538
query,1513045663.0454042,1513045663.4557145,1411
query,1513045663.4557178,1513045663.8828633,1830
query,1513045663.8829048,1513045664.6506135,2431
query,1513045664.6637974,1513045665.0649228,1133
query,1513045665.0649257,1513045665.4686038,1330
query,1513045665.4686203,1513045665.965533,2449
query,1513045665.9655385,1513045666.585412,2136
query,1513045666.5854151,1513045667.0906763,3166
query,1513045667.0906808,1513045667.6326008,3029
query,1513045667.6326056,1513045667.9782073,1648
query,1513045667.9782107,1513045668.4124537,3
query,1513045668.4124596,1513045668.9407039,3091
query,1513045668.9407082,1513045669.3245144,0
query,1513045669.3245177,1513045669.703079,2
query,1513045669.7030833,1513045670.2511437,5
query,1513045670.2511504,1513045670.4995565,0
query,1513045670.499561,1513045671.2333179,2936
query,1513045671.2333252,1513045671.496687,0
query,1513045671.496691,1513045672.1246927,3202
query,1513045672.124697,1513045672.5289555,24
query,1513045672.5289614,1513045672.9741585,2773
query,1513045672.974163,1513045673.5881987,2844
query,1513045673.5882409,1513045674.0535097,402
query,1513045674.0660856,1513045674.7239268,2863
query,1513045674.7239482,1513045675.1970806,1000
query,1513045675.1970851,1513045675.6640418,1177
query,1513045675.664046,1513045676.2302973,1370
query,1513045676.2303016,1513045676.7561946,2675
query,1513045676.7561991,1513045677.202746,2706
query,1513045677.20275,1513045677.6882484,1344
query,1513045677.6882517,1513045678.208479,1537
query,1513045678.2084818,1513045678.7122962,1230
query,1513045678.7123005,1513045679.2871616,2086
query,1513045679.2871668,1513045679.981124,636
query,1513045679.9811282,1513045680.3152707,2945
query,1513045680.3152752,1513045680.7678914,1274
query,1513045680.767895,1513045681.1624455,1868
query,1513045681.1624496,1513045681.6340806,1982
query,1513045681.6340837,1513045681.9966643,3047
query,1513045681.9966702,1513045682.30203,855
query,1513045682.3020344,1513045682.7284927,2857
query,1513045682.7284973,1513045683.0357063,22
query,1513045683.0358367,1513045683.4700158,1914
query,1513045683.4830322,1513045683.7964308,7
query,1513045683.7964346,1513045684.1361678,2987
query,1513045684.1361723,1513045684.4223886,528
query,1513045684.4223938,1513045684.8094604,2238
query,1513045684.8094652,1513045685.200914,1269
query,1513045685.2009184,1513045685.645685,1541
query,1513045685.6456897,1513045686.1159348,3122
query,1513045686.1159375,1513045686.4174626,1764
query,1513045686.417466,1513045686.899154,3214
query,1513045686.8991585,1513045687.392017,3027
query,1513045687.3920217,1513045687.7627976,2981
query,1513045687.762802,1513045688.1367424,1778
query,1513045688.1367466,1513045688.5000837,3002
query,1513045688.500088,1513045688.8608272,2291
query,1513045688.8608325,1513045689.246637,2415
query,1513045689.2466419,1513045689.8075302,2167
query,1513045689.8075345,1513045690.1367083,1178
query,1513045690.1367128,1513045690.4474916,1362
query,1513045690.447496,1513045690.8702514,1349
query,1513045690.8703032,1513045691.197693,1638
query,1513045691.2116258,1513045691.5874014,2850
query,1513045691.587406,1513045691.9429963,1413
query,1513045691.943001,1513045692.3320935,2577
query,1513045692.332097,1513045692.763929,2573
query,1513045692.7639346,1513045693.223155,3086
query,1513045693.2231596,1513045693.6150658,2622
query,1513045693.6150694,1513045693.9560993,0
query,1513045693.9561038,1513045694.3877375,3240
query,1513045694.3877416,1513045694.7519045,11
query,1513045694.751909,1513045695.1575642,3016
query,1513045695.1575704,1513045695.5605986,769
query,1513045695.5606022,1513045696.0034165,938
query,1513045696.0034204,1513045696.4570816,2725
query,1513045696.4570863,1513045696.9423983,1
query,1513045696.9424014,1513045697.4719756,2701
query,1513045697.4719803,1513045697.9848797,2944
query,1513045697.9848833,1513045698.5651777,3327
query,1513045698.5651834,1513045698.9686418,3161
query,1513045698.9686453,1513045699.304375,1848
query,1513045699.3044174,1513045699.9018025,728
query,1513045699.9157684,1513045700.2194169,51
query,1513045700.2194211,1513045700.6189375,99
query,1513045700.6189408,1513045701.234301,217
query,1513045701.2343056,1513045701.464878,137
query,1513045701.4648826,1513045702.117134,3172
query,1513045702.1171467,1513045702.7322428,2281
query,1513045702.732247,1513045703.158683,2151
query,1513045703.1586883,1513045703.54283,1719
query,1513045703.5428329,1513045704.0236769,3545
query,1513045704.0236819,1513045704.4036543,121
query,1513045704.4036596,1513045704.765627,630
query,1513045704.7656715,1513045705.0074687,1999
query,1513045705.0074728,1513045705.3150818,1675
query,1513045705.3150876,1513045705.577178,1538
query,1513045705.5771823,1513045705.9298651,2171
query,1513045705.9298692,1513045706.422105,3205
query,1513045706.4221096,1513045706.7524235,2423
query,1513045706.7524283,1513045707.129931,1100
query,1513045707.1299355,1513045707.5166943,2586
query,1513045707.5168915,1513045707.9198956,2869
query,1513045707.9334958,1513045708.2620783,384
query,1513045708.2620828,1513045708.8478796,3050
query,1513045708.8478842,1513045709.52507,2961
query,1513045709.5250747,1513045709.970776,2764
query,1513045709.970782,1513045710.367269,1705
query,1513045710.3672745,1513045710.8446722,2785
query,1513045710.8446767,1513045711.361222,1
query,1513045711.3612268,1513045711.8171544,1068
query,1513045711.8171587,1513045712.2629645,1538
query,1513045712.2629688,1513045712.5595815,718
query,1513045712.5595858,1513045712.7934685,295
query,1513045712.7934728,1513045713.820457,3062
query,1513045713.8204615,1513045714.2477427,1410
query,1513045714.2477474,1513045714.7351093,3487
query,1513045714.735114,1513045715.128591,3118
query,1513045715.1285958,1513045715.53249,2907
query,1513045715.532495,1513045715.9620724,956
query,1513045715.9620767,1513045716.318694,1494
query,1513045716.3186984,1513045716.6526525,1075
query,1513045716.652694,1513045717.1757336,1306
query,1513045717.1845708,1513045717.4732752,926
query,1513045717.4732783,1513045717.8761857,1592
query,1513045717.87619,1513045718.232108,938
query,1513045718.2321136,1513045718.628222,27
query,1513045718.6282258,1513045719.0556166,3280
query,1513045719.0556207,1513045719.4045658,3244
query,1513045719.4045703,1513045719.7123432,360
query,1513045719.7123487,1513045720.1302435,2841
query,1513045720.1302474,1513045720.6650019,744
query,1513045720.6650064,1513045721.0872538,1188
query,1513045721.0872579,1513045721.4654865,2271
query,1513045721.4654913,1513045721.8021047,3314
query,1513045721.8021095,1513045722.2274127,1915
query,1513045722.2274191,1513045722.6746526,2128
query,1513045722.674658,1513045723.0606277,2041
query,1513045723.060632,1513045723.539227,3190
query,1513045723.5392313,1513045724.045767,1571
query,1513045724.0457711,1513045724.4995081,22
query,1513045724.4995127,1513045724.773166,327
query,1513045724.7732253,1513045725.2583616,2817
query,1513045725.2720518,1513045725.8675365,2482
query,1513045725.8675418,1513045726.2291892,1452
query,1513045726.2291942,1513045726.576378,95
query,1513045726.5763826,1513045727.1301322,2657
query,1513045727.130136,1513045727.6852403,2343
query,1513045727.6852434,1513045728.153577,2363
query,1513045728.153581,1513045728.796389,1105
query,1513045728.7963936,1513045729.265529,2503
query,1513045729.2655332,1513045729.6378894,1254
query,1513045729.6378953,1513045730.0746956,396
query,1513045730.0746994,1513045730.392714,0
query,1513045730.3927183,1513045730.939222,3211
query,1513045730.9392283,1513045731.4166288,1278
query,1513045731.4166338,1513045731.9454184,3341
query,1513045731.945422,1513045732.270397,812
query,1513045732.2704005,1513045732.6257231,1466
query,1513045732.6257262,1513045733.3059106,2521
query,1513045733.3059146,1513045733.718627,2578
query,1513045733.7186303,1513045734.202328,2842
query,1513045734.2023704,1513045734.7270699,2319
query,1513045734.7447538,1513045735.0993717,2116
query,1513045735.0993767,1513045735.6273422,2239
query,1513045735.6273477,1513045736.129252,1416
query,1513045736.1292577,1513045736.6294653,322
query,1513045736.6294708,1513045736.9770052,2205
query,1513045736.9770093,1513045737.3286142,333
query,1513045737.328617,1513045737.613531,1582
query,1513045737.6135361,1513045737.9487479,3074
query,1513045737.9487512,1513045738.3761523,2284
query,1513045738.3761559,1513045738.6510832,2
query,1513045738.6510866,1513045739.1245368,2147
query,1513045739.1245403,1513045739.451146,1315
query,1513045739.4511507,1513045739.7611196,464
query,1513045739.761124,1513045740.1613662,3445
query,1513045740.1613708,1513045740.5290515,1499
query,1513045740.5290563,1513045740.9959726,3352
query,1513045740.9959764,1513045741.616261,3519
query,1513045741.6162655,1513045742.2207005,2933
query,1513045742.2207048,1513045742.7608235,1345
query,1513045742.7608821,1513045743.2783833,1518
query,1513045743.2933183,1513045743.829359,1350
query,1513045743.8293624,1513045744.1730022,539
query,1513045744.173005,1513045744.7039838,3078
query,1513045744.7039864,1513045745.128163,1102
query,1513045745.128166,1513045745.8239117,1509
query,1513045745.8239145,1513045746.1644564,193
query,1513045746.1644592,1513045746.7142713,2877
query,1513045746.7142766,1513045747.1275983,1220
query,1513045747.1276026,1513045747.6255171,1858
query,1513045747.6255214,1513045748.0444503,2653
query,1513045748.0444548,1513045748.629141,3292
query,1513045748.629146,1513045748.9308054,2376
query,1513045748.9308145,1513045749.3908203,15
query,1513045749.3908246,1513045749.846727,3257
query,1513045749.8467324,1513045750.1654565,2007
query,1513045750.165462,1513045750.8108625,439
query,1513045750.8108668,1513045751.2046938,3113
query,1513045751.2046983,1513045751.6315053,3138
query,1513045751.6315103,1513045752.1274123,3267
query,1513045752.1274521,1513045752.5975955,1723
query,1513045752.6138473,1513045752.8510597,1218
query,1513045752.8510635,1513045753.206409,2649
query,1513045753.2064126,1513045753.6648948,3133
query,1513045753.664899,1513045754.054813,1102
query,1513045754.0548172,1513045754.3486083,2536
query,1513045754.3486118,1513045754.818281,2938
query,1513045754.818288,1513045755.2685297,13
query,1513045755.2685342,1513045755.7603302,2349
query,1513045755.7603347,1513045756.2000806,3540
query,1513045756.2000856,1513045756.7571547,1670
query,1513045756.7571585,1513045757.2273026,378
query,1513045757.2273076,1513045757.747613,2336
query,1513045757.747617,1513045758.1434505,1509
query,1513045758.1434546,1513045758.3836768,738
query,1513045758.3836808,1513045758.663938,41
query,1513045758.6639416,1513045759.0057182,24
query,1513045759.0057237,1513045759.3236861,839
query,1513045759.323691,1513045759.8135617,2356
query,1513045759.813566,1513045760.2775154,2325
query,1513045760.2775588,1513045760.7596629,65
query,1513045760.7730727,1513045761.271705,3273
query,1513045761.2717094,1513045761.820496,2371
query,1513045761.8205013,1513045762.3780675,2613
query,1513045762.3780723,1513045762.6634572,2418
query,1513045762.6634617,1513045762.8953853,1367
query,1513045762.8953893,1513045763.234254,1093
query,1513045763.2342587,1513045763.4513712,214
query,1513045763.451376,1513045763.8040023,2787
query,1513045763.804007,1513045764.2128105,2315
query,1513045764.2128162,1513045764.542655,3256
query,1513045764.5426588,1513045764.8654766,622
query,1513045764.8654814,1513045765.1647422,203
query,1513045765.1647468,1513045765.6486883,3063
query,1513045765.6487067,1513045765.9839618,10
query,1513045765.9839666,1513045766.3693185,300
query,1513045766.3693235,1513045766.9400733,296
query,1513045766.9400778,1513045767.453707,3154
query,1513045767.453712,1513045767.7936428,2297
query,1513045767.7936482,1513045768.1083617,369
query,1513045768.1084716,1513045768.6526086,2239
query,1513045768.6670744,1513045769.0294814,347
query,1513045769.0294855,1513045769.6945918,3207
query,1513045769.6945977,1513045769.9843361,3
query,1513045769.9843407,1513045770.3430295,8
query,1513045770.3430474,1513045770.6508195,91
query,1513045770.650824,1513045771.1177876,2804
query,1513045771.1177924,1513045771.463816,494
query,1513045771.46382,1513045771.8952308,3115
query,1513045771.8952367,1513045772.274211,2026
query,1513045772.2742145,1513045772.6794817,81
query,1513045772.6794884,1513045773.211624,2851
query,1513045773.2116287,1513045773.729921,344
query,1513045773.7299256,1513045774.1604605,2957
query,1513045774.1604753,1513045775.0075448,2372
query,1513045775.0075483,1513045775.3996434,2095
query,1513045775.3996477,1513045775.7568247,2136
query,1513045775.7568295,1513045776.1861715,2974
query,1513045776.1861744,1513045776.5675333,1717
query,1513045776.5675366,1513045777.1497653,2490
query,1513045777.1498194,1513045777.6352072,2959
query,1513045777.6449947,1513045778.1472619,2796
query,1513045778.1472676,1513045778.5412948,2005
query,1513045778.541299,1513045778.8927033,1831
query,1513045778.8927073,1513045779.210401,1616
query,1513045779.2104049,1513045779.5826123,2590
query,1513045779.5826166,1513045779.9323392,8
query,1513045779.9323432,1513045780.289634,1651
query,1513045780.2896376,1513045780.7404404,2546
query,1513045780.740445,1513045781.1243649,2870
query,1513045781.1243691,1513045781.415554,1890
query,1513045781.4155586,1513045781.6717274,814
query,1513045781.6717317,1513045782.255359,3163
query,1513045782.255364,1513045782.9966586,3685
query,1513045782.9966774,1513045783.3015568,1603
query,1513045783.3015609,1513045783.833899,1923
query,1513045783.833903,1513045784.2400925,1071
query,1513045784.2400982,1513045784.6223876,2716
query,1513045784.6223917,1513045784.9159317,1
query,1513045784.915936,1513045785.1992252,182
query,1513045785.1992948,1513045785.612449,1183
query,1513045785.626094,1513045785.925064,1969
query,1513045785.9250686,1513045786.215551,361
query,1513045786.215554,1513045786.5702431,2602
query,1513045786.5702474,1513045787.0448716,1645
query,1513045787.0448763,1513045787.5200155,833
query,1513045787.5200193,1513045787.950198,551
query,1513045787.9502022,1513045788.2695086,0
query,1513045788.2695124,1513045788.7316413,3219
query,1513045788.7316456,1513045789.1958482,2840
query,1513045789.1958654,1513045789.7236602,296
query,1513045789.7236636,1513045790.0137339,1193
query,1513045790.0137382,1513045790.3175156,1883
query,1513045790.31752,1513045790.8847635,3901
query,1513045790.8848054,1513045791.1312351,859
query,1513045791.1312387,1513045791.5446422,2779
query,1513045791.5446472,1513045791.9523942,1705
query,1513045791.9523988,1513045792.3067007,29
query,1513045792.306705,1513045792.8868897,2637
query,1513045792.8868947,1513045793.2159984,553
query,1513045793.2160566,1513045793.5173573,2203
query,1513045793.5284173,1513045793.9414961,1505
query,1513045793.9415002,1513045794.4516103,2993
query,1513045794.4516137,1513045794.8649929,3236
query,1513045794.8649993,1513045795.223354,2295
query,1513045795.2233603,1513045795.7308414,2825
query,1513045795.7308457,1513045796.120941,339
query,1513045796.1209457,1513045796.6488316,2706
query,1513045796.6488361,1513045797.0485723,1784
query,1513045797.048576,1513045797.3855221,2549
query,1513045797.3855262,1513045797.9530892,3242
query,1513045797.9530938,1513045798.3733482,2448
query,1513045798.3733516,1513045798.7811377,2536
query,1513045798.781142,1513045799.3562615,3053
query,1513045799.3562665,1513045799.829371,2879
query,1513045799.8293753,1513045800.3020432,2903
query,1513045800.3020468,1513045800.9363801,2771
query,1513045800.9363844,1513045801.3776286,2040
query,1513045801.377632,1513045801.7255514,2041
query,1513045801.7255561,1513045802.0136037,1219
query,1513045802.0136368,1513045802.3592381,732
query,1513045802.3664358,1513045802.7872906,2286
query,1513045802.7872949,1513045803.1709793,417
query,1513045803.1709836,1513045803.5788255,2851
query,1513045803.5788298,1513045803.9584475,2491
query,1513045803.9584513,1513045804.323548,591
query,1513045804.3235533,1513045804.7511528,3216
query,1513045804.7511573,1513045805.1250458,461
query,1513045805.1250503,1513045805.536924,3105
query,1513045805.536928,1513045805.912881,2189
query,1513045805.9128854,1513045806.3271368,1342
query,1513045806.3271413,1513045806.6658607,3219
query,1513045806.665865,1513045807.02436,1987
query,1513045807.0243642,1513045807.389503,131
query,1513045807.389508,1513045807.7629454,2585
query,1513045807.7629495,1513045808.213379,3149
query,1513045808.2133827,1513045808.5809836,3288
query,1513045808.5809872,1513045809.2621918,2353
query,1513045809.2621973,1513045809.7034152,2570
query,1513045809.7034316,1513045810.1993506,46
query,1513045810.199391,1513045810.747378,11
query,1513045810.7607458,1513045811.1071057,1
query,1513045811.1071103,1513045811.4798892,3192
query,1513045811.4798923,1513045811.7684355,1
query,1513045811.7684414,1513045812.1286845,1151
query,1513045812.1286883,1513045812.4791315,1
query,1513045812.479136,1513045812.8058543,2715
query,1513045812.8058589,1513045813.1923182,76
query,1513045813.1923237,1513045813.7686622,3038
query,1513045813.7686663,1513045814.191331,1732
query,1513045814.1913352,1513045814.5318546,896
query,1513045814.5318592,1513045814.869816,1128
query,1513045814.8698206,1513045815.2046425,2222
query,1513045815.2046468,1513045815.6198027,1315
query,1513045815.6198075,1513045816.0036073,2493
query,1513045816.0036118,1513045816.5113087,2483
query,1513045816.5113125,1513045816.9712358,3447
query,1513045816.9712386,1513045817.3173227,0
query,1513045817.3173256,1513045817.5951107,456
query,1513045817.5951138,1513045817.9408233,2150
query,1513045817.9408603,1513045818.396967,637
query,1513045818.4101608,1513045818.8401198,923
query,1513045818.840123,1513045819.1579323,1780
query,1513045819.1579354,1513045819.4876568,0
query,1513045819.48766,1513045820.0329177,2959
query,1513045820.0329208,1513045820.5485983,3140
query,1513045820.548601,1513045820.9025328,2187
query,1513045820.902536,1513045821.2566097,1240
query,1513045821.2566159,1513045821.6352117,345
query,1513045821.6352167,1513045822.1251636,3573
query,1513045822.1251688,1513045822.4797058,1477
query,1513045822.4797103,1513045822.9765134,3536
query,1513045822.976518,1513045823.4354348,1589
query,1513045823.4354393,1513045823.9209895,2552
query,1513045823.9209929,1513045824.2904422,1235
query,1513045824.290459,1513045824.741551,876
query,1513045824.7415571,1513045825.077186,2290
query,1513045825.0771909,1513045825.5128891,718
query,1513045825.512893,1513045826.0643883,2095
query,1513045826.0643916,1513045826.3320699,717
query,1513045826.3322065,1513045826.8348408,2699
query,1513045826.8491912,1513045827.1689272,2646
query,1513045827.1689315,1513045827.474344,1343
query,1513045827.4743485,1513045827.924889,1062
query,1513045827.924892,1513045828.319994,2475
query,1513045828.319998,1513045828.666467,8
query,1513045828.6664715,1513045829.0642898,1476
query,1513045829.0642936,1513045829.3121634,93
query,1513045829.3121674,1513045829.811721,764
query,1513045829.8117256,1513045830.1831148,238
query,1513045830.1831176,1513045830.5644374,3390
query,1513045830.5644557,1513045830.9888904,331
query,1513045830.9888957,1513045831.4082062,41
query,1513045831.4082108,1513045831.8726628,2057
query,1513045831.8726666,1513045832.2526114,2312
query,1513045832.2526157,1513045832.5485656,918
query,1513045832.5485702,1513045833.0362885,1426
query,1513045833.0362928,1513045833.4987924,306
query,1513045833.4987962,1513045833.8764284,2861
query,1513045833.8764331,1513045834.1908064,3135
query,1513045834.1908503,1513045834.5644345,2544
query,1513045834.5750751,1513045834.896075,3330
query,1513045834.8960783,1513045835.3565855,2403
query,1513045835.3565898,1513045835.928315,3206
query,1513045835.9283211,1513045836.392539,1958
query,1513045836.3925426,1513045836.6517181,0
query,1513045836.6517224,1513045837.1968815,1564
query,1513045837.1968863,1513045837.7498395,350
query,1513045837.7498434,1513045838.2488637,1713
query,1513045838.2488682,1513045838.696854,1524
query,1513045838.6968596,1513045839.1285417,1976
query,1513045839.1285458,1513045839.65683,1005
query,1513045839.6568353,1513045840.2978678,794
query,1513045840.297872,1513045840.7011669,1393
query,1513045840.7011712,1513045841.056939,2537
query,1513045841.0569437,1513045841.4005122,1164
query,1513045841.4005163,1513045841.7272696,48
query,1513045841.7272742,1513045842.1210527,2955
query,1513045842.1210585,1513045842.4993684,2198
query,1513045842.4993732,1513045842.8961911,3381
query,1513045842.8962264,1513045843.3222806,1378
query,1513045843.3378038,1513045843.7045794,1491
query,1513045843.7045836,1513045844.2615368,2261
query,1513045844.2615411,1513045844.6413732,2773
query,1513045844.6413777,1513045845.051386,2708
query,1513045845.0513904,1513045845.753509,1798
query,1513045845.7535138,1513045846.1731927,1020
query,1513045846.1731994,1513045846.5926259,2715
query,1513045846.5926306,1513045847.0850413,1511
query,1513045847.085046,1513045847.4862995,2554
query,1513045847.486304,1513045847.868844,3205
query,1513045847.8688498,1513045848.2726548,1440
query,1513045848.272659,1513045848.67877,2319
query,1513045848.6787746,1513045849.0661206,154
query,1513045849.066126,1513045849.44036,2549
query,1513045849.4403644,1513045849.74895,115
query,1513045849.7489545,1513045850.5128312,3283
query,1513045850.512836,1513045850.8811533,440
query,1513045850.881159,1513045851.41797,1444
query,1513045851.4179752,1513045851.7285094,3
query,1513045851.728555,1513045852.3447375,2679
query,1513045852.356952,1513045852.784924,2728
query,1513045852.7849288,1513045853.4905694,1852
query,1513045853.4906194,1513045853.6884923,1
query,1513045853.6884959,1513045854.3137467,538
query,1513045854.31375,1513045854.7003021,1904
query,1513045854.7003062,1513045855.0936205,79
query,1513045855.0936258,1513045855.5426686,2721
query,1513045855.542673,1513045856.3174953,2975
query,1513045856.3174994,1513045856.8803096,382
query,1513045856.8803136,1513045857.3604012,2144
query,1513045857.3604054,1513045857.6362813,2690
query,1513045857.6362863,1513045858.0483487,2241
query,1513045858.0483522,1513045858.3845038,1579
query,1513045858.3845074,1513045858.7183845,256
query,1513045858.718389,1513045859.0928953,1755
query,1513045859.0928988,1513045859.5591385,692
query,1513045859.5591443,1513045859.904041,1413
query,1513045859.904044,1513045860.1764123,263
query,1513045860.1764157,1513045860.594178,2201
query,1513045860.594214,1513045861.2346756,2423
query,1513045861.2488604,1513045861.8018372,2255
query,1513045861.8018415,1513045862.2249422,1537
query,1513045862.2249467,1513045862.901172,2248
query,1513045862.9011765,1513045863.3544831,507
query,1513045863.3544867,1513045863.6668735,2134
query,1513045863.6668787,1513045864.0966263,951
query,1513045864.0966308,1513045864.2922606,0
query,1513045864.292265,1513045864.6844487,2889
query,1513045864.6844525,1513045865.0655591,968
query,1513045865.0655634,1513045865.3633938,276
query,1513045865.3633986,1513045865.6845691,2245
query,1513045865.6845746,1513045866.1376643,1036
query,1513045866.1376674,1513045866.4852223,775
query,1513045866.4852266,1513045866.9202118,3243
query,1513045866.920215,1513045867.3898454,956
query,1513045867.3898497,1513045867.7461975,2827
query,1513045867.7462037,1513045868.072101,1912
query,1513045868.0721056,1513045868.4135287,2034
query,1513045868.4135327,1513045868.810664,2079
query,1513045868.810709,1513045869.4297037,2464
query,1513045869.4396245,1513045869.7429993,2025
query,1513045869.7430034,1513045870.0871603,1719
query,1513045870.087164,1513045870.505391,1530
query,1513045870.505396,1513045870.9727032,217
query,1513045870.9727075,1513045871.3289957,897
query,1513045871.3289993,1513045871.650199,307
query,1513045871.6502035,1513045871.9914608,970
query,1513045871.991465,1513045872.4328861,2412
query,1513045872.4328907,1513045872.8444076,3472
query,1513045872.844411,1513045873.092746,1169
query,1513045873.0927496,1513045873.4062548,17
query,1513045873.4062588,1513045873.7122157,1799
query,1513045873.7122197,1513045874.2162325,3235
query,1513045874.2162373,1513045874.661111,2745
query,1513045874.6611156,1513045875.177967,2761
query,1513045875.177971,1513045875.556457,516
query,1513045875.5564613,1513045876.008716,2836
query,1513045876.00872,1513045876.3568242,1079
query,1513045876.3568287,1513045876.6124187,2189
query,1513045876.612464,1513045877.0004306,3243
query,1513045877.0093956,1513045877.3254926,2768
query,1513045877.325499,1513045877.6691947,2743
query,1513045877.6691995,1513045877.9545121,1046
query,1513045877.9545188,1513045878.3889847,3161
query,1513045878.3889887,1513045878.7450318,3093
query,1513045878.7450361,1513045879.0760574,2056
query,1513045879.0760617,1513045879.4364488,2815
query,1513045879.4364524,1513045879.8208349,2954
query,1513045879.82084,1513045880.20632,2954
query,1513045880.206324,1513045880.5565584,2109
query,1513045880.5565622,1513045881.0210984,1080
query,1513045881.0211043,1513045881.305768,6
query,1513045881.3057709,1513045881.732803,3034
query,1513045881.732807,1513045882.18072,3282
query,1513045882.1807244,1513045882.3800445,1
query,1513045882.380054,1513045882.6655269,1563
query,1513045882.6655295,1513045883.040492,3349
query,1513045883.0404963,1513045883.5124714,1733
query,1513045883.512476,1513045883.9224832,1798
query,1513045883.9225273,1513045884.3746855,2642
query,1513045884.387731,1513045884.7185323,3199
query,1513045884.7185369,1513045885.0292885,1498
query,1513045885.0292933,1513045885.323738,1480
query,1513045885.3237412,1513045885.7415776,3397
query,1513045885.741582,1513045885.992861,1167
query,1513045885.9928648,1513045886.385428,3333
query,1513045886.3854325,1513045886.6966732,686
query,1513045886.6966767,1513045887.0552065,886
query,1513045887.055211,1513045887.4735715,3147
query,1513045887.4735754,1513045887.8449965,674
query,1513045887.845001,1513045888.2193122,986
query,1513045888.2193167,1513045888.5446072,2209
query,1513045888.5446112,1513045888.869412,3075
query,1513045888.8694162,1513045889.2370274,1844
query,1513045889.237032,1513045889.5405877,213
query,1513045889.5405924,1513045889.968909,674
query,1513045889.968914,1513045890.4120877,692
query,1513045890.4120903,1513045890.839746,847
query,1513045890.8397508,1513045891.1174128,323
query,1513045891.1174517,1513045891.471447,1851
query,1513045891.483814,1513045891.7838564,1951
query,1513045891.7838607,1513045892.0804062,508
query,1513045892.0804143,1513045892.4810708,1252
query,1513045892.481075,1513045892.8267245,2761
query,1513045892.8267288,1513045892.99577,1
query,1513045892.9957743,1513045893.452636,641
query,1513045893.45264,1513045893.9175353,2465
query,1513045893.9175398,1513045894.280871,1004
query,1513045894.2808743,1513045894.5101027,1061
query,1513045894.5101075,1513045894.8812861,2879
query,1513045894.8812904,1513045895.193008,350
query,1513045895.1930115,1513045895.5028348,1626
query,1513045895.5028384,1513045895.7579458,734
query,1513045895.7579498,1513045896.048956,1905
query,1513045896.0489597,1513045896.3330793,370
query,1513045896.333084,1513045896.5632484,7
query,1513045896.5632527,1513045896.884913,2130
query,1513045896.884918,1513045897.2942135,2717
query,1513045897.2942185,1513045897.5567622,1115
query,1513045897.5568419,1513045897.9123592,2472
query,1513045897.926252,1513045898.2061605,44
query,1513045898.2061646,1513045898.6275153,2755
query,1513045898.6275194,1513045898.974383,908
query,1513045898.9743874,1513045899.377475,3126
query,1513045899.3774798,1513045899.812853,2057
query,1513045899.8128574,1513045900.2010815,2039
query,1513045900.2010858,1513045900.669235,2979
query,1513045900.6692402,1513045901.021158,2135
query,1513045901.0211618,1513045901.5170376,2353
query,1513045901.5170417,1513045901.8379443,3045
query,1513045901.8379488,1513045902.2455401,3303
query,1513045902.2455444,1513045902.6456227,2418
query,1513045902.6456263,1513045903.124271,2592
query,1513045903.1242754,1513045903.563146,2350
query,1513045903.5631502,1513045903.9687495,3233
query,1513045903.9687529,1513045904.2410197,1014
query,1513045904.241024,1513045904.7756293,3426
query,1513045904.7756336,1513045905.1812167,2699
query,1513045905.181221,1513045905.45518,258
query,1513045905.4552257,1513045905.8504882,1814
query,1513045905.864358,1513045906.340929,2792
query,1513045906.340933,1513045906.8370955,1174
query,1513045906.837099,1513045907.1997173,1021
query,1513045907.1997216,1513045907.7294028,2177
query,1513045907.729407,1513045908.1897373,1675
query,1513045908.1897418,1513045908.7689881,3139
query,1513045908.7689924,1513045909.347864,2579
query,1513045909.3478677,1513045909.7250934,1752
query,1513045909.7250981,1513045910.0365522,1287
query,1513045910.0365567,1513045910.489192,2589
query,1513045910.4891977,1513045910.8611305,2784
query,1513045910.861134,1513045911.087781,0
query,1513045911.0877852,1513045911.4851909,3337
query,1513045911.4851954,1513045911.909349,1488
query,1513045911.909353,1513045912.2689114,623
query,1513045912.2689154,1513045912.5413642,2327
query,1513045912.5413687,1513045912.953321,2575
query,1513045912.9533248,1513045913.306123,2047
query,1513045913.3061268,1513045913.5530052,2
query,1513045913.553047,1513045913.967294,2319
query,1513045913.9809394,1513045914.2636435,0
query,1513045914.2636483,1513045914.6567907,1363
query,1513045914.656794,1513045914.9732854,1346
query,1513045914.973289,1513045915.455394,3272
query,1513045915.455399,1513045915.823878,2608
query,1513045915.8238826,1513045916.250738,3468
query,1513045916.250742,1513045916.6651485,2736
query,1513045916.6651523,1513045917.0332727,2248
query,1513045917.0332763,1513045917.3049831,731
query,1513045917.3049867,1513045917.6966248,3793
query,1513045917.696629,1513045918.014271,557
query,1513045918.0142748,1513045918.525505,1978
query,1513045918.5255086,1513045918.7701433,61
query,1513045918.7701478,1513045919.3145757,2951
query,1513045919.31458,1513045919.7340958,2854
query,1513045919.7341003,1513045920.2142189,3099
query,1513045920.2142234,1513045920.7509816,2751
query,1513045920.7509859,1513045921.2623243,2554
query,1513045921.2623296,1513045921.680128,33
query,1513045921.6801727,1513045922.0564122,875
query,1513045922.070336,1513045922.4591851,2438
query,1513045922.459189,1513045922.8552132,981
query,1513045922.8552175,1513045923.3652136,3690
query,1513045923.3652182,1513045923.849809,2640
query,1513045923.8498132,1513045924.2184782,2656
query,1513045924.2184832,1513045924.586822,566
query,1513045924.5868268,1513045925.037618,815
query,1513045925.0376227,1513045925.38648,544
query,1513045925.386485,1513045925.6767054,480
query,1513045925.676721,1513045926.0206478,2772
query,1513045926.020652,1513045926.4452198,1480
query,1513045926.4452245,1513045926.9169369,2504
query,1513045926.9169407,1513045927.3693106,3370
query,1513045927.3693173,1513045927.7209423,1103
query,1513045927.7209468,1513045928.0740604,2175
query,1513045928.074064,1513045928.357627,2874
query,1513045928.3576317,1513045928.605327,2913
query,1513045928.605331,1513045928.9462059,2494
query,1513045928.94621,1513045929.2654495,2697
query,1513045929.2655365,1513045929.64126,966
query,1513045929.651825,1513045929.9969165,3414
query,1513045929.9969208,1513045930.3374631,1101
query,1513045930.3374672,1513045930.609492,1865
query,1513045930.6094964,1513045931.013359,3169
query,1513045931.0133634,1513045931.374142,2001
query,1513045931.3741474,1513045931.8144767,3192
query,1513045931.8144827,1513045932.032674,0
query,1513045932.0326788,1513045932.4413383,2466
query,1513045932.441344,1513045932.7916846,3086
query,1513045932.7916894,1513045933.129669,101
query,1513045933.1296732,1513045933.4805398,1966
query,1513045933.4805448,1513045933.837668,2291
query,1513045933.8376727,1513045934.3132539,1573
query,1513045934.313258,1513045934.8096678,2854
query,1513045934.809673,1513045935.2404463,1413
query,1513045935.2404492,1513045935.6366367,1926
query,1513045935.6366405,1513045935.8808904,1144
query,1513045935.880896,1513045936.1845295,1156
query,1513045936.184534,1513045936.5692477,3309
query,1513045936.5692945,1513045937.094289,765
query,1513045937.1057625,1513045937.4062142,997
query,1513045937.4062212,1513045937.7843428,1139
query,1513045937.7843473,1513045938.1238143,1935
query,1513045938.1238189,1513045938.5488896,2393
query,1513045938.548893,1513045938.9500992,2512
query,1513045938.950104,1513045939.2490275,1265
query,1513045939.2490318,1513045939.6898165,2635
query,1513045939.6898203,1513045940.022587,1197
query,1513045940.0225909,1513045940.412611,681
query,1513045940.4126146,1513045940.9656131,3124
query,1513045940.9656167,1513045941.25757,800
query,1513045941.2575743,1513045941.7071877,2713
query,1513045941.7071927,1513045942.1415284,2394
query,1513045942.1415339,1513045942.4337654,639
query,1513045942.4337697,1513045942.8739388,3400
query,1513045942.8739443,1513045943.177609,616
query,1513045943.1776164,1513045943.7189865,3691
query,1513045943.71899,1513045944.1859243,2907
query,1513045944.1859283,1513045944.4772239,3203
query,1513045944.4772782,1513045944.8534985,2738
query,1513045944.8672328,1513045945.225557,867
query,1513045945.2255635,1513045945.5375452,568
query,1513045945.5375493,1513045945.8086162,28
query,1513045945.8086188,1513045946.105101,1582
query,1513045946.1051054,1513045946.4882677,3731
query,1513045946.4882724,1513045946.8191755,286
query,1513045946.8191795,1513045947.1740727,2340
query,1513045947.174077,1513045947.6582086,3222
query,1513045947.6582122,1513045948.0416172,340
query,1513045948.041623,1513045948.5808513,2372
query,1513045948.5808556,1513045948.9660742,1196
query,1513045948.96608,1513045949.2898455,1426
query,1513045949.28985,1513045949.5814474,2559
query,1513045949.5814507,1513045949.9611454,787
query,1513045949.9611485,1513045950.2855694,70
query,1513045950.2855742,1513045950.7135665,2670
query,1513045950.7135708,1513045951.073549,1939
query,1513045951.0735528,1513045951.4455845,1868
query,1513045951.4455895,1513045951.7766469,184
query,1513045951.7766898,1513045952.1988716,1050
query,1513045952.2135892,1513045952.6409826,237
query,1513045952.640987,1513045953.126425,3597
query,1513045953.1264317,1513045953.6305325,3408
query,1513045953.6305373,1513045954.0256498,2982
query,1513045954.0256538,1513045954.4111524,2928
query,1513045954.4111567,1513045954.7660596,25
query,1513045954.7660656,1513045955.039557,377
query,1513045955.0395608,1513045955.3128557,1187
query,1513045955.3128617,1513045955.6040547,3087
query,1513045955.6040602,1513045955.9548674,1577
query,1513045955.954872,1513045956.3374891,2809
query,1513045956.3374932,1513045956.6455784,1303
query,1513045956.6455822,1513045956.909423,2389
query,1513045956.9094276,1513045957.2658818,2923
query,1513045957.2658865,1513045957.5609732,444
query,1513045957.5609758,1513045957.8934817,29
query,1513045957.8934865,1513045958.233016,746
query,1513045958.2330222,1513045958.5993273,1140
query,1513045958.5993326,1513045959.0253189,1130
query,1513045959.0253882,1513045959.3969812,980
query,1513045959.4107394,1513045959.8368065,3120
query,1513045959.8368113,1513045960.1699815,53
query,1513045960.1699862,1513045960.5246632,2309
query,1513045960.5246673,1513045960.809336,2218
query,1513045960.8093405,1513045961.1074626,1117
query,1513045961.1074672,1513045961.4016125,1548
query,1513045961.401616,1513045961.7058527,982
query,1513045961.705857,1513045961.9452436,0
query,1513045961.9452477,1513045962.348621,1526
query,1513045962.3486254,1513045962.7007346,552
query,1513045962.7007372,1513045963.0782108,2856
query,1513045963.078215,1513045963.3620744,1453
query,1513045963.3620803,1513045963.876539,2669
query,1513045963.876544,1513045964.3213308,971
query,1513045964.3213353,1513045964.6869218,3152
query,1513045964.6869247,1513045965.1021724,3166
query,1513045965.1021764,1513045965.457519,2462
query,1513045965.457523,1513045965.799148,2740
query,1513045965.7991521,1513045966.1313002,3254
query,1513045966.1313536,1513045966.5298712,3099
query,1513045966.5433464,1513045967.0547028,3280
query,1513045967.0547073,1513045967.5848088,3119
query,1513045967.584813,1513045967.9759946,2308
query,1513045967.9759989,1513045968.3856692,3040
query,1513045968.3856742,1513045968.9189355,2951
query,1513045968.91894,1513045969.2930796,3393
query,1513045969.2930832,1513045969.7445571,3157
query,1513045969.7445617,1513045970.1926324,2892
query,1513045970.192637,1513045970.540078,1440
query,1513045970.5400834,1513045971.056636,3203
query,1513045971.0566406,1513045971.4264917,1281
query,1513045971.426496,1513045971.704406,1334
query,1513045971.7044106,1513045972.0003314,0
query,1513045972.000336,1513045972.3575644,786
query,1513045972.3575692,1513045972.8139265,2894
query,1513045972.8139312,1513045973.285747,626
query,1513045973.2857513,1513045973.7178562,2265
query,1513045973.7178597,1513045974.0244238,2294
query,1513045974.0244274,1513045974.3307693,938
query,1513045974.3308122,1513045974.7495143,573
query,1513045974.7636335,1513045975.2180517,2359
query,1513045975.218058,1513045975.5846288,3038
query,1513045975.5846322,1513045975.9316127,1625
query,1513045975.931617,1513045976.2324023,1962
query,1513045976.2324054,1513045976.5473893,2185
query,1513045976.5473924,1513045976.8601675,2367
query,1513045976.8601723,1513045977.1436057,657
query,1513045977.1436105,1513045977.450149,283
query,1513045977.450153,1513045977.7780306,3091
query,1513045977.7780347,1513045978.1526017,26
query,1513045978.1526053,1513045978.4287055,2331
query,1513045978.4287086,1513045978.759387,36
query,1513045978.759391,1513045979.1656086,2158
query,1513045979.1656127,1513045979.652135,2382
query,1513045979.65214,1513045980.0812438,1874
query,1513045980.081247,1513045980.5443892,2794
query,1513045980.544395,1513045980.787267,1532
query,1513045980.7872698,1513045981.2642,1487
query,1513045981.2642047,1513045981.5782993,614
query,1513045981.5783513,1513045982.0571609,215
query,1513045982.0700448,1513045982.3722355,0
query,1513045982.3722405,1513045982.7008116,59
query,1513045982.7008157,1513045983.1680715,3209
query,1513045983.168076,1513045983.5293877,524
query,1513045983.529392,1513045983.8944807,3103
query,1513045983.8944843,1513045984.173873,2250
query,1513045984.1738775,1513045984.3815055,1
query,1513045984.3815084,1513045984.611438,410
query,1513045984.6114414,1513045984.921052,511
query,1513045984.921058,1513045985.236407,1533
query,1513045985.2364237,1513045985.5837479,2303
query,1513045985.5837512,1513045985.9338164,1976
query,1513045985.9338202,1513045986.3691137,2900
query,1513045986.3691187,1513045986.71314,1234
query,1513045986.7131445,1513045986.9724245,12
query,1513045986.972429,1513045987.3432903,1988
query,1513045987.3432949,1513045987.6795647,479
query,1513045987.6795683,1513045988.0620048,2955
query,1513045988.062009,1513045988.4159214,204
query,1513045988.4159596,1513045988.9444969,2278
query,1513045988.957432,1513045989.2648163,1624
query,1513045989.26482,1513045989.5853279,1643
query,1513045989.5853317,1513045990.1201396,2961
query,1513045990.1201448,1513045990.4936619,401
query,1513045990.4936664,1513045990.911679,3086
query,1513045990.9116852,1513045991.198772,1213
query,1513045991.1987755,1513045991.8140898,3115
query,1513045991.814094,1513045992.16564,1365
query,1513045992.1656437,1513045992.5293097,1049
query,1513045992.5293126,1513045992.825273,1963
query,1513045992.825277,1513045993.2480896,992
query,1513045993.2480924,1513045993.797228,2951
query,1513045993.7972317,1513045994.1134593,2896
query,1513045994.1134627,1513045994.6191895,2346
query,1513045994.619194,1513045995.0004861,111
query,1513045995.0004902,1513045995.2867165,1206
query,1513045995.2867208,1513045995.6138139,793
query,1513045995.6138186,1513045995.8194175,646
query,1513045995.8194213,1513045996.1825233,2969
query,1513045996.1825593,1513045996.5532908,723
query,1513045996.5652492,1513045996.8734667,2538
query,1513045996.873471,1513045997.129744,979
query,1513045997.1297483,1513045997.4395742,496
query,1513045997.4395802,1513045997.8860774,2970
query,1513045997.8860815,1513045998.2600377,465
query,1513045998.2600422,1513045998.6751058,144
query,1513045998.6751094,1513045998.9053817,0
query,1513045998.9053862,1513045999.1787186,681
query,1513045999.1787229,1513045999.5997336,1661
query,1513045999.599738,1513045999.9401367,113
query,1513045999.9401412,1513046000.2225258,1478
query,1513046000.2225301,1513046000.5208244,164
query,1513046000.5208302,1513046001.0324907,3374
query,1513046001.0324948,1513046001.485573,3358
query,1513046001.4855776,1513046001.8817205,2997
query,1513046001.881726,1513046002.260425,1997
query,1513046002.2604299,1513046002.617332,1065
query,1513046002.617337,1513046003.038765,2701
query,1513046003.038769,1513046003.3849745,335
query,1513046003.3850303,1513046003.8233178,2586
query,1513046003.8376915,1513046004.1897323,1786
query,1513046004.1897366,1513046004.550064,830
query,1513046004.5500672,1513046005.1182618,2252
query,1513046005.1182656,1513046005.447896,2745
query,1513046005.4479008,1513046005.7155654,1
query,1513046005.7155702,1513046005.9739354,3
query,1513046005.9739392,1513046006.2954257,17
query,1513046006.2954304,1513046006.640583,1034
query,1513046006.6405878,1513046006.91874,182
query,1513046006.918745,1513046007.260111,1396
query,1513046007.2601159,1513046007.7836797,3364
query,1513046007.783684,1513046008.4135222,3158
query,1513046008.4135275,1513046008.8634474,2675
query,1513046008.8634512,1513046009.2612095,3725
query,1513046009.2612123,1513046009.5762107,2330
query,1513046009.5762146,1513046009.9156027,2463
query,1513046009.9156072,1513046010.22202,406
query,1513046010.2220244,1513046010.6506946,2616
query,1513046010.6506984,1513046011.0266492,3064
query,1513046011.0267162,1513046011.7119331,2787
query,1513046011.7261968,1513046012.1650517,2560
query,1513046012.1650562,1513046012.5409033,3036
query,1513046012.5409083,1513046012.9245653,2869
query,1513046012.9245703,1513046013.260607,1489
query,1513046013.2606118,1513046013.5674117,307
query,1513046013.5674186,1513046013.8562381,1116
query,1513046013.856242,1513046014.130526,949
query,1513046014.1305306,1513046014.5956287,3165
query,1513046014.5956335,1513046014.905912,1305
query,1513046014.9059167,1513046015.3255014,3044
query,1513046015.325505,1513046015.615073,977
query,1513046015.6150775,1513046016.2515082,3366
query,1513046016.251513,1513046016.6972406,3020
query,1513046016.6972487,1513046016.9944038,430
query,1513046016.9944093,1513046017.4041119,2540
query,1513046017.4041166,1513046017.8395176,2011
query,1513046017.8395221,1513046018.274157,2142
query,1513046018.2741618,1513046018.6827078,2600
query,1513046018.6827152,1513046019.1374516,1180
query,1513046019.1374936,1513046019.5432427,1
query,1513046019.5514038,1513046019.9842327,1948
query,1513046019.9842367,1513046020.461841,2495
query,1513046020.4618459,1513046020.7863452,409
query,1513046020.78635,1513046021.236577,851
query,1513046021.236581,1513046021.6640472,2897
query,1513046021.6640513,1513046022.039521,2646
query,1513046022.0395257,1513046022.3833861,2348
query,1513046022.38339,1513046022.7846835,2558
query,1513046022.7846885,1513046023.1553004,981
query,1513046023.155305,1513046023.5618982,345
query,1513046023.5619028,1513046023.9936898,800
query,1513046023.9936945,1513046024.394219,1972
query,1513046024.3942235,1513046024.7972085,565
query,1513046024.7972128,1513046025.1530864,1680
query,1513046025.1530917,1513046025.5441012,341
query,1513046025.5441048,1513046025.8134632,583
query,1513046025.8134677,1513046026.302113,3080
query,1513046026.3021173,1513046026.680753,2894
query,1513046026.680759,1513046027.0567477,345
query,1513046027.0568638,1513046027.5324447,1526
query,1513046027.5464144,1513046027.960965,1685
query,1513046027.9609694,1513046028.429496,3048
query,1513046028.4295018,1513046028.9770768,1081
query,1513046028.9770813,1513046029.3055892,2120
query,1513046029.3055937,1513046029.6976562,639
query,1513046029.6976604,1513046030.1247354,1982
query,1513046030.124739,1513046030.5708692,2649
query,1513046030.5708735,1513046030.9505134,745
query,1513046030.950518,1513046031.2310627,818
query,1513046031.231066,1513046031.5964653,388
query,1513046031.5964704,1513046032.0296288,2781
query,1513046032.0296335,1513046032.4035215,1598
query,1513046032.4035268,1513046032.8275206,3171
query,1513046032.8275247,1513046033.2150154,455
query,1513046033.2150207,1513046033.6497347,2269
query,1513046033.6497397,1513046033.9911962,212
query,1513046033.991201,1513046034.4381895,189
query,1513046034.4381926,1513046034.9876728,2221
query,1513046034.987677,1513046035.3797898,3137
query,1513046035.3798475,1513046035.712585,1737
query,1513046035.7275085,1513046036.0839534,610
query,1513046036.0839565,1513046036.4238846,177
query,1513046036.4238896,1513046036.8240051,2373
query,1513046036.824009,1513046037.1133082,0
query,1513046037.1133122,1513046037.420733,1110
query,1513046037.420737,1513046037.6893814,1733
query,1513046037.6893876,1513046038.0828812,2362
query,1513046038.0828848,1513046038.410329,1861
query,1513046038.4103336,1513046038.7398021,720
query,1513046038.739807,1513046039.077695,3172
query,1513046039.0776992,1513046039.4329011,2137
query,1513046039.432906,1513046039.8511825,2178
query,1513046039.8511872,1513046040.346305,3262
query,1513046040.3463085,1513046040.6936028,2541
query,1513046040.693606,1513046041.1629877,3129
query,1513046041.1629918,1513046041.5943344,2528
query,1513046041.594338,1513046041.9583535,2292
query,1513046041.958358,1513046042.4603744,2571
query,1513046042.4603798,1513046042.848291,1549
query,1513046042.848339,1513046043.187747,1021
query,1513046043.2000508,1513046043.5181668,1944
query,1513046043.5181706,1513046043.9168506,1689
query,1513046043.9168553,1513046044.2580903,552
query,1513046044.2580953,1513046044.5169013,2338
query,1513046044.516906,1513046044.784135,22
query,1513046044.784141,1513046045.106433,2389
query,1513046045.1064382,1513046045.4269695,2020
query,1513046045.4269736,1513046045.8093615,2133
query,1513046045.809366,1513046046.1024287,1578
query,1513046046.102432,1513046046.543357,387
query,1513046046.5433602,1513046046.9869084,724
query,1513046046.9869132,1513046047.2973971,1972
query,1513046047.2974017,1513046047.7020302,3149
query,1513046047.702035,1513046048.1320195,2781
query,1513046048.1320236,1513046048.4408529,1265
query,1513046048.4408574,1513046048.8222463,2850
query,1513046048.822251,1513046049.1675658,2936
query,1513046049.1675696,1513046049.5368686,990
query,1513046049.5368738,1513046049.923067,2398
query,1513046049.9231088,1513046050.3521895,2790
query,1513046050.364717,1513046050.7178936,3027
query,1513046050.717898,1513046051.0604007,2264
query,1513046051.060407,1513046051.372516,915
query,1513046051.37252,1513046051.7819188,3234
query,1513046051.781924,1513046052.20019,4
query,1513046052.200195,1513046052.7476707,3050
query,1513046052.7476768,1513046053.286594,2428
query,1513046053.2865996,1513046053.5161269,0
query,1513046053.5161316,1513046053.9491422,2818
query,1513046053.9491467,1513046054.2664306,2944
query,1513046054.2664356,1513046054.5994134,3016
query,1513046054.5994172,1513046054.9372609,1577
query,1513046054.9372652,1513046055.2829134,2518
query,1513046055.2829185,1513046055.706353,10
query,1513046055.7063575,1513046056.0197017,730
query,1513046056.0197062,1513046056.322197,2875
query,1513046056.3222013,1513046056.5843136,1048
query,1513046056.5843174,1513046056.887082,1825
query,1513046056.8870876,1513046057.2526643,2998
query,1513046057.2527068,1513046057.6029701,2537
query,1513046057.6165226,1513046058.0221019,3476
query,1513046058.0221066,1513046058.3466196,346
query,1513046058.346662,1513046058.8500023,3288
query,1513046058.850006,1513046059.2321699,2266
query,1513046059.2321746,1513046059.4620674,0
query,1513046059.4620728,1513046059.7320046,1086
query,1513046059.7320094,1513046060.1193223,2592
query,1513046060.1193264,1513046060.4937274,2333
query,1513046060.4937317,1513046061.1347892,3111
query,1513046061.1347933,1513046061.45082,1261
query,1513046061.4508243,1513046061.785907,2893
query,1513046061.78591,1513046062.048338,3
query,1513046062.0483413,1513046062.5346193,1240
query,1513046062.5346706,1513046062.9822788,2045
query,1513046062.9822829,1513046063.397394,1252
query,1513046063.397398,1513046063.781126,1984
query,1513046063.7811306,1513046064.1180596,529
query,1513046064.1180642,1513046064.5105019,522
query,1513046064.510506,1513046064.8070278,2233
query,1513046064.8070657,1513046065.3331132,3402
query,1513046065.3439484,1513046065.6376045,768
query,1513046065.6376088,1513046065.973047,70
query,1513046065.9730523,1513046066.40189,3243
query,1513046066.401894,1513046066.733452,701
query,1513046066.7334557,1513046067.0894,1952
query,1513046067.0894039,1513046067.513445,2656
query,1513046067.5134485,1513046067.840653,1136
query,1513046067.8406577,1513046068.1530414,1456
query,1513046068.153047,1513046068.4666042,1876
query,1513046068.4666083,1513046068.860417,1940
query,1513046068.860421,1513046069.260613,354
query,1513046069.2606173,1513046069.6421883,3106
query,1513046069.6421921,1513046070.0043087,247
query,1513046070.0043132,1513046070.3557935,2118
query,1513046070.3557978,1513046070.5622108,0
query,1513046070.5622163,1513046070.8924325,1740
query,1513046070.8924382,1513046071.3576999,1672
query,1513046071.3577037,1513046071.7203734,445
query,1513046071.720378,1513046072.1534288,480
query,1513046072.1534693,1513046072.5018492,729
query,1513046072.5152822,1513046072.8960574,334
query,1513046072.8960621,1513046073.240558,3244
query,1513046073.2405627,1513046073.6365294,2931
query,1513046073.636536,1513046074.1310995,2718
query,1513046074.1311038,1513046074.5280774,2407
query,1513046074.5280812,1513046074.9932911,2896
query,1513046074.9932957,1513046075.3441546,1976
query,1513046075.3441582,1513046075.5840497,0
query,1513046075.5840533,1513046076.1573188,3102
query,1513046076.1573238,1513046076.6056037,1624
query,1513046076.6056075,1513046076.9551551,3098
query,1513046076.9551587,1513046077.4295456,893
query,1513046077.429549,1513046077.856471,2423
query,1513046077.8564773,1513046078.3263042,2731
query,1513046078.326308,1513046078.7432532,1622
query,1513046078.7432585,1513046079.0902998,1117
query,1513046079.0903049,1513046079.3767376,0
query,1513046079.3767414,1513046079.7650256,1452
query,1513046079.7650306,1513046080.0689602,2394
query,1513046080.0690014,1513046080.4815757,2058
query,1513046080.4947248,1513046080.935064,1845
query,1513046080.9350681,1513046081.2959356,841
query,1513046081.29594,1513046081.7262955,679
query,1513046081.7262998,1513046082.201885,2662
query,1513046082.201889,1513046082.5303874,3
query,1513046082.5303915,1513046082.9494584,2615
query,1513046082.9494627,1513046083.286053,3278
query,1513046083.2860572,1513046083.5293927,133
query,1513046083.529397,1513046083.9283285,3367
query,1513046083.928332,1513046084.2765067,2365
query,1513046084.2765107,1513046084.6175716,1314
query,1513046084.617575,1513046084.9854321,2524
query,1513046084.9854364,1513046085.3677692,2372
query,1513046085.367775,1513046085.7365806,3001
query,1513046085.7365842,1513046086.04824,788
query,1513046086.0482442,1513046086.353341,797
query,1513046086.3533447,1513046086.7661855,2081
query,1513046086.766189,1513046087.0301726,213
query,1513046087.0301776,1513046087.4082139,880
query,1513046087.408255,1513046087.905778,3160
query,1513046087.9186232,1513046088.2163484,2932
query,1513046088.2163527,1513046088.6247568,2492
query,1513046088.624762,1513046088.8344448,2
query,1513046088.8344488,1513046089.1742334,407
query,1513046089.1742384,1513046089.485959,1273
query,1513046089.4859633,1513046089.895991,2566
query,1513046089.8959954,1513046090.284253,1789
query,1513046090.2842572,1513046090.6148598,1417
query,1513046090.614864,1513046090.9225075,2188
query,1513046090.9225118,1513046091.3380847,2211
query,1513046091.3380878,1513046091.6387107,1757
query,1513046091.6387153,1513046091.9277937,2430
query,1513046091.9277976,1513046092.3462682,3172
query,1513046092.346272,1513046092.6871252,345
query,1513046092.6871295,1513046093.033614,2289
query,1513046093.0336163,1513046093.3319662,232
query,1513046093.3319705,1513046093.7662342,3268
query,1513046093.766239,1513046094.1890743,1591
query,1513046094.1890771,1513046094.888734,2955
