tables,1513107464.8813248,1513108460.035966
query,1513108460.0374126,1513108460.3299625,73
query,1513108460.3484454,1513108460.5704153,204
query,1513108460.570419,1513108460.7412117,180
query,1513108460.7412145,1513108460.9286673,75
query,1513108460.9286711,1513108461.086296,7
query,1513108461.0862994,1513108461.2532842,330
query,1513108461.2532866,1513108461.4631877,1
query,1513108461.4631903,1513108461.6479485,15
query,1513108461.6479511,1513108461.864231,68
query,1513108461.864234,1513108462.1118014,12
query,1513108462.1118057,1513108462.3268008,79
query,1513108462.3268046,1513108462.5458467,132
query,1513108462.545851,1513108462.7401514,79
query,1513108462.7401545,1513108462.941504,317
query,1513108462.941507,1513108463.1085713,43
query,1513108463.108576,1513108463.2703817,198
query,1513108463.2703857,1513108463.412931,2
query,1513108463.4129338,1513108463.6872153,79
query,1513108463.687219,1513108463.875227,6
query,1513108463.8752313,1513108464.0844147,77
query,1513108464.084479,1513108464.2794132,70
query,1513108464.2944155,1513108464.535789,101
query,1513108464.5357938,1513108464.778496,77
query,1513108464.778501,1513108464.9652722,346
query,1513108464.9652762,1513108465.1491342,28
query,1513108465.1491387,1513108465.396998,79
query,1513108465.397003,1513108465.5930238,79
query,1513108465.5930285,1513108465.928733,79
query,1513108465.9287388,1513108466.1669319,79
query,1513108466.1669374,1513108466.3517432,79
query,1513108466.3517478,1513108466.4886937,1
query,1513108466.4886978,1513108466.6350744,3
query,1513108466.6350868,1513108466.801056,349
query,1513108466.8010612,1513108466.9959853,11
query,1513108466.99599,1513108467.2275226,467
query,1513108467.2275274,1513108467.4364567,250
query,1513108467.4364617,1513108467.6057756,0
query,1513108467.6057804,1513108467.878122,106
query,1513108467.878127,1513108468.1474402,223
query,1513108468.147445,1513108468.3498697,103
query,1513108468.3499267,1513108468.5466068,591
query,1513108468.5583818,1513108468.7293801,558
query,1513108468.7293842,1513108468.9394298,559
query,1513108468.939446,1513108469.1674633,676
query,1513108469.1674676,1513108469.4370344,50
query,1513108469.4370394,1513108469.6318011,400
query,1513108469.6318054,1513108469.8281443,519
query,1513108469.8281493,1513108470.0878158,859
query,1513108470.0878196,1513108470.280796,0
query,1513108470.2808003,1513108470.4936876,0
query,1513108470.4936922,1513108470.6947904,266
query,1513108470.6947951,1513108470.869533,0
query,1513108470.869537,1513108471.1063874,747
query,1513108471.1063912,1513108471.2795675,130
query,1513108471.2795722,1513108471.4870634,52
query,1513108471.4870682,1513108471.7009542,123
query,1513108471.7009585,1513108472.0479097,98
query,1513108472.0479147,1513108472.2757845,438
query,1513108472.2757885,1513108472.4941173,269
query,1513108472.494121,1513108472.6891568,1
query,1513108472.6891859,1513108472.8415406,1
query,1513108472.8454552,1513108473.0841641,116
query,1513108473.0841694,1513108473.3259025,854
query,1513108473.3259087,1513108473.535948,499
query,1513108473.5359523,1513108473.7704322,2
query,1513108473.7704356,1513108473.9661477,129
query,1513108473.9661522,1513108474.233327,152
query,1513108474.23333,1513108474.4810905,689
query,1513108474.4810948,1513108474.743757,257
query,1513108474.743763,1513108475.0060403,12
query,1513108475.0060432,1513108475.1703093,345
query,1513108475.1703138,1513108475.369649,608
query,1513108475.369653,1513108475.5774584,0
query,1513108475.5774639,1513108475.820579,70
query,1513108475.8205838,1513108476.0217998,244
query,1513108476.021804,1513108476.26718,291
query,1513108476.2671843,1513108476.4774244,0
query,1513108476.4774282,1513108476.9166405,47
query,1513108476.9166453,1513108477.1561391,20
query,1513108477.156144,1513108477.3676727,78
query,1513108477.3677223,1513108477.567702,299
query,1513108477.5806596,1513108477.7651567,21
query,1513108477.7651603,1513108477.9590757,52
query,1513108477.9590807,1513108478.1086304,1
query,1513108478.1086347,1513108478.2835772,269
query,1513108478.2835817,1513108478.4408245,3
query,1513108478.4408293,1513108478.5750692,0
query,1513108478.5750735,1513108478.7454827,408
query,1513108478.745486,1513108478.9065392,13
query,1513108478.906543,1513108479.082799,91
query,1513108479.0828032,1513108479.2825065,262
query,1513108479.2825108,1513108479.4739778,25
query,1513108479.4739819,1513108479.6740298,3
query,1513108479.6740339,1513108479.8938317,2
query,1513108479.8938355,1513108480.0211987,1
query,1513108480.021202,1513108480.2139828,305
query,1513108480.2139869,1513108480.4694023,75
query,1513108480.4694064,1513108480.664222,391
query,1513108480.6642275,1513108480.8750348,266
query,1513108480.8750396,1513108481.0969372,742
query,1513108481.096977,1513108481.3152328,1
query,1513108481.3208315,1513108481.5723872,271
query,1513108481.5723906,1513108481.7357178,237
query,1513108481.7357223,1513108481.9781399,33
query,1513108481.9781456,1513108482.2153163,138
query,1513108482.2153196,1513108482.41726,393
query,1513108482.4172647,1513108482.6335175,641
query,1513108482.6335218,1513108482.8314219,69
query,1513108482.8314269,1513108483.0348167,1
query,1513108483.0348575,1513108483.2618394,750
query,1513108483.2618442,1513108483.4445536,125
query,1513108483.4445593,1513108483.6454387,157
query,1513108483.6454422,1513108483.915956,57
query,1513108483.91596,1513108484.110655,100
query,1513108484.110659,1513108484.2976496,113
query,1513108484.2976527,1513108484.5674677,7
query,1513108484.5674722,1513108484.7437086,53
query,1513108484.7437122,1513108484.9671419,736
query,1513108484.9671464,1513108485.160195,24
query,1513108485.1601994,1513108485.3105602,3
query,1513108485.310607,1513108485.5278196,17
query,1513108485.541326,1513108485.7119336,145
query,1513108485.7119374,1513108485.983548,550
query,1513108485.983552,1513108486.189277,3
query,1513108486.1892803,1513108486.3695095,217
query,1513108486.3695152,1513108486.5464664,262
query,1513108486.5464723,1513108486.7290277,11
query,1513108486.7290316,1513108486.9209197,742
query,1513108486.9209232,1513108487.094191,33
query,1513108487.0941956,1513108487.3213727,598
query,1513108487.3213766,1513108487.5513885,147
query,1513108487.5513937,1513108487.740312,424
query,1513108487.7403162,1513108487.924313,18
query,1513108487.9243174,1513108488.1290002,17
query,1513108488.1290047,1513108488.3634725,652
query,1513108488.3634775,1513108488.5306284,2
query,1513108488.5306315,1513108488.7940595,100
query,1513108488.7940638,1513108489.0017254,336
query,1513108489.0017314,1513108489.2405005,14
query,1513108489.2405045,1513108489.4459312,247
query,1513108489.4459727,1513108489.7131052,102
query,1513108489.7259338,1513108489.9492238,391
query,1513108489.949227,1513108490.2106454,104
query,1513108490.2106497,1513108490.4474285,177
query,1513108490.4474318,1513108490.6298032,522
query,1513108490.6298075,1513108490.805371,976
query,1513108490.8053753,1513108491.0283995,131
query,1513108491.0284042,1513108491.2703176,5
query,1513108491.2703211,1513108491.556217,583
query,1513108491.556221,1513108491.7380426,127
query,1513108491.7380478,1513108491.971064,193
query,1513108491.9710681,1513108492.163968,0
query,1513108492.1639724,1513108492.3980541,70
query,1513108492.3980577,1513108492.5906982,4
query,1513108492.5907025,1513108492.7692451,0
query,1513108492.7692492,1513108493.0327132,15
query,1513108493.0327172,1513108493.2178936,215
query,1513108493.2178981,1513108493.533494,368
query,1513108493.533498,1513108493.7946384,792
query,1513108493.7946434,1513108494.0977063,474
query,1513108494.0977461,1513108494.320321,65
query,1513108494.3333414,1513108494.5576143,304
query,1513108494.5576184,1513108494.8113651,336
query,1513108494.8113685,1513108495.1874504,202
query,1513108495.1874542,1513108495.397718,4
query,1513108495.3977213,1513108495.580491,2
query,1513108495.5804958,1513108495.8586025,422
query,1513108495.858606,1513108496.0775902,927
query,1513108496.077594,1513108496.3260446,155
query,1513108496.326049,1513108496.4978232,10
query,1513108496.497828,1513108496.7108915,488
query,1513108496.7108967,1513108497.0037787,171
query,1513108497.0037823,1513108497.195924,52
query,1513108497.1959288,1513108497.5120208,490
query,1513108497.5120263,1513108497.7598598,697
query,1513108497.7598643,1513108497.9917247,817
query,1513108497.9917285,1513108498.198638,55
query,1513108498.1986415,1513108498.4357,5
query,1513108498.4357033,1513108498.6645133,151
query,1513108498.6645184,1513108498.8437388,472
query,1513108498.843787,1513108499.0951319,72
query,1513108499.1082594,1513108499.3377979,181
query,1513108499.3378022,1513108499.5574608,403
query,1513108499.5574646,1513108499.7317853,670
query,1513108499.73179,1513108499.9201345,502
query,1513108499.9201396,1513108500.0953667,235
query,1513108500.0953717,1513108500.2947233,145
query,1513108500.2947268,1513108500.452739,1
query,1513108500.4527426,1513108500.6249926,2
query,1513108500.624996,1513108500.813985,688
query,1513108500.8139887,1513108501.0317094,32
query,1513108501.0317128,1513108501.1934483,255
query,1513108501.1934516,1513108501.3152637,0
query,1513108501.315267,1513108501.7119052,292
query,1513108501.7119098,1513108501.922531,0
query,1513108501.922535,1513108502.139669,575
query,1513108502.1396823,1513108502.4435875,346
query,1513108502.443592,1513108502.6552956,59
query,1513108502.6553013,1513108502.863976,471
query,1513108502.8639808,1513108503.1199183,877
query,1513108503.1199608,1513108503.3718438,80
query,1513108503.3861003,1513108503.6048005,1
query,1513108503.6048048,1513108503.902129,241
query,1513108503.9021335,1513108504.131859,164
query,1513108504.131864,1513108504.3630404,262
query,1513108504.3630447,1513108504.541758,338
query,1513108504.5417628,1513108504.730508,572
query,1513108504.7305117,1513108504.957248,9
query,1513108504.9572513,1513108505.1551032,0
query,1513108505.1551063,1513108505.3435085,248
query,1513108505.343512,1513108505.500138,20
query,1513108505.500144,1513108505.693007,166
query,1513108505.693013,1513108505.9413774,695
query,1513108505.9413815,1513108506.2077837,41
query,1513108506.2077882,1513108506.4956012,82
query,1513108506.4956062,1513108506.7971382,309
query,1513108506.7971432,1513108507.0709107,46
query,1513108507.0709136,1513108507.3106174,70
query,1513108507.3106208,1513108507.6231248,193
query,1513108507.6231315,1513108507.884767,70
query,1513108507.884861,1513108508.1147573,120
query,1513108508.1295042,1513108508.3408582,3
query,1513108508.340863,1513108508.5450966,181
query,1513108508.545101,1513108508.7666183,55
query,1513108508.766622,1513108508.984217,373
query,1513108508.9842205,1513108509.1955228,730
query,1513108509.1955273,1513108509.4535632,469
query,1513108509.4535675,1513108509.6482575,718
query,1513108509.6482618,1513108509.8501983,31
query,1513108509.8502016,1513108510.0176673,0
query,1513108510.0176713,1513108510.212322,256
query,1513108510.2123265,1513108510.4469452,205
query,1513108510.4469502,1513108510.6334922,59
query,1513108510.6335056,1513108510.9111214,302
query,1513108510.911126,1513108511.1116064,269
query,1513108511.1116114,1513108511.28391,0
query,1513108511.2839143,1513108511.492509,576
query,1513108511.4925122,1513108511.6888738,759
query,1513108511.688877,1513108511.901965,2
query,1513108511.9019706,1513108512.122123,23
query,1513108512.1221633,1513108512.335177,393
query,1513108512.3519735,1513108512.6076527,791
query,1513108512.6076567,1513108513.0476475,145
query,1513108513.0476508,1513108513.263238,498
query,1513108513.2632415,1513108513.535798,712
query,1513108513.5358024,1513108513.8215172,473
query,1513108513.8215218,1513108514.0999432,233
query,1513108514.099949,1513108514.2784605,0
query,1513108514.278465,1513108514.533345,4
query,1513108514.5333493,1513108514.7602634,478
query,1513108514.7602677,1513108514.9604104,62
query,1513108514.9604151,1513108515.1343858,0
query,1513108515.1343896,1513108515.3294394,553
query,1513108515.3294435,1513108515.4988296,2
query,1513108515.4988346,1513108515.6832943,597
query,1513108515.6832995,1513108515.9384842,301
query,1513108515.938488,1513108516.115766,449
query,1513108516.1157703,1513108516.309087,0
query,1513108516.3090916,1513108516.4653032,0
query,1513108516.4653072,1513108516.6471977,120
query,1513108516.6472332,1513108516.9035964,729
query,1513108516.91774,1513108517.1061213,8
query,1513108517.1061258,1513108517.2304425,0
query,1513108517.2304473,1513108517.3807561,192
query,1513108517.3807602,1513108517.5629585,235
query,1513108517.5629623,1513108517.7532394,53
query,1513108517.7532432,1513108517.9610634,0
query,1513108517.9610667,1513108518.1546295,1
query,1513108518.1546335,1513108518.4359107,584
query,1513108518.435916,1513108518.5811608,1
query,1513108518.581167,1513108518.7352,0
query,1513108518.735203,1513108518.9668746,11
query,1513108518.966878,1513108519.0931785,0
query,1513108519.093182,1513108519.2640984,48
query,1513108519.2641032,1513108519.4836328,341
query,1513108519.4836373,1513108519.6649349,595
query,1513108519.664941,1513108519.871582,58
query,1513108519.8715873,1513108520.0676174,424
query,1513108520.067622,1513108520.2435594,5
query,1513108520.2435637,1513108520.4186327,381
query,1513108520.4186778,1513108520.6353877,1
query,1513108520.645637,1513108520.891854,927
query,1513108520.8918588,1513108521.1675396,96
query,1513108521.1675441,1513108521.3157837,13
query,1513108521.3157873,1513108521.509122,161
query,1513108521.5091255,1513108521.7226188,49
query,1513108521.7226233,1513108521.9423552,63
query,1513108521.9423592,1513108522.1165226,546
query,1513108522.116527,1513108522.3175788,276
query,1513108522.3175821,1513108522.4939287,11
query,1513108522.4939353,1513108522.6594234,159
query,1513108522.6594272,1513108522.8616185,273
query,1513108522.8616216,1513108523.069448,790
query,1513108523.0694525,1513108523.2766466,21
query,1513108523.2766504,1513108523.4212384,0
query,1513108523.4212425,1513108523.5842388,20
query,1513108523.5842435,1513108523.7499447,0
query,1513108523.7499497,1513108523.9176157,227
query,1513108523.9176204,1513108524.0859933,515
query,1513108524.085998,1513108524.2674363,485
query,1513108524.2674909,1513108524.4827125,11
query,1513108524.4958653,1513108524.7115467,105
query,1513108524.711552,1513108524.938024,298
query,1513108524.938028,1513108525.111433,461
query,1513108525.1114376,1513108525.2718694,414
query,1513108525.2718735,1513108525.614159,48
query,1513108525.6141646,1513108525.8078063,288
query,1513108525.807811,1513108526.0219123,207
query,1513108526.0219169,1513108526.215441,105
query,1513108526.2154458,1513108526.5623758,805
query,1513108526.5623963,1513108526.744726,0
query,1513108526.7447295,1513108526.9463587,135
query,1513108526.9463632,1513108527.1121833,0
query,1513108527.1121876,1513108527.2747552,7
query,1513108527.2747583,1513108527.6957357,723
query,1513108527.6957405,1513108527.9034202,5
query,1513108527.9034238,1513108528.099435,558
query,1513108528.0994394,1513108528.303373,384
query,1513108528.3033779,1513108528.6260085,0
query,1513108528.626015,1513108528.8718631,11
query,1513108528.8719065,1513108529.1238267,549
query,1513108529.1382792,1513108529.3256683,30
query,1513108529.3256733,1513108529.5426612,827
query,1513108529.5426645,1513108529.7597885,914
query,1513108529.7597919,1513108529.9206572,156
query,1513108529.9206629,1513108530.109707,649
query,1513108530.1097114,1513108530.284665,911
query,1513108530.2846699,1513108530.435748,26
query,1513108530.435753,1513108530.6317184,156
query,1513108530.6317244,1513108530.835798,367
query,1513108530.8358028,1513108531.038966,667
query,1513108531.0389705,1513108531.2221398,921
query,1513108531.2221441,1513108531.3704145,0
query,1513108531.370419,1513108531.6115305,27
query,1513108531.611537,1513108531.8064888,185
query,1513108531.8064923,1513108531.9737687,78
query,1513108531.973773,1513108532.143201,15
query,1513108532.1432078,1513108532.3203797,224
query,1513108532.320385,1513108532.4964118,26
query,1513108532.4964159,1513108532.858711,644
query,1513108532.858743,1513108533.2393851,365
query,1513108533.252255,1513108533.5839918,823
query,1513108533.5839977,1513108533.794848,48
query,1513108533.7948523,1513108533.9714067,5
query,1513108533.9714117,1513108534.1912599,625
query,1513108534.1912632,1513108534.4753451,103
query,1513108534.4753494,1513108534.7235713,138
query,1513108534.7235754,1513108534.885246,114
query,1513108534.885251,1513108535.0676107,16
query,1513108535.0676162,1513108535.2623832,803
query,1513108535.2623873,1513108535.4226174,702
query,1513108535.4226217,1513108535.570444,297
query,1513108535.5704486,1513108535.7329788,261
query,1513108535.732984,1513108535.8927038,1
query,1513108535.8927078,1513108536.0537665,408
query,1513108536.0537708,1513108536.2102678,227
query,1513108536.2102723,1513108536.445743,173
query,1513108536.4457479,1513108536.6238043,44
query,1513108536.623809,1513108536.758465,0
query,1513108536.7584696,1513108536.9031186,1
query,1513108536.9031675,1513108537.0566723,623
query,1513108537.068742,1513108537.2717447,942
query,1513108537.2717493,1513108537.4162602,0
query,1513108537.4162645,1513108537.565429,1
query,1513108537.5654345,1513108537.714968,106
query,1513108537.7149723,1513108537.9366858,216
query,1513108537.936689,1513108538.1131573,194
query,1513108538.1131632,1513108538.318682,133
query,1513108538.3186862,1513108538.4934487,115
query,1513108538.4934535,1513108538.7077427,554
query,1513108538.7077477,1513108538.9387302,110
query,1513108538.9387348,1513108539.1724992,167
query,1513108539.1725044,1513108539.3769674,21
query,1513108539.3769724,1513108539.6366336,590
query,1513108539.636638,1513108539.8714004,1
query,1513108539.8714056,1513108540.1038218,57
query,1513108540.1038263,1513108540.3003902,176
query,1513108540.300397,1513108540.5197399,506
query,1513108540.5197458,1513108540.7147653,1
query,1513108540.7147691,1513108540.92375,119
query,1513108540.92379,1513108541.0577323,0
query,1513108541.059845,1513108541.2398539,13
query,1513108541.2398593,1513108541.447683,18
query,1513108541.4476879,1513108541.6257324,148
query,1513108541.6257372,1513108541.8321915,717
query,1513108541.8321962,1513108542.0669174,60
query,1513108542.0669217,1513108542.3538926,2
query,1513108542.3538961,1513108542.6515431,179
query,1513108542.6515472,1513108542.8818283,244
query,1513108542.881833,1513108543.1121085,0
query,1513108543.112113,1513108543.3220284,476
query,1513108543.3220332,1513108543.5142903,16
query,1513108543.514295,1513108543.724154,219
query,1513108543.7241588,1513108543.9713113,364
query,1513108543.9713159,1513108544.2208984,294
query,1513108544.2209027,1513108544.4795058,340
query,1513108544.4795096,1513108544.7281406,382
query,1513108544.7281454,1513108545.016223,3
query,1513108545.016228,1513108545.2103117,0
query,1513108545.2103305,1513108545.3916266,803
query,1513108545.3917012,1513108545.5789878,347
query,1513108545.597654,1513108545.7942195,169
query,1513108545.7942226,1513108546.0006278,465
query,1513108546.0006323,1513108546.2699294,387
query,1513108546.2699337,1513108546.4228084,2
query,1513108546.4228144,1513108546.6162093,840
query,1513108546.6162136,1513108546.8160617,112
query,1513108546.8160655,1513108546.995067,2
query,1513108546.995071,1513108547.1834412,476
query,1513108547.1834455,1513108547.4354784,893
query,1513108547.435483,1513108547.5874257,273
query,1513108547.5874302,1513108547.776094,482
query,1513108547.7760985,1513108547.9477134,9
query,1513108547.9477181,1513108548.139969,9
query,1513108548.139974,1513108548.2824125,0
query,1513108548.2824168,1513108548.5522656,591
query,1513108548.5522707,1513108548.7196777,457
query,1513108548.7196832,1513108548.8787942,1
query,1513108548.8787985,1513108549.0639572,107
query,1513108549.063964,1513108549.2733893,1
query,1513108549.2734523,1513108549.4962723,363
query,1513108549.510434,1513108549.7412493,11
query,1513108549.7412536,1513108549.921904,545
query,1513108549.9219089,1513108550.0748363,461
query,1513108550.0748413,1513108550.311849,29
query,1513108550.3118536,1513108550.5190885,876
query,1513108550.5190935,1513108550.719035,602
query,1513108550.719039,1513108550.8717737,119
query,1513108550.8717768,1513108551.0381527,153
query,1513108551.0381577,1513108551.1945844,1
query,1513108551.1945891,1513108551.4482503,41
query,1513108551.4482555,1513108551.6993403,16
query,1513108551.6993573,1513108551.8847318,313
query,1513108551.884738,1513108552.1997101,342
query,1513108552.1997151,1513108552.441194,500
query,1513108552.4411976,1513108552.6194472,1
query,1513108552.619452,1513108552.7987833,1
query,1513108552.7987885,1513108553.013464,651
query,1513108553.0134692,1513108553.20108,2
query,1513108553.2010849,1513108553.3970904,10
query,1513108553.3971334,1513108553.6862245,589
query,1513108553.699353,1513108554.0118816,3
query,1513108554.0118868,1513108554.2315593,32
query,1513108554.2315636,1513108554.4548368,121
query,1513108554.454842,1513108554.6717422,64
query,1513108554.6717465,1513108554.8834803,276
query,1513108554.883484,1513108555.0744216,24
query,1513108555.074426,1513108555.3693652,207
query,1513108555.3693686,1513108555.5523167,132
query,1513108555.552322,1513108555.723743,386
query,1513108555.723747,1513108555.9303248,414
query,1513108555.9303284,1513108556.11037,1
query,1513108556.110374,1513108556.3756902,675
query,1513108556.3756952,1513108556.5327647,0
query,1513108556.5328002,1513108556.7517068,754
query,1513108556.7517114,1513108557.0411234,735
query,1513108557.0411267,1513108557.3292267,847
query,1513108557.3292317,1513108557.6038916,794
query,1513108557.6038973,1513108557.7315218,0
query,1513108557.7315257,1513108558.0081975,149
query,1513108558.008259,1513108558.2191832,437
query,1513108558.234133,1513108558.4802763,51
query,1513108558.480283,1513108558.6764467,98
query,1513108558.6764529,1513108558.9062033,88
query,1513108558.9062057,1513108559.1916087,75
query,1513108559.191613,1513108559.3792436,507
query,1513108559.379247,1513108559.5906057,787
query,1513108559.5906103,1513108559.7522688,326
query,1513108559.7522736,1513108560.0185244,52
query,1513108560.0185294,1513108560.2361872,176
query,1513108560.2361908,1513108560.4386885,133
query,1513108560.4386926,1513108560.7051537,104
query,1513108560.7051582,1513108560.9435232,120
query,1513108560.943527,1513108561.1471188,688
query,1513108561.1471233,1513108561.3162575,26
query,1513108561.3162622,1513108561.5363958,166
query,1513108561.5364003,1513108561.8006113,149
query,1513108561.800616,1513108562.0154123,144
query,1513108562.0154176,1513108562.1901248,230
query,1513108562.190141,1513108562.4108012,429
query,1513108562.410845,1513108562.6377668,341
query,1513108562.6471612,1513108562.8295667,310
query,1513108562.8295715,1513108562.9950082,255
query,1513108562.995011,1513108563.1725667,101
query,1513108563.1725702,1513108563.3774009,219
query,1513108563.3774056,1513108563.5858443,15
query,1513108563.585848,1513108563.8360045,0
query,1513108563.8360093,1513108564.0136025,42
query,1513108564.0136092,1513108564.2135274,587
query,1513108564.2135324,1513108564.4144754,32
query,1513108564.4144804,1513108564.6132839,591
query,1513108564.6132889,1513108564.8573954,200
query,1513108564.857399,1513108565.0273323,828
query,1513108565.0273366,1513108565.1696007,0
query,1513108565.1696062,1513108565.353843,6
query,1513108565.353848,1513108565.5421963,547
query,1513108565.542201,1513108565.7080772,17
query,1513108565.7080817,1513108565.8992107,485
query,1513108565.8992145,1513108566.0720112,248
query,1513108566.0720575,1513108566.2596292,555
query,1513108566.2596996,1513108566.4327395,0
query,1513108566.43436,1513108566.6520975,306
query,1513108566.652103,1513108566.8606353,44
query,1513108566.8606405,1513108567.104667,17
query,1513108567.1046717,1513108567.3049214,285
query,1513108567.304926,1513108567.4885957,64
query,1513108567.4885995,1513108567.6756997,774
query,1513108567.6757035,1513108567.8914058,160
query,1513108567.89141,1513108568.123218,711
query,1513108568.1232224,1513108568.3832717,94
query,1513108568.3832753,1513108568.548679,744
query,1513108568.5486841,1513108568.7474308,550
query,1513108568.747435,1513108568.978165,2
query,1513108568.9781704,1513108569.1458673,26
query,1513108569.1458724,1513108569.3811584,17
query,1513108569.3811624,1513108569.684092,886
query,1513108569.6840985,1513108569.8874702,852
query,1513108569.887475,1513108570.0939174,494
query,1513108570.0939221,1513108570.282552,16
query,1513108570.2825563,1513108570.4645166,397
query,1513108570.4645638,1513108570.6169584,1
query,1513108570.6195014,1513108570.8750112,619
query,1513108570.8750153,1513108571.1091774,101
query,1513108571.1091816,1513108571.2983763,63
query,1513108571.29838,1513108571.4444418,687
query,1513108571.4444456,1513108571.659055,2
query,1513108571.659059,1513108571.9684763,233
query,1513108571.9684806,1513108572.2078252,16
query,1513108572.207831,1513108572.435028,688
query,1513108572.4350314,1513108572.6155539,711
query,1513108572.615559,1513108572.8591044,586
query,1513108572.859109,1513108573.11107,714
query,1513108573.111074,1513108573.3017774,3
query,1513108573.301781,1513108573.5236707,736
query,1513108573.5236742,1513108573.7723644,14
query,1513108573.7723675,1513108573.9604607,148
query,1513108573.960464,1513108574.210702,198
query,1513108574.210706,1513108574.4701438,7
query,1513108574.470149,1513108574.6356862,0
query,1513108574.6356907,1513108574.8831112,152
query,1513108574.8831472,1513108575.0884278,123
query,1513108575.0967615,1513108575.253408,100
query,1513108575.253411,1513108575.4503412,393
query,1513108575.4503448,1513108575.6846042,184
query,1513108575.6846128,1513108575.906212,34
query,1513108575.9062192,1513108576.0446224,0
query,1513108576.044627,1513108576.2651646,382
query,1513108576.2651675,1513108576.4699335,345
query,1513108576.4699383,1513108576.6494322,796
query,1513108576.6494367,1513108576.8157876,38
query,1513108576.815791,1513108576.9851015,53
query,1513108576.9851072,1513108577.168008,183
query,1513108577.1680124,1513108577.3082647,646
query,1513108577.308269,1513108577.4923105,663
query,1513108577.492328,1513108577.6748204,29
query,1513108577.674825,1513108577.865039,193
query,1513108577.8650453,1513108578.048729,113
query,1513108578.0487447,1513108578.271501,439
query,1513108578.2715077,1513108578.4594662,440
query,1513108578.4594705,1513108578.6838245,10
query,1513108578.6838694,1513108578.9550817,3
query,1513108578.9701457,1513108579.2270598,309
query,1513108579.2270644,1513108579.5745332,517
query,1513108579.574538,1513108579.789827,633
query,1513108579.7898324,1513108580.0516572,115
query,1513108580.0516622,1513108580.367221,592
query,1513108580.367226,1513108580.575765,5
query,1513108580.5757697,1513108580.8538814,819
query,1513108580.8538857,1513108581.0744207,328
query,1513108581.074426,1513108581.2847579,222
query,1513108581.2847621,1513108581.4707499,142
query,1513108581.4707541,1513108581.6846733,319
query,1513108581.6846783,1513108581.9274826,485
query,1513108581.9274864,1513108582.159411,342
query,1513108582.159414,1513108582.3871667,332
query,1513108582.3871713,1513108582.6520143,661
query,1513108582.65207,1513108582.8672853,280
query,1513108582.86729,1513108583.105533,651
query,1513108583.1055362,1513108583.3319092,204
query,1513108583.3319125,1513108583.512274,1
query,1513108583.5123084,1513108583.8599567,12
query,1513108583.8738306,1513108584.090521,1
query,1513108584.0905244,1513108584.3752341,267
query,1513108584.3752375,1513108584.607583,106
query,1513108584.6075869,1513108584.7903397,33
query,1513108584.7903428,1513108584.9750142,107
query,1513108584.9750195,1513108585.1599574,6
query,1513108585.159961,1513108585.3149385,300
query,1513108585.3149436,1513108585.5360684,66
query,1513108585.5360727,1513108585.7482846,1
query,1513108585.7482896,1513108585.9974725,358
query,1513108585.9974768,1513108586.1795304,239
query,1513108586.179535,1513108586.3579125,1
query,1513108586.3579159,1513108586.599935,501
query,1513108586.5999396,1513108586.8815196,48
query,1513108586.881525,1513108587.0681405,4
query,1513108587.0681453,1513108587.2546678,209
query,1513108587.2546728,1513108587.424167,50
query,1513108587.424172,1513108587.6335936,380
query,1513108587.6335983,1513108587.815847,303
query,1513108587.8158896,1513108588.0229814,189
query,1513108588.0361896,1513108588.2373333,3
query,1513108588.2373369,1513108588.4306397,444
query,1513108588.4306438,1513108588.6449945,190
query,1513108588.6449976,1513108588.842849,211
query,1513108588.842853,1513108589.0019534,5
query,1513108589.0019581,1513108589.1917934,25
query,1513108589.191798,1513108589.360894,113
query,1513108589.3608983,1513108589.5132062,1
query,1513108589.5132103,1513108589.7021534,15
query,1513108589.7021582,1513108589.9672909,334
query,1513108589.9672947,1513108590.1749225,48
query,1513108590.174927,1513108590.4073708,522
query,1513108590.4073756,1513108590.619644,222
query,1513108590.6196492,1513108590.9109082,110
query,1513108590.9109125,1513108591.1227937,0
query,1513108591.1227973,1513108591.3370144,399
query,1513108591.3370183,1513108591.5445561,515
query,1513108591.5445592,1513108591.830916,548
query,1513108591.8309193,1513108592.2038262,179
query,1513108592.2038538,1513108592.3931012,57
query,1513108592.4078798,1513108592.5995252,68
query,1513108592.5995293,1513108592.773295,444
query,1513108592.7732995,1513108592.9239314,566
query,1513108592.9239354,1513108593.118242,0
query,1513108593.118246,1513108593.335042,799
query,1513108593.3350465,1513108593.5397496,50
query,1513108593.5397549,1513108593.7893658,21
query,1513108593.78937,1513108594.0135815,2
query,1513108594.013586,1513108594.2637243,85
query,1513108594.2637296,1513108594.4546254,16
query,1513108594.4546292,1513108594.8101766,734
query,1513108594.8101807,1513108595.0261104,776
query,1513108595.0261142,1513108595.1888425,0
query,1513108595.1888475,1513108595.3665214,1
query,1513108595.366525,1513108595.5715885,365
query,1513108595.571592,1513108595.793045,396
query,1513108595.7930496,1513108596.0936646,349
query,1513108596.0936694,1513108596.2476676,1
query,1513108596.2476707,1513108596.4322712,63
query,1513108596.432321,1513108596.7114565,345
query,1513108596.72721,1513108596.935676,683
query,1513108596.9356828,1513108597.194213,150
query,1513108597.1942172,1513108597.4072862,739
query,1513108597.4072902,1513108597.6559634,99
query,1513108597.6559675,1513108597.8672237,514
query,1513108597.8672302,1513108598.121835,19
query,1513108598.1218398,1513108598.3300152,16
query,1513108598.3300195,1513108598.5058172,262
query,1513108598.505822,1513108598.7253742,664
query,1513108598.725379,1513108598.9942932,867
query,1513108598.9942977,1513108599.1690738,46
query,1513108599.169078,1513108599.3796167,606
query,1513108599.3796215,1513108599.5796254,766
query,1513108599.57963,1513108599.8067675,678
query,1513108599.8067727,1513108600.0093653,651
query,1513108600.0093691,1513108600.3105052,108
query,1513108600.3105097,1513108600.554045,257
query,1513108600.5540495,1513108600.7794182,0
query,1513108600.779423,1513108601.0723894,586
query,1513108601.0724335,1513108601.403671,138
query,1513108601.4181952,1513108601.6318138,713
query,1513108601.6318197,1513108601.811244,4
query,1513108601.8112485,1513108602.007429,237
query,1513108602.0074334,1513108602.2275038,428
query,1513108602.2275083,1513108602.4470835,312
query,1513108602.4470887,1513108602.635318,648
query,1513108602.6353233,1513108602.8499205,505
query,1513108602.8499248,1513108603.1677876,586
query,1513108603.1678054,1513108603.3637087,705
query,1513108603.363713,1513108603.559858,178
query,1513108603.5598626,1513108603.7504828,7
query,1513108603.750488,1513108603.9795353,7
query,1513108603.9795413,1513108604.1774802,766
query,1513108604.177485,1513108604.3304555,0
query,1513108604.3304596,1513108604.5468347,767
query,1513108604.5468407,1513108604.7900596,262
query,1513108604.7900655,1513108605.0315137,605
query,1513108605.031519,1513108605.287701,732
query,1513108605.2877057,1513108605.5201225,489
query,1513108605.5202062,1513108605.7267203,715
query,1513108605.7352805,1513108605.9036982,2
query,1513108605.903702,1513108606.0704823,11
query,1513108606.0704865,1513108606.2554896,449
query,1513108606.2554939,1513108606.539936,469
query,1513108606.5399404,1513108606.7644827,510
query,1513108606.7644892,1513108606.9719255,474
query,1513108606.9719303,1513108607.1683285,53
query,1513108607.1683333,1513108607.3225946,51
query,1513108607.3225985,1513108607.4832306,1
query,1513108607.4832351,1513108607.6671944,480
query,1513108607.667199,1513108607.8663547,0
query,1513108607.866359,1513108608.0524359,15
query,1513108608.0524397,1513108608.290307,322
query,1513108608.2903116,1513108608.5689514,361
query,1513108608.5689561,1513108608.7902517,658
query,1513108608.7902563,1513108609.0389519,27
query,1513108609.0389547,1513108609.2485023,582
query,1513108609.248507,1513108609.4921517,270
query,1513108609.4921584,1513108609.6675012,376
query,1513108609.6675425,1513108609.8837466,746
query,1513108609.8982203,1513108610.1632342,42
query,1513108610.1632419,1513108610.410088,633
query,1513108610.4100919,1513108610.611889,16
query,1513108610.6118937,1513108610.835969,272
query,1513108610.8359733,1513108611.1355882,521
query,1513108611.1355932,1513108611.3068995,351
query,1513108611.3069024,1513108611.5036495,9
query,1513108611.5036643,1513108611.684608,855
query,1513108611.684612,1513108611.850087,231
query,1513108611.850091,1513108612.0238557,14
query,1513108612.0238602,1513108612.208458,524
query,1513108612.2084622,1513108612.4397435,541
query,1513108612.439749,1513108612.6475987,215
query,1513108612.6476033,1513108612.8118002,1
query,1513108612.8118052,1513108612.9646277,12
query,1513108612.9646308,1513108613.1376705,84
query,1513108613.1376746,1513108613.2873418,92
query,1513108613.2873461,1513108613.4659617,355
query,1513108613.465967,1513108613.647177,704
query,1513108613.6472206,1513108613.8479035,269
query,1513108613.8623815,1513108614.0845857,439
query,1513108614.0845904,1513108614.2425725,470
query,1513108614.2425768,1513108614.4563286,521
query,1513108614.456333,1513108614.6755533,102
query,1513108614.6755571,1513108614.8733504,12
query,1513108614.8733528,1513108615.2257373,14
query,1513108615.2257411,1513108615.4632125,536
query,1513108615.4632163,1513108615.7416334,695
query,1513108615.7416375,1513108615.9392369,715
query,1513108615.9392416,1513108616.1521628,780
query,1513108616.152167,1513108616.318421,335
query,1513108616.318425,1513108616.4973574,868
query,1513108616.4973607,1513108616.6602862,2
query,1513108616.6602902,1513108616.965082,331
query,1513108616.9650857,1513108617.2040048,124
query,1513108617.2040093,1513108617.4717033,655
query,1513108617.4717083,1513108617.7035565,439
query,1513108617.703561,1513108617.8837068,7
query,1513108617.8837109,1513108618.1172817,247
query,1513108618.1173167,1513108618.2952852,125
query,1513108618.306572,1513108618.457449,381
query,1513108618.4574518,1513108618.6403308,305
query,1513108618.640335,1513108618.8185284,361
query,1513108618.8185332,1513108619.0176167,16
query,1513108619.0176215,1513108619.1802707,217
query,1513108619.1802752,1513108619.4239256,937
query,1513108619.42393,1513108619.6194096,157
query,1513108619.6194131,1513108619.8475797,739
query,1513108619.8475838,1513108620.0194685,2
query,1513108620.0194738,1513108620.259957,377
query,1513108620.2599623,1513108620.4533293,381
query,1513108620.4533336,1513108620.5844133,0
query,1513108620.5844173,1513108620.8476865,563
query,1513108620.8476908,1513108621.015561,1
query,1513108621.0155656,1513108621.2517145,3
query,1513108621.251719,1513108621.44949,574
query,1513108621.449494,1513108621.6959112,7
query,1513108621.6959176,1513108621.9800124,608
query,1513108621.980017,1513108622.1959424,752
query,1513108622.1959932,1513108622.4342825,456
query,1513108622.4456797,1513108622.6246653,11
query,1513108622.6246703,1513108622.8055892,154
query,1513108622.8055944,1513108623.0149927,28
query,1513108623.0149977,1513108623.2306354,4
query,1513108623.23064,1513108623.3953981,4
query,1513108623.395402,1513108623.5981834,142
query,1513108623.5981874,1513108623.7751687,730
query,1513108623.7751737,1513108623.922454,0
query,1513108623.9224582,1513108624.1237812,11
query,1513108624.123786,1513108624.2865987,14
query,1513108624.2866025,1513108624.52567,596
query,1513108624.5256743,1513108624.6917481,859
query,1513108624.691752,1513108624.920015,625
query,1513108624.9200199,1513108625.1139765,5
query,1513108625.1139812,1513108625.3070679,845
query,1513108625.307074,1513108625.4715118,244
query,1513108625.4715152,1513108625.6744144,99
query,1513108625.6744192,1513108625.8839898,203
query,1513108625.8839948,1513108626.0599995,411
query,1513108626.0600893,1513108626.2702422,198
query,1513108626.2858644,1513108626.466434,347
query,1513108626.466437,1513108626.647622,766
query,1513108626.6476254,1513108626.882382,0
query,1513108626.882386,1513108627.0578828,821
query,1513108627.0578866,1513108627.2506409,9
query,1513108627.250644,1513108627.4112601,400
query,1513108627.4112651,1513108627.5875463,392
query,1513108627.5875506,1513108627.7971103,465
query,1513108627.797115,1513108628.0030367,295
query,1513108628.0030406,1513108628.2006977,4
query,1513108628.200702,1513108628.444988,38
query,1513108628.444993,1513108628.6257067,623
query,1513108628.6257136,1513108628.8028033,2
query,1513108628.8028073,1513108629.0960174,467
query,1513108629.0960228,1513108629.3306358,480
query,1513108629.3306403,1513108629.5725398,18
query,1513108629.5725434,1513108629.7629578,4
query,1513108629.7629616,1513108629.951649,382
query,1513108629.9516532,1513108630.1190639,0
query,1513108630.1190984,1513108630.303362,450
query,1513108630.317179,1513108630.4803848,455
query,1513108630.4803889,1513108630.6523676,44
query,1513108630.6523716,1513108631.000597,628
query,1513108631.0006027,1513108631.1424544,0
query,1513108631.1424594,1513108631.346233,537
query,1513108631.346237,1513108631.530462,133
query,1513108631.530467,1513108631.7568948,22
query,1513108631.7568996,1513108631.9589515,169
query,1513108631.9589546,1513108632.1969793,188
query,1513108632.196984,1513108632.39592,179
query,1513108632.3959243,1513108632.5622354,745
query,1513108632.5622392,1513108632.696925,89
query,1513108632.6969278,1513108632.9408407,391
query,1513108632.9408455,1513108633.1469598,276
query,1513108633.1469643,1513108633.33412,464
query,1513108633.3341243,1513108633.5340483,415
query,1513108633.5340512,1513108633.7097855,37
query,1513108633.7097886,1513108633.9330552,116
query,1513108633.9330597,1513108634.1499524,65
query,1513108634.1500075,1513108634.2952774,0
query,1513108634.2969248,1513108634.528246,5
query,1513108634.5282505,1513108634.7373521,179
query,1513108634.737356,1513108635.0293636,84
query,1513108635.029368,1513108635.218232,563
query,1513108635.2182357,1513108635.3834217,508
query,1513108635.383426,1513108635.5818741,273
query,1513108635.5818784,1513108635.755232,88
query,1513108635.7552364,1513108635.8994663,6
query,1513108635.8994708,1513108636.102,3
query,1513108636.1020043,1513108636.288279,726
query,1513108636.2882822,1513108636.47661,89
query,1513108636.4766128,1513108636.7304642,964
query,1513108636.7304678,1513108636.948823,543
query,1513108636.9488275,1513108637.1739478,359
query,1513108637.1739542,1513108637.3859684,194
query,1513108637.3859737,1513108637.5723078,628
query,1513108637.5723126,1513108637.719531,302
query,1513108637.7195354,1513108637.8745198,52
query,1513108637.8745258,1513108638.0701444,744
query,1513108638.0701952,1513108638.2949839,647
query,1513108638.306331,1513108638.5456176,425
query,1513108638.5456219,1513108638.733113,152
query,1513108638.7331176,1513108638.9482884,134
query,1513108638.9482925,1513108639.1556547,389
query,1513108639.15566,1513108639.3448136,898
query,1513108639.3448188,1513108639.5402482,23
query,1513108639.5402527,1513108639.7078671,2
query,1513108639.7078714,1513108639.9274426,509
query,1513108639.927446,1513108640.1070628,500
query,1513108640.107066,1513108640.3556976,25
query,1513108640.3557096,1513108640.5441332,0
query,1513108640.544138,1513108640.833422,1
query,1513108640.8334265,1513108641.023939,425
query,1513108641.0239437,1513108641.2200959,326
query,1513108641.2201006,1513108641.3899715,200
query,1513108641.3899765,1513108641.5600002,0
query,1513108641.560004,1513108641.768287,746
query,1513108641.7682915,1513108641.9452407,65
query,1513108641.945245,1513108642.1644797,180
query,1513108642.1645396,1513108642.379002,77
query,1513108642.393415,1513108642.6217594,694
query,1513108642.6217647,1513108642.8503141,27
query,1513108642.8503182,1513108643.0281076,3
query,1513108643.028117,1513108643.2311523,74
query,1513108643.2311568,1513108643.4337587,25
query,1513108643.4337626,1513108643.5905936,376
query,1513108643.590598,1513108643.8238285,490
query,1513108643.8238344,1513108644.0938454,170
query,1513108644.09385,1513108644.559819,41
query,1513108644.5598238,1513108644.7281735,23
query,1513108644.7281795,1513108644.8812163,3
query,1513108644.88122,1513108645.0442808,408
query,1513108645.0442855,1513108645.2292492,5
query,1513108645.2292523,1513108645.4001436,6
query,1513108645.4001474,1513108645.603243,3
query,1513108645.6032472,1513108645.8187997,143
query,1513108645.818803,1513108646.0151477,133
query,1513108646.015153,1513108646.251789,191
query,1513108646.2517943,1513108646.5069404,343
query,1513108646.507002,1513108646.7315996,334
query,1513108646.7443757,1513108646.9918795,309
query,1513108646.9918933,1513108647.207576,4
query,1513108647.20758,1513108647.4286633,38
query,1513108647.428668,1513108647.7477956,2
query,1513108647.7478,1513108647.971686,156
query,1513108647.9716902,1513108648.0946927,1
query,1513108648.0946977,1513108648.2816298,0
query,1513108648.2816346,1513108648.4508426,3
query,1513108648.4508486,1513108648.6398308,22
query,1513108648.6398351,1513108648.886441,389
query,1513108648.8864458,1513108649.0684502,2
query,1513108649.0684543,1513108649.2618244,8
query,1513108649.2618282,1513108649.4355674,2
query,1513108649.4355726,1513108649.6540358,92
query,1513108649.6540394,1513108649.8604739,53
query,1513108649.8604789,1513108650.091097,149
query,1513108650.0911028,1513108650.286064,547
query,1513108650.2860682,1513108650.4929383,342
query,1513108650.4929433,1513108650.6722078,550
query,1513108650.6722467,1513108650.9038627,472
query,1513108650.9187887,1513108651.115448,577
query,1513108651.1154516,1513108651.2916996,25
query,1513108651.2917023,1513108651.5541613,4
query,1513108651.5541668,1513108651.7870352,23
query,1513108651.7870421,1513108652.02194,6
query,1513108652.0219448,1513108652.2357981,545
query,1513108652.235803,1513108652.4450796,532
query,1513108652.4450853,1513108652.661406,178
query,1513108652.6614103,1513108652.8430324,1
query,1513108652.8430367,1513108653.0437732,44
query,1513108653.0437777,1513108653.2208734,0
query,1513108653.2208776,1513108653.393814,563
query,1513108653.3938189,1513108653.5732703,0
query,1513108653.5732749,1513108653.8237777,71
query,1513108653.8237817,1513108654.0196183,408
query,1513108654.0196228,1513108654.2300286,359
query,1513108654.2300334,1513108654.4011693,211
query,1513108654.4011745,1513108654.5719323,266
query,1513108654.5719364,1513108654.7835503,30
query,1513108654.7835896,1513108654.9910681,666
query,1513108655.006938,1513108655.2000003,16
query,1513108655.200005,1513108655.4717338,190
query,1513108655.471738,1513108655.6949694,362
query,1513108655.6949747,1513108655.931915,78
query,1513108655.9319198,1513108656.1533496,710
query,1513108656.1533542,1513108656.3670797,673
query,1513108656.3670843,1513108656.545872,139
query,1513108656.5458765,1513108656.719532,0
query,1513108656.7195368,1513108656.9284182,742
query,1513108656.9284227,1513108657.0594296,0
query,1513108657.0594337,1513108657.1965322,0
query,1513108657.1965363,1513108657.3625236,0
query,1513108657.3625295,1513108657.5425262,0
query,1513108657.5425313,1513108657.7685013,370
query,1513108657.7685056,1513108657.930413,0
query,1513108657.9304175,1513108658.0999823,468
query,1513108658.099986,1513108658.2428024,1
query,1513108658.242806,1513108658.4352696,651
query,1513108658.4352741,1513108658.607534,312
query,1513108658.6075795,1513108658.746802,2
query,1513108658.7528198,1513108658.9329405,809
query,1513108658.9329448,1513108659.1042426,25
query,1513108659.1042476,1513108659.28041,12
query,1513108659.2804158,1513108659.4758778,206
query,1513108659.4758823,1513108659.6836252,99
query,1513108659.6836298,1513108659.902012,246
query,1513108659.9020164,1513108660.1577795,46
query,1513108660.157784,1513108660.3897254,194
query,1513108660.3897307,1513108660.6233716,192
query,1513108660.6233764,1513108660.8811097,335
query,1513108660.8811145,1513108661.0510397,89
query,1513108661.0510445,1513108661.2775407,138
query,1513108661.2775455,1513108661.4633625,201
query,1513108661.4633667,1513108661.647664,295
query,1513108661.6476696,1513108661.8433738,178
query,1513108661.8433795,1513108662.0601404,429
query,1513108662.0601447,1513108662.2124748,14
query,1513108662.2124789,1513108662.4297585,678
query,1513108662.4297647,1513108662.6075766,1
query,1513108662.6076198,1513108662.811707,5
query,1513108662.8262768,1513108662.962092,0
query,1513108662.9620955,1513108663.1478598,205
query,1513108663.1478643,1513108663.333431,51
query,1513108663.3334355,1513108663.52713,117
query,1513108663.5271347,1513108663.7203135,169
query,1513108663.7203367,1513108663.9542356,109
query,1513108663.9542394,1513108664.1642828,858
query,1513108664.164288,1513108664.3376014,290
query,1513108664.3376062,1513108664.5051517,626
query,1513108664.505157,1513108664.6637256,184
query,1513108664.6637301,1513108664.8429585,458
query,1513108664.8429625,1513108665.0978694,284
query,1513108665.0978744,1513108665.2597947,367
query,1513108665.2597992,1513108665.4295745,396
query,1513108665.4295797,1513108665.638924,147
query,1513108665.6389284,1513108665.7890182,100
query,1513108665.789023,1513108665.9593425,112
query,1513108665.9593463,1513108666.1385374,16
query,1513108666.1385417,1513108666.328408,8
query,1513108666.3284616,1513108666.5819778,42
query,1513108666.5959852,1513108666.7645788,689
query,1513108666.7645822,1513108666.9612274,86
query,1513108666.9612467,1513108667.1855102,523
query,1513108667.1855154,1513108667.4022174,700
query,1513108667.402222,1513108667.6996806,736
query,1513108667.6996837,1513108667.9038382,334
query,1513108667.9038424,1513108668.0366845,0
query,1513108668.036689,1513108668.2666924,445
query,1513108668.2666974,1513108668.4591937,0
query,1513108668.4591978,1513108668.7158046,657
query,1513108668.7158108,1513108668.8904903,63
query,1513108668.890496,1513108669.0845764,2
query,1513108669.0845885,1513108669.264425,769
query,1513108669.26443,1513108669.3921275,0
query,1513108669.392132,1513108669.583462,705
query,1513108669.583466,1513108669.775568,692
query,1513108669.7755723,1513108669.9638033,600
query,1513108669.963808,1513108670.236209,507
query,1513108670.236215,1513108670.4753742,376
query,1513108670.4754214,1513108670.704005,57
query,1513108670.7213964,1513108670.9154963,1
query,1513108670.9155004,1513108671.0718212,0
query,1513108671.071825,1513108671.2272437,0
query,1513108671.2272477,1513108671.3952754,1
query,1513108671.3952801,1513108671.6116366,355
query,1513108671.6116421,1513108671.9259243,421
query,1513108671.925929,1513108672.1687222,439
query,1513108672.1687264,1513108672.3539515,413
query,1513108672.3539555,1513108672.5356987,703
query,1513108672.5357044,1513108672.7248404,0
query,1513108672.724844,1513108672.9300563,140
query,1513108672.9300606,1513108673.1157207,224
query,1513108673.1157258,1513108673.3048608,341
query,1513108673.3048658,1513108673.4666476,323
query,1513108673.466652,1513108673.6396532,247
query,1513108673.6396577,1513108673.8171093,748
query,1513108673.8171139,1513108674.0204327,88
query,1513108674.0204375,1513108674.1888404,43
query,1513108674.188845,1513108674.3291802,520
query,1513108674.3292384,1513108674.4799645,333
query,1513108674.493271,1513108674.6195817,57
query,1513108674.6195858,1513108674.8287523,354
query,1513108674.8287573,1513108675.0599236,372
query,1513108675.059928,1513108675.2841167,688
query,1513108675.284122,1513108675.4900138,384
query,1513108675.490017,1513108675.6805167,634
query,1513108675.6805224,1513108675.859888,0
query,1513108675.8598917,1513108676.0702612,159
query,1513108676.0702667,1513108676.272659,81
query,1513108676.272663,1513108676.5362387,37
query,1513108676.5362434,1513108676.693897,2
query,1513108676.6939015,1513108676.9096134,537
query,1513108676.9096181,1513108677.0905247,77
query,1513108677.0905294,1513108677.2959967,914
query,1513108677.2960017,1513108677.491007,706
query,1513108677.4910111,1513108677.6785514,689
query,1513108677.6785588,1513108677.859873,40
query,1513108677.8598776,1513108678.0458622,97
query,1513108678.045867,1513108678.254915,217
query,1513108678.255,1513108678.4734533,9
query,1513108678.4874253,1513108678.734123,22
query,1513108678.7341259,1513108678.8929532,404
query,1513108678.8929574,1513108679.1023085,3
query,1513108679.1023152,1513108679.2179503,0
query,1513108679.2179534,1513108679.4186292,705
query,1513108679.4186325,1513108679.696735,663
query,1513108679.6967397,1513108679.9569101,29
query,1513108679.956915,1513108680.14595,400
query,1513108680.1459541,1513108680.3498135,67
query,1513108680.3498182,1513108680.5606513,177
query,1513108680.560656,1513108680.8162622,478
query,1513108680.8162682,1513108681.0161927,438
query,1513108681.0161994,1513108681.2591102,69
query,1513108681.2591143,1513108681.512845,325
query,1513108681.51285,1513108681.7330692,53
query,1513108681.733073,1513108681.9854262,846
query,1513108681.9854333,1513108682.193346,382
query,1513108682.1933496,1513108682.3559113,0
query,1513108682.3559158,1513108682.5592475,36
query,1513108682.5592866,1513108682.7481735,130
query,1513108682.7606452,1513108682.9387949,536
query,1513108682.938798,1513108683.1082938,202
query,1513108683.1082973,1513108683.301515,1
query,1513108683.3015192,1513108683.4952462,524
query,1513108683.495251,1513108683.680439,514
query,1513108683.6804433,1513108683.8584957,559
query,1513108683.8585007,1513108684.0781918,140
query,1513108684.0781987,1513108684.2482204,261
query,1513108684.2482238,1513108684.4713492,175
query,1513108684.4713538,1513108684.7478998,45
query,1513108684.7479038,1513108684.955068,0
query,1513108684.955071,1513108685.204101,756
query,1513108685.2041085,1513108685.3779256,292
query,1513108685.37793,1513108685.5679188,843
query,1513108685.5679233,1513108685.734805,130
query,1513108685.7348094,1513108685.9115229,58
query,1513108685.9115267,1513108686.0841532,578
query,1513108686.0841587,1513108686.245926,508
query,1513108686.2459295,1513108686.4770277,601
query,1513108686.4770796,1513108686.698515,427
query,1513108686.7134347,1513108686.8919487,253
query,1513108686.8919544,1513108687.0369604,471
query,1513108687.036966,1513108687.1991506,38
query,1513108687.199155,1513108687.369624,5
query,1513108687.3696284,1513108687.5536823,171
query,1513108687.5536861,1513108687.7810786,7
query,1513108687.781083,1513108687.9539254,12
query,1513108687.9539306,1513108688.1986506,704
query,1513108688.1986551,1513108688.391642,241
query,1513108688.3916464,1513108688.546512,0
query,1513108688.5465152,1513108688.7356935,357
query,1513108688.735698,1513108688.8996718,17
query,1513108688.8996763,1513108689.074936,5
query,1513108689.0749412,1513108689.2434003,431
query,1513108689.243415,1513108689.400386,125
query,1513108689.4003906,1513108689.5647376,814
query,1513108689.5647426,1513108689.7835786,799
query,1513108689.7835844,1513108689.979889,595
query,1513108689.9798937,1513108690.2038662,18
query,1513108690.2039073,1513108690.4629726,121
query,1513108690.4737325,1513108690.6636734,217
query,1513108690.6636777,1513108690.8426015,2
query,1513108690.842606,1513108691.1059098,816
query,1513108691.105913,1513108691.3456411,180
query,1513108691.3456457,1513108691.5196538,179
query,1513108691.5196586,1513108691.6721187,0
query,1513108691.6721244,1513108691.8641982,546
query,1513108691.864203,1513108692.0480042,46
query,1513108692.0480096,1513108692.221299,358
query,1513108692.221304,1513108692.3971941,285
query,1513108692.3971994,1513108692.582344,776
query,1513108692.5823483,1513108692.799292,396
query,1513108692.7992976,1513108692.986552,0
query,1513108692.9865568,1513108693.1934369,329
query,1513108693.1934407,1513108693.4029703,116
query,1513108693.4029753,1513108693.5941546,30
query,1513108693.5941594,1513108693.8027418,880
query,1513108693.8027463,1513108694.0134997,672
query,1513108694.013504,1513108694.2321496,702
query,1513108694.2321918,1513108694.4123628,64
query,1513108694.421596,1513108694.5597446,46
query,1513108694.5597491,1513108694.7981963,166
query,1513108694.7982008,1513108694.997602,655
query,1513108694.9976065,1513108695.1766956,67
query,1513108695.1767004,1513108695.31563,150
query,1513108695.3156354,1513108695.4870365,607
query,1513108695.4870405,1513108695.6132612,0
query,1513108695.6132653,1513108695.772108,449
query,1513108695.7721136,1513108696.0279925,826
query,1513108696.027997,1513108696.267553,404
query,1513108696.2675579,1513108696.4407382,4
query,1513108696.4407413,1513108696.6393282,345
query,1513108696.6393318,1513108696.799423,257
query,1513108696.7994263,1513108696.982104,19
query,1513108696.982109,1513108697.1317425,0
query,1513108697.131747,1513108697.3129737,0
query,1513108697.3129792,1513108697.4629312,38
query,1513108697.462935,1513108697.6195574,427
query,1513108697.6195624,1513108697.80604,399
query,1513108697.8060758,1513108697.9605742,1
query,1513108697.9650834,1513108698.202725,746
query,1513108698.2027292,1513108698.3639338,583
query,1513108698.3639383,1513108698.556228,536
query,1513108698.5562322,1513108698.7636304,22
query,1513108698.7636344,1513108698.9319625,155
query,1513108698.9319665,1513108699.1085274,200
query,1513108699.108532,1513108699.2858403,3
query,1513108699.2858446,1513108699.4979692,694
query,1513108699.4979725,1513108699.7235594,550
query,1513108699.7235644,1513108699.9766548,333
query,1513108699.97666,1513108700.175764,18
query,1513108700.1757684,1513108700.36887,3
query,1513108700.3688738,1513108700.591776,630
query,1513108700.5917819,1513108700.7584224,0
query,1513108700.7584267,1513108700.930906,22
query,1513108700.9309108,1513108701.0766828,2
query,1513108701.0766873,1513108701.2963738,808
query,1513108701.296378,1513108701.447356,135
query,1513108701.4473612,1513108701.6115685,67
query,1513108701.6116073,1513108701.8122356,111
query,1513108701.8268363,1513108702.0111735,133
query,1513108702.0111783,1513108702.239355,947
query,1513108702.239359,1513108702.3768647,0
query,1513108702.376869,1513108702.5227058,0
query,1513108702.52271,1513108702.6992543,1
query,1513108702.6992586,1513108702.863493,687
query,1513108702.8634975,1513108703.0252142,2
query,1513108703.0252197,1513108703.2095838,745
query,1513108703.2095892,1513108703.3811872,36
query,1513108703.3811905,1513108703.501133,0
query,1513108703.5011365,1513108703.6868427,442
query,1513108703.6868474,1513108703.8538318,177
query,1513108703.8538363,1513108704.028451,634
query,1513108704.0284555,1513108704.2084424,79
query,1513108704.208447,1513108704.3755689,119
query,1513108704.3755736,1513108704.54838,442
query,1513108704.5483844,1513108704.715805,794
query,1513108704.7158096,1513108704.8844337,28
query,1513108704.884438,1513108705.0917466,616
query,1513108705.0917904,1513108705.2936208,534
query,1513108705.3075995,1513108705.5319142,582
query,1513108705.5319195,1513108705.7293637,43
query,1513108705.7293684,1513108705.9462225,5
query,1513108705.9462283,1513108706.1317568,5
query,1513108706.1317608,1513108706.3253489,370
query,1513108706.3253531,1513108706.4620295,0
query,1513108706.462033,1513108706.6363285,1
query,1513108706.6363332,1513108706.8876293,316
query,1513108706.887633,1513108707.0858574,178
query,1513108707.085862,1513108707.2539952,372
query,1513108707.2539995,1513108707.4640205,55
query,1513108707.4640248,1513108707.7261004,805
query,1513108707.726105,1513108707.9500222,850
query,1513108707.9500265,1513108708.129236,297
query,1513108708.1292393,1513108708.312345,60
query,1513108708.3123481,1513108708.4661994,19
query,1513108708.466204,1513108708.6491406,154
query,1513108708.649145,1513108708.7707138,1
query,1513108708.7707186,1513108708.9289548,10
query,1513108708.9289997,1513108709.1411881,238
query,1513108709.1548257,1513108709.3485553,9
query,1513108709.3485599,1513108709.5209153,10
query,1513108709.5209198,1513108709.6996377,206
query,1513108709.6996427,1513108709.8913057,278
query,1513108709.8913102,1513108710.0471168,2
query,1513108710.0471222,1513108710.2123015,36
query,1513108710.2123065,1513108710.3428116,0
query,1513108710.3428152,1513108710.537774,427
query,1513108710.5377803,1513108710.7120776,877
query,1513108710.7120824,1513108710.8753886,13
query,1513108710.8753915,1513108711.06094,9
query,1513108711.0609448,1513108711.2568805,155
query,1513108711.2568853,1513108711.4812794,313
query,1513108711.4812844,1513108711.740036,6
query,1513108711.7400913,1513108711.9637325,475
query,1513108711.9637368,1513108712.1438453,39
query,1513108712.1438496,1513108712.3744206,0
query,1513108712.3744252,1513108712.608222,412
query,1513108712.6082263,1513108712.788276,2
query,1513108712.788405,1513108712.9882755,193
query,1513108713.0038798,1513108713.1680157,121
query,1513108713.1680205,1513108713.4244094,803
query,1513108713.4244134,1513108713.6804628,641
query,1513108713.6804707,1513108713.884388,133
query,1513108713.8843925,1513108714.0717351,207
query,1513108714.0717402,1513108714.2761946,122
query,1513108714.2761989,1513108714.5078526,681
query,1513108714.5078576,1513108714.7055306,219
query,1513108714.7055354,1513108714.871461,414
query,1513108714.8714654,1513108715.0277858,673
query,1513108715.0277905,1513108715.2356198,261
query,1513108715.2356246,1513108715.4294736,433
query,1513108715.4294786,1513108715.6272223,804
query,1513108715.6272268,1513108715.8167236,314
query,1513108715.8167286,1513108716.016167,622
query,1513108716.0161715,1513108716.216298,702
query,1513108716.216305,1513108716.4076436,380
query,1513108716.4076488,1513108716.6640131,45
query,1513108716.6640184,1513108716.8441217,70
query,1513108716.8441634,1513108717.1521318,3
query,1513108717.1763103,1513108717.3724189,370
query,1513108717.3724241,1513108717.5925286,5
query,1513108717.5925324,1513108717.8226116,348
query,1513108717.8226154,1513108718.016217,320
query,1513108718.0162215,1513108718.4049973,7
query,1513108718.4050024,1513108718.6043937,266
query,1513108718.6044002,1513108718.8055496,101
query,1513108718.8055556,1513108719.0166292,401
query,1513108719.0166347,1513108719.1885066,539
query,1513108719.188512,1513108719.3836465,21
query,1513108719.3836513,1513108719.6062107,727
query,1513108719.6062155,1513108719.7799556,25
query,1513108719.7799604,1513108720.0024588,2
query,1513108720.0024638,1513108720.1954238,528
query,1513108720.195428,1513108720.4568937,542
query,1513108720.456898,1513108720.643242,508
query,1513108720.6432467,1513108720.8663888,359
query,1513108720.8663936,1513108721.1716998,236
query,1513108721.171705,1513108721.3630722,0
query,1513108721.3631263,1513108721.517692,0
query,1513108721.5195174,1513108721.6762362,0
query,1513108721.6762404,1513108721.9958458,141
query,1513108721.9958503,1513108722.1665702,0
query,1513108722.1665761,1513108722.4144957,54
query,1513108722.4145007,1513108722.6281984,0
query,1513108722.628205,1513108722.8152282,253
query,1513108722.815233,1513108722.943593,1
query,1513108722.943597,1513108723.1260474,671
query,1513108723.1260526,1513108723.2857473,384
query,1513108723.285752,1513108723.4837375,142
query,1513108723.4837408,1513108723.685086,202
query,1513108723.6850913,1513108723.8502624,218
query,1513108723.8502665,1513108724.039092,12
query,1513108724.0390966,1513108724.212213,471
query,1513108724.2122188,1513108724.3694303,129
query,1513108724.369434,1513108724.544175,661
query,1513108724.54418,1513108724.7104065,0
query,1513108724.710411,1513108724.9180996,31
query,1513108724.9181054,1513108725.1155849,518
query,1513108725.115628,1513108725.4157832,38
query,1513108725.4309835,1513108725.626166,104
query,1513108725.6261709,1513108725.895815,379
query,1513108725.8958192,1513108726.0625367,0
query,1513108726.0625412,1513108726.2639866,504
query,1513108726.2639914,1513108726.488395,406
query,1513108726.4883993,1513108726.6552615,276
query,1513108726.6552663,1513108726.8739932,55
query,1513108726.8739977,1513108727.0874517,182
query,1513108727.0874565,1513108727.2904243,758
query,1513108727.2904317,1513108727.5281126,143
query,1513108727.5281181,1513108727.7185988,557
query,1513108727.718603,1513108727.9823132,282
query,1513108727.9823172,1513108728.204862,549
query,1513108728.2048688,1513108728.3940928,64
query,1513108728.3940976,1513108728.5961385,41
query,1513108728.5961428,1513108728.7781627,174
query,1513108728.7781668,1513108728.9931712,58
query,1513108728.993176,1513108729.212206,429
query,1513108729.2122102,1513108729.461813,10
query,1513108729.461847,1513108729.7130764,508
query,1513108729.7265189,1513108729.9197602,617
query,1513108729.9197645,1513108730.0802135,34
query,1513108730.080218,1513108730.2475553,266
query,1513108730.2475595,1513108730.4580455,253
query,1513108730.4580503,1513108730.7906828,0
query,1513108730.790687,1513108731.019762,5
query,1513108731.0197663,1513108731.2306542,1
query,1513108731.2306583,1513108731.4415083,0
query,1513108731.4415126,1513108731.6857653,0
query,1513108731.6857688,1513108731.8564584,768
query,1513108731.856462,1513108732.0310163,2
query,1513108732.0310216,1513108732.210608,0
query,1513108732.2106125,1513108732.4195125,213
query,1513108732.4195168,1513108732.599776,569
query,1513108732.5997808,1513108732.8681564,126
query,1513108732.868162,1513108733.10847,25
query,1513108733.108475,1513108733.3286893,4
query,1513108733.328693,1513108733.5669477,424
query,1513108733.5669518,1513108733.769701,410
query,1513108733.7697427,1513108734.1363335,375
query,1513108734.1600254,1513108734.4076831,451
query,1513108734.407688,1513108734.6306868,233
query,1513108734.6306908,1513108734.8363764,733
query,1513108734.836381,1513108735.0397987,80
query,1513108735.0398037,1513108735.172658,0
query,1513108735.1726625,1513108735.4200227,280
query,1513108735.4200275,1513108735.664377,46
query,1513108735.6643817,1513108735.8334222,135
query,1513108735.8334258,1513108736.0407972,175
query,1513108736.0408032,1513108736.2265813,235
query,1513108736.2265863,1513108736.3962932,120
query,1513108736.3962982,1513108736.562012,22
query,1513108736.5620165,1513108736.7192955,181
query,1513108736.7193,1513108736.8857446,142
query,1513108736.885749,1513108737.0542417,36
query,1513108737.0542471,1513108737.202621,0
query,1513108737.2026258,1513108737.3847187,641
query,1513108737.3847225,1513108737.5679927,612
query,1513108737.5679975,1513108737.7695117,804
query,1513108737.7695558,1513108737.9776044,26
query,1513108737.9900413,1513108738.1719608,119
query,1513108738.1719654,1513108738.3947055,402
query,1513108738.3947084,1513108738.6893325,501
query,1513108738.6893368,1513108738.9076807,533
query,1513108738.907685,1513108739.0936315,319
query,1513108739.0936353,1513108739.2870855,133
query,1513108739.2870896,1513108739.4744256,783
query,1513108739.4744303,1513108739.65567,244
query,1513108739.6556742,1513108739.8350234,202
query,1513108739.8350284,1513108740.01992,493
query,1513108740.0199244,1513108740.243122,153
query,1513108740.243127,1513108740.561288,122
query,1513108740.5612922,1513108740.7743194,0
query,1513108740.774324,1513108740.9624941,565
query,1513108740.9624987,1513108741.1618352,13
query,1513108741.1618397,1513108741.3508322,767
query,1513108741.3508363,1513108741.6065667,41
query,1513108741.606572,1513108741.8659582,5
query,1513108741.865965,1513108742.0929413,0
query,1513108742.0929837,1513108742.296253,487
query,1513108742.3095567,1513108742.5034695,398
query,1513108742.5034742,1513108742.697573,198
query,1513108742.6975784,1513108742.8350646,0
query,1513108742.8350692,1513108743.099652,10
query,1513108743.0996578,1513108743.2879765,384
query,1513108743.2879803,1513108743.495176,1
query,1513108743.4951808,1513108743.7097147,345
query,1513108743.7097204,1513108743.9634,649
query,1513108743.963404,1513108744.2186482,0
query,1513108744.2186537,1513108744.4551907,63
query,1513108744.4551954,1513108744.6779,507
query,1513108744.6779053,1513108744.8756046,256
query,1513108744.875609,1513108745.039924,37
query,1513108745.0399284,1513108745.1990092,1
query,1513108745.1990142,1513108745.3999562,448
query,1513108745.3999612,1513108745.5627441,12
query,1513108745.5627491,1513108745.7342765,27
query,1513108745.7342818,1513108745.8789322,1
query,1513108745.8789372,1513108746.0962303,359
query,1513108746.0962787,1513108746.2781847,136
query,1513108746.2912192,1513108746.4717212,370
query,1513108746.471726,1513108746.6774306,304
query,1513108746.6774354,1513108746.9317985,317
query,1513108746.931803,1513108747.2134707,45
query,1513108747.2134752,1513108747.4419618,35
query,1513108747.4419665,1513108747.710336,44
query,1513108747.7103405,1513108747.8393538,0
query,1513108747.839358,1513108748.1233346,150
query,1513108748.1233385,1513108748.3638413,22
query,1513108748.363846,1513108748.5226014,1
query,1513108748.5226061,1513108748.6954863,92
query,1513108748.6954904,1513108748.8671951,187
query,1513108748.8671987,1513108749.0292633,13
query,1513108749.0292675,1513108749.2149603,819
query,1513108749.2149649,1513108749.3505728,7
query,1513108749.3505774,1513108749.535917,345
query,1513108749.5359228,1513108749.7785609,243
query,1513108749.7785652,1513108750.0152025,160
query,1513108750.0152085,1513108750.235195,45
query,1513108750.2352483,1513108750.4463289,659
query,1513108750.454571,1513108750.6393468,453
query,1513108750.6393511,1513108750.8440094,324
query,1513108750.844013,1513108751.004995,16
query,1513108751.0050004,1513108751.1895158,2
query,1513108751.1895201,1513108751.3997407,2
query,1513108751.3997457,1513108751.6265194,7
query,1513108751.6265237,1513108751.8242097,85
query,1513108751.8242147,1513108752.0297902,392
query,1513108752.0297937,1513108752.242844,812
query,1513108752.2428477,1513108752.439288,48
query,1513108752.4392931,1513108752.5653176,0
query,1513108752.565322,1513108752.7679296,51
query,1513108752.7679343,1513108753.00783,893
query,1513108753.007836,1513108753.1749256,247
query,1513108753.1749296,1513108753.3747826,358
query,1513108753.3747869,1513108753.5612624,30
query,1513108753.5612676,1513108753.7439008,485
query,1513108753.7439058,1513108753.896338,10
query,1513108753.8963423,1513108754.0978694,159
query,1513108754.0979176,1513108754.3158798,890
query,1513108754.3304317,1513108754.533612,169
query,1513108754.5336316,1513108754.7703247,347
query,1513108754.7703283,1513108755.000545,9
query,1513108755.0005496,1513108755.2773502,491
query,1513108755.2773554,1513108755.4655454,469
query,1513108755.4655504,1513108755.6652458,499
query,1513108755.6652493,1513108755.8541038,413
query,1513108755.8541093,1513108756.0596104,399
query,1513108756.0596154,1513108756.37217,461
query,1513108756.3721755,1513108756.6093645,404
query,1513108756.6093693,1513108756.8226385,158
query,1513108756.822643,1513108756.9840858,0
query,1513108756.9840915,1513108757.1982918,726
query,1513108757.1982968,1513108757.4313748,795
query,1513108757.4313796,1513108757.5717661,0
query,1513108757.57177,1513108757.763933,139
query,1513108757.7639375,1513108758.0133972,775
query,1513108758.0134008,1513108758.2784946,307
query,1513108758.278498,1513108758.571807,442
query,1513108758.5718575,1513108758.8591528,539
query,1513108758.8671904,1513108759.0947545,682
query,1513108759.0947587,1513108759.3147025,106
query,1513108759.3147075,1513108759.5463545,193
query,1513108759.546359,1513108759.72453,907
query,1513108759.7245345,1513108759.9435728,8
query,1513108759.9435778,1513108760.1636674,708
query,1513108760.163672,1513108760.3593316,6
query,1513108760.3593352,1513108760.5582254,41
query,1513108760.5582302,1513108760.7562723,440
query,1513108760.7562764,1513108760.9451334,41
query,1513108760.945137,1513108761.1036692,110
query,1513108761.1036742,1513108761.2760336,159
query,1513108761.2760384,1513108761.4425023,493
query,1513108761.4425073,1513108761.6710613,235
query,1513108761.6710656,1513108761.8195026,2
query,1513108761.819506,1513108761.9574225,0
query,1513108761.9574263,1513108762.085033,1
query,1513108762.0850368,1513108762.4284198,113
query,1513108762.428424,1513108762.6160388,23
query,1513108762.6161234,1513108762.8793352,60
query,1513108762.8937943,1513108763.091812,17
query,1513108763.0918162,1513108763.355691,35
query,1513108763.3556955,1513108763.563267,317
query,1513108763.5632715,1513108763.7641568,348
query,1513108763.764162,1513108763.8958266,0
query,1513108763.8958318,1513108764.0746956,20
query,1513108764.0747006,1513108764.3199193,269
query,1513108764.3199234,1513108764.603916,8
query,1513108764.6039207,1513108764.7995524,62
query,1513108764.7995565,1513108765.0917888,742
query,1513108765.091794,1513108765.338936,3
query,1513108765.3389394,1513108765.5517442,444
query,1513108765.5517485,1513108765.738148,127
query,1513108765.738153,1513108765.9284363,68
query,1513108765.9284406,1513108766.114435,0
query,1513108766.1144385,1513108766.3483665,0
query,1513108766.348371,1513108766.6118164,276
query,1513108766.61182,1513108766.8077626,711
query,1513108766.8077672,1513108766.9721491,23
query,1513108766.9721906,1513108767.1896718,246
query,1513108767.2001915,1513108767.3914487,0
query,1513108767.3914523,1513108767.581414,512
query,1513108767.5814173,1513108767.7633872,3
query,1513108767.7633903,1513108767.968122,529
query,1513108767.9681275,1513108768.1821795,602
query,1513108768.1821852,1513108768.3679154,112
query,1513108768.3679209,1513108768.543721,420
query,1513108768.543725,1513108768.7887626,341
query,1513108768.7887673,1513108769.022831,601
query,1513108769.0228338,1513108769.2402542,732
query,1513108769.2402573,1513108769.4170508,691
query,1513108769.4170537,1513108769.6100721,357
query,1513108769.6100774,1513108769.7915192,433
query,1513108769.7915237,1513108769.9874325,438
query,1513108769.9874372,1513108770.158368,661
query,1513108770.158373,1513108770.3267868,24
query,1513108770.3267918,1513108770.5645227,743
query,1513108770.564527,1513108770.7861269,237
query,1513108770.7861319,1513108771.0022802,3
query,1513108771.0023623,1513108771.289825,393
query,1513108771.305179,1513108771.4987402,429
query,1513108771.498744,1513108771.732319,191
query,1513108771.7323234,1513108771.9718018,173
query,1513108771.9718068,1513108772.2278097,505
query,1513108772.227814,1513108772.4614036,161
query,1513108772.4614084,1513108772.6804743,611
query,1513108772.6804805,1513108772.8876433,350
query,1513108772.8876479,1513108773.0900888,60
query,1513108773.0900924,1513108773.2730265,10
query,1513108773.2730327,1513108773.4668794,429
query,1513108773.4668927,1513108773.6415973,794
query,1513108773.6416016,1513108773.784227,0
query,1513108773.784231,1513108773.9947078,823
query,1513108773.9947119,1513108774.271443,101
query,1513108774.2714462,1513108774.4591706,2
query,1513108774.459175,1513108774.6636777,62
query,1513108774.663682,1513108774.849822,208
query,1513108774.8498273,1513108775.0687199,207
query,1513108775.0687246,1513108775.2265654,0
query,1513108775.2266023,1513108775.4140737,200
query,1513108775.4243257,1513108775.5767543,0
query,1513108775.5767581,1513108775.7312531,384
query,1513108775.731256,1513108775.8969777,19
query,1513108775.896982,1513108776.0837457,525
query,1513108776.0837505,1513108776.3394904,484
query,1513108776.3394947,1513108776.5555227,679
query,1513108776.555527,1513108776.7270591,166
query,1513108776.7270641,1513108776.9003277,25
query,1513108776.900332,1513108777.1286385,15
query,1513108777.1286433,1513108777.3348696,862
query,1513108777.3348737,1513108777.559665,9
query,1513108777.5596697,1513108777.755387,305
query,1513108777.7553923,1513108777.9226213,0
query,1513108777.9226258,1513108778.1241324,728
query,1513108778.1241372,1513108778.287965,632
query,1513108778.2879708,1513108778.443397,380
query,1513108778.443402,1513108778.6306372,716
query,1513108778.6306415,1513108778.9210703,401
query,1513108778.9210749,1513108779.1142998,1
query,1513108779.114336,1513108779.3122275,5
query,1513108779.325952,1513108779.4996061,751
query,1513108779.4996104,1513108779.7776318,321
query,1513108779.7776372,1513108780.033221,807
query,1513108780.0332258,1513108780.2259226,378
query,1513108780.2259269,1513108780.4196632,425
query,1513108780.4196672,1513108780.594346,8
query,1513108780.5943508,1513108780.783936,6
query,1513108780.7839413,1513108780.9871054,28
query,1513108780.9871104,1513108781.2147398,45
query,1513108781.214744,1513108781.446762,342
query,1513108781.4467678,1513108781.6399932,323
query,1513108781.639998,1513108782.0035918,662
query,1513108782.0035954,1513108782.327613,595
query,1513108782.3276167,1513108782.5148804,1
query,1513108782.5148835,1513108782.785571,460
query,1513108782.7855754,1513108782.9995127,243
query,1513108782.9995167,1513108783.3394227,127
query,1513108783.3394272,1513108783.5987594,163
query,1513108783.5987632,1513108783.7716367,458
query,1513108783.771688,1513108784.0052884,125
query,1513108784.0197556,1513108784.3279974,481
query,1513108784.3280025,1513108784.5796957,240
query,1513108784.5797002,1513108784.7917795,12
query,1513108784.7917852,1513108785.0282183,774
query,1513108785.028223,1513108785.2556539,282
query,1513108785.2556581,1513108785.440863,706
query,1513108785.4408662,1513108785.602453,0
query,1513108785.6024964,1513108785.8063653,172
query,1513108785.80637,1513108785.9954388,423
query,1513108785.9954426,1513108786.1617951,0
query,1513108786.161799,1513108786.331018,388
query,1513108786.3310225,1513108786.5532844,68
query,1513108786.5532887,1513108786.8079097,266
query,1513108786.8079145,1513108787.0233498,255
query,1513108787.023354,1513108787.217788,50
query,1513108787.2177925,1513108787.409008,333
query,1513108787.409012,1513108787.6000292,40
query,1513108787.6000347,1513108787.791724,17
query,1513108787.7917297,1513108787.98301,915
query,1513108787.9830449,1513108788.1538455,88
query,1513108788.1680815,1513108788.3571174,275
query,1513108788.3571227,1513108788.5490613,254
query,1513108788.5490649,1513108788.6917665,284
query,1513108788.69177,1513108788.8741353,539
query,1513108788.8741386,1513108789.076478,490
query,1513108789.0764816,1513108789.2756624,143
query,1513108789.2756667,1513108789.4988396,736
query,1513108789.4988446,1513108789.7134888,217
query,1513108789.7134933,1513108789.845401,1
query,1513108789.8454058,1513108790.068115,731
query,1513108790.0681198,1513108790.3037322,64
query,1513108790.3037472,1513108790.500307,594
query,1513108790.500312,1513108790.7053833,547
query,1513108790.7053885,1513108790.8765874,5
query,1513108790.8765938,1513108791.0439634,779
query,1513108791.0439682,1513108791.2287512,32
query,1513108791.2287557,1513108791.51978,869
query,1513108791.5197847,1513108791.7758746,412
query,1513108791.7758794,1513108792.0782633,814
query,1513108792.0783215,1513108792.2602646,373
query,1513108792.2752743,1513108792.4580765,6
query,1513108792.458083,1513108792.6065161,0
query,1513108792.6065207,1513108792.8865514,0
query,1513108792.8865557,1513108793.2234473,327
query,1513108793.223451,1513108793.5233305,959
query,1513108793.5233357,1513108793.7034078,2
query,1513108793.7034128,1513108793.9254026,364
query,1513108793.9254086,1513108794.1415603,815
query,1513108794.1415653,1513108794.3038137,20
query,1513108794.3038187,1513108794.5184476,577
query,1513108794.5184522,1513108794.6699874,79
query,1513108794.669992,1513108794.914916,158
query,1513108794.9149196,1513108795.1126132,238
query,1513108795.1126168,1513108795.2914615,15
query,1513108795.2914648,1513108795.4355261,2
query,1513108795.4355297,1513108795.6323092,585
query,1513108795.6323125,1513108795.7897255,106
query,1513108795.7897294,1513108795.961688,129
query,1513108795.9616916,1513108796.1351745,6
query,1513108796.1352322,1513108796.3521807,144
query,1513108796.3665535,1513108796.5317595,2
query,1513108796.5317638,1513108796.8081596,462
query,1513108796.8081641,1513108797.0235865,835
query,1513108797.0235898,1513108797.198227,693
query,1513108797.1982303,1513108797.3878508,559
query,1513108797.3878553,1513108797.6383848,0
query,1513108797.6383884,1513108797.8672898,3
query,1513108797.8672938,1513108798.0555155,26
query,1513108798.0555198,1513108798.215149,233
query,1513108798.2151546,1513108798.4001002,126
query,1513108798.4001052,1513108798.5958617,845
query,1513108798.5958664,1513108798.7795851,40
query,1513108798.7795892,1513108798.9877307,267
query,1513108798.987735,1513108799.1592338,436
query,1513108799.1592376,1513108799.3178513,3
query,1513108799.3178582,1513108799.4830523,0
query,1513108799.4830565,1513108799.654847,8
query,1513108799.6548517,1513108799.837775,5
query,1513108799.8377798,1513108800.0697205,77
query,1513108800.0697608,1513108800.320543,177
query,1513108800.3345337,1513108800.5474756,698
query,1513108800.5474794,1513108800.7508337,1
query,1513108800.750837,1513108800.9466677,68
query,1513108800.9466717,1513108801.3007264,190
query,1513108801.3007312,1513108801.5428417,8
query,1513108801.5428467,1513108801.7479968,15
query,1513108801.7480013,1513108801.963421,40
query,1513108801.9634247,1513108802.1110573,0
query,1513108802.1110613,1513108802.323768,210
query,1513108802.323772,1513108802.563273,13
query,1513108802.5632792,1513108802.7496967,740
query,1513108802.7497005,1513108802.929405,362
query,1513108802.929409,1513108803.1288702,342
query,1513108803.128875,1513108803.3278716,54
query,1513108803.3278754,1513108803.5176318,644
query,1513108803.5176365,1513108803.7019093,892
query,1513108803.701914,1513108803.920225,533
query,1513108803.9202285,1513108804.1203904,545
query,1513108804.1203952,1513108804.3038323,534
query,1513108804.3038754,1513108804.4916444,545
query,1513108804.5064132,1513108804.7201104,691
query,1513108804.7201152,1513108804.9456708,815
query,1513108804.9456754,1513108805.1159291,340
query,1513108805.1159344,1513108805.3637533,422
query,1513108805.3637574,1513108805.5231564,284
query,1513108805.5231597,1513108805.6655734,457
query,1513108805.6655784,1513108805.8432052,671
query,1513108805.8432088,1513108806.0163052,315
query,1513108806.016309,1513108806.1931837,48
query,1513108806.1931915,1513108806.3775203,789
query,1513108806.3775256,1513108806.5860422,129
query,1513108806.5860467,1513108806.8115873,257
query,1513108806.811592,1513108806.9943624,0
query,1513108806.994366,1513108807.1763413,19
query,1513108807.1763458,1513108807.3794212,430
query,1513108807.3794255,1513108807.6156626,11
query,1513108807.6156669,1513108807.8536944,378
query,1513108807.8536983,1513108808.0718055,192
query,1513108808.0718122,1513108808.2918086,170
query,1513108808.2918506,1513108808.4847221,6
query,1513108808.4956453,1513108808.6916468,452
query,1513108808.6916509,1513108808.8758006,587
query,1513108808.875804,1513108809.1117132,26
query,1513108809.1117175,1513108809.3713598,178
query,1513108809.3713634,1513108809.6261494,507
query,1513108809.6261542,1513108809.780444,320
query,1513108809.7804475,1513108810.0034976,1
query,1513108810.003502,1513108810.2329254,16
query,1513108810.23293,1513108810.3954484,507
query,1513108810.3954515,1513108810.6528513,1
query,1513108810.6528552,1513108810.866851,278
query,1513108810.8668554,1513108811.0414908,0
query,1513108811.041495,1513108811.2996755,142
query,1513108811.2996802,1513108811.4773185,508
query,1513108811.477323,1513108811.6876693,142
query,1513108811.6876738,1513108811.85552,739
query,1513108811.855526,1513108812.151215,40
query,1513108812.1512182,1513108812.31107,266
query,1513108812.3110728,1513108812.5198388,3
query,1513108812.51988,1513108812.6445029,1
query,1513108812.651877,1513108812.785327,0
query,1513108812.7853305,1513108812.9415553,0
query,1513108812.9415598,1513108813.100327,669
query,1513108813.1003406,1513108813.2236285,0
query,1513108813.223633,1513108813.391422,583
query,1513108813.391427,1513108813.647898,276
query,1513108813.6479025,1513108813.7744932,0
query,1513108813.7744992,1513108813.991677,14
query,1513108813.9916816,1513108814.2061725,41
query,1513108814.206177,1513108814.443036,123
query,1513108814.4430413,1513108814.5995917,305
query,1513108814.5995967,1513108814.7798147,218
query,1513108814.7798185,1513108814.9538438,271
query,1513108814.9538474,1513108815.1949487,97
query,1513108815.194954,1513108815.3362787,0
query,1513108815.336283,1513108815.5097864,85
query,1513108815.5097911,1513108815.679798,12
query,1513108815.6798024,1513108815.8875704,479
query,1513108815.8875747,1513108816.1001487,1
query,1513108816.1001883,1513108816.2833579,385
query,1513108816.2978027,1513108816.4575107,2
query,1513108816.4575164,1513108816.6829228,189
query,1513108816.6829274,1513108816.9089012,641
query,1513108816.9089055,1513108817.0715768,4
query,1513108817.0715816,1513108817.2834594,541
query,1513108817.283464,1513108817.4903278,201
query,1513108817.4903326,1513108817.6906192,470
query,1513108817.690623,1513108817.883372,124
query,1513108817.8833754,1513108818.0872364,9
query,1513108818.0872397,1513108818.2889848,162
query,1513108818.2889886,1513108818.588131,115
query,1513108818.5881367,1513108818.883519,597
query,1513108818.883537,1513108819.083654,243
query,1513108819.0836575,1513108819.2949588,414
query,1513108819.2949624,1513108819.4874246,0
query,1513108819.487431,1513108819.747773,14
query,1513108819.747777,1513108819.9200363,4
query,1513108819.9200416,1513108820.1679246,57
query,1513108820.1679287,1513108820.3586545,268
query,1513108820.3586962,1513108820.5590441,29
query,1513108820.5724232,1513108820.7438369,404
query,1513108820.743841,1513108820.946362,93
query,1513108820.9463663,1513108821.1409523,89
query,1513108821.140956,1513108821.3271046,390
query,1513108821.3271086,1513108821.5171142,58
query,1513108821.5171185,1513108821.6603496,1
query,1513108821.6603544,1513108821.808132,0
query,1513108821.8081355,1513108821.973315,5
query,1513108821.9733307,1513108822.1962407,106
query,1513108822.1962452,1513108822.331115,1
query,1513108822.3311188,1513108822.567913,322
query,1513108822.5679164,1513108822.763341,1
query,1513108822.7633464,1513108822.918707,941
query,1513108822.9187112,1513108823.1017911,698
query,1513108823.1017954,1513108823.2938118,360
query,1513108823.2938163,1513108823.5025022,25
query,1513108823.502507,1513108823.6979482,229
query,1513108823.697953,1513108823.8696358,467
query,1513108823.8696387,1513108824.0472858,4
query,1513108824.047338,1513108824.3186626,627
query,1513108824.3338456,1513108824.5059545,12
query,1513108824.5059588,1513108824.6807668,73
query,1513108824.6807885,1513108824.909654,565
query,1513108824.9096594,1513108825.0959547,564
query,1513108825.0959594,1513108825.3426213,0
query,1513108825.3426268,1513108825.5210717,0
query,1513108825.5210772,1513108825.6884465,1
query,1513108825.6884496,1513108825.876146,87
query,1513108825.8761523,1513108826.0213008,2
query,1513108826.0213056,1513108826.1880946,77
query,1513108826.1881163,1513108826.3839006,763
query,1513108826.3839052,1513108826.5955307,946
query,1513108826.5955346,1513108826.7877557,700
query,1513108826.787759,1513108826.97343,789
query,1513108826.9734347,1513108827.2037582,189
query,1513108827.203762,1513108827.486269,22
query,1513108827.4862745,1513108827.8082135,10
query,1513108827.808218,1513108828.0318747,532
query,1513108828.0318794,1513108828.259469,369
query,1513108828.2595098,1513108828.4261434,259
query,1513108828.4391341,1513108828.6303775,323
query,1513108828.6303833,1513108828.7973075,579
query,1513108828.797313,1513108829.0749607,554
query,1513108829.0749652,1513108829.306964,218
query,1513108829.3069675,1513108829.5108278,3
query,1513108829.5108318,1513108829.7347827,11
query,1513108829.7347972,1513108829.9432807,152
query,1513108829.943285,1513108830.1929634,346
query,1513108830.192968,1513108830.4127054,57
query,1513108830.4127102,1513108830.6241813,717
query,1513108830.624186,1513108830.8463576,22
query,1513108830.8463645,1513108831.0475957,790
query,1513108831.0476005,1513108831.2972114,538
query,1513108831.297216,1513108831.4711359,48
query,1513108831.4711397,1513108831.6797972,535
query,1513108831.6798022,1513108831.8629222,190
query,1513108831.862927,1513108832.057433,385
query,1513108832.0574372,1513108832.2714963,507
query,1513108832.2715027,1513108832.491703,260
query,1513108832.4917595,1513108832.6822567,0
query,1513108832.683763,1513108832.901196,294
query,1513108832.9012008,1513108833.1351507,521
query,1513108833.1351554,1513108833.3118742,5
query,1513108833.3118787,1513108833.4653447,130
query,1513108833.4653485,1513108833.6439223,264
query,1513108833.6439278,1513108833.8330455,515
query,1513108833.833051,1513108834.000472,174
query,1513108834.0004766,1513108834.1967082,510
query,1513108834.1967127,1513108834.4087014,12
query,1513108834.4087067,1513108834.6240273,131
query,1513108834.624032,1513108834.8979642,158
query,1513108834.8979678,1513108835.1596136,324
query,1513108835.1596174,1513108835.337595,13
query,1513108835.3375998,1513108835.5794916,467
query,1513108835.579496,1513108835.6992044,1
query,1513108835.6992095,1513108835.8659859,71
query,1513108835.8659902,1513108836.015955,517
query,1513108836.0159597,1513108836.196294,679
query,1513108836.1963007,1513108836.495823,179
query,1513108836.4958656,1513108836.6918154,14
query,1513108836.7027504,1513108836.9274175,416
query,1513108836.927422,1513108837.179266,708
query,1513108837.1792696,1513108837.3514583,170
query,1513108837.3514633,1513108837.5292037,442
query,1513108837.529209,1513108837.7284374,1
query,1513108837.728443,1513108837.8993685,93
query,1513108837.8993726,1513108838.0766697,268
query,1513108838.076674,1513108838.252593,52
query,1513108838.2525976,1513108838.455187,183
query,1513108838.4551928,1513108838.747706,25
query,1513108838.7477112,1513108839.0878017,806
query,1513108839.0878072,1513108839.3235416,178
query,1513108839.323545,1513108839.5355487,657
query,1513108839.5355544,1513108839.735349,31
query,1513108839.7353535,1513108839.9878619,288
query,1513108839.9878647,1513108840.1718802,3
query,1513108840.1718848,1513108840.3315864,1
query,1513108840.331591,1513108840.5159097,427
query,1513108840.5159142,1513108840.730381,846
query,1513108840.7304332,1513108841.0108478,337
query,1513108841.0245764,1513108841.283506,35
query,1513108841.2835095,1513108841.448473,0
query,1513108841.4484775,1513108841.742996,549
query,1513108841.7430005,1513108841.901355,0
query,1513108841.9013598,1513108842.1078477,109
query,1513108842.1078517,1513108842.3118668,133
query,1513108842.311873,1513108842.4856067,298
query,1513108842.4856117,1513108842.6355755,103
query,1513108842.6355815,1513108842.80362,49
query,1513108842.8036249,1513108843.0017238,217
query,1513108843.001729,1513108843.239627,93
query,1513108843.2396317,1513108843.4848382,184
query,1513108843.484842,1513108843.674986,793
query,1513108843.67499,1513108843.9146845,297
query,1513108843.9146898,1513108844.2751536,632
query,1513108844.2751572,1513108844.4840305,310
query,1513108844.484035,1513108844.7142496,197
query,1513108844.7142534,1513108844.9176235,569
query,1513108844.917629,1513108845.1024678,27
query,1513108845.1025152,1513108845.2906544,151
query,1513108845.30512,1513108845.5024734,68
query,1513108845.50248,1513108845.70067,198
query,1513108845.7006738,1513108845.9009736,142
query,1513108845.9009805,1513108846.0752885,218
query,1513108846.075292,1513108846.21573,0
query,1513108846.2157333,1513108846.4113622,320
query,1513108846.411367,1513108846.587596,126
query,1513108846.5875998,1513108846.7449718,404
query,1513108846.7449756,1513108846.906756,65
query,1513108846.9067602,1513108847.0801308,48
query,1513108847.0801356,1513108847.2909286,99
query,1513108847.290933,1513108847.4902804,422
query,1513108847.490285,1513108847.7293913,691
query,1513108847.7293944,1513108847.9299045,442
query,1513108847.9299073,1513108848.3877082,246
query,1513108848.3877125,1513108848.6758611,472
query,1513108848.675866,1513108848.9842315,922
query,1513108848.9842362,1513108849.2148354,122
query,1513108849.2148395,1513108849.4554317,204
query,1513108849.455469,1513108849.704289,434
query,1513108849.7140965,1513108849.9383507,502
query,1513108849.9383547,1513108850.1201904,256
query,1513108850.1201952,1513108850.2962205,80
query,1513108850.2962255,1513108850.4793606,777
query,1513108850.479364,1513108850.6328561,0
query,1513108850.6328607,1513108850.8028076,778
query,1513108850.8028135,1513108850.9686503,493
query,1513108850.9686556,1513108851.125903,0
query,1513108851.1259062,1513108851.2695043,500
query,1513108851.2695086,1513108851.4439483,132
query,1513108851.4439523,1513108851.639889,592
query,1513108851.639906,1513108851.824902,82
query,1513108851.8249059,1513108851.982446,289
query,1513108851.9824495,1513108852.0926323,0
query,1513108852.092636,1513108852.2751253,85
query,1513108852.2751303,1513108852.4496756,390
query,1513108852.4496796,1513108852.6518056,149
query,1513108852.65181,1513108852.8336773,486
query,1513108852.8336809,1513108853.0082164,675
query,1513108853.0082731,1513108853.214632,389
query,1513108853.2283182,1513108853.3998199,743
query,1513108853.399824,1513108853.5665767,172
query,1513108853.566581,1513108853.7275627,766
query,1513108853.7275672,1513108853.9584467,500
query,1513108853.9584508,1513108854.130733,0
query,1513108854.1307364,1513108854.3669708,17
query,1513108854.366975,1513108854.5826235,195
query,1513108854.5826275,1513108854.7547297,400
query,1513108854.754733,1513108855.0166805,739
query,1513108855.016685,1513108855.235668,190
query,1513108855.2356732,1513108855.4206436,816
query,1513108855.4206471,1513108855.5629451,0
query,1513108855.5629482,1513108855.7588515,89
query,1513108855.7588553,1513108856.019,250
query,1513108856.0190027,1513108856.2399776,132
query,1513108856.2399821,1513108856.4802272,538
query,1513108856.4802313,1513108856.6671193,65
query,1513108856.6671228,1513108856.9556398,30
query,1513108856.9556437,1513108857.2356536,132
query,1513108857.2357063,1513108857.4797099,907
query,1513108857.4939878,1513108857.8361464,64
query,1513108857.8361511,1513108857.989877,0
query,1513108857.9898806,1513108858.2191255,244
query,1513108858.2191286,1513108858.4308257,27
query,1513108858.430829,1513108858.5884702,513
query,1513108858.5884736,1513108858.777283,538
query,1513108858.7772887,1513108858.9727666,64
query,1513108858.9728122,1513108859.217064,27
query,1513108859.217068,1513108859.4070807,385
query,1513108859.407084,1513108859.572288,233
query,1513108859.5722928,1513108859.7759032,179
query,1513108859.7759075,1513108860.0678806,580
query,1513108860.0678842,1513108860.2821662,2
query,1513108860.2821698,1513108860.4724948,281
query,1513108860.4724982,1513108860.6543922,0
query,1513108860.6543956,1513108860.8635995,426
query,1513108860.8636045,1513108861.1285868,372
query,1513108861.12859,1513108861.3335004,12
query,1513108861.333504,1513108861.5389166,97
query,1513108861.538962,1513108861.8241372,19
query,1513108861.8330514,1513108862.02376,14
query,1513108862.023777,1513108862.2407098,735
query,1513108862.2407134,1513108862.4519384,709
query,1513108862.4519424,1513108862.7153509,765
query,1513108862.7153544,1513108862.885348,227
query,1513108862.8853524,1513108863.0999033,443
query,1513108863.0999084,1513108863.273378,55
query,1513108863.2733822,1513108863.4091794,0
query,1513108863.4091835,1513108863.5872948,459
query,1513108863.5872989,1513108863.7818182,79
query,1513108863.7818358,1513108863.9873288,656
query,1513108863.9873407,1513108864.1537797,13
query,1513108864.153785,1513108864.338344,518
query,1513108864.338349,1513108864.532427,607
query,1513108864.5324316,1513108864.7316716,110
query,1513108864.7316756,1513108864.90376,35
query,1513108864.9037647,1513108865.0346968,0
query,1513108865.0347002,1513108865.221732,27
query,1513108865.2217352,1513108865.3920233,359
query,1513108865.3921201,1513108865.6329107,153
query,1513108865.6457508,1513108865.8323357,77
query,1513108865.8323398,1513108866.0098045,1
query,1513108866.0098078,1513108866.1997297,35
query,1513108866.1997344,1513108866.3957086,503
query,1513108866.395713,1513108866.583415,0
query,1513108866.5834193,1513108866.8157854,459
query,1513108866.8157904,1513108867.0202563,504
query,1513108867.020261,1513108867.2193725,4
query,1513108867.219377,1513108867.422512,316
query,1513108867.422517,1513108867.634403,96
query,1513108867.6344063,1513108867.8993745,66
query,1513108867.8993785,1513108868.1432376,488
query,1513108868.1432416,1513108868.351333,102
query,1513108868.3513355,1513108868.543478,956
query,1513108868.5434828,1513108868.9876008,116
query,1513108868.9876053,1513108869.1728797,2
query,1513108869.1728873,1513108869.360557,6
query,1513108869.3605611,1513108869.5611546,7
query,1513108869.5611584,1513108869.7568245,6
query,1513108869.7568634,1513108870.006944,695
query,1513108870.0213652,1513108870.2707398,92
query,1513108870.2707436,1513108870.446224,296
query,1513108870.446227,1513108870.5852559,0
query,1513108870.585259,1513108870.7598588,37
query,1513108870.759864,1513108870.9970155,92
query,1513108870.99702,1513108871.2035694,354
query,1513108871.2035754,1513108871.3757389,75
query,1513108871.3757427,1513108871.5797772,53
query,1513108871.5797818,1513108871.7605329,272
query,1513108871.7605374,1513108871.9595442,188
query,1513108871.9595487,1513108872.1799676,14
query,1513108872.1799726,1513108872.3801165,195
query,1513108872.3801193,1513108872.6189978,566
query,1513108872.6190007,1513108872.871695,179
query,1513108872.8716996,1513108873.0606394,56
query,1513108873.0606441,1513108873.2482672,3
query,1513108873.2482712,1513108873.5033262,585
query,1513108873.5033317,1513108873.6879206,302
query,1513108873.6879256,1513108873.9155805,549
