tables,1513188181.9417086,1513188689.8164814
query,1513188689.817169,1513188690.0223627,1860
query,1513188690.0314503,1513188690.1700034,1819
query,1513188690.1700063,1513188690.243918,590
query,1513188690.24392,1513188690.3156896,312
query,1513188690.3156943,1513188690.398745,1809
query,1513188690.3987489,1513188690.4674025,196
query,1513188690.467405,1513188690.535185,508
query,1513188690.5351903,1513188690.6233656,240
query,1513188690.6233695,1513188690.6868575,909
query,1513188690.6868613,1513188690.7550488,302
query,1513188690.755052,1513188690.8155713,2
query,1513188690.8155742,1513188690.885512,438
query,1513188690.8855155,1513188690.9645994,1086
query,1513188690.964603,1513188691.0511234,240
query,1513188691.0511272,1513188691.126444,748
query,1513188691.1264486,1513188691.194946,652
query,1513188691.1949499,1513188691.2735114,1119
query,1513188691.273516,1513188691.3744135,1848
query,1513188691.3744175,1513188691.4564543,240
query,1513188691.4564583,1513188691.5284622,215
query,1513188691.5285072,1513188691.623001,274
query,1513188691.6390543,1513188691.719557,240
query,1513188691.7195609,1513188691.7900589,520
query,1513188691.790063,1513188691.869282,1859
query,1513188691.8692863,1513188691.9499469,240
query,1513188691.9499507,1513188692.0169487,475
query,1513188692.0169525,1513188692.0995495,2540
query,1513188692.0995538,1513188692.1659498,403
query,1513188692.1659539,1513188692.229376,192
query,1513188692.22938,1513188692.3026972,994
query,1513188692.3027012,1513188692.3788843,1363
query,1513188692.3788881,1513188692.4507537,580
query,1513188692.4507573,1513188692.5310836,1015
query,1513188692.5310874,1513188692.607476,1025
query,1513188692.6074798,1513188692.6903756,733
query,1513188692.6903796,1513188692.778249,240
query,1513188692.778253,1513188692.8477404,359
query,1513188692.8477445,1513188692.9310005,1913
query,1513188692.931005,1513188693.008669,272
query,1513188693.008672,1513188693.0864122,1047
query,1513188693.0864775,1513188693.1738274,1381
query,1513188693.185837,1513188693.265423,2206
query,1513188693.2654274,1513188693.3299153,273
query,1513188693.3299208,1513188693.3985534,605
query,1513188693.3985581,1513188693.4788008,240
query,1513188693.4788055,1513188693.5537667,240
query,1513188693.5537727,1513188693.6163435,341
query,1513188693.616348,1513188693.691426,1126
query,1513188693.6914306,1513188693.7617495,1040
query,1513188693.7617564,1513188693.8421755,240
query,1513188693.84218,1513188693.9181724,778
query,1513188693.918177,1513188693.9864874,473
query,1513188693.9864917,1513188694.0702853,1346
query,1513188694.0702899,1513188694.1359441,883
query,1513188694.135949,1513188694.1986287,25
query,1513188694.198633,1513188694.2686462,668
query,1513188694.2686505,1513188694.3425837,2193
query,1513188694.3425887,1513188694.4017549,157
query,1513188694.40176,1513188694.4678218,92
query,1513188694.4678273,1513188694.5437531,911
query,1513188694.5437946,1513188694.648127,241
query,1513188694.6620452,1513188694.7320304,942
query,1513188694.7320342,1513188694.79587,853
query,1513188694.7958744,1513188694.8626237,963
query,1513188694.8626268,1513188694.9406505,1397
query,1513188694.9406533,1513188695.0101092,597
query,1513188695.010112,1513188695.0917485,1472
query,1513188695.091753,1513188695.165996,885
query,1513188695.1660006,1513188695.2251167,602
query,1513188695.2251222,1513188695.2909775,1926
query,1513188695.2909813,1513188695.3720427,240
query,1513188695.3720467,1513188695.4503865,3105
query,1513188695.4503908,1513188695.5298831,1990
query,1513188695.529889,1513188695.6091847,2058
query,1513188695.609189,1513188695.693946,3697
query,1513188695.6939507,1513188695.775201,1942
query,1513188695.7752059,1513188695.8801851,4272
query,1513188695.8801894,1513188695.9698875,3549
query,1513188695.9698918,1513188696.0404506,195
query,1513188696.040455,1513188696.1070085,2012
query,1513188696.1070392,1513188696.1910493,313
query,1513188696.2041292,1513188696.2757876,771
query,1513188696.2757914,1513188696.3530283,1206
query,1513188696.3530326,1513188696.445914,3442
query,1513188696.4459174,1513188696.534856,3856
query,1513188696.5348606,1513188696.6350708,3504
query,1513188696.6350772,1513188696.7113643,1897
query,1513188696.7113686,1513188696.7625816,1
query,1513188696.7625852,1513188696.8500097,4124
query,1513188696.8500133,1513188696.92256,1206
query,1513188696.922596,1513188697.0098796,3118
query,1513188697.0098822,1513188697.0961754,4175
query,1513188697.0961785,1513188697.1687462,2533
query,1513188697.1687493,1513188697.2084477,0
query,1513188697.20845,1513188697.2892628,2082
query,1513188697.2892659,1513188697.3834634,4109
query,1513188697.3834677,1513188697.459301,1778
query,1513188697.459304,1513188697.5312774,1279
query,1513188697.531281,1513188697.5984678,93
query,1513188697.5984707,1513188697.674675,2032
query,1513188697.6747203,1513188697.774004,1072
query,1513188697.7897809,1513188697.8608398,1411
query,1513188697.8608441,1513188697.9539306,3019
query,1513188697.953934,1513188698.0235627,926
query,1513188698.0235665,1513188698.1091936,3673
query,1513188698.109197,1513188698.1835656,1674
query,1513188698.1835687,1513188698.2798166,4038
query,1513188698.2798204,1513188698.3482368,1077
query,1513188698.348241,1513188698.4169502,627
query,1513188698.416954,1513188698.5016997,2802
query,1513188698.5017035,1513188698.5706587,606
query,1513188698.5706635,1513188698.638628,674
query,1513188698.6386318,1513188698.7292714,3865
query,1513188698.7292757,1513188698.802441,2167
query,1513188698.802445,1513188698.8888469,2819
query,1513188698.8888505,1513188698.953296,2984
query,1513188698.9532993,1513188699.0137784,1437
query,1513188699.0137825,1513188699.0826647,54
query,1513188699.0826678,1513188699.1577837,1830
query,1513188699.1577907,1513188699.2324095,1908
query,1513188699.2324595,1513188699.3459907,3860
query,1513188699.3542082,1513188699.4380124,2905
query,1513188699.4380152,1513188699.519387,1477
query,1513188699.5193932,1513188699.596122,2831
query,1513188699.5961263,1513188699.6781464,1923
query,1513188699.678153,1513188699.7564716,3129
query,1513188699.756476,1513188699.8395996,2724
query,1513188699.8396032,1513188699.9087627,1587
query,1513188699.9087663,1513188699.9886343,1405
query,1513188699.9886396,1513188700.078719,4005
query,1513188700.078723,1513188700.1546116,2192
query,1513188700.154615,1513188700.2503734,3836
query,1513188700.2503777,1513188700.3197353,945
query,1513188700.3197396,1513188700.3992224,2644
query,1513188700.3992276,1513188700.4768305,2985
query,1513188700.4768357,1513188700.5539672,2128
query,1513188700.5539715,1513188700.6252422,2919
query,1513188700.6252472,1513188700.707801,2376
query,1513188700.7078056,1513188700.7915955,2363
query,1513188700.7915995,1513188700.8614469,1116
query,1513188700.8614898,1513188700.95396,2451
query,1513188700.9676597,1513188701.0537958,3120
query,1513188701.0537999,1513188701.1190543,1339
query,1513188701.1190584,1513188701.1791887,275
query,1513188701.1791925,1513188701.2666953,4043
query,1513188701.2666996,1513188701.3431625,3350
query,1513188701.3431659,1513188701.3840086,0
query,1513188701.3840125,1513188701.4501314,1646
query,1513188701.4501352,1513188701.5128937,369
query,1513188701.5129004,1513188701.5939624,3966
query,1513188701.5939662,1513188701.6736634,3931
query,1513188701.6736686,1513188701.7365527,723
query,1513188701.736557,1513188701.8135395,3048
query,1513188701.8135443,1513188701.8969827,3943
query,1513188701.8969877,1513188701.9683173,2772
query,1513188701.9683208,1513188702.062895,3641
query,1513188702.0628984,1513188702.1390889,1708
query,1513188702.1390924,1513188702.2062554,2283
query,1513188702.2062595,1513188702.2899585,2393
query,1513188702.2899628,1513188702.3686438,3439
query,1513188702.3689306,1513188702.4866028,4096
query,1513188702.500378,1513188702.5992627,4079
query,1513188702.5992663,1513188702.6765316,3131
query,1513188702.676536,1513188702.7616053,3248
query,1513188702.7616088,1513188702.8478081,3013
query,1513188702.8478124,1513188702.9267101,2863
query,1513188702.9267142,1513188702.989775,1198
query,1513188702.989778,1513188703.0792015,3529
query,1513188703.079206,1513188703.1443095,497
query,1513188703.144313,1513188703.2223608,3567
query,1513188703.2223654,1513188703.2963126,1678
query,1513188703.2963161,1513188703.3576906,8
query,1513188703.3576941,1513188703.4217803,19
query,1513188703.4217834,1513188703.49638,521
query,1513188703.4963841,1513188703.5821319,2167
query,1513188703.5821366,1513188703.6636946,2576
query,1513188703.663699,1513188703.733504,250
query,1513188703.73351,1513188703.8027654,589
query,1513188703.8027697,1513188703.8722987,1614
query,1513188703.8723023,1513188703.9543636,1830
query,1513188703.954426,1513188704.017756,1
query,1513188704.0204525,1513188704.1250997,4609
query,1513188704.1251028,1513188704.1984725,45
query,1513188704.1984766,1513188704.2867773,3551
query,1513188704.2867818,1513188704.3697188,3438
query,1513188704.369722,1513188704.4461994,597
query,1513188704.446203,1513188704.518182,1316
query,1513188704.5181859,1513188704.5972238,1481
query,1513188704.5972276,1513188704.6798117,1912
query,1513188704.679817,1513188704.758279,2290
query,1513188704.7582827,1513188704.835281,2789
query,1513188704.835285,1513188704.8945909,2
query,1513188704.894595,1513188704.9697104,513
query,1513188704.9697149,1513188705.054146,2559
query,1513188705.0541499,1513188705.1737282,4386
query,1513188705.1737325,1513188705.2612338,2967
query,1513188705.261238,1513188705.3355482,801
query,1513188705.3355532,1513188705.394569,1633
query,1513188705.3945737,1513188705.4767249,3575
query,1513188705.476729,1513188705.5566761,3676
query,1513188705.5567164,1513188705.6246781,869
query,1513188705.63906,1513188705.7132678,2278
query,1513188705.7132714,1513188705.7978249,4121
query,1513188705.797829,1513188705.8802454,2170
query,1513188705.8802497,1513188705.9548185,3562
query,1513188705.9548223,1513188706.0404828,3844
query,1513188706.0404866,1513188706.11083,2042
query,1513188706.110834,1513188706.1837833,1861
query,1513188706.1837869,1513188706.2652783,2561
query,1513188706.2652817,1513188706.3536894,3052
query,1513188706.353693,1513188706.4254036,1961
query,1513188706.4254086,1513188706.4740386,3
query,1513188706.4740434,1513188706.5455654,407
query,1513188706.545569,1513188706.6344268,3174
query,1513188706.634432,1513188706.72134,3703
query,1513188706.721343,1513188706.7822402,555
query,1513188706.782244,1513188706.8741913,572
query,1513188706.8741953,1513188706.9468355,1170
query,1513188706.9468389,1513188707.017134,760
query,1513188707.0171373,1513188707.098736,2490
query,1513188707.0987732,1513188707.2161634,3204
query,1513188707.2293587,1513188707.3102446,2751
query,1513188707.3102486,1513188707.389561,1574
query,1513188707.3895648,1513188707.4782372,3030
query,1513188707.4782405,1513188707.5603776,567
query,1513188707.5603812,1513188707.6520216,3627
query,1513188707.6520255,1513188707.7360845,3459
query,1513188707.736088,1513188707.8218706,3301
query,1513188707.821874,1513188707.8638682,1
query,1513188707.8638713,1513188707.9540112,3688
query,1513188707.9540148,1513188708.049423,4308
query,1513188708.049427,1513188708.123783,1352
query,1513188708.1237879,1513188708.214477,3632
query,1513188708.214481,1513188708.3085546,3514
query,1513188708.3085582,1513188708.4065752,4134
query,1513188708.4065793,1513188708.4751048,405
query,1513188708.475108,1513188708.5519865,2527
query,1513188708.5519905,1513188708.625835,653
query,1513188708.6258395,1513188708.703289,1279
query,1513188708.7032936,1513188708.7726798,243
query,1513188708.772721,1513188708.8644624,3124
query,1513188708.8825715,1513188708.9760933,3912
query,1513188708.9760973,1513188709.0582092,3970
query,1513188709.0582132,1513188709.1362271,2952
query,1513188709.1362317,1513188709.2155871,4246
query,1513188709.2155912,1513188709.2952578,2902
query,1513188709.2952616,1513188709.364107,304
query,1513188709.3641107,1513188709.4630556,3837
query,1513188709.4630587,1513188709.5744576,3924
query,1513188709.5744612,1513188709.661223,1866
query,1513188709.6612263,1513188709.7322934,1065
query,1513188709.7322967,1513188709.8137646,3548
query,1513188709.813769,1513188709.8938427,1976
query,1513188709.893848,1513188709.9780617,2984
query,1513188709.978066,1513188710.019345,0
query,1513188710.0193486,1513188710.0785675,144
query,1513188710.0785704,1513188710.1603775,3879
query,1513188710.1603808,1513188710.2269735,498
query,1513188710.2269769,1513188710.2868757,756
query,1513188710.28688,1513188710.369603,3532
query,1513188710.3696387,1513188710.4753997,3169
query,1513188710.4875696,1513188710.5653534,2727
query,1513188710.565357,1513188710.638937,1642
query,1513188710.6389413,1513188710.710026,0
query,1513188710.7100298,1513188710.7762952,635
query,1513188710.7762992,1513188710.8871622,4194
query,1513188710.887166,1513188710.9673357,2203
query,1513188710.9673407,1513188711.0382183,879
query,1513188711.0382218,1513188711.1076946,97
query,1513188711.1076992,1513188711.1813014,558
query,1513188711.1813073,1513188711.2834783,4248
query,1513188711.2834816,1513188711.358798,575
query,1513188711.3588016,1513188711.4278657,3
query,1513188711.427869,1513188711.5047405,2811
query,1513188711.5047433,1513188711.5580385,2
query,1513188711.5580425,1513188711.6383092,3640
query,1513188711.6383133,1513188711.7188048,4358
query,1513188711.7188094,1513188711.7899284,1616
query,1513188711.7899315,1513188711.875404,1190
query,1513188711.875408,1513188711.9743562,3725
query,1513188711.9743986,1513188712.0890267,4800
query,1513188712.1016333,1513188712.176708,1418
query,1513188712.1767116,1513188712.2537715,2543
query,1513188712.2537751,1513188712.3227012,65
query,1513188712.3227055,1513188712.393776,1067
query,1513188712.3937795,1513188712.4723644,1942
query,1513188712.4723687,1513188712.5473983,1041
query,1513188712.5474029,1513188712.616685,264
query,1513188712.6166887,1513188712.6614075,2
query,1513188712.661411,1513188712.7348094,2718
query,1513188712.7348132,1513188712.7986696,810
query,1513188712.7986727,1513188712.8653047,631
query,1513188712.8653078,1513188712.9830904,4013
query,1513188712.9830933,1513188713.08428,4564
query,1513188713.084285,1513188713.1467843,493
query,1513188713.1467905,1513188713.2172086,2856
query,1513188713.2172122,1513188713.3136163,3705
query,1513188713.3136213,1513188713.38963,2395
query,1513188713.3896337,1513188713.4662514,3062
query,1513188713.4662566,1513188713.5538452,3348
query,1513188713.5538843,1513188713.7062352,4596
query,1513188713.7204652,1513188713.7893636,531
query,1513188713.7893674,1513188713.878181,3780
query,1513188713.878185,1513188713.957653,1801
query,1513188713.9576573,1513188714.0265825,575
query,1513188714.026587,1513188714.097461,2159
query,1513188714.0974646,1513188714.1863914,4003
query,1513188714.1863954,1513188714.2491076,1577
query,1513188714.249111,1513188714.34959,4755
query,1513188714.349594,1513188714.4294531,1684
query,1513188714.4294572,1513188714.4982886,1542
query,1513188714.4982927,1513188714.5936563,4572
query,1513188714.5936606,1513188714.672929,2155
query,1513188714.672933,1513188714.7401624,64
query,1513188714.740166,1513188714.8305523,2875
query,1513188714.8305562,1513188714.8834558,1
query,1513188714.88346,1513188714.977408,4011
query,1513188714.9774117,1513188715.0459015,577
query,1513188715.0459054,1513188715.123385,2172
query,1513188715.1233883,1513188715.196485,3359
query,1513188715.1965227,1513188715.324291,4377
query,1513188715.3370254,1513188715.4413223,3778
query,1513188715.4413266,1513188715.5099716,825
query,1513188715.5099752,1513188715.614822,4008
query,1513188715.6148252,1513188715.6871648,1752
query,1513188715.6871686,1513188715.753295,177
query,1513188715.7532997,1513188715.8502524,3673
query,1513188715.8502564,1513188715.9137576,3
query,1513188715.9137616,1513188715.9822803,1738
query,1513188715.9822838,1513188716.0733747,3063
query,1513188716.0733795,1513188716.1496494,2941
query,1513188716.1496532,1513188716.2430441,2937
query,1513188716.243048,1513188716.345442,4115
query,1513188716.3454463,1513188716.4454992,3940
query,1513188716.4455035,1513188716.5159216,1842
query,1513188716.515926,1513188716.5931795,2812
query,1513188716.5931833,1513188716.6821325,3620
query,1513188716.6821373,1513188716.7239969,2
query,1513188716.7240007,1513188716.827785,4342
query,1513188716.827789,1513188716.8979127,760
query,1513188716.89795,1513188716.986929,485
query,1513188717.0005221,1513188717.0753808,3902
query,1513188717.0753856,1513188717.1434216,953
query,1513188717.143425,1513188717.1903605,1
query,1513188717.1903646,1513188717.2608287,587
query,1513188717.2608347,1513188717.3313355,928
query,1513188717.3313398,1513188717.4211786,3335
query,1513188717.421183,1513188717.496029,1647
query,1513188717.4960334,1513188717.5524483,3
query,1513188717.5524523,1513188717.651616,1233
query,1513188717.6516201,1513188717.745629,2930
query,1513188717.7456334,1513188717.8332632,3737
query,1513188717.8332675,1513188717.9119468,3711
query,1513188717.9119513,1513188718.0033958,4293
query,1513188718.0033998,1513188718.0868843,2583
query,1513188718.0868886,1513188718.1550322,985
query,1513188718.1550364,1513188718.2403197,3605
query,1513188718.240324,1513188718.3376667,4075
query,1513188718.3376708,1513188718.400241,7
query,1513188718.4002452,1513188718.4670703,2944
query,1513188718.46711,1513188718.5570061,3822
query,1513188718.5720184,1513188718.630152,102
query,1513188718.6301563,1513188718.7048666,2556
query,1513188718.7048705,1513188718.81423,3830
query,1513188718.8142347,1513188718.8559368,0
query,1513188718.8559418,1513188718.9249597,647
query,1513188718.9249637,1513188718.9979725,877
query,1513188718.997979,1513188719.095737,514
query,1513188719.0957413,1513188719.205869,3435
query,1513188719.205873,1513188719.2935846,1938
query,1513188719.2935886,1513188719.382863,2494
query,1513188719.3828673,1513188719.4609404,2618
query,1513188719.460944,1513188719.5333345,1894
query,1513188719.5333376,1513188719.6116216,1326
query,1513188719.6116247,1513188719.6920109,150
query,1513188719.6920152,1513188719.769997,1328
query,1513188719.7700012,1513188719.8585339,2334
query,1513188719.8585382,1513188719.963547,4353
query,1513188719.9635513,1513188720.0431025,2155
query,1513188720.0431066,1513188720.1359277,4066
query,1513188720.13597,1513188720.2426481,3126
query,1513188720.2576914,1513188720.3252945,3426
query,1513188720.3252993,1513188720.3920512,1960
query,1513188720.3920555,1513188720.4609177,2402
query,1513188720.4609218,1513188720.530093,3234
query,1513188720.5300968,1513188720.60734,1884
query,1513188720.6073444,1513188720.6790357,2996
query,1513188720.6790397,1513188720.8172925,3143
query,1513188720.8172967,1513188720.8853385,6
query,1513188720.8853428,1513188720.9855783,4174
query,1513188720.9855828,1513188721.0666952,2057
query,1513188721.0666995,1513188721.137052,769
query,1513188721.137056,1513188721.2236052,2970
query,1513188721.2236092,1513188721.3045614,1541
query,1513188721.3045654,1513188721.3751974,1459
query,1513188721.3752015,1513188721.4610965,3558
query,1513188721.4611008,1513188721.528092,328
query,1513188721.528096,1513188721.6069815,2928
query,1513188721.6069858,1513188721.6854076,2906
query,1513188721.6854105,1513188721.7661295,2749
query,1513188721.7661753,1513188721.8558226,294
query,1513188721.8705127,1513188721.9560883,4022
query,1513188721.9560926,1513188722.0197387,1494
query,1513188722.0197434,1513188722.0988548,3080
query,1513188722.0988593,1513188722.1990442,4336
query,1513188722.1990488,1513188722.2772834,2310
query,1513188722.277288,1513188722.369976,2097
query,1513188722.36998,1513188722.4488895,1856
query,1513188722.448894,1513188722.5184758,1385
query,1513188722.5184786,1513188722.6004746,2014
query,1513188722.6004794,1513188722.6529684,371
query,1513188722.6529725,1513188722.7280717,3736
query,1513188722.7280762,1513188722.8016207,1387
query,1513188722.801625,1513188722.876494,2039
query,1513188722.8764982,1513188722.9750755,2571
query,1513188722.9750795,1513188723.0830874,4460
query,1513188723.0830913,1513188723.1891356,4034
query,1513188723.1891398,1513188723.282382,1928
query,1513188723.282386,1513188723.3635342,4027
query,1513188723.3635383,1513188723.4383674,1366
query,1513188723.4384048,1513188723.550237,4184
query,1513188723.5640552,1513188723.6285996,135
query,1513188723.6286051,1513188723.720947,3968
query,1513188723.7209525,1513188723.8239062,3495
query,1513188723.8239107,1513188723.8969133,2309
query,1513188723.8969178,1513188723.980098,2991
query,1513188723.9801025,1513188724.0713286,3833
query,1513188724.0713336,1513188724.1443062,1582
query,1513188724.1443105,1513188724.2124918,168
query,1513188724.2124958,1513188724.290157,3067
query,1513188724.2901616,1513188724.3940873,3572
query,1513188724.3940914,1513188724.4825184,3462
query,1513188724.482523,1513188724.5612931,2089
query,1513188724.5612977,1513188724.6044583,1
query,1513188724.604462,1513188724.6824286,4146
query,1513188724.6824336,1513188724.7705283,3917
query,1513188724.7705324,1513188724.8516905,1370
query,1513188724.8516948,1513188724.9283385,1827
query,1513188724.928343,1513188724.9972122,614
query,1513188724.997216,1513188725.0811718,3895
query,1513188725.08121,1513188725.1797526,3607
query,1513188725.1921515,1513188725.2802482,3511
query,1513188725.2802522,1513188725.362665,2527
query,1513188725.3626688,1513188725.441077,3390
query,1513188725.4410813,1513188725.5083163,45
query,1513188725.5083196,1513188725.5791214,2138
query,1513188725.579125,1513188725.6347709,32
query,1513188725.6347752,1513188725.7160592,3510
query,1513188725.7160635,1513188725.7857852,1960
query,1513188725.785789,1513188725.862118,1980
query,1513188725.8621216,1513188725.9517767,2809
query,1513188725.9517808,1513188726.0278814,2095
query,1513188726.027886,1513188726.1118343,2317
query,1513188726.1118383,1513188726.1872292,2017
query,1513188726.1872337,1513188726.2677157,1688
query,1513188726.2677202,1513188726.3485389,2753
query,1513188726.3485427,1513188726.4393957,1951
query,1513188726.4393997,1513188726.5089011,2735
query,1513188726.5089047,1513188726.5773988,80
query,1513188726.577403,1513188726.6534672,2741
query,1513188726.65351,1513188726.7753162,4238
query,1513188726.7900207,1513188726.85927,1188
query,1513188726.8592749,1513188726.9462733,3848
query,1513188726.9462783,1513188727.0354118,3226
query,1513188727.0354164,1513188727.1255193,2658
query,1513188727.1255238,1513188727.217065,1528
query,1513188727.217069,1513188727.293713,1748
query,1513188727.2937167,1513188727.3691854,2372
query,1513188727.3691902,1513188727.439506,832
query,1513188727.4395108,1513188727.5157466,1457
query,1513188727.515751,1513188727.6101458,3922
query,1513188727.6101503,1513188727.7002704,2798
query,1513188727.7002742,1513188727.7718773,1154
query,1513188727.7718818,1513188727.8422618,1217
query,1513188727.8422656,1513188727.9210093,3107
query,1513188727.9210136,1513188728.001379,2514
query,1513188728.0013835,1513188728.052401,0
query,1513188728.0524049,1513188728.1139264,2851
query,1513188728.1139307,1513188728.1793947,2997
query,1513188728.1793988,1513188728.2715697,2952
query,1513188728.271622,1513188728.3775811,3995
query,1513188728.3878531,1513188728.4751062,3628
query,1513188728.4751158,1513188728.5493448,638
query,1513188728.5493495,1513188728.6375418,4069
query,1513188728.637547,1513188728.708119,4175
query,1513188728.708122,1513188728.7975032,4117
query,1513188728.7975068,1513188728.8899546,4365
query,1513188728.889958,1513188728.9915082,4089
query,1513188728.991523,1513188729.0601468,36
query,1513188729.060151,1513188729.1291337,2406
query,1513188729.1291387,1513188729.2022665,1637
query,1513188729.2022707,1513188729.2866664,2829
query,1513188729.2866714,1513188729.3564823,590
query,1513188729.3564868,1513188729.443517,3832
query,1513188729.443521,1513188729.5268035,3623
query,1513188729.5268073,1513188729.614357,3572
query,1513188729.614361,1513188729.6921935,2363
query,1513188729.6921976,1513188729.7850876,572
query,1513188729.785092,1513188729.8560984,2288
query,1513188729.8561027,1513188729.9200065,1741
query,1513188729.9200468,1513188730.025549,572
query,1513188730.0379305,1513188730.132652,4094
query,1513188730.132655,1513188730.2117918,2387
query,1513188730.2117949,1513188730.2859178,1362
query,1513188730.2859209,1513188730.3549922,1213
query,1513188730.3549964,1513188730.4233797,327
query,1513188730.423382,1513188730.503091,2693
query,1513188730.5030937,1513188730.5872328,3770
query,1513188730.5872374,1513188730.6580853,535
query,1513188730.6580894,1513188730.7235703,33
query,1513188730.7235744,1513188730.7967358,3369
query,1513188730.7967396,1513188730.862565,1809
query,1513188730.862569,1513188730.9501858,3790
query,1513188730.9501903,1513188731.0036283,220
query,1513188731.0036325,1513188731.0743263,2380
query,1513188731.0743303,1513188731.1524816,2349
query,1513188731.1524858,1513188731.2466617,3297
query,1513188731.2466645,1513188731.3352823,3917
query,1513188731.3352866,1513188731.4172528,3761
query,1513188731.4172568,1513188731.4985166,3477
query,1513188731.4985547,1513188731.5987504,2907
query,1513188731.612297,1513188731.704601,4062
query,1513188731.704605,1513188731.807358,3891
query,1513188731.8073626,1513188731.8952222,3126
query,1513188731.8952262,1513188731.9913943,4492
query,1513188731.9913979,1513188732.0806441,3502
query,1513188732.0806487,1513188732.1586974,1763
query,1513188732.1587021,1513188732.20864,0
query,1513188732.2086446,1513188732.298725,786
query,1513188732.2987285,1513188732.3812058,2223
query,1513188732.381209,1513188732.4741037,3703
query,1513188732.474108,1513188732.5486941,3380
query,1513188732.5486977,1513188732.6366942,4347
query,1513188732.636699,1513188732.7109377,2955
query,1513188732.7109423,1513188732.791765,4000
query,1513188732.79177,1513188732.8467295,557
query,1513188732.846734,1513188732.9402382,4379
query,1513188732.9402423,1513188733.0205781,3198
query,1513188733.0205824,1513188733.0995777,2169
query,1513188733.0995817,1513188733.195377,4037
query,1513188733.195419,1513188733.2942677,2573
query,1513188733.308215,1513188733.3867803,2781
query,1513188733.3867846,1513188733.4569912,520
query,1513188733.4569952,1513188733.525588,536
query,1513188733.525592,1513188733.6164763,4155
query,1513188733.616481,1513188733.6917126,1838
query,1513188733.6917164,1513188733.8008094,4172
query,1513188733.8008137,1513188733.879002,2323
query,1513188733.879006,1513188733.961442,1990
query,1513188733.9614458,1513188734.0235944,1483
query,1513188734.0235987,1513188734.0966427,2423
query,1513188734.0966468,1513188734.1730113,3192
query,1513188734.1730154,1513188734.2364233,1575
query,1513188734.2364273,1513188734.3197758,3145
query,1513188734.3197799,1513188734.4089558,3694
query,1513188734.4089599,1513188734.5149453,4812
query,1513188734.5149486,1513188734.6008813,4185
query,1513188734.6008854,1513188734.6790986,3020
query,1513188734.6791036,1513188734.7682955,3083
query,1513188734.7682996,1513188734.8310518,1739
query,1513188734.8310907,1513188734.9314885,4076
query,1513188734.9455464,1513188735.0287914,3340
query,1513188735.028796,1513188735.1011832,2002
query,1513188735.101187,1513188735.1917217,2456
query,1513188735.1917257,1513188735.285164,4670
query,1513188735.2851682,1513188735.3864632,4359
query,1513188735.386467,1513188735.4608412,2604
query,1513188735.460845,1513188735.5302353,1462
query,1513188735.530239,1513188735.5976233,528
query,1513188735.5976274,1513188735.6985276,4617
query,1513188735.6985316,1513188735.765952,16
query,1513188735.7659557,1513188735.8513596,3951
query,1513188735.8513637,1513188735.925924,1136
query,1513188735.925928,1513188736.0062273,1274
query,1513188736.0062313,1513188736.0846791,1817
query,1513188736.0846837,1513188736.1584744,1247
query,1513188736.1584775,1513188736.244703,2729
query,1513188736.244706,1513188736.3165455,1771
query,1513188736.3165495,1513188736.4009836,1581
query,1513188736.4009874,1513188736.4798212,1643
query,1513188736.4798594,1513188736.570006,1852
query,1513188736.5834763,1513188736.6629956,3088
query,1513188736.663,1513188736.70826,0
query,1513188736.7082646,1513188736.77724,330
query,1513188736.7772443,1513188736.8628423,3247
query,1513188736.8628461,1513188736.943929,1627
query,1513188736.9439332,1513188737.0108612,22
query,1513188737.0108654,1513188737.0807164,312
query,1513188737.0807204,1513188737.1393206,10
query,1513188737.139325,1513188737.2166219,572
query,1513188737.2166257,1513188737.3077395,3115
query,1513188737.307744,1513188737.3912385,4276
query,1513188737.3912425,1513188737.456872,890
query,1513188737.4568763,1513188737.4963298,0
query,1513188737.4963338,1513188737.577925,3718
query,1513188737.5779288,1513188737.6499293,843
query,1513188737.649933,1513188737.7593832,4883
query,1513188737.759387,1513188737.8533058,3686
query,1513188737.8533099,1513188737.9347699,1856
query,1513188737.9347744,1513188738.0142722,2948
query,1513188738.0143113,1513188738.1014,450
query,1513188738.1152885,1513188738.1914942,86
query,1513188738.1914983,1513188738.2848434,3590
query,1513188738.284848,1513188738.3830864,4476
query,1513188738.3830905,1513188738.46844,3361
query,1513188738.468444,1513188738.563126,4488
query,1513188738.5631301,1513188738.656761,3172
query,1513188738.656765,1513188738.7367327,2671
query,1513188738.736737,1513188738.8271334,4252
query,1513188738.827138,1513188738.9134858,567
query,1513188738.9134898,1513188738.982178,556
query,1513188738.9821818,1513188739.0635312,2716
query,1513188739.0635352,1513188739.1477497,4170
query,1513188739.1477537,1513188739.2416198,3699
query,1513188739.2416239,1513188739.3226411,1969
query,1513188739.3226457,1513188739.4020607,3107
query,1513188739.4020658,1513188739.5014043,3882
query,1513188739.5014074,1513188739.5817027,3410
query,1513188739.581707,1513188739.6776693,4124
query,1513188739.6776755,1513188739.7493763,1135
query,1513188739.7494047,1513188739.8576941,2663
query,1513188739.870657,1513188739.9507782,2645
query,1513188739.9507813,1513188740.0288212,3466
query,1513188740.0288243,1513188740.0937243,135
query,1513188740.0937288,1513188740.176765,2870
query,1513188740.1767957,1513188740.2616317,2541
query,1513188740.2616346,1513188740.3335257,2108
query,1513188740.3335297,1513188740.3952434,431
query,1513188740.395248,1513188740.4886653,4285
query,1513188740.488669,1513188740.547284,1056
query,1513188740.5472884,1513188740.6318493,4262
query,1513188740.6318533,1513188740.7131486,3748
query,1513188740.7131526,1513188740.7820923,2074
query,1513188740.7820973,1513188740.841842,2241
query,1513188740.841847,1513188740.9158063,3179
query,1513188740.9158106,1513188740.9893641,1573
query,1513188740.9893687,1513188741.065706,2030
query,1513188741.06571,1513188741.128198,775
query,1513188741.1282017,1513188741.2007551,2830
query,1513188741.200758,1513188741.2646592,571
query,1513188741.2646892,1513188741.3280313,0
query,1513188741.329372,1513188741.4142375,2385
query,1513188741.4142406,1513188741.4829302,381
query,1513188741.4829338,1513188741.5850604,4434
query,1513188741.5850644,1513188741.653675,1250
query,1513188741.6536796,1513188741.726878,1151
query,1513188741.7268817,1513188741.8066483,3292
query,1513188741.8066518,1513188741.8859313,3708
query,1513188741.885935,1513188741.9694595,3001
query,1513188741.969464,1513188742.064992,4737
query,1513188742.0649962,1513188742.1674485,4497
query,1513188742.1674528,1513188742.2663984,4456
query,1513188742.266403,1513188742.3669953,3671
query,1513188742.3670003,1513188742.4428952,2333
query,1513188742.4429,1513188742.5070777,17
query,1513188742.5070813,1513188742.5979764,4408
query,1513188742.5979807,1513188742.6755078,3262
query,1513188742.6755123,1513188742.754464,2029
query,1513188742.7544682,1513188742.8419032,3460
query,1513188742.841907,1513188742.9221842,3177
query,1513188742.922234,1513188743.046076,4312
query,1513188743.0606148,1513188743.1561196,4264
query,1513188743.1561232,1513188743.199996,1
query,1513188743.1999998,1513188743.2704825,2224
query,1513188743.2704868,1513188743.3548453,3749
query,1513188743.3548493,1513188743.3941145,0
query,1513188743.3941178,1513188743.4352365,0
query,1513188743.43524,1513188743.5049717,1088
query,1513188743.5049756,1513188743.5703225,23
query,1513188743.5703259,1513188743.6536748,2606
query,1513188743.653679,1513188743.7198987,1712
query,1513188743.719902,1513188743.7783287,2113
query,1513188743.778332,1513188743.8575966,2661
query,1513188743.8576005,1513188743.936598,2599
query,1513188743.9366019,1513188744.0166914,3039
query,1513188744.0166955,1513188744.0965085,2176
query,1513188744.0965116,1513188744.1698883,1701
query,1513188744.169893,1513188744.2468665,3707
query,1513188744.246871,1513188744.3042915,80
query,1513188744.304295,1513188744.377349,18
query,1513188744.3773801,1513188744.4856238,3069
query,1513188744.4995666,1513188744.570878,2763
query,1513188744.5708847,1513188744.6309621,891
query,1513188744.6309662,1513188744.7056122,2765
query,1513188744.705616,1513188744.8029106,4161
query,1513188744.8029149,1513188744.9095912,4229
query,1513188744.9095953,1513188744.9887457,529
query,1513188744.9887495,1513188745.0634642,1808
query,1513188745.0634682,1513188745.1478355,3256
query,1513188745.1478393,1513188745.2323327,3173
query,1513188745.2323363,1513188745.3307304,4035
query,1513188745.3307345,1513188745.4209445,4006
query,1513188745.4209487,1513188745.515016,2965
query,1513188745.5150201,1513188745.5820198,3
query,1513188745.5820236,1513188745.6580315,1673
query,1513188745.658035,1513188745.7441769,2622
query,1513188745.7441807,1513188745.831755,3611
query,1513188745.8317592,1513188745.9103541,2500
query,1513188745.910358,1513188746.0144298,4685
query,1513188746.0144348,1513188746.0851576,2281
query,1513188746.0851996,1513188746.1955454,3800
query,1513188746.210647,1513188746.2959561,3303
query,1513188746.2959607,1513188746.3697643,2683
query,1513188746.3697684,1513188746.4476693,1905
query,1513188746.447674,1513188746.5128438,436
query,1513188746.5128477,1513188746.6058552,3955
query,1513188746.6058595,1513188746.7020135,4067
query,1513188746.7020178,1513188746.769753,1011
query,1513188746.7697573,1513188746.8465042,2632
query,1513188746.8465085,1513188746.9146223,1591
query,1513188746.9146268,1513188746.9755445,416
query,1513188746.975549,1513188747.0635061,4573
query,1513188747.0635104,1513188747.14203,3020
query,1513188747.142034,1513188747.2111676,1249
query,1513188747.2111728,1513188747.3157551,4322
query,1513188747.3157613,1513188747.3844311,264
query,1513188747.3844352,1513188747.457823,1817
query,1513188747.4578273,1513188747.5486493,4270
query,1513188747.5486531,1513188747.6534448,3244
query,1513188747.653449,1513188747.730818,1200
query,1513188747.7308593,1513188747.8418183,3640
query,1513188747.8525398,1513188747.9270525,1287
query,1513188747.9270597,1513188748.0210838,4034
query,1513188748.021088,1513188748.1007528,2503
query,1513188748.1007562,1513188748.1828258,3807
query,1513188748.1828306,1513188748.2729375,3757
query,1513188748.272942,1513188748.3693225,3084
query,1513188748.3693268,1513188748.4656627,3890
query,1513188748.4656687,1513188748.5329194,6
query,1513188748.5329235,1513188748.6269925,3582
query,1513188748.6269965,1513188748.7095802,3892
query,1513188748.7095838,1513188748.80985,3862
query,1513188748.8098545,1513188748.8945432,291
query,1513188748.8945484,1513188748.9882047,3006
query,1513188748.9882095,1513188749.0348628,0
query,1513188749.0348666,1513188749.112586,646
query,1513188749.1125913,1513188749.181379,738
query,1513188749.1813836,1513188749.2492778,717
query,1513188749.249282,1513188749.3209386,3290
query,1513188749.3209429,1513188749.4274101,3756
query,1513188749.4274476,1513188749.5061383,494
query,1513188749.5232213,1513188749.6057374,575
query,1513188749.6057422,1513188749.7022922,3742
query,1513188749.7022958,1513188749.7957523,2173
query,1513188749.7957566,1513188749.8691988,3
query,1513188749.869203,1513188749.938046,988
query,1513188749.9380503,1513188750.0219092,2448
query,1513188750.0219138,1513188750.0953832,148
query,1513188750.0953877,1513188750.1719153,2448
query,1513188750.1719203,1513188750.2659152,3383
query,1513188750.2659197,1513188750.3316002,451
query,1513188750.331605,1513188750.432211,3633
query,1513188750.4322145,1513188750.51681,3560
query,1513188750.516814,1513188750.603975,2128
query,1513188750.6039786,1513188750.663272,877
query,1513188750.6632755,1513188750.7820642,4569
query,1513188750.7820683,1513188750.8796022,4514
query,1513188750.879605,1513188750.9569504,2157
query,1513188750.9569545,1513188751.032537,3056
query,1513188751.0325403,1513188751.1057987,1460
query,1513188751.1058419,1513188751.1997478,2879
query,1513188751.2119026,1513188751.2895916,1669
query,1513188751.289595,1513188751.3797162,3698
query,1513188751.37972,1513188751.46124,3595
query,1513188751.4612436,1513188751.5320427,404
query,1513188751.5320463,1513188751.618779,3347
query,1513188751.618783,1513188751.7161033,3718
query,1513188751.716107,1513188751.82171,4725
query,1513188751.8217149,1513188751.9202118,4058
query,1513188751.9202147,1513188752.0173783,3906
query,1513188752.0173824,1513188752.0785637,6
query,1513188752.0785675,1513188752.118742,0
query,1513188752.118746,1513188752.2044833,2708
query,1513188752.2044866,1513188752.3083754,4190
query,1513188752.3083806,1513188752.3955877,2187
query,1513188752.3955925,1513188752.4666955,930
query,1513188752.4666998,1513188752.5625648,3206
query,1513188752.562569,1513188752.6582744,3673
query,1513188752.6582782,1513188752.7560136,3997
query,1513188752.756018,1513188752.83441,3240
query,1513188752.8344367,1513188752.960647,4397
query,1513188752.9747484,1513188753.057027,2715
query,1513188753.05703,1513188753.1333737,1861
query,1513188753.133378,1513188753.2012463,322
query,1513188753.2012508,1513188753.2728913,1565
query,1513188753.272896,1513188753.3701353,4452
query,1513188753.3701386,1513188753.4499252,3711
query,1513188753.4499292,1513188753.5271733,1015
query,1513188753.5271773,1513188753.6022735,921
query,1513188753.6022778,1513188753.6964936,4041
query,1513188753.6964972,1513188753.768689,646
query,1513188753.768692,1513188753.8502176,2973
query,1513188753.8502219,1513188753.9435256,3920
query,1513188753.9435303,1513188754.0421932,4525
query,1513188754.0421975,1513188754.1410682,4308
query,1513188754.141074,1513188754.2494032,3953
query,1513188754.249407,1513188754.328213,2730
query,1513188754.3282168,1513188754.402169,1427
query,1513188754.4021723,1513188754.4833798,3199
query,1513188754.4833844,1513188754.5542407,463
query,1513188754.5542758,1513188754.6753502,3928
query,1513188754.689771,1513188754.7623749,2456
query,1513188754.762378,1513188754.827204,9
query,1513188754.827207,1513188754.9281397,4457
query,1513188754.9281442,1513188755.0015032,1851
query,1513188755.0015073,1513188755.0849795,2447
query,1513188755.0849838,1513188755.1847634,4856
query,1513188755.1847968,1513188755.267897,3174
query,1513188755.2679017,1513188755.3308046,306
query,1513188755.330808,1513188755.4325333,4487
query,1513188755.432537,1513188755.5112677,1187
query,1513188755.5112722,1513188755.6116173,4650
query,1513188755.6116211,1513188755.7104056,4380
query,1513188755.7104092,1513188755.7924142,3425
query,1513188755.7924175,1513188755.888467,3665
query,1513188755.8884706,1513188755.986938,4560
query,1513188755.9869423,1513188756.0779624,3293
query,1513188756.0779665,1513188756.1573555,2557
query,1513188756.1573591,1513188756.2288463,1639
query,1513188756.22885,1513188756.3387446,4045
query,1513188756.3387814,1513188756.4358974,3961
query,1513188756.4497516,1513188756.513766,1888
query,1513188756.513769,1513188756.5714314,705
query,1513188756.5714335,1513188756.6464033,1475
query,1513188756.6464062,1513188756.7128894,1787
query,1513188756.7128916,1513188756.8023083,4013
query,1513188756.802312,1513188756.8821661,2545
query,1513188756.882169,1513188756.9551706,1490
query,1513188756.955173,1513188757.0393682,2145
query,1513188757.039372,1513188757.134263,2345
query,1513188757.134268,1513188757.2306175,2893
query,1513188757.2306218,1513188757.3262677,4114
query,1513188757.3262718,1513188757.3958526,24
query,1513188757.3958566,1513188757.4964416,3934
query,1513188757.496446,1513188757.5671606,1524
query,1513188757.5671642,1513188757.658373,3234
query,1513188757.6583767,1513188757.749828,3657
query,1513188757.7498326,1513188757.8434193,3987
query,1513188757.8434236,1513188757.9135463,174
query,1513188757.91355,1513188757.9864893,2980
query,1513188757.986526,1513188758.096617,4339
query,1513188758.1102824,1513188758.1760266,274
query,1513188758.17603,1513188758.2545917,1933
query,1513188758.254595,1513188758.3486967,3626
query,1513188758.3487005,1513188758.4203064,901
query,1513188758.4203105,1513188758.5055602,3866
query,1513188758.5055642,1513188758.5694919,15
query,1513188758.569496,1513188758.6624627,3715
query,1513188758.6624668,1513188758.7381706,1459
query,1513188758.7381744,1513188758.823898,3407
query,1513188758.8239017,1513188758.9121232,3368
query,1513188758.912127,1513188758.969376,4
query,1513188758.9693797,1513188759.046528,2688
query,1513188759.046532,1513188759.1582837,2168
query,1513188759.1582875,1513188759.244831,3069
query,1513188759.244835,1513188759.3154685,486
query,1513188759.3154724,1513188759.3954642,4548
query,1513188759.3954682,1513188759.4751856,1206
query,1513188759.475189,1513188759.5674756,547
query,1513188759.5674794,1513188759.648063,2427
query,1513188759.6481032,1513188759.7672691,3588
query,1513188759.7795904,1513188759.8461595,1276
query,1513188759.8461623,1513188759.921231,2038
query,1513188759.9212344,1513188760.034648,4399
query,1513188760.0346518,1513188760.1330152,2897
query,1513188760.1330187,1513188760.204299,385
query,1513188760.2043023,1513188760.2830193,3542
query,1513188760.2830226,1513188760.3552284,2272
query,1513188760.3552322,1513188760.432826,3531
query,1513188760.43283,1513188760.5174847,857
query,1513188760.5174892,1513188760.6181068,3699
query,1513188760.6181118,1513188760.719048,4447
query,1513188760.7190516,1513188760.797089,1859
query,1513188760.7970924,1513188760.8743742,1376
query,1513188760.8743784,1513188760.958829,3453
query,1513188760.9588335,1513188761.0330317,689
query,1513188761.0330358,1513188761.0998578,125
query,1513188761.0998614,1513188761.197372,4976
query,1513188761.197376,1513188761.2970786,4504
query,1513188761.297083,1513188761.3856778,3014
query,1513188761.3857186,1513188761.4906313,3738
query,1513188761.4978888,1513188761.5794067,2640
query,1513188761.5794096,1513188761.6766882,4273
query,1513188761.6766927,1513188761.768026,3837
query,1513188761.7680323,1513188761.8519015,3336
query,1513188761.8519056,1513188761.9176114,1429
query,1513188761.9176152,1513188762.0171645,4301
query,1513188762.0171683,1513188762.0911126,1664
query,1513188762.0911167,1513188762.166768,1222
query,1513188762.1667724,1513188762.2710407,4365
query,1513188762.271045,1513188762.3477366,1214
query,1513188762.3477407,1513188762.4394734,3822
query,1513188762.4394782,1513188762.510515,345
query,1513188762.510519,1513188762.6061473,4476
query,1513188762.6061513,1513188762.6814952,2437
query,1513188762.6814992,1513188762.7705832,2470
query,1513188762.7705858,1513188762.8523962,4100
query,1513188762.852399,1513188762.9459698,3872
query,1513188762.9459732,1513188763.0197244,619
query,1513188763.0197291,1513188763.092428,1347
query,1513188763.0924692,1513188763.1767104,1838
query,1513188763.1905155,1513188763.2729793,2254
query,1513188763.272983,1513188763.356043,3389
query,1513188763.356047,1513188763.4495075,572
query,1513188763.4495115,1513188763.5272205,2693
query,1513188763.5272243,1513188763.6271741,4149
query,1513188763.627178,1513188763.7032747,1051
query,1513188763.7032785,1513188763.7908478,3094
query,1513188763.790853,1513188763.8594427,4
query,1513188763.8594468,1513188763.932585,1693
query,1513188763.9325886,1513188764.010539,1491
query,1513188764.010543,1513188764.1017168,3709
query,1513188764.1017208,1513188764.1848557,3328
query,1513188764.18486,1513188764.2553835,22
query,1513188764.25539,1513188764.323531,1896
query,1513188764.3235347,1513188764.3904202,2155
query,1513188764.3904243,1513188764.4823794,4362
query,1513188764.4823825,1513188764.5462258,878
query,1513188764.5462322,1513188764.5892003,1
query,1513188764.5892057,1513188764.653702,820
query,1513188764.6537406,1513188764.7454095,1413
query,1513188764.7599194,1513188764.8608098,4132
query,1513188764.8608139,1513188764.9091396,1
query,1513188764.9091432,1513188765.0066872,4161
query,1513188765.006692,1513188765.0809577,3646
query,1513188765.080962,1513188765.169267,2838
query,1513188765.1692705,1513188765.2338831,1211
query,1513188765.2338867,1513188765.3022661,1257
query,1513188765.3022702,1513188765.3675292,3318
query,1513188765.367533,1513188765.43304,826
query,1513188765.4330437,1513188765.5190806,3825
query,1513188765.5190852,1513188765.5907369,649
query,1513188765.5907412,1513188765.6569502,9
query,1513188765.6569543,1513188765.767288,3496
query,1513188765.767292,1513188765.8610876,3819
query,1513188765.8610916,1513188765.9417315,1886
query,1513188765.9417362,1513188766.0299044,598
query,1513188766.0299087,1513188766.110451,974
query,1513188766.110455,1513188766.225658,4373
query,1513188766.2256622,1513188766.298713,477
query,1513188766.2987463,1513188766.3966522,2018
query,1513188766.4080374,1513188766.5031664,3502
query,1513188766.5031703,1513188766.6015003,4135
query,1513188766.601505,1513188766.6964126,2506
query,1513188766.696416,1513188766.7941225,3799
query,1513188766.7941265,1513188766.8708067,1854
query,1513188766.8708112,1513188766.9510746,2598
query,1513188766.9510922,1513188767.0248678,755
query,1513188767.0248709,1513188767.1154544,3997
query,1513188767.1154585,1513188767.1998162,3811
query,1513188767.19982,1513188767.277472,1532
query,1513188767.277476,1513188767.3763676,3945
query,1513188767.3763714,1513188767.469703,3982
query,1513188767.469707,1513188767.5533621,1716
query,1513188767.5533671,1513188767.6336114,3358
query,1513188767.6336155,1513188767.711139,36
query,1513188767.711143,1513188767.790938,3586
query,1513188767.7909417,1513188767.8485785,1838
query,1513188767.8485825,1513188767.9063234,1075
query,1513188767.9063265,1513188767.998228,4277
query,1513188767.9982634,1513188768.0717847,1299
query,1513188768.0853806,1513188768.1512144,2004
query,1513188768.151217,1513188768.2499752,4300
query,1513188768.2499795,1513188768.3212523,1054
query,1513188768.3212564,1513188768.4207926,4402
query,1513188768.4207973,1513188768.496839,2468
query,1513188768.4968433,1513188768.5607646,1352
query,1513188768.5607972,1513188768.6233597,2062
query,1513188768.6233642,1513188768.691425,413
query,1513188768.691438,1513188768.7499976,822
query,1513188768.750002,1513188768.8180509,2850
query,1513188768.818055,1513188768.8974445,1891
query,1513188768.8974483,1513188768.9731843,3504
query,1513188768.9731894,1513188769.059619,3092
query,1513188769.059623,1513188769.1298707,698
query,1513188769.129875,1513188769.217589,3640
query,1513188769.2175937,1513188769.2926528,3002
query,1513188769.2926571,1513188769.3514166,743
query,1513188769.3514202,1513188769.4314315,4054
query,1513188769.431437,1513188769.4887545,844
query,1513188769.4888177,1513188769.5774977,4190
query,1513188769.5917752,1513188769.6663733,1366
query,1513188769.666377,1513188769.745583,1919
query,1513188769.745587,1513188769.8206766,1892
query,1513188769.8206806,1513188769.8667445,1
query,1513188769.866748,1513188769.947364,3539
query,1513188769.9473689,1513188770.0160007,84
query,1513188770.0160043,1513188770.1213067,2884
query,1513188770.1213112,1513188770.2113903,1930
query,1513188770.211393,1513188770.2835078,1835
query,1513188770.2835124,1513188770.3657904,2483
query,1513188770.3657954,1513188770.4327376,121
query,1513188770.4327419,1513188770.501385,18
query,1513188770.501389,1513188770.577034,531
query,1513188770.577038,1513188770.6577246,357
query,1513188770.6577294,1513188770.7491906,1922
query,1513188770.7491946,1513188770.8183367,514
query,1513188770.8183408,1513188770.9135,3231
query,1513188770.9135041,1513188770.9952981,572
query,1513188770.9953027,1513188771.04971,152
query,1513188771.049745,1513188771.1516685,3897
query,1513188771.1592145,1513188771.2413068,3545
query,1513188771.2413108,1513188771.2823143,0
query,1513188771.2823184,1513188771.3302252,1
query,1513188771.330229,1513188771.4226,3110
query,1513188771.4226038,1513188771.506557,2606
query,1513188771.5065618,1513188771.6033406,4426
query,1513188771.6033444,1513188771.697759,4386
query,1513188771.6977627,1513188771.8043392,4044
query,1513188771.8043427,1513188771.8628275,53
query,1513188771.8628314,1513188771.932073,1106
query,1513188771.9320774,1513188772.0256898,3771
query,1513188772.025694,1513188772.0957906,1804
query,1513188772.0957947,1513188772.1682584,1697
query,1513188772.1682625,1513188772.2382963,1747
query,1513188772.238301,1513188772.3166401,3175
query,1513188772.3166456,1513188772.3952312,1536
query,1513188772.3952346,1513188772.468101,701
query,1513188772.4681046,1513188772.5597305,2510
query,1513188772.5597339,1513188772.6504686,3632
query,1513188772.650504,1513188772.7674062,3935
query,1513188772.781927,1513188772.8574984,2317
query,1513188772.857504,1513188772.9363163,1881
query,1513188772.9363203,1513188773.0147662,2223
query,1513188773.0147688,1513188773.1091032,3594
query,1513188773.1091082,1513188773.1768646,1985
query,1513188773.1768687,1513188773.2552216,1561
query,1513188773.2552252,1513188773.3228984,521
query,1513188773.322903,1513188773.4229186,4262
query,1513188773.4229221,1513188773.4962535,73
query,1513188773.496258,1513188773.5903244,4193
query,1513188773.5903282,1513188773.6885834,4141
query,1513188773.6885874,1513188773.7634757,1572
query,1513188773.76348,1513188773.8504121,3385
query,1513188773.850416,1513188773.9479327,3514
query,1513188773.9479363,1513188774.0482342,4580
query,1513188774.048238,1513188774.14389,3886
query,1513188774.143894,1513188774.2364047,4337
query,1513188774.2364087,1513188774.3274887,5043
query,1513188774.3274925,1513188774.4012372,1742
query,1513188774.4012723,1513188774.4837804,305
query,1513188774.4915237,1513188774.5895352,4115
query,1513188774.5895388,1513188774.6627107,2526
query,1513188774.6627138,1513188774.74938,2745
query,1513188774.7493832,1513188774.8309422,2204
query,1513188774.8309464,1513188774.929403,4149
query,1513188774.9294071,1513188774.9709413,0
query,1513188774.9709451,1513188775.0191138,1
query,1513188775.019118,1513188775.089969,647
query,1513188775.089973,1513188775.1346073,0
query,1513188775.1346114,1513188775.2101014,1675
query,1513188775.2101052,1513188775.315458,4345
query,1513188775.315462,1513188775.3863165,893
query,1513188775.3863204,1513188775.478595,4115
query,1513188775.4785988,1513188775.569923,4241
query,1513188775.569927,1513188775.6651502,3974
query,1513188775.6651547,1513188775.75012,2534
query,1513188775.750124,1513188775.8498964,4448
query,1513188775.8499005,1513188775.9497333,4364
query,1513188775.9497378,1513188776.0353265,1217
query,1513188776.0353653,1513188776.1405742,3283
query,1513188776.1547177,1513188776.2303708,2251
query,1513188776.230376,1513188776.3042831,1560
query,1513188776.3042874,1513188776.3864143,3608
query,1513188776.3864186,1513188776.481769,3921
query,1513188776.4817731,1513188776.5523174,1617
query,1513188776.5523214,1513188776.6453233,4350
query,1513188776.6453273,1513188776.7375786,3975
query,1513188776.737583,1513188776.806755,1052
query,1513188776.8067589,1513188776.8883185,4690
query,1513188776.8883226,1513188776.9666579,2782
query,1513188776.966663,1513188777.0341733,1280
query,1513188777.0341775,1513188777.1015399,1476
query,1513188777.1015446,1513188777.177197,1624
query,1513188777.1772015,1513188777.2471616,164
query,1513188777.2471654,1513188777.3259754,1649
query,1513188777.32598,1513188777.3883026,547
query,1513188777.3883066,1513188777.448576,60
query,1513188777.4485798,1513188777.5348957,2410
query,1513188777.5348997,1513188777.6055923,279
query,1513188777.6056352,1513188777.7104924,3076
query,1513188777.7232084,1513188777.8226104,4331
query,1513188777.822615,1513188777.8984919,1369
query,1513188777.898496,1513188777.9732072,2273
query,1513188777.9732115,1513188778.054672,3771
query,1513188778.0546763,1513188778.1411006,2240
query,1513188778.141105,1513188778.2363617,3489
query,1513188778.236366,1513188778.309357,1409
query,1513188778.3093607,1513188778.390813,3300
query,1513188778.3908176,1513188778.4875023,4165
query,1513188778.4875064,1513188778.561867,3749
query,1513188778.5618713,1513188778.6636193,4644
query,1513188778.6636236,1513188778.7419555,3458
query,1513188778.7419598,1513188778.8415108,4215
query,1513188778.8415148,1513188778.9249358,1869
query,1513188778.9249406,1513188779.0147011,3706
query,1513188779.0147054,1513188779.1224008,3899
query,1513188779.122405,1513188779.2129903,3782
query,1513188779.2129946,1513188779.2857544,1828
query,1513188779.2857573,1513188779.3634646,2899
query,1513188779.3634918,1513188779.4755678,2817
query,1513188779.490069,1513188779.577297,3254
query,1513188779.5773013,1513188779.6757436,5169
query,1513188779.675748,1513188779.7496107,3112
query,1513188779.7496147,1513188779.8357549,3991
query,1513188779.835759,1513188779.9069846,3055
query,1513188779.9069884,1513188780.0073755,3838
query,1513188780.0073798,1513188780.0954816,3822
query,1513188780.0954854,1513188780.1666596,1263
query,1513188780.166664,1513188780.2438061,1441
query,1513188780.24381,1513188780.3292043,4349
query,1513188780.3292081,1513188780.4027817,2522
query,1513188780.4027863,1513188780.4775221,883
query,1513188780.4775257,1513188780.5467513,1647
query,1513188780.546756,1513188780.645217,4694
query,1513188780.6452205,1513188780.7372124,3793
query,1513188780.7372162,1513188780.8368106,3920
query,1513188780.8368144,1513188780.9027975,744
query,1513188780.902801,1513188781.0000033,4123
query,1513188781.0000072,1513188781.0771434,3650
query,1513188781.0771768,1513188781.185755,4077
query,1513188781.198169,1513188781.272841,3149
query,1513188781.2728453,1513188781.3420987,757
query,1513188781.3421018,1513188781.4059114,1008
query,1513188781.4059157,1513188781.47489,641
query,1513188781.4748943,1513188781.5476782,139
query,1513188781.5476823,1513188781.6285825,887
query,1513188781.6285863,1513188781.7011256,152
query,1513188781.701129,1513188781.7697878,209
query,1513188781.7697923,1513188781.8749542,4464
query,1513188781.8749573,1513188781.9560444,2140
query,1513188781.9560475,1513188782.0401847,686
query,1513188782.040188,1513188782.1093516,2620
query,1513188782.1093557,1513188782.1943183,4379
query,1513188782.194322,1513188782.2692823,730
query,1513188782.2692866,1513188782.362189,2747
query,1513188782.3621948,1513188782.4572968,4198
query,1513188782.4573014,1513188782.5303988,2185
query,1513188782.530404,1513188782.6074524,1405
query,1513188782.607457,1513188782.6828606,1204
query,1513188782.682902,1513188782.7842996,2586
query,1513188782.7986755,1513188782.900759,3673
query,1513188782.900763,1513188782.9809406,3416
query,1513188782.9809446,1513188783.0577483,1801
query,1513188783.0577526,1513188783.1310728,2428
query,1513188783.1310763,1513188783.2069178,1916
query,1513188783.2069209,1513188783.292521,2489
query,1513188783.292524,1513188783.381716,3764
query,1513188783.3817203,1513188783.477507,4273
query,1513188783.4775114,1513188783.5682192,2488
query,1513188783.568223,1513188783.6695528,3862
query,1513188783.6695576,1513188783.7318194,495
query,1513188783.7318242,1513188783.8193064,4052
query,1513188783.8193095,1513188783.9059958,3956
query,1513188783.9059992,1513188783.9792264,2322
query,1513188783.9792297,1513188784.0821376,4041
query,1513188784.082141,1513188784.170509,4360
query,1513188784.170513,1513188784.2596054,2600
query,1513188784.2596097,1513188784.3542097,3823
query,1513188784.3542137,1513188784.4385507,3416
query,1513188784.4385903,1513188784.5464122,3130
query,1513188784.5612338,1513188784.6342542,1551
query,1513188784.6342583,1513188784.7164686,3409
query,1513188784.7164726,1513188784.782196,1503
query,1513188784.7821999,1513188784.8795452,4360
query,1513188784.8795497,1513188784.9564478,2351
query,1513188784.9564521,1513188785.0262492,762
query,1513188785.0262537,1513188785.0688612,1
query,1513188785.0688658,1513188785.147624,2967
query,1513188785.1476283,1513188785.2188017,753
query,1513188785.2188058,1513188785.2977092,2226
query,1513188785.297713,1513188785.3889172,1311
query,1513188785.388922,1513188785.4707148,2450
query,1513188785.4707189,1513188785.5690744,3637
query,1513188785.569079,1513188785.6622198,4257
query,1513188785.662224,1513188785.7392483,3661
query,1513188785.7392526,1513188785.8009849,1224
query,1513188785.800989,1513188785.8731186,1490
query,1513188785.8731225,1513188785.963444,3748
query,1513188785.9634476,1513188786.0623965,4067
query,1513188786.062434,1513188786.1714556,1451
query,1513188786.185116,1513188786.2602057,1119
query,1513188786.2602103,1513188786.357303,3904
query,1513188786.3573067,1513188786.4423845,2508
query,1513188786.4423888,1513188786.5204031,2901
query,1513188786.5204062,1513188786.591835,764
query,1513188786.5918381,1513188786.6819484,4240
query,1513188786.6819522,1513188786.7800524,4006
query,1513188786.7800565,1513188786.848144,522
query,1513188786.8481493,1513188786.9291458,2886
query,1513188786.92915,1513188787.035901,4164
query,1513188787.0359054,1513188787.10867,833
query,1513188787.1086743,1513188787.1935496,3023
query,1513188787.1935537,1513188787.2763886,1734
query,1513188787.2763927,1513188787.3706555,3889
query,1513188787.3706598,1513188787.4429593,1275
query,1513188787.4429634,1513188787.5220807,1155
query,1513188787.522086,1513188787.6052735,2940
query,1513188787.6052775,1513188787.7117429,4264
query,1513188787.7117476,1513188787.802066,3668
query,1513188787.802125,1513188787.9079647,2686
query,1513188787.9219563,1513188787.9914997,95
query,1513188787.9915037,1513188788.0896788,2823
query,1513188788.089683,1513188788.153602,8
query,1513188788.1536057,1513188788.2285824,1736
query,1513188788.2285864,1513188788.3019135,918
query,1513188788.3019178,1513188788.3718472,2105
query,1513188788.3718514,1513188788.464594,4113
query,1513188788.4645972,1513188788.5543208,4232
query,1513188788.5543244,1513188788.657214,4012
query,1513188788.6572182,1513188788.7267823,607
query,1513188788.7267852,1513188788.8088515,2176
query,1513188788.8088546,1513188788.9008484,3938
query,1513188788.9008515,1513188788.96741,474
query,1513188788.967413,1513188789.0503495,3516
query,1513188789.0503538,1513188789.1407514,3668
query,1513188789.1407545,1513188789.2379458,3629
query,1513188789.2379503,1513188789.3109996,1782
query,1513188789.3110032,1513188789.416831,4594
query,1513188789.416835,1513188789.4940128,2174
query,1513188789.4940417,1513188789.598681,3056
query,1513188789.6128876,1513188789.6875107,1281
query,1513188789.6875148,1513188789.773083,4179
query,1513188789.773087,1513188789.8766696,4477
query,1513188789.8766735,1513188789.9560292,3703
query,1513188789.9560332,1513188790.0290344,2273
query,1513188790.0290391,1513188790.0921187,285
query,1513188790.0921226,1513188790.150044,144
query,1513188790.1500478,1513188790.20989,40
query,1513188790.2099004,1513188790.2734172,1436
query,1513188790.2734206,1513188790.3569994,572
query,1513188790.3570025,1513188790.457301,4496
query,1513188790.457304,1513188790.5296998,1813
query,1513188790.529704,1513188790.6140044,2966
query,1513188790.6140084,1513188790.6873167,1462
query,1513188790.68732,1513188790.7838154,3285
query,1513188790.7838185,1513188790.8558252,2288
query,1513188790.8558292,1513188790.9171185,5
query,1513188790.917123,1513188791.0052688,3631
query,1513188791.0052795,1513188791.0825179,2367
query,1513188791.0825508,1513188791.1917439,3606
query,1513188791.2049596,1513188791.2996788,3249
query,1513188791.2996817,1513188791.397929,4329
query,1513188791.397933,1513188791.4817183,3964
query,1513188791.481722,1513188791.563891,2693
query,1513188791.5638936,1513188791.6314838,1730
query,1513188791.631487,1513188791.7286236,4037
query,1513188791.728628,1513188791.7963552,906
query,1513188791.7963583,1513188791.8868852,3883
query,1513188791.8868897,1513188791.9878402,3714
query,1513188791.9878447,1513188792.0659294,1763
query,1513188792.0659325,1513188792.1529925,3389
query,1513188792.1529963,1513188792.230635,1824
query,1513188792.2306385,1513188792.2945604,1075
query,1513188792.2945638,1513188792.3746653,3877
query,1513188792.3746688,1513188792.4534683,2573
query,1513188792.4534726,1513188792.5184886,2174
query,1513188792.5184927,1513188792.5866005,2286
query,1513188792.586605,1513188792.6896527,3952
query,1513188792.689657,1513188792.7777781,4168
query,1513188792.7778292,1513188792.8493562,1801
query,1513188792.8628328,1513188792.9342859,2719
query,1513188792.9342895,1513188793.0016577,2817
query,1513188793.0016613,1513188793.1003733,4800
query,1513188793.1003778,1513188793.2077358,4597
query,1513188793.207739,1513188793.2813776,3393
query,1513188793.2813802,1513188793.381399,4248
query,1513188793.381403,1513188793.4549472,3020
query,1513188793.454951,1513188793.5556722,4218
query,1513188793.5556755,1513188793.6496007,3969
query,1513188793.6496046,1513188793.727821,2240
query,1513188793.7278244,1513188793.767149,0
query,1513188793.7671523,1513188793.844497,2781
query,1513188793.8445005,1513188793.9325278,570
query,1513188793.9325316,1513188794.025347,572
query,1513188794.0253506,1513188794.1191103,4193
query,1513188794.1191134,1513188794.2069674,2441
query,1513188794.2069712,1513188794.284339,1462
query,1513188794.2843437,1513188794.3508804,3
query,1513188794.3508835,1513188794.430098,1373
query,1513188794.4301372,1513188794.5461226,3337
query,1513188794.5549695,1513188794.6341429,1930
query,1513188794.6341462,1513188794.742117,4717
query,1513188794.7421212,1513188794.8182807,1681
query,1513188794.818285,1513188794.9187205,4449
query,1513188794.9187253,1513188794.9888256,2609
query,1513188794.9888299,1513188795.060358,1519
query,1513188795.0603611,1513188795.149846,3027
query,1513188795.1498497,1513188795.2446232,3987
query,1513188795.2446265,1513188795.3222194,2527
query,1513188795.3222234,1513188795.4070287,88
query,1513188795.4070323,1513188795.4984136,4178
query,1513188795.4984174,1513188795.6033688,4220
query,1513188795.6033726,1513188795.7043889,2292
query,1513188795.704392,1513188795.802779,3681
query,1513188795.8027825,1513188795.8704064,119
query,1513188795.870411,1513188795.9752696,4720
query,1513188795.9752731,1513188796.0277174,2
query,1513188796.0277205,1513188796.1137736,2503
query,1513188796.113777,1513188796.1999335,878
query,1513188796.1999755,1513188796.3011332,4085
query,1513188796.3155806,1513188796.4146528,3824
query,1513188796.414657,1513188796.4695687,1
query,1513188796.4695728,1513188796.5573328,4090
query,1513188796.5573368,1513188796.6427815,2494
query,1513188796.6427848,1513188796.7431204,4059
query,1513188796.7431316,1513188796.8140545,580
query,1513188796.8140585,1513188796.8989363,3397
query,1513188796.8989403,1513188796.991251,3789
query,1513188796.991255,1513188797.070889,2186
query,1513188797.070893,1513188797.1799603,4436
query,1513188797.1799643,1513188797.2494853,7
query,1513188797.2494893,1513188797.3127067,847
query,1513188797.3127105,1513188797.3799613,1839
query,1513188797.3799655,1513188797.471786,2826
query,1513188797.47179,1513188797.561742,3136
query,1513188797.5617461,1513188797.6388133,2114
query,1513188797.6388175,1513188797.7168565,2566
query,1513188797.7168603,1513188797.786468,338
query,1513188797.7864726,1513188797.8717818,3530
query,1513188797.8718116,1513188797.9625318,126
query,1513188797.9771051,1513188798.1005,4555
query,1513188798.1005042,1513188798.1997426,4145
query,1513188798.1997468,1513188798.2842321,2361
query,1513188798.2842348,1513188798.3472695,1646
query,1513188798.3472743,1513188798.4202335,548
query,1513188798.4202368,1513188798.4953144,1827
query,1513188798.4953184,1513188798.5784006,3964
query,1513188798.578404,1513188798.6478705,136
query,1513188798.647874,1513188798.7279627,3239
query,1513188798.727967,1513188798.7976403,1127
query,1513188798.7976456,1513188798.870934,1565
query,1513188798.8709383,1513188798.948537,1648
query,1513188798.9485412,1513188799.0356796,2748
query,1513188799.0356827,1513188799.1234653,2926
query,1513188799.1234756,1513188799.2099764,3772
query,1513188799.209983,1513188799.2913778,2379
query,1513188799.2913811,1513188799.3774116,2821
query,1513188799.377415,1513188799.4826827,4375
query,1513188799.4826875,1513188799.5501826,109
query,1513188799.5502214,1513188799.6813285,3784
query,1513188799.6948743,1513188799.735625,0
query,1513188799.7356286,1513188799.8056319,591
query,1513188799.805636,1513188799.8714876,1174
query,1513188799.871492,1513188799.9630747,2229
query,1513188799.963079,1513188800.0703487,4491
query,1513188800.0703526,1513188800.137561,4
query,1513188800.137565,1513188800.217775,2708
query,1513188800.2177796,1513188800.3006523,1663
query,1513188800.3006568,1513188800.343076,0
query,1513188800.3430812,1513188800.4098866,268
query,1513188800.40989,1513188800.5030055,3943
query,1513188800.5030088,1513188800.5694993,913
query,1513188800.5695038,1513188800.64245,2384
query,1513188800.6424544,1513188800.7385478,4221
query,1513188800.7385519,1513188800.8313966,2356
query,1513188800.8314006,1513188800.9008534,2115
query,1513188800.9008584,1513188800.9778926,2040
query,1513188800.977897,1513188801.0505655,918
query,1513188801.0505705,1513188801.1275747,1323
query,1513188801.1276298,1513188801.2543478,3849
query,1513188801.2683928,1513188801.3624415,3304
query,1513188801.362445,1513188801.4234736,9
query,1513188801.423477,1513188801.511634,3681
query,1513188801.5116384,1513188801.5734844,792
query,1513188801.5734885,1513188801.6340952,230
query,1513188801.6341014,1513188801.713312,1687
query,1513188801.713318,1513188801.7955632,3555
query,1513188801.795567,1513188801.8723032,2263
query,1513188801.8723073,1513188801.948892,1367
query,1513188801.948895,1513188802.0197756,2414
query,1513188802.01978,1513188802.0839717,1913
query,1513188802.0839772,1513188802.1608214,2184
query,1513188802.160826,1513188802.2385893,2622
query,1513188802.2385936,1513188802.3267775,2519
query,1513188802.3267815,1513188802.4268181,4305
query,1513188802.4268227,1513188802.5081766,3349
query,1513188802.5081809,1513188802.593254,3053
query,1513188802.5932584,1513188802.6426551,2
query,1513188802.6426642,1513188802.7138338,1248
query,1513188802.7138643,1513188802.7978632,1156
query,1513188802.806049,1513188802.8936102,3258
query,1513188802.893614,1513188802.9823072,3497
query,1513188802.9823112,1513188803.0640726,2179
query,1513188803.0640762,1513188803.137298,1666
query,1513188803.1373022,1513188803.2216394,3641
query,1513188803.221643,1513188803.3030279,2081
query,1513188803.3030317,1513188803.3688161,2057
query,1513188803.36882,1513188803.4330723,612
query,1513188803.4330764,1513188803.5294309,3987
query,1513188803.5294342,1513188803.5953627,398
query,1513188803.5953662,1513188803.684802,3432
query,1513188803.6848063,1513188803.759596,1619
query,1513188803.7595997,1513188803.8332236,923
query,1513188803.8332298,1513188803.927819,3307
query,1513188803.9278238,1513188804.004084,1670
query,1513188804.0040877,1513188804.084068,2371
query,1513188804.0840728,1513188804.1577315,2502
query,1513188804.1577349,1513188804.2287207,228
query,1513188804.2287254,1513188804.2985497,2512
query,1513188804.2985992,1513188804.3886528,4
query,1513188804.396173,1513188804.4616852,822
query,1513188804.4616888,1513188804.5488548,3511
query,1513188804.5488584,1513188804.6373165,3439
query,1513188804.63732,1513188804.7245362,3804
query,1513188804.7245398,1513188804.8074973,2477
query,1513188804.807501,1513188804.888983,2712
query,1513188804.888987,1513188804.9584858,7
query,1513188804.9584913,1513188805.0416155,4061
query,1513188805.0416198,1513188805.1170905,1089
query,1513188805.1170948,1513188805.1913261,1104
query,1513188805.19133,1513188805.269461,3526
query,1513188805.269465,1513188805.346088,2161
query,1513188805.3460922,1513188805.4332595,3561
query,1513188805.433265,1513188805.5151136,3211
query,1513188805.5151174,1513188805.5755157,476
query,1513188805.5755193,1513188805.6279728,1
query,1513188805.627977,1513188805.7045083,2694
query,1513188805.7045126,1513188805.791242,2456
query,1513188805.7912462,1513188805.8623192,1718
query,1513188805.8623552,1513188805.9610763,2538
query,1513188805.9690237,1513188806.0602748,4248
query,1513188806.0602784,1513188806.138343,1563
query,1513188806.138348,1513188806.2125142,1691
query,1513188806.2125187,1513188806.306435,3665
query,1513188806.3064384,1513188806.381825,1928
query,1513188806.3818285,1513188806.483896,3978
query,1513188806.483899,1513188806.5762455,2899
query,1513188806.5762486,1513188806.6503434,2342
query,1513188806.6503487,1513188806.7240407,1692
query,1513188806.7240446,1513188806.8412802,4100
query,1513188806.8412852,1513188806.9080775,104
query,1513188806.9080815,1513188806.9953442,3586
query,1513188806.995347,1513188807.0822198,3483
query,1513188807.0822241,1513188807.1694682,3342
query,1513188807.1694725,1513188807.2492836,3343
query,1513188807.249288,1513188807.3206313,1927
query,1513188807.3206353,1513188807.418112,4067
query,1513188807.4181159,1513188807.518796,4476
query,1513188807.5187986,1513188807.6072147,3713
query,1513188807.6072557,1513188807.697655,1872
query,1513188807.712197,1513188807.7615323,1
query,1513188807.7615368,1513188807.8417864,2372
query,1513188807.8417904,1513188807.930704,4450
query,1513188807.9307084,1513188807.9941196,598
query,1513188807.9941235,1513188808.0821238,3177
query,1513188808.082128,1513188808.1695266,3540
query,1513188808.1695309,1513188808.242204,1130
query,1513188808.2422078,1513188808.3205178,2515
query,1513188808.3205218,1513188808.4029388,3282
query,1513188808.4029427,1513188808.4712691,1370
query,1513188808.471273,1513188808.5505223,1890
query,1513188808.5505254,1513188808.6287453,2814
query,1513188808.6287491,1513188808.7155323,3594
query,1513188808.7155359,1513188808.7966805,2279
query,1513188808.7966855,1513188808.8953204,4200
query,1513188808.895324,1513188808.9381366,0
query,1513188808.9381404,1513188809.0140607,2219
query,1513188809.0140646,1513188809.1035326,2537
query,1513188809.1035364,1513188809.1896148,3758
query,1513188809.1896517,1513188809.2806327,1147
query,1513188809.2941277,1513188809.3670816,3330
query,1513188809.3670855,1513188809.4529722,3611
query,1513188809.4529762,1513188809.551163,4298
query,1513188809.551167,1513188809.624433,979
query,1513188809.6244378,1513188809.7057993,2007
query,1513188809.7058027,1513188809.7887974,2671
query,1513188809.7888014,1513188809.8627605,1936
query,1513188809.8627648,1513188809.9306042,2063
query,1513188809.9306083,1513188810.017674,4160
query,1513188810.0176778,1513188810.115264,2666
query,1513188810.115267,1513188810.2051466,3038
query,1513188810.2051506,1513188810.298613,3513
query,1513188810.2986171,1513188810.4003572,4077
query,1513188810.400361,1513188810.4808793,2569
query,1513188810.4808834,1513188810.5368512,1592
query,1513188810.5368545,1513188810.599983,1391
query,1513188810.599987,1513188810.6627386,1306
query,1513188810.6627426,1513188810.754989,3487
query,1513188810.7549927,1513188810.8306901,2458
query,1513188810.8307292,1513188810.933826,3183
query,1513188810.9492893,1513188811.039689,4014
query,1513188811.039694,1513188811.1319017,4103
query,1513188811.1319065,1513188811.2072148,2521
query,1513188811.2072191,1513188811.2880225,3224
query,1513188811.2880268,1513188811.362934,3962
query,1513188811.3629367,1513188811.4524012,3733
query,1513188811.452405,1513188811.539741,4458
query,1513188811.539745,1513188811.6394658,3967
query,1513188811.6394699,1513188811.7079542,618
query,1513188811.7079573,1513188811.778777,664
query,1513188811.7787805,1513188811.8643672,1125
query,1513188811.8643713,1513188811.9412317,1632
query,1513188811.941236,1513188812.0117934,985
query,1513188812.0117974,1513188812.1106486,4373
query,1513188812.110653,1513188812.2039216,4376
query,1513188812.2039254,1513188812.2812693,2973
query,1513188812.2812731,1513188812.322819,0
query,1513188812.322822,1513188812.4010763,874
query,1513188812.40108,1513188812.480678,3866
query,1513188812.4807124,1513188812.5602236,16
query,1513188812.574493,1513188812.6428022,2079
query,1513188812.6428063,1513188812.7153087,1637
query,1513188812.7153125,1513188812.81215,4271
query,1513188812.812154,1513188812.8987846,4027
query,1513188812.8987887,1513188812.9509416,316
query,1513188812.9509451,1513188813.0193508,3316
query,1513188813.019356,1513188813.0799177,1089
query,1513188813.0799217,1513188813.1422405,2809
query,1513188813.1422443,1513188813.2235482,3385
query,1513188813.2235518,1513188813.3176415,3837
query,1513188813.3176455,1513188813.3599133,0
query,1513188813.359918,1513188813.4281945,2120
query,1513188813.428198,1513188813.4910314,1075
query,1513188813.491035,1513188813.5593243,2629
query,1513188813.5593283,1513188813.6355426,2115
query,1513188813.635547,1513188813.7006397,602
query,1513188813.7006435,1513188813.7903223,2806
query,1513188813.7903259,1513188813.861701,3616
query,1513188813.8617046,1513188813.9564564,4154
query,1513188813.9564931,1513188814.0313852,305
query,1513188814.0437398,1513188814.1222694,3766
query,1513188814.1222727,1513188814.1971536,1098
query,1513188814.1971571,1513188814.2701817,1588
query,1513188814.270186,1513188814.3708045,3222
query,1513188814.370808,1513188814.4578302,4591
query,1513188814.4578333,1513188814.521626,910
query,1513188814.5216298,1513188814.6153045,3706
query,1513188814.6153085,1513188814.728324,4897
query,1513188814.7283282,1513188814.8122575,1653
query,1513188814.8122616,1513188814.8771544,1116
query,1513188814.8771589,1513188814.9560645,2252
query,1513188814.9560676,1513188815.0313287,1990
query,1513188815.0313349,1513188815.092672,1
query,1513188815.092676,1513188815.17244,2992
query,1513188815.1724427,1513188815.245104,2482
query,1513188815.245108,1513188815.3263648,2235
query,1513188815.3263679,1513188815.401443,2654
query,1513188815.401447,1513188815.4693723,62
query,1513188815.4693763,1513188815.5414946,835
query,1513188815.541527,1513188815.6573868,572
query,1513188815.6720579,1513188815.7485995,1130
query,1513188815.7486033,1513188815.8233747,1275
query,1513188815.8233783,1513188815.8834982,4
query,1513188815.8835018,1513188815.9534748,310
query,1513188815.9534786,1513188816.0286121,1913
query,1513188816.028616,1513188816.097486,288
query,1513188816.0974898,1513188816.1676824,1803
query,1513188816.1676855,1513188816.2404346,1361
query,1513188816.2404382,1513188816.321002,3686
query,1513188816.321006,1513188816.406038,3733
query,1513188816.4060419,1513188816.4746041,1112
query,1513188816.4746068,1513188816.5580726,4000
query,1513188816.5580757,1513188816.6385558,1516
query,1513188816.6385589,1513188816.7064602,2211
query,1513188816.7064643,1513188816.7689602,1067
query,1513188816.7689648,1513188816.8291605,14
query,1513188816.829163,1513188816.8941875,2106
query,1513188816.8941908,1513188817.0005927,4130
query,1513188817.0005965,1513188817.0826175,4544
query,1513188817.0826647,1513188817.1759202,2797
query,1513188817.1898022,1513188817.2910051,3813
query,1513188817.2910097,1513188817.3859189,4174
query,1513188817.3859222,1513188817.4590633,1501
query,1513188817.4590664,1513188817.5743914,4017
query,1513188817.5743947,1513188817.6269717,0
query,1513188817.6269765,1513188817.7134426,3826
query,1513188817.7134473,1513188817.793725,2817
query,1513188817.793729,1513188817.8717685,3197
query,1513188817.8717735,1513188817.944757,1919
query,1513188817.944761,1513188818.025752,1921
query,1513188818.025756,1513188818.088443,307
query,1513188818.0884478,1513188818.1664946,3791
query,1513188818.1665,1513188818.238859,2072
query,1513188818.238865,1513188818.3236802,3215
query,1513188818.3236847,1513188818.4080336,2365
query,1513188818.408038,1513188818.5066578,4523
query,1513188818.5066621,1513188818.6049118,4248
query,1513188818.6049156,1513188818.6982563,3697
query,1513188818.6982598,1513188818.7971578,4232
query,1513188818.7971964,1513188818.8908656,1154
query,1513188818.8999264,1513188818.978267,1857
query,1513188818.978271,1513188819.0439472,1836
query,1513188819.0439525,1513188819.1109567,2626
query,1513188819.110961,1513188819.1820266,2255
query,1513188819.1820307,1513188819.274111,3612
query,1513188819.274115,1513188819.341558,1460
query,1513188819.341562,1513188819.4261267,2428
query,1513188819.426131,1513188819.50643,3880
query,1513188819.5064337,1513188819.5721393,859
query,1513188819.572143,1513188819.6501865,1876
query,1513188819.6501904,1513188819.7402349,4080
query,1513188819.7402387,1513188819.8108087,1313
query,1513188819.8108122,1513188819.90461,3942
query,1513188819.9046137,1513188819.9780927,2529
query,1513188819.9780967,1513188820.063961,3884
query,1513188820.0639656,1513188820.1446836,3479
query,1513188820.1446881,1513188820.2168872,2198
query,1513188820.2168922,1513188820.279863,7
query,1513188820.2798672,1513188820.3574514,3335
query,1513188820.3575008,1513188820.4616656,3716
query,1513188820.472759,1513188820.5422707,290
query,1513188820.5422757,1513188820.6284587,2436
query,1513188820.6284637,1513188820.6947107,12
query,1513188820.6947148,1513188820.772036,1635
query,1513188820.7720406,1513188820.8422897,568
query,1513188820.842294,1513188820.934685,3309
query,1513188820.9346893,1513188821.0408635,4321
query,1513188821.040867,1513188821.1367273,3963
query,1513188821.1367311,1513188821.2126803,3077
query,1513188821.2126842,1513188821.2785835,875
query,1513188821.278588,1513188821.3557446,2127
query,1513188821.3557487,1513188821.4409103,3256
query,1513188821.4409149,1513188821.5452025,4073
query,1513188821.5452065,1513188821.6318111,3320
query,1513188821.6318157,1513188821.673445,0
query,1513188821.6734495,1513188821.7725768,3986
query,1513188821.7725809,1513188821.853767,2027
query,1513188821.8537707,1513188821.9554348,4167
query,1513188821.9554389,1513188822.0365474,2664
query,1513188822.0365849,1513188822.113104,3
query,1513188822.126913,1513188822.2171993,4447
query,1513188822.2172062,1513188822.2939358,1138
query,1513188822.2939403,1513188822.335526,0
query,1513188822.3355308,1513188822.4263663,2988
query,1513188822.4263709,1513188822.5196013,3016
query,1513188822.5196052,1513188822.6112368,3593
query,1513188822.6112406,1513188822.6873384,2405
query,1513188822.6873424,1513188822.753358,434
query,1513188822.7533617,1513188822.8207605,708
query,1513188822.8207653,1513188822.9110947,3623
query,1513188822.9110985,1513188823.0027332,3764
query,1513188823.0027375,1513188823.0922494,3890
query,1513188823.0922534,1513188823.1790204,4268
query,1513188823.1790242,1513188823.2327118,299
query,1513188823.2327154,1513188823.3148503,4008
query,1513188823.3148541,1513188823.388183,3585
query,1513188823.3881872,1513188823.4595878,772
query,1513188823.459592,1513188823.5225441,2298
query,1513188823.5225472,1513188823.580665,1081
query,1513188823.5806942,1513188823.6675956,515
query,1513188823.6761112,1513188823.7720723,4520
query,1513188823.7720766,1513188823.840555,3668
query,1513188823.8405583,1513188823.9121773,2716
query,1513188823.9121804,1513188824.000323,3492
query,1513188824.0003266,1513188824.0833602,4215
query,1513188824.083364,1513188824.1665356,3539
query,1513188824.1665394,1513188824.241314,3208
query,1513188824.241318,1513188824.320431,2170
query,1513188824.320435,1513188824.4048228,2638
query,1513188824.4048264,1513188824.4764104,1367
query,1513188824.4764142,1513188824.5623467,1799
query,1513188824.562351,1513188824.6534808,3480
query,1513188824.6534848,1513188824.695736,0
query,1513188824.6957407,1513188824.7952213,3817
query,1513188824.7952247,1513188824.878937,3619
query,1513188824.87894,1513188824.966105,3324
query,1513188824.9661086,1513188825.0574312,2689
query,1513188825.0574346,1513188825.148952,4152
query,1513188825.1489558,1513188825.229976,2851
query,1513188825.2300117,1513188825.2935045,0
query,1513188825.2949166,1513188825.3621633,326
query,1513188825.3621666,1513188825.4487169,2853
query,1513188825.4487202,1513188825.5448747,3925
query,1513188825.5448785,1513188825.6307025,2445
query,1513188825.6307063,1513188825.7320848,4254
query,1513188825.7320893,1513188825.812463,1908
query,1513188825.8124669,1513188825.9045682,3763
query,1513188825.9045718,1513188826.2024226,3221
query,1513188826.2024262,1513188826.3058472,4503
query,1513188826.3058522,1513188826.3540463,0
query,1513188826.3540514,1513188826.4275637,1912
query,1513188826.4275672,1513188826.4901168,291
query,1513188826.4901202,1513188826.5673234,2030
query,1513188826.5673275,1513188826.6729035,3854
query,1513188826.6729074,1513188826.7703154,4186
query,1513188826.7703197,1513188826.8631408,3938
query,1513188826.863145,1513188826.9296608,8
query,1513188826.9296644,1513188826.9813068,2
query,1513188826.9813106,1513188827.0873046,4650
query,1513188827.0873404,1513188827.1797307,289
query,1513188827.1920853,1513188827.2624037,1782
query,1513188827.262407,1513188827.350168,3451
query,1513188827.3501725,1513188827.4640489,3873
query,1513188827.4640527,1513188827.5496728,2848
query,1513188827.5496762,1513188827.6267645,3835
query,1513188827.6267684,1513188827.9169664,217
query,1513188827.9169703,1513188828.0087,3602
query,1513188828.008704,1513188828.0890775,2248
query,1513188828.0890818,1513188828.1626773,2407
query,1513188828.162681,1513188828.2391536,1984
query,1513188828.2391577,1513188828.3178596,2099
query,1513188828.317863,1513188828.3952367,3943
query,1513188828.3952405,1513188828.4809086,4426
query,1513188828.480912,1513188828.5415585,608
query,1513188828.5415623,1513188828.6327457,4294
query,1513188828.6327493,1513188828.711767,2532
query,1513188828.7117715,1513188828.7969809,3690
query,1513188828.7969851,1513188828.8860888,3531
query,1513188828.8860931,1513188828.986163,3670
query,1513188828.986204,1513188829.0855725,1879
query,1513188829.099441,1513188829.1966376,3830
query,1513188829.196642,1513188829.2886984,4032
query,1513188829.2887022,1513188829.3546124,15
query,1513188829.3546164,1513188829.4413853,3459
query,1513188829.4413896,1513188829.515824,2847
query,1513188829.515828,1513188829.5793417,803
query,1513188829.5793452,1513188829.6723177,3752
query,1513188829.6723218,1513188829.742465,1317
query,1513188829.7424688,1513188829.8284864,3453
query,1513188829.8284903,1513188829.9014163,1289
query,1513188829.90142,1513188829.989607,3056
query,1513188829.989611,1513188830.0619326,2257
query,1513188830.0619366,1513188830.1305609,2980
query,1513188830.1305645,1513188830.2009976,2839
query,1513188830.2010012,1513188830.263119,162
query,1513188830.263123,1513188830.331826,567
query,1513188830.3318298,1513188830.3881955,576
query,1513188830.3881996,1513188830.4655032,2310
query,1513188830.4655063,1513188830.532332,1201
query,1513188830.5323703,1513188830.6263647,3350
query,1513188830.6400025,1513188830.7144935,1531
query,1513188830.7144966,1513188830.7998612,4023
query,1513188830.7998664,1513188830.8824985,2259
query,1513188830.8825037,1513188830.9715037,2445
query,1513188830.9715073,1513188831.0622554,3295
query,1513188831.0622594,1513188831.153732,3438
query,1513188831.1537356,1513188831.2475977,1594
query,1513188831.2476008,1513188831.341956,4412
query,1513188831.341959,1513188831.4293985,3695
query,1513188831.4294026,1513188831.5408034,4307
query,1513188831.540808,1513188831.623173,2774
query,1513188831.6231778,1513188831.6883583,1743
query,1513188831.6883612,1513188831.7675254,2993
query,1513188831.7675283,1513188831.8609886,3674
query,1513188831.8609934,1513188831.9423811,2439
query,1513188831.942385,1513188832.0501287,4706
query,1513188832.0501332,1513188832.134244,3270
query,1513188832.13425,1513188832.2239258,3480
query,1513188832.22393,1513188832.3084679,3974
query,1513188832.308506,1513188832.3655112,0
query,1513188832.3669095,1513188832.430691,947
query,1513188832.430695,1513188832.4970489,738
query,1513188832.497052,1513188832.5656676,1049
query,1513188832.5656714,1513188832.6763568,3435
query,1513188832.6763608,1513188832.7531075,1800
query,1513188832.7531118,1513188832.8186355,1554
query,1513188832.8186398,1513188832.9101822,3976
query,1513188832.9101863,1513188833.0015767,569
query,1513188833.0015805,1513188833.0795186,2967
query,1513188833.0795224,1513188833.1245692,0
query,1513188833.124573,1513188833.2049372,2365
query,1513188833.2049406,1513188833.2560766,1
query,1513188833.2560813,1513188833.3282018,4
query,1513188833.3282063,1513188833.4274433,3530
query,1513188833.4274476,1513188833.4972258,377
query,1513188833.49723,1513188833.5653734,2099
query,1513188833.5653784,1513188833.6551852,3803
query,1513188833.6551895,1513188833.7197604,921
query,1513188833.7197635,1513188833.7925918,2018
query,1513188833.792622,1513188833.9109914,4114
query,1513188833.9243472,1513188834.0089686,3860
query,1513188834.0089736,1513188834.0857701,2215
query,1513188834.0857737,1513188834.13893,2
query,1513188834.1389344,1513188834.2296917,3542
query,1513188834.2296984,1513188834.3238342,4129
query,1513188834.3238385,1513188834.4047954,2333
query,1513188834.404801,1513188834.4891677,2910
query,1513188834.4891746,1513188834.5645294,1310
query,1513188834.564535,1513188834.6432166,2092
query,1513188834.6432207,1513188834.698711,0
query,1513188834.6987157,1513188834.7813778,3297
query,1513188834.781393,1513188834.8245134,0
query,1513188834.8245173,1513188834.8941472,1954
query,1513188834.8941522,1513188834.955744,531
query,1513188834.9557471,1513188835.0201273,2028
query,1513188835.0201306,1513188835.0851502,529
query,1513188835.0851536,1513188835.1685617,2923
query,1513188835.1685672,1513188835.2421181,2281
query,1513188835.242123,1513188835.3439877,4165
query,1513188835.3440242,1513188835.4395928,892
query,1513188835.4478188,1513188835.491052,0
query,1513188835.491055,1513188835.566118,2207
query,1513188835.566122,1513188835.6566274,3362
query,1513188835.6566315,1513188835.7265396,155
query,1513188835.726544,1513188835.8286424,2616
query,1513188835.8286462,1513188835.9144464,2537
query,1513188835.9144511,1513188835.9855998,2663
query,1513188835.985604,1513188836.063269,3112
query,1513188836.0632727,1513188836.1491983,2536
query,1513188836.1492026,1513188836.2294729,3698
query,1513188836.229477,1513188836.307923,3583
query,1513188836.3079278,1513188836.386642,2300
query,1513188836.386646,1513188836.4754894,4070
query,1513188836.4754934,1513188836.5302734,0
query,1513188836.530278,1513188836.6311374,4364
query,1513188836.6311402,1513188836.702785,599
query,1513188836.7027879,1513188836.7827508,1674
query,1513188836.7827547,1513188836.8533702,2640
query,1513188836.8533738,1513188836.9471748,3710
query,1513188836.9472106,1513188837.0561013,3327
query,1513188837.0640357,1513188837.142327,2960
query,1513188837.1423302,1513188837.2276363,3511
query,1513188837.2276409,1513188837.3143497,2573
query,1513188837.3143544,1513188837.395008,619
query,1513188837.395012,1513188837.468369,663
query,1513188837.4683723,1513188837.5099561,0
query,1513188837.50996,1513188837.6070335,3731
query,1513188837.6070368,1513188837.7025938,4028
query,1513188837.7025974,1513188837.781121,2568
query,1513188837.7811246,1513188837.891206,4371
query,1513188837.8912098,1513188837.9729238,2733
query,1513188837.9729276,1513188838.0979896,4784
query,1513188838.0979936,1513188838.1686482,950
query,1513188838.1686525,1513188838.2788215,4040
query,1513188838.278826,1513188838.3784242,4275
query,1513188838.3784282,1513188838.4705274,2801
query,1513188838.4705338,1513188838.5507967,2339
query,1513188838.5508018,1513188838.653819,4004
query,1513188838.6538227,1513188838.7225468,2406
query,1513188838.722581,1513188838.8286588,4286
query,1513188838.8365855,1513188838.9296265,3811
query,1513188838.9296303,1513188839.0133982,3410
query,1513188839.013402,1513188839.1080925,4191
query,1513188839.1080976,1513188839.1769447,6
query,1513188839.1769493,1513188839.2627573,3374
query,1513188839.2627614,1513188839.3448265,2742
query,1513188839.3448305,1513188839.3921099,1
query,1513188839.3921142,1513188839.4768124,3078
query,1513188839.4768164,1513188839.5808356,4362
query,1513188839.5808399,1513188839.6516302,355
query,1513188839.6516342,1513188839.7315617,2009
query,1513188839.731566,1513188839.8021529,431
query,1513188839.8021567,1513188839.8975365,3517
query,1513188839.8975399,1513188839.9891999,3733
query,1513188839.9892027,1513188840.0560555,1106
query,1513188840.0560598,1513188840.1373777,1892
query,1513188840.1373825,1513188840.2114832,2010
query,1513188840.2114873,1513188840.3082619,3683
query,1513188840.3082666,1513188840.400449,3608
query,1513188840.400478,1513188840.52959,4634
query,1513188840.542923,1513188840.6299257,3547
query,1513188840.6299286,1513188840.7082481,2165
query,1513188840.7082522,1513188840.7890685,3132
query,1513188840.7890728,1513188840.8644395,1579
query,1513188840.8644435,1513188840.9411724,1501
query,1513188840.9411762,1513188841.0388596,3171
query,1513188841.0388644,1513188841.1408558,2266
query,1513188841.1408591,1513188841.234326,4046
query,1513188841.23433,1513188841.3063896,1442
query,1513188841.3063939,1513188841.3910353,2988
query,1513188841.3910391,1513188841.4881256,4468
query,1513188841.4881294,1513188841.5688689,2130
query,1513188841.5688734,1513188841.640955,698
query,1513188841.640959,1513188841.7335901,2938
query,1513188841.733594,1513188841.8288293,2537
query,1513188841.8288324,1513188841.9123054,2189
query,1513188841.912309,1513188842.0017083,3470
query,1513188842.0017118,1513188842.0805962,2114
query,1513188842.0806,1513188842.1583378,1581
query,1513188842.1583748,1513188842.2768571,3796
query,1513188842.290107,1513188842.3829765,3630
query,1513188842.3829806,1513188842.464684,3362
query,1513188842.464688,1513188842.5429585,3258
query,1513188842.5429626,1513188842.6230469,2172
query,1513188842.6230507,1513188842.6966262,1087
query,1513188842.6966298,1513188842.7822642,3135
query,1513188842.7822685,1513188842.8796377,3059
query,1513188842.879641,1513188842.9551058,2564
query,1513188842.9551094,1513188843.034794,1653
query,1513188843.0347977,1513188843.1303878,2762
query,1513188843.130392,1513188843.2155328,3853
query,1513188843.2155354,1513188843.291565,2013
query,1513188843.291568,1513188843.3813374,2850
query,1513188843.3813412,1513188843.4475434,46
query,1513188843.4475472,1513188843.543149,4109
query,1513188843.543153,1513188843.6162887,1151
query,1513188843.6162927,1513188843.6909628,2058
query,1513188843.6909666,1513188843.7942843,4440
query,1513188843.7942886,1513188843.8677125,720
query,1513188843.867753,1513188843.9657283,2047
query,1513188843.9800704,1513188844.066092,3793
query,1513188844.066096,1513188844.1450815,3004
query,1513188844.1450846,1513188844.218398,3367
query,1513188844.2184026,1513188844.275505,714
query,1513188844.275509,1513188844.3436174,133
query,1513188844.3436217,1513188844.401607,48
query,1513188844.4016116,1513188844.4588945,136
query,1513188844.4588985,1513188844.5348186,1954
query,1513188844.534823,1513188844.6293435,4077
query,1513188844.629348,1513188844.7129176,1935
query,1513188844.7129226,1513188844.8062189,2863
query,1513188844.8062232,1513188844.8952978,3218
query,1513188844.8953023,1513188844.960553,5
query,1513188844.960557,1513188845.0560713,3985
query,1513188845.056076,1513188845.1401994,3322
query,1513188845.1402023,1513188845.236557,3747
query,1513188845.236561,1513188845.3206189,2598
query,1513188845.3206232,1513188845.3612752,0
query,1513188845.3612792,1513188845.4413087,2722
query,1513188845.4413488,1513188845.5326784,190
query,1513188845.5418665,1513188845.6350396,3539
query,1513188845.6350436,1513188845.7445061,3577
query,1513188845.74451,1513188845.8250034,2787
query,1513188845.8250074,1513188845.8673413,0
query,1513188845.8673444,1513188845.9466949,1906
query,1513188845.9466975,1513188846.0279412,2732
query,1513188846.027945,1513188846.1150308,4256
query,1513188846.1150348,1513188846.1720371,1320
query,1513188846.1720402,1513188846.2383292,1226
query,1513188846.2383327,1513188846.3319376,1984
query,1513188846.3319407,1513188846.4002066,752
query,1513188846.4002104,1513188846.456191,2
query,1513188846.4561949,1513188846.5330648,2494
query,1513188846.533069,1513188846.6012862,3265
query,1513188846.6012902,1513188846.669898,2721
query,1513188846.6699014,1513188846.7225873,146
query,1513188846.72259,1513188846.803053,2383
query,1513188846.8030558,1513188846.8920202,2555
query,1513188846.892023,1513188846.954711,1865
query,1513188846.9547384,1513188847.0703812,4624
query,1513188847.082704,1513188847.1766121,3782
query,1513188847.1766162,1513188847.244585,4
query,1513188847.2445889,1513188847.333415,3328
query,1513188847.3334198,1513188847.4170382,3678
query,1513188847.4170432,1513188847.4858863,2816
query,1513188847.4858904,1513188847.5872803,4497
query,1513188847.5872843,1513188847.6611845,1894
query,1513188847.6611884,1513188847.729345,623
query,1513188847.7293494,1513188847.8043478,416
query,1513188847.8043523,1513188847.8877633,3987
query,1513188847.8877676,1513188847.953641,3442
query,1513188847.953646,1513188848.029999,1005
query,1513188848.0300028,1513188848.1201634,3801
query,1513188848.1201675,1513188848.1961782,2032
query,1513188848.196182,1513188848.2890723,3706
query,1513188848.2890763,1513188848.3814275,3773
query,1513188848.3814313,1513188848.4528189,878
query,1513188848.4528227,1513188848.5252545,535
query,1513188848.5252585,1513188848.5938663,218
query,1513188848.593904,1513188848.722225,4471
query,1513188848.7307289,1513188848.8064504,1518
query,1513188848.8064544,1513188848.8840597,1814
query,1513188848.8840635,1513188848.9635158,2292
query,1513188848.9635196,1513188849.0429726,939
query,1513188849.042978,1513188849.1553454,4970
query,1513188849.1553495,1513188849.2459447,3499
query,1513188849.245948,1513188849.3204885,538
query,1513188849.3204913,1513188849.3924065,556
query,1513188849.3924103,1513188849.475798,2074
query,1513188849.475802,1513188849.5520759,1425
query,1513188849.55208,1513188849.6199226,561
query,1513188849.6199267,1513188849.7062564,3825
query,1513188849.7062607,1513188849.8000062,4190
query,1513188849.8000102,1513188849.8379002,0
query,1513188849.837904,1513188849.9097824,2416
query,1513188849.9097867,1513188850.0294247,4525
query,1513188850.029429,1513188850.1130683,2872
query,1513188850.1130722,1513188850.2133486,4104
query,1513188850.2133522,1513188850.2873545,3055
query,1513188850.2873874,1513188850.399721,3703
query,1513188850.4078097,1513188850.4754028,176
query,1513188850.4754064,1513188850.5651598,2051
query,1513188850.5651639,1513188850.6382043,667
query,1513188850.6382072,1513188850.7144601,1909
query,1513188850.7144635,1513188850.7978587,3638
query,1513188850.7978618,1513188850.890395,4402
query,1513188850.8903978,1513188850.97121,3599
query,1513188850.971214,1513188851.091989,4379
query,1513188851.0919924,1513188851.1734936,3761
query,1513188851.1734967,1513188851.2577565,2592
query,1513188851.2577612,1513188851.3213854,1837
query,1513188851.3213894,1513188851.395278,1365
query,1513188851.3952818,1513188851.4849973,3733
query,1513188851.4850001,1513188851.5916102,3991
query,1513188851.5916321,1513188851.6581357,16
query,1513188851.6581404,1513188851.7352915,2885
query,1513188851.7352946,1513188851.8079574,1735
query,1513188851.8079624,1513188851.8828113,29
query,1513188851.8828144,1513188851.9258332,0
query,1513188851.9258797,1513188852.0010686,340
query,1513188852.0156999,1513188852.1025348,1933
query,1513188852.1025374,1513188852.192698,3809
query,1513188852.192702,1513188852.2937965,3544
query,1513188852.2937999,1513188852.3946562,3948
query,1513188852.3946595,1513188852.4831378,3599
query,1513188852.4831414,1513188852.5561302,369
query,1513188852.5561347,1513188852.622048,26
query,1513188852.6220515,1513188852.7051642,3587
query,1513188852.705168,1513188852.7931297,3052
query,1513188852.793133,1513188852.8658354,579
query,1513188852.8658378,1513188852.9632406,4294
query,1513188852.9632444,1513188853.0453608,2322
query,1513188853.0453649,1513188853.148033,3936
query,1513188853.1480358,1513188853.2617257,4513
query,1513188853.2617288,1513188853.3301163,1094
query,1513188853.3301194,1513188853.402643,1339
query,1513188853.4026458,1513188853.4991302,3824
query,1513188853.4991343,1513188853.5904586,4068
query,1513188853.5904624,1513188853.679031,3845
