tables,1513106031.2882667,1513106803.2503603
query,1513106803.2519045,1513106803.5528963,79
query,1513106803.5706751,1513106803.7576869,245
query,1513106803.7576923,1513106803.93418,149
query,1513106803.934184,1513106804.0665863,65
query,1513106804.0665905,1513106804.1992562,12
query,1513106804.19926,1513106804.3517752,141
query,1513106804.3517792,1513106804.4761243,1
query,1513106804.4761286,1513106804.6250706,11
query,1513106804.6250746,1513106804.7676463,50
query,1513106804.76765,1513106804.9103367,12
query,1513106804.9103415,1513106805.069645,85
query,1513106805.0696492,1513106805.2092457,108
query,1513106805.2092612,1513106805.3520236,85
query,1513106805.3520277,1513106805.6367576,261
query,1513106805.6367617,1513106805.8404408,32
query,1513106805.8404453,1513106806.0033782,161
query,1513106806.0033822,1513106806.1504881,1
query,1513106806.150492,1513106806.339802,85
query,1513106806.339807,1513106806.5521636,6
query,1513106806.552167,1513106806.7554069,83
query,1513106806.7554686,1513106806.9819503,53
query,1513106806.9912107,1513106807.1778011,65
query,1513106807.1778204,1513106807.3325155,83
query,1513106807.3325193,1513106807.4809577,325
query,1513106807.480962,1513106807.6631014,25
query,1513106807.6631064,1513106807.9020684,85
query,1513106807.9020734,1513106808.0949757,85
query,1513106808.0949814,1513106808.2569177,85
query,1513106808.2569222,1513106808.3870783,85
query,1513106808.3870828,1513106808.5695007,85
query,1513106808.5695047,1513106808.6879435,0
query,1513106808.6879478,1513106808.99108,3
query,1513106808.991083,1513106809.180171,417
query,1513106809.180175,1513106809.3697937,29
query,1513106809.369798,1513106809.6075733,482
query,1513106809.607578,1513106809.7859263,180
query,1513106809.7859294,1513106809.9138873,0
query,1513106809.913891,1513106810.0794184,50
query,1513106810.079423,1513106810.2431276,165
query,1513106810.243131,1513106810.433821,75
query,1513106810.4338534,1513106810.6493587,766
query,1513106810.6610985,1513106810.8151367,515
query,1513106810.8151405,1513106810.9534106,451
query,1513106810.9534159,1513106811.095429,744
query,1513106811.0954332,1513106811.2351658,16
query,1513106811.2351713,1513106811.3664966,484
query,1513106811.3664994,1513106811.5581777,425
query,1513106811.5581815,1513106811.713337,846
query,1513106811.7133415,1513106811.8214111,0
query,1513106811.8214152,1513106811.943089,1
query,1513106811.9430933,1513106812.0906,454
query,1513106812.0906034,1513106812.231159,0
query,1513106812.2311625,1513106812.4674902,717
query,1513106812.4675083,1513106812.6696923,181
query,1513106812.6696954,1513106812.8305955,107
query,1513106812.8305984,1513106813.0186937,140
query,1513106813.018697,1513106813.199343,86
query,1513106813.1993477,1513106813.3314226,388
query,1513106813.3314261,1513106813.494774,157
query,1513106813.4947782,1513106813.6185842,1
query,1513106813.6186185,1513106813.751303,1
query,1513106813.7557082,1513106813.9054444,60
query,1513106813.905448,1513106814.147098,734
query,1513106814.1471014,1513106814.309515,260
query,1513106814.3095188,1513106814.4283726,1
query,1513106814.4283772,1513106814.601506,90
query,1513106814.601509,1513106814.7543666,107
query,1513106814.7543695,1513106814.9405067,637
query,1513106814.9405098,1513106815.1668952,291
query,1513106815.166913,1513106815.44558,5
query,1513106815.4455838,1513106815.6027362,359
query,1513106815.6027408,1513106815.7948048,544
query,1513106815.79481,1513106815.9375937,0
query,1513106815.9375978,1513106816.1486912,94
query,1513106816.1486957,1513106816.317132,235
query,1513106816.3171363,1513106816.455635,230
query,1513106816.455639,1513106816.574491,0
query,1513106816.5744946,1513106816.707451,3
query,1513106816.707456,1513106816.8898954,180
query,1513106816.8899,1513106817.0388455,48
query,1513106817.0388832,1513106817.1931736,411
query,1513106817.206279,1513106817.350387,19
query,1513106817.3503914,1513106817.5058157,146
query,1513106817.5058193,1513106817.6516955,2
query,1513106817.6516979,1513106817.8618364,369
query,1513106817.8618405,1513106818.078967,8
query,1513106818.0789704,1513106818.2218037,0
query,1513106818.221807,1513106818.419094,561
query,1513106818.419098,1513106818.6352384,5
query,1513106818.6352427,1513106818.8429918,88
query,1513106818.8429964,1513106819.010375,181
query,1513106819.0103784,1513106819.1569154,16
query,1513106819.156919,1513106819.3177383,2
query,1513106819.317742,1513106819.4767668,2
query,1513106819.4767935,1513106819.610691,3
query,1513106819.6106951,1513106819.7795718,258
query,1513106819.7795753,1513106819.9755976,151
query,1513106819.9756017,1513106820.1626127,294
query,1513106820.1626158,1513106820.3067322,218
query,1513106820.3067377,1513106820.4658685,613
query,1513106820.4659142,1513106820.6164448,2
query,1513106820.623443,1513106820.7839873,183
query,1513106820.7839909,1513106820.9530325,303
query,1513106820.9530377,1513106821.1114502,32
query,1513106821.1114542,1513106821.3003,181
query,1513106821.3003032,1513106821.472501,305
query,1513106821.4725053,1513106821.6515894,504
query,1513106821.6515937,1513106821.8088913,150
query,1513106821.8088963,1513106821.9085608,1
query,1513106821.9085646,1513106822.075368,668
query,1513106822.0753715,1513106822.2270331,111
query,1513106822.2270389,1513106822.3880503,155
query,1513106822.388056,1513106822.5233393,49
query,1513106822.5233428,1513106822.6804578,21
query,1513106822.6804624,1513106822.8549886,60
query,1513106822.8549938,1513106823.049986,4
query,1513106823.0499902,1513106823.2066052,225
query,1513106823.2066095,1513106823.359108,704
query,1513106823.3591123,1513106823.5399387,84
query,1513106823.5399423,1513106823.7330263,4
query,1513106823.733062,1513106823.9579387,3
query,1513106823.9722385,1513106824.0932305,120
query,1513106824.0932343,1513106824.2143106,659
query,1513106824.214314,1513106824.3244958,1
query,1513106824.3244994,1513106824.6354437,128
query,1513106824.6354487,1513106824.8475597,326
query,1513106824.8475645,1513106825.0104308,2
query,1513106825.010435,1513106825.1879852,724
query,1513106825.18799,1513106825.3645263,5
query,1513106825.3645442,1513106825.518838,583
query,1513106825.5188415,1513106825.6791253,105
query,1513106825.6791291,1513106825.8600526,349
query,1513106825.860056,1513106826.0478566,4
query,1513106826.0479167,1513106826.2484598,15
query,1513106826.2484624,1513106826.4539428,648
query,1513106826.4539466,1513106826.6175961,2
query,1513106826.6176007,1513106826.7744725,138
query,1513106826.7744772,1513106826.9306052,492
query,1513106826.9306102,1513106827.0903766,4
query,1513106827.0903811,1513106827.2505453,222
query,1513106827.2506,1513106827.4230366,125
query,1513106827.4360805,1513106827.6010885,315
query,1513106827.6010935,1513106827.7596695,99
query,1513106827.759673,1513106827.8980849,171
query,1513106827.898092,1513106828.0709834,541
query,1513106828.070989,1513106828.3096209,991
query,1513106828.3096244,1513106828.495944,70
query,1513106828.495948,1513106828.7303305,77
query,1513106828.7303467,1513106828.9132488,514
query,1513106828.9132528,1513106829.1095395,56
query,1513106829.1095433,1513106829.2720032,60
query,1513106829.2720065,1513106829.5383728,1
query,1513106829.5383766,1513106829.6871746,111
query,1513106829.6871786,1513106829.8354952,6
query,1513106829.8354995,1513106829.9395018,0
query,1513106829.939505,1513106830.1449242,6
query,1513106830.1449277,1513106830.3371487,246
query,1513106830.337152,1513106830.4590523,413
query,1513106830.4590561,1513106830.6078439,764
query,1513106830.60786,1513106830.7570834,588
query,1513106830.757123,1513106830.9509692,59
query,1513106830.9666772,1513106831.1270704,177
query,1513106831.127074,1513106831.2669482,309
query,1513106831.2669508,1513106831.4533687,164
query,1513106831.453372,1513106831.6031184,4
query,1513106831.6031218,1513106831.783186,10
query,1513106831.7831903,1513106831.9195096,265
query,1513106831.9195137,1513106832.1359584,836
query,1513106832.1359615,1513106832.3581865,132
query,1513106832.3581908,1513106832.5680552,9
query,1513106832.5680594,1513106832.7334273,539
query,1513106832.7334313,1513106832.9216738,150
query,1513106832.9216783,1513106833.0564616,147
query,1513106833.0564656,1513106833.2106318,318
query,1513106833.2106347,1513106833.3750632,485
query,1513106833.3750668,1513106833.6432033,860
query,1513106833.6432078,1513106833.8528745,325
query,1513106833.852879,1513106833.9489076,1
query,1513106833.948912,1513106834.0991397,167
query,1513106834.0991433,1513106834.2327144,602
query,1513106834.232816,1513106834.380108,116
query,1513106834.393524,1513106834.523415,223
query,1513106834.5234194,1513106834.650188,240
query,1513106834.650192,1513106834.834923,617
query,1513106834.8349266,1513106834.9794877,349
query,1513106834.979492,1513106835.1150417,106
query,1513106835.1150475,1513106835.2725291,85
query,1513106835.2725344,1513106835.3568609,0
query,1513106835.3568642,1513106835.492592,6
query,1513106835.492596,1513106835.630487,628
query,1513106835.630491,1513106835.7569182,6
query,1513106835.7569232,1513106835.8827906,42
query,1513106835.8827941,1513106836.0220654,0
query,1513106836.022071,1513106836.2006893,160
query,1513106836.200693,1513106836.32496,0
query,1513106836.3249638,1513106836.4337115,672
query,1513106836.4337149,1513106836.5717208,298
query,1513106836.5717266,1513106836.6988597,26
query,1513106836.698864,1513106836.851361,387
query,1513106836.8513649,1513106836.9992664,774
query,1513106836.9993153,1513106837.1844501,69
query,1513106837.1973035,1513106837.299709,1
query,1513106837.2997127,1513106837.418548,173
query,1513106837.4185524,1513106837.5671244,68
query,1513106837.5671299,1513106837.70515,229
query,1513106837.705154,1513106837.8206627,299
query,1513106837.820668,1513106838.063699,628
query,1513106838.0637038,1513106838.2009926,3
query,1513106838.2009969,1513106838.3588722,0
query,1513106838.3588762,1513106838.5597253,290
query,1513106838.55973,1513106838.7949889,6
query,1513106838.7949934,1513106839.0113065,199
query,1513106839.0113115,1513106839.1698592,733
query,1513106839.1698632,1513106839.3071847,14
query,1513106839.3071895,1513106839.4520898,80
query,1513106839.4520953,1513106839.6223059,253
query,1513106839.622316,1513106839.7258143,19
query,1513106839.7258172,1513106839.8787494,25
query,1513106839.8787522,1513106839.9941044,286
query,1513106839.9941087,1513106840.1272671,49
query,1513106840.1273282,1513106840.4913194,53
query,1513106840.506296,1513106840.686567,4
query,1513106840.6865711,1513106840.81597,150
query,1513106840.8159735,1513106840.9748535,77
query,1513106840.974857,1513106841.138557,261
query,1513106841.1385608,1513106841.3296587,557
query,1513106841.3296628,1513106841.486234,496
query,1513106841.4862382,1513106841.6430323,701
query,1513106841.6430366,1513106841.8082201,15
query,1513106841.8082252,1513106841.9968517,0
query,1513106841.9968572,1513106842.1282349,161
query,1513106842.128239,1513106842.2709455,276
query,1513106842.2709513,1513106842.4180117,33
query,1513106842.4180162,1513106842.5911129,195
query,1513106842.5911174,1513106842.7857375,301
query,1513106842.785742,1513106842.8841326,0
query,1513106842.8841357,1513106843.0574768,797
query,1513106843.0574803,1513106843.2009614,688
query,1513106843.2009654,1513106843.3539746,6
query,1513106843.3539782,1513106843.5159469,6
query,1513106843.5160024,1513106843.6637774,333
query,1513106843.6754925,1513106843.8543422,844
query,1513106843.8543456,1513106844.0432832,24
query,1513106844.0432885,1513106844.19657,312
query,1513106844.1965735,1513106844.3695104,825
query,1513106844.3695145,1513106844.5453136,539
query,1513106844.545318,1513106844.6969109,241
query,1513106844.6969151,1513106844.8036056,0
query,1513106844.8036091,1513106844.9796364,2
query,1513106844.97964,1513106845.1632886,535
query,1513106845.1632924,1513106845.3048947,56
query,1513106845.3048995,1513106845.4310381,1
query,1513106845.4310408,1513106845.616062,564
query,1513106845.6160653,1513106845.7585087,8
query,1513106845.7585304,1513106845.9203117,618
query,1513106845.920315,1513106846.1626318,452
query,1513106846.1626477,1513106846.3541381,567
query,1513106846.3541567,1513106846.6173763,0
query,1513106846.617382,1513106846.8582246,0
query,1513106846.858229,1513106847.1279826,120
query,1513106847.1280513,1513106847.319188,785
query,1513106847.3328383,1513106847.561089,3
query,1513106847.5610929,1513106847.6819465,0
query,1513106847.6819506,1513106847.8261967,163
query,1513106847.8262002,1513106847.9769409,251
query,1513106847.9769459,1513106848.1104054,66
query,1513106848.1104097,1513106848.228242,0
query,1513106848.2282457,1513106848.3794637,1
query,1513106848.3794675,1513106848.5233402,518
query,1513106848.523345,1513106848.638285,1
query,1513106848.6382892,1513106848.7507114,0
query,1513106848.7507155,1513106848.9170713,60
query,1513106848.9170754,1513106849.0168743,0
query,1513106849.016878,1513106849.1888826,79
query,1513106849.1888874,1513106849.3504367,280
query,1513106849.35044,1513106849.5088325,606
query,1513106849.508838,1513106849.7006826,21
query,1513106849.7006874,1513106849.8989532,418
query,1513106849.89896,1513106850.03091,2
query,1513106850.0309148,1513106850.1844707,419
query,1513106850.1845171,1513106850.3612487,8
query,1513106850.3738687,1513106850.5151567,793
query,1513106850.5151608,1513106850.717711,113
query,1513106850.7177153,1513106850.8417828,50
query,1513106850.8417866,1513106850.987417,183
query,1513106850.9874213,1513106851.1353068,34
query,1513106851.135313,1513106851.2970128,35
query,1513106851.297017,1513106851.4376733,569
query,1513106851.4376764,1513106851.604661,91
query,1513106851.604665,1513106851.7396016,3
query,1513106851.739605,1513106851.9529169,149
query,1513106851.9529207,1513106852.136666,362
query,1513106852.13667,1513106852.2812986,794
query,1513106852.2813025,1513106852.4938827,24
query,1513106852.4938872,1513106852.6800625,0
query,1513106852.6800673,1513106852.859339,7
query,1513106852.8593435,1513106853.061186,0
query,1513106853.0611904,1513106853.3235428,206
query,1513106853.3235476,1513106853.4710155,618
query,1513106853.4710214,1513106853.621857,555
query,1513106853.6219053,1513106853.775559,11
query,1513106853.787711,1513106854.0131376,356
query,1513106854.0131414,1513106854.197347,298
query,1513106854.1973515,1513106854.3760474,528
query,1513106854.3760521,1513106854.523867,474
query,1513106854.5239353,1513106854.659192,65
query,1513106854.659196,1513106854.8307874,286
query,1513106854.8307912,1513106854.9598575,160
query,1513106854.959863,1513106855.1032135,89
query,1513106855.1032183,1513106855.3252687,675
query,1513106855.3252733,1513106855.4732423,0
query,1513106855.4732466,1513106855.6382387,131
query,1513106855.638242,1513106855.7657409,0
query,1513106855.7657442,1513106855.872222,3
query,1513106855.8722265,1513106856.0426695,665
query,1513106856.0426729,1513106856.1899366,8
query,1513106856.1899412,1513106856.343856,408
query,1513106856.3438601,1513106856.5029812,289
query,1513106856.5029855,1513106856.6240702,0
query,1513106856.6240745,1513106856.7708464,6
query,1513106856.7708912,1513106856.9274373,507
query,1513106856.9393678,1513106857.0710754,10
query,1513106857.0710793,1513106857.3912,824
query,1513106857.3912046,1513106857.571481,926
query,1513106857.571485,1513106857.7636168,110
query,1513106857.763621,1513106857.9243646,866
query,1513106857.9243686,1513106858.0946484,822
query,1513106858.0946522,1513106858.233456,145
query,1513106858.2334592,1513106858.3662577,140
query,1513106858.3662634,1513106858.5307174,364
query,1513106858.5307226,1513106858.722493,689
query,1513106858.7224963,1513106858.920886,881
query,1513106858.9208899,1513106859.0364997,0
query,1513106859.036504,1513106859.1885602,66
query,1513106859.188564,1513106859.375402,168
query,1513106859.3754072,1513106859.5873032,105
query,1513106859.587308,1513106859.7312214,20
query,1513106859.7312257,1513106859.8793564,182
query,1513106859.8793612,1513106860.0906472,24
query,1513106860.0906503,1513106860.2985055,624
query,1513106860.298539,1513106860.5388937,222
query,1513106860.550718,1513106860.7759578,791
query,1513106860.7759626,1513106860.9433916,100
query,1513106860.9433959,1513106861.1537142,2
query,1513106861.1537201,1513106861.3228679,631
query,1513106861.3228729,1513106861.4914658,138
query,1513106861.4914715,1513106861.7672074,144
query,1513106861.7672114,1513106861.9513738,109
query,1513106861.9513783,1513106862.103355,33
query,1513106862.103358,1513106862.2554874,617
query,1513106862.2554898,1513106862.4235024,656
query,1513106862.4235072,1513106862.5752788,147
query,1513106862.5752828,1513106862.7363453,255
query,1513106862.7363496,1513106862.8815062,1
query,1513106862.8815105,1513106863.043231,319
query,1513106863.043235,1513106863.2589407,230
query,1513106863.2589447,1513106863.4765954,134
query,1513106863.4765997,1513106863.7114184,52
query,1513106863.7114232,1513106863.8579774,0
query,1513106863.8579822,1513106863.9907417,2
query,1513106863.9907913,1513106864.1385627,580
query,1513106864.1523123,1513106864.4433167,877
query,1513106864.4433205,1513106864.589156,0
query,1513106864.5891607,1513106864.6980488,0
query,1513106864.6980534,1513106864.8586686,84
query,1513106864.858673,1513106865.0541291,193
query,1513106865.0541337,1513106865.2188869,152
query,1513106865.2188923,1513106865.3716464,88
query,1513106865.371651,1513106865.5430584,40
query,1513106865.5430627,1513106865.70763,593
query,1513106865.707635,1513106865.855975,106
query,1513106865.8559804,1513106866.0749595,194
query,1513106866.074965,1513106866.271341,53
query,1513106866.271346,1513106866.4829772,690
query,1513106866.482983,1513106866.6291327,1
query,1513106866.6291375,1513106866.8442147,33
query,1513106866.8442192,1513106867.0092678,110
query,1513106867.009272,1513106867.1604884,478
query,1513106867.1604931,1513106867.2883768,0
query,1513106867.288382,1513106867.4598079,56
query,1513106867.4598572,1513106867.6208277,0
query,1513106867.6225715,1513106867.8235009,13
query,1513106867.823506,1513106867.9506435,15
query,1513106867.950648,1513106868.1525714,157
query,1513106868.1525757,1513106868.3172362,649
query,1513106868.3172402,1513106868.5696492,67
query,1513106868.5696537,1513106868.698451,2
query,1513106868.6984563,1513106868.8466702,184
query,1513106868.846677,1513106868.9960434,68
query,1513106868.9960485,1513106869.1143036,0
query,1513106869.114308,1513106869.2755902,382
query,1513106869.275595,1513106869.4476342,27
query,1513106869.4476388,1513106869.63246,108
query,1513106869.6324654,1513106869.83327,313
query,1513106869.8332746,1513106870.0142221,287
query,1513106870.0142272,1513106870.174276,310
query,1513106870.1742804,1513106870.34404,484
query,1513106870.3440447,1513106870.5109584,2
query,1513106870.510963,1513106870.6143715,0
query,1513106870.614385,1513106870.7498882,667
query,1513106870.7499335,1513106870.9297197,301
query,1513106870.942405,1513106871.1061137,37
query,1513106871.1061175,1513106871.2709367,165
query,1513106871.2709403,1513106871.4146013,518
query,1513106871.4146047,1513106871.5265713,1
query,1513106871.5265777,1513106871.7588387,793
query,1513106871.7588508,1513106872.0436316,211
query,1513106872.0436368,1513106872.187065,1
query,1513106872.1870694,1513106872.4146721,241
query,1513106872.4146776,1513106872.6416187,812
query,1513106872.641622,1513106872.827179,158
query,1513106872.8271837,1513106873.0378942,396
query,1513106873.0378993,1513106873.2133415,24
query,1513106873.2133443,1513106873.3661792,10
query,1513106873.3661835,1513106873.5001507,0
query,1513106873.5001547,1513106873.6434808,652
query,1513106873.643487,1513106873.8446572,602
query,1513106873.8446617,1513106873.9798388,1
query,1513106873.979843,1513106874.2034857,112
query,1513106874.2034903,1513106874.334189,0
query,1513106874.3342268,1513106874.5150576,462
query,1513106874.5292125,1513106874.7275085,13
query,1513106874.727513,1513106874.939458,408
query,1513106874.9394634,1513106875.1097705,296
query,1513106875.1097739,1513106875.24684,16
query,1513106875.246849,1513106875.4336233,880
query,1513106875.4336283,1513106875.5941753,630
query,1513106875.59418,1513106875.7604077,145
query,1513106875.7604125,1513106875.9393387,128
query,1513106875.939343,1513106876.051695,1
query,1513106876.0516996,1513106876.2335124,14
query,1513106876.233529,1513106876.4222705,16
query,1513106876.4222753,1513106876.6346347,302
query,1513106876.634638,1513106876.8227012,475
query,1513106876.8227053,1513106876.9966307,200
query,1513106876.9966352,1513106877.1306267,1
query,1513106877.1306386,1513106877.2461421,0
query,1513106877.2461472,1513106877.407217,844
query,1513106877.4072216,1513106877.5429134,3
query,1513106877.5429177,1513106877.7293243,10
query,1513106877.729588,1513106877.8955836,461
query,1513106877.9101582,1513106878.0673754,8
query,1513106878.0673788,1513106878.251629,21
query,1513106878.2516334,1513106878.478496,114
query,1513106878.4785008,1513106878.6551077,51
query,1513106878.6551225,1513106878.80273,300
query,1513106878.802736,1513106878.9630027,14
query,1513106878.9630067,1513106879.098461,431
query,1513106879.0984647,1513106879.2312217,50
query,1513106879.2312255,1513106879.4107249,304
query,1513106879.410729,1513106879.5993116,362
query,1513106879.599316,1513106879.7784264,1
query,1513106879.77843,1513106879.955612,742
query,1513106879.9556158,1513106880.0948377,1
query,1513106880.0948417,1513106880.2432256,673
query,1513106880.2432296,1513106880.455121,683
query,1513106880.4551253,1513106880.6457822,834
query,1513106880.6457872,1513106880.8071828,641
query,1513106880.8071885,1513106880.9606237,0
query,1513106880.9606292,1513106881.1075735,189
query,1513106881.1076381,1513106881.246407,429
query,1513106881.2597697,1513106881.587386,31
query,1513106881.5873916,1513106881.7588413,23
query,1513106881.7588449,1513106881.9269695,201
query,1513106881.9269729,1513106882.0871544,53
query,1513106882.087158,1513106882.284137,585
query,1513106882.2841423,1513106882.441593,587
query,1513106882.4415972,1513106882.5705276,406
query,1513106882.570532,1513106882.7022586,43
query,1513106882.7022622,1513106882.8295887,143
query,1513106882.8295946,1513106882.9508834,109
query,1513106882.9508874,1513106883.096119,147
query,1513106883.0961232,1513106883.2678123,35
query,1513106883.2678175,1513106883.4325488,730
query,1513106883.4325535,1513106883.55603,18
query,1513106883.556034,1513106883.6839883,129
query,1513106883.683993,1513106883.8322113,225
query,1513106883.8322158,1513106883.970814,55
query,1513106883.9708188,1513106884.1149082,399
query,1513106884.1149123,1513106884.2940612,232
query,1513106884.2941089,1513106884.4974456,196
query,1513106884.5108118,1513106884.649315,309
query,1513106884.6493194,1513106884.929893,266
query,1513106884.929897,1513106885.1712532,75
query,1513106885.1712577,1513106885.3513737,197
query,1513106885.351379,1513106885.471253,55
query,1513106885.4712586,1513106885.5833013,0
query,1513106885.5833058,1513106885.7584324,39
query,1513106885.7584393,1513106885.9056573,415
query,1513106885.9056618,1513106886.0494187,39
query,1513106886.0494235,1513106886.210905,755
query,1513106886.2109096,1513106886.3483505,171
query,1513106886.3483543,1513106886.631638,817
query,1513106886.6316426,1513106886.7879941,3
query,1513106886.7879994,1513106887.000569,3
query,1513106887.0005736,1513106887.2593162,603
query,1513106887.2593203,1513106887.4311864,40
query,1513106887.4311905,1513106887.671618,305
query,1513106887.6716225,1513106887.8376672,357
query,1513106887.837672,1513106888.0147152,532
query,1513106888.0147607,1513106888.1508017,0
query,1513106888.1524985,1513106888.3186,398
query,1513106888.3186045,1513106888.490319,30
query,1513106888.4903235,1513106888.6506014,15
query,1513106888.6506054,1513106888.7809281,155
query,1513106888.780933,1513106888.9307303,132
query,1513106888.9307344,1513106889.0750391,546
query,1513106889.0750434,1513106889.2232878,44
query,1513106889.2232919,1513106889.3786302,798
query,1513106889.3786352,1513106889.607572,115
query,1513106889.607578,1513106889.7819567,740
query,1513106889.7819612,1513106890.007361,559
query,1513106890.0073662,1513106890.1995492,5
query,1513106890.1995533,1513106890.3883984,27
query,1513106890.3884032,1513106890.5760558,22
query,1513106890.5760608,1513106890.7195413,838
query,1513106890.719546,1513106890.855074,850
query,1513106890.8550777,1513106891.0158625,381
query,1513106891.015868,1513106891.1653478,25
query,1513106891.165351,1513106891.303612,335
query,1513106891.3036623,1513106891.4543688,1
query,1513106891.4571974,1513106891.6153393,726
query,1513106891.6153436,1513106891.7483222,136
query,1513106891.748327,1513106891.8832424,24
query,1513106891.883247,1513106892.0074801,704
query,1513106892.0074852,1513106892.1475894,28
query,1513106892.1475947,1513106892.3194826,275
query,1513106892.3194888,1513106892.4998577,15
query,1513106892.4998624,1513106892.6849303,721
query,1513106892.684935,1513106892.8315387,772
query,1513106892.8315432,1513106892.999498,546
query,1513106892.999502,1513106893.218569,532
query,1513106893.218573,1513106893.3397622,4
query,1513106893.3397663,1513106893.5217702,626
query,1513106893.521775,1513106893.7073908,12
query,1513106893.7073953,1513106893.8977818,201
query,1513106893.8977869,1513106894.064744,208
query,1513106894.0647485,1513106894.26493,11
query,1513106894.2649348,1513106894.3799675,1
query,1513106894.3799736,1513106894.5420692,140
query,1513106894.542119,1513106894.7180738,161
query,1513106894.7295158,1513106894.8674405,153
query,1513106894.8674448,1513106895.0388038,264
query,1513106895.0388086,1513106895.2094648,196
query,1513106895.209469,1513106895.3773468,35
query,1513106895.3773525,1513106895.568631,0
query,1513106895.5686352,1513106895.7589016,334
query,1513106895.7589047,1513106895.943677,350
query,1513106895.9436815,1513106896.148932,730
query,1513106896.1489365,1513106896.308547,49
query,1513106896.3085515,1513106896.5619574,42
query,1513106896.561962,1513106896.7344465,73
query,1513106896.734451,1513106896.929296,620
query,1513106896.9292996,1513106897.1159546,787
query,1513106897.1159604,1513106897.3153868,16
query,1513106897.315392,1513106897.5794277,100
query,1513106897.5794342,1513106897.7997007,108
query,1513106897.799705,1513106897.9308212,409
query,1513106897.9308255,1513106898.0669894,209
query,1513106898.0669935,1513106898.1993861,12
query,1513106898.1994314,1513106898.3659568,6
query,1513106898.3788085,1513106898.6049075,203
query,1513106898.6049118,1513106898.798272,309
query,1513106898.7982762,1513106898.9873157,624
query,1513106898.98732,1513106899.120748,97
query,1513106899.1207519,1513106899.278999,627
query,1513106899.2790031,1513106899.4390974,15
query,1513106899.439101,1513106899.6094732,780
query,1513106899.609478,1513106899.765195,257
query,1513106899.7652001,1513106899.952601,217
query,1513106899.952606,1513106900.12202,43
query,1513106900.1220243,1513106900.2891743,316
query,1513106900.2891893,1513106900.4498594,570
query,1513106900.4498637,1513106900.620136,377
query,1513106900.620142,1513106900.813055,274
query,1513106900.813059,1513106900.9824731,667
query,1513106900.9824777,1513106901.1275291,328
query,1513106901.1275334,1513106901.2925525,652
query,1513106901.2925565,1513106901.413673,172
query,1513106901.4136763,1513106901.522356,1
query,1513106901.5223958,1513106901.6969612,2
query,1513106901.7087033,1513106901.8202708,0
query,1513106901.8202746,1513106902.0109594,39
query,1513106902.0109627,1513106902.1554902,127
query,1513106902.155495,1513106902.313783,14
query,1513106902.3137882,1513106902.433099,17
query,1513106902.4331036,1513106902.571677,4
query,1513106902.5716813,1513106902.717336,238
query,1513106902.7173398,1513106902.8659828,61
query,1513106902.8659868,1513106902.9667091,1
query,1513106902.9667134,1513106903.1372275,292
query,1513106903.1372318,1513106903.3213606,161
query,1513106903.321367,1513106903.4692268,1
query,1513106903.469231,1513106903.6627107,591
query,1513106903.6627157,1513106903.8609211,27
query,1513106903.860927,1513106904.029144,4
query,1513106904.0291488,1513106904.1966817,133
query,1513106904.1966867,1513106904.3530931,52
query,1513106904.3530977,1513106904.510278,452
query,1513106904.5102837,1513106904.6880586,316
query,1513106904.6881025,1513106904.8987827,135
query,1513106904.9131513,1513106905.045971,6
query,1513106905.0459774,1513106905.187516,394
query,1513106905.187519,1513106905.4258766,194
query,1513106905.425881,1513106905.6195045,114
query,1513106905.619509,1513106905.7584965,1
query,1513106905.7585006,1513106905.9197106,58
query,1513106905.9197152,1513106906.0792906,39
query,1513106906.0792944,1513106906.198494,1
query,1513106906.198499,1513106906.35048,12
query,1513106906.350483,1513106906.5078533,305
query,1513106906.5078578,1513106906.6429014,33
query,1513106906.6429057,1513106906.7741008,549
query,1513106906.7741046,1513106906.9273334,118
query,1513106906.9273381,1513106907.0858047,126
query,1513106907.085809,1513106907.2070954,0
query,1513106907.2071,1513106907.3568943,472
query,1513106907.3569002,1513106907.5234625,418
query,1513106907.5234668,1513106907.6716242,373
query,1513106907.6716285,1513106907.8346393,169
query,1513106907.8350425,1513106908.0152564,39
query,1513106908.0295658,1513106908.1914237,44
query,1513106908.1914284,1513106908.3648481,321
query,1513106908.3648517,1513106908.4954484,310
query,1513106908.495454,1513106908.7020326,0
query,1513106908.7020361,1513106908.939225,807
query,1513106908.9392292,1513106909.095273,31
query,1513106909.095279,1513106909.211211,20
query,1513106909.2112143,1513106909.33516,1
query,1513106909.3351643,1513106909.503474,42
query,1513106909.5034778,1513106909.663308,5
query,1513106909.663312,1513106909.8788426,736
query,1513106909.878858,1513106910.0673153,801
query,1513106910.0673208,1513106910.229946,0
query,1513106910.2299492,1513106910.365814,1
query,1513106910.3658168,1513106910.572085,502
query,1513106910.5720892,1513106910.7348425,230
query,1513106910.7348473,1513106910.9053144,248
query,1513106910.9053202,1513106911.0026038,2
query,1513106911.002608,1513106911.1301372,52
query,1513106911.1301985,1513106911.2837005,438
query,1513106911.2997944,1513106911.4939055,658
query,1513106911.493913,1513106911.6375422,61
query,1513106911.6375465,1513106911.7951555,633
query,1513106911.7951603,1513106912.0517251,78
query,1513106912.0517294,1513106912.247515,563
query,1513106912.247519,1513106912.4353433,24
query,1513106912.4353476,1513106912.6553974,39
query,1513106912.6554015,1513106912.81924,453
query,1513106912.8192444,1513106912.994231,575
query,1513106912.994247,1513106913.1736631,987
query,1513106913.1736686,1513106913.3795435,25
query,1513106913.379548,1513106913.5691695,536
query,1513106913.569174,1513106913.728207,722
query,1513106913.7282116,1513106913.8596697,716
query,1513106913.8596737,1513106914.0532591,698
query,1513106914.0532637,1513106914.187737,106
query,1513106914.1877425,1513106914.3131695,209
query,1513106914.3131742,1513106914.425547,1
query,1513106914.4255514,1513106914.5550096,504
query,1513106914.5550616,1513106914.7294335,93
query,1513106914.7411015,1513106914.9298,635
query,1513106914.9298046,1513106915.0432205,4
query,1513106915.0432253,1513106915.172651,235
query,1513106915.1726553,1513106915.3355734,255
query,1513106915.3355777,1513106915.4671776,295
query,1513106915.4671824,1513106915.6591468,556
query,1513106915.6591513,1513106915.7945874,430
query,1513106915.794592,1513106915.955559,646
query,1513106915.9555633,1513106916.1378365,649
query,1513106916.1378415,1513106916.2895472,167
query,1513106916.2895525,1513106916.4187124,11
query,1513106916.4187183,1513106916.539513,49
query,1513106916.5395184,1513106916.6969073,677
query,1513106916.6969116,1513106916.8179798,0
query,1513106916.8179832,1513106916.987059,791
query,1513106916.987063,1513106917.1311538,334
query,1513106917.1311579,1513106917.2873955,450
query,1513106917.2873986,1513106917.4436905,712
query,1513106917.443695,1513106917.6252377,480
query,1513106917.625287,1513106917.8254564,795
query,1513106917.8411124,1513106917.9724178,3
query,1513106917.9724221,1513106918.122233,6
query,1513106918.1222367,1513106918.2693274,373
query,1513106918.269332,1513106918.4345517,689
query,1513106918.434557,1513106918.5865228,509
query,1513106918.5865273,1513106918.7357829,452
query,1513106918.7357879,1513106918.8934202,44
query,1513106918.893425,1513106919.0461862,97
query,1513106919.0461905,1513106919.1702743,1
query,1513106919.1702785,1513106919.3371427,541
query,1513106919.3371465,1513106919.4529195,1
query,1513106919.452924,1513106919.6164982,16
query,1513106919.6165047,1513106919.8840094,555
query,1513106919.8840141,1513106920.0366726,641
query,1513106920.0366783,1513106920.1828976,699
query,1513106920.182915,1513106920.3277597,45
query,1513106920.3277645,1513106920.5055587,681
query,1513106920.505563,1513106920.6592996,216
query,1513106920.6593049,1513106920.86895,325
query,1513106920.868998,1513106921.071503,741
query,1513106921.084713,1513106921.29576,42
query,1513106921.2957644,1513106921.4371495,469
query,1513106921.4371545,1513106921.588834,61
query,1513106921.5888398,1513106921.7085614,274
query,1513106921.708566,1513106921.8906326,499
query,1513106921.8906376,1513106922.054135,428
query,1513106922.0541394,1513106922.2147644,8
query,1513106922.214768,1513106922.3674648,769
query,1513106922.367469,1513106922.560753,200
query,1513106922.560759,1513106922.7567108,14
query,1513106922.7567163,1513106922.9268584,505
query,1513106922.9268622,1513106923.0994155,384
query,1513106923.0994232,1513106923.2268503,169
query,1513106923.2268548,1513106923.3470187,0
query,1513106923.3470225,1513106923.4995625,12
query,1513106923.4995677,1513106923.672444,101
query,1513106923.672449,1513106923.8429193,174
query,1513106923.842924,1513106924.0073514,285
query,1513106924.0073557,1513106924.1623828,689
query,1513106924.162437,1513106924.3634977,202
query,1513106924.3772037,1513106924.5551326,446
query,1513106924.5551367,1513106924.8313892,525
query,1513106924.831393,1513106925.0636637,440
query,1513106925.0636687,1513106925.2835555,161
query,1513106925.2835598,1513106925.4757605,13
query,1513106925.475765,1513106925.6840575,18
query,1513106925.6840646,1513106925.8398502,489
query,1513106925.839855,1513106926.0360897,686
query,1513106926.036095,1513106926.2072284,668
query,1513106926.2072327,1513106926.3912442,872
query,1513106926.3912485,1513106926.526134,292
query,1513106926.5261385,1513106926.69658,830
query,1513106926.696584,1513106926.8161986,1
query,1513106926.8162022,1513106926.9485912,305
query,1513106926.9485953,1513106927.115329,341
query,1513106927.115334,1513106927.3793733,645
query,1513106927.3793788,1513106927.568521,394
query,1513106927.5685263,1513106927.8232727,7
query,1513106927.8232768,1513106928.0246632,331
query,1513106928.0247018,1513106928.2244117,14
query,1513106928.2374983,1513106928.4537308,395
query,1513106928.4537356,1513106928.7159727,304
query,1513106928.7159781,1513106928.8926594,348
query,1513106928.8926644,1513106929.072477,11
query,1513106929.0724838,1513106929.2598681,165
query,1513106929.2598722,1513106929.3941493,732
query,1513106929.394153,1513106929.6557941,255
query,1513106929.6557996,1513106929.835218,570
query,1513106929.8352225,1513106930.0082455,2
query,1513106930.008251,1513106930.1924846,434
query,1513106930.192489,1513106930.3757374,414
query,1513106930.3757408,1513106930.5551438,0
query,1513106930.5551484,1513106930.7738225,511
query,1513106930.7738287,1513106930.9153981,0
query,1513106930.9154031,1513106931.054182,1
query,1513106931.0541856,1513106931.259023,670
query,1513106931.259026,1513106931.4932158,9
query,1513106931.4932194,1513106931.6638467,578
query,1513106931.6638515,1513106931.8658597,730
query,1513106931.8658962,1513106932.0555534,615
query,1513106932.0680494,1513106932.2833407,4
query,1513106932.2833452,1513106932.5826468,122
query,1513106932.5826514,1513106932.9440958,102
query,1513106932.9441004,1513106933.1407657,2
query,1513106933.1408398,1513106933.3709779,2
query,1513106933.370982,1513106933.5541508,108
query,1513106933.5541556,1513106933.6921895,626
query,1513106933.6921968,1513106933.846374,0
query,1513106933.8463786,1513106933.9982615,6
query,1513106933.9982665,1513106934.1713567,5
query,1513106934.1713612,1513106934.341644,741
query,1513106934.3416479,1513106934.545001,883
query,1513106934.545006,1513106934.7390187,433
query,1513106934.739025,1513106934.9129395,17
query,1513106934.9129431,1513106935.0544508,782
query,1513106935.054456,1513106935.2130117,294
query,1513106935.2130158,1513106935.4010103,92
query,1513106935.4010155,1513106935.6016037,226
query,1513106935.6016092,1513106935.7780366,552
query,1513106935.7781174,1513106935.956158,187
query,1513106935.9663985,1513106936.190656,433
query,1513106936.190661,1513106936.376356,713
query,1513106936.3763614,1513106936.482334,0
query,1513106936.4823384,1513106936.647491,853
query,1513106936.6474955,1513106936.7972639,13
query,1513106936.7972672,1513106937.006478,344
query,1513106937.0064828,1513106937.1826632,301
query,1513106937.1826677,1513106937.4061651,420
query,1513106937.4061687,1513106937.583697,164
query,1513106937.583704,1513106937.7432685,2
query,1513106937.7432735,1513106937.9321368,80
query,1513106937.9321425,1513106938.1075923,664
query,1513106938.1075983,1513106938.2316892,0
query,1513106938.231694,1513106938.394045,401
query,1513106938.3940485,1513106938.627607,561
query,1513106938.6276114,1513106938.8037508,11
query,1513106938.8037553,1513106939.0069394,4
query,1513106939.0069447,1513106939.1517336,396
query,1513106939.151738,1513106939.310468,0
query,1513106939.3106782,1513106939.4753125,399
query,1513106939.4903786,1513106939.6446986,320
query,1513106939.6447027,1513106939.7719991,68
query,1513106939.7720041,1513106939.9497442,566
query,1513106939.9497502,1513106940.0794063,1
query,1513106940.0794113,1513106940.293848,574
query,1513106940.2938523,1513106940.480132,128
query,1513106940.4801378,1513106940.6220787,38
query,1513106940.622083,1513106940.828195,167
query,1513106940.8281991,1513106941.0126264,242
query,1513106941.0126314,1513106941.1866443,169
query,1513106941.1866493,1513106941.3457386,791
query,1513106941.3457446,1513106941.5156028,25
query,1513106941.515606,1513106941.8194585,422
query,1513106941.8194616,1513106942.0278559,383
query,1513106942.0278609,1513106942.22775,338
query,1513106942.2277544,1513106942.4184868,410
query,1513106942.4184916,1513106942.646161,29
query,1513106942.6461658,1513106942.8796065,121
query,1513106942.879611,1513106943.080188,49
query,1513106943.0802362,1513106943.2299128,0
query,1513106943.231322,1513106943.4078476,5
query,1513106943.4078531,1513106943.5833988,169
query,1513106943.583403,1513106943.7643256,101
query,1513106943.7643304,1513106943.9359272,756
query,1513106943.9359324,1513106944.0621748,411
query,1513106944.0621789,1513106944.2473416,352
query,1513106944.2473464,1513106944.4678223,39
query,1513106944.467827,1513106944.6601427,3
query,1513106944.6601503,1513106944.8236556,9
query,1513106944.82366,1513106945.0073555,708
query,1513106945.0073617,1513106945.1914685,147
query,1513106945.191473,1513106945.3695326,896
query,1513106945.3695378,1513106945.5458817,402
query,1513106945.5458858,1513106945.767091,282
query,1513106945.7670958,1513106945.9922664,104
query,1513106945.9922717,1513106946.1084445,572
query,1513106946.1084495,1513106946.2966816,126
query,1513106946.2966862,1513106946.5137994,21
query,1513106946.5138037,1513106946.7061837,699
query,1513106946.7062247,1513106946.9487069,705
query,1513106946.9609957,1513106947.0918736,472
query,1513106947.0918777,1513106947.2528536,112
query,1513106947.252858,1513106947.42204,138
query,1513106947.4220443,1513106947.5750985,503
query,1513106947.5751023,1513106947.7796743,758
query,1513106947.7796793,1513106947.9384422,15
query,1513106947.938447,1513106948.0751417,2
query,1513106948.0751467,1513106948.3015556,409
query,1513106948.3015597,1513106948.5219336,542
query,1513106948.5219376,1513106948.7052474,23
query,1513106948.7052524,1513106948.810372,0
query,1513106948.8103764,1513106948.9225457,1
query,1513106948.9225502,1513106949.0833032,278
query,1513106949.0833077,1513106949.212856,414
query,1513106949.21286,1513106949.4300318,295
query,1513106949.430036,1513106949.5398152,0
query,1513106949.5398195,1513106949.7067297,936
query,1513106949.7067332,1513106949.8833876,79
query,1513106949.8833926,1513106950.0977075,171
query,1513106950.0977645,1513106950.3189054,141
query,1513106950.332986,1513106950.552282,450
query,1513106950.552286,1513106950.7185493,3
query,1513106950.7185533,1513106950.9059181,2
query,1513106950.9059227,1513106951.0782833,76
query,1513106951.0782933,1513106951.2460392,19
query,1513106951.2460432,1513106951.4158285,312
query,1513106951.4158328,1513106951.622736,572
query,1513106951.6227415,1513106951.8188834,44
query,1513106951.8188875,1513106951.9512918,53
query,1513106951.9512959,1513106952.1564162,35
query,1513106952.156422,1513106952.2654505,0
query,1513106952.2654543,1513106952.4331863,409
query,1513106952.4331903,1513106952.5916142,5
query,1513106952.5916188,1513106952.766404,11
query,1513106952.766409,1513106952.9329484,22
query,1513106952.9329767,1513106953.0735517,158
query,1513106953.0735555,1513106953.2111578,149
query,1513106953.2111642,1513106953.3787618,217
query,1513106953.3787658,1513106953.5273576,504
query,1513106953.5274017,1513106953.740102,441
query,1513106953.7541833,1513106953.9054947,220
query,1513106953.9054985,1513106954.0311549,2
query,1513106954.0311584,1513106954.1972947,33
query,1513106954.1973019,1513106954.3311675,10
query,1513106954.3311737,1513106954.4612093,196
query,1513106954.4612134,1513106954.5613697,0
query,1513106954.561373,1513106954.7058988,1
query,1513106954.7059019,1513106954.8368282,1
query,1513106954.836833,1513106955.0643883,39
query,1513106955.0643928,1513106955.206571,603
query,1513106955.206575,1513106955.4855008,3
query,1513106955.4855053,1513106955.7075872,6
query,1513106955.7075922,1513106955.863296,2
query,1513106955.8633008,1513106956.0703382,162
query,1513106956.0703428,1513106956.2726943,45
query,1513106956.2726989,1513106956.56646,192
query,1513106956.566464,1513106956.8201687,743
query,1513106956.8201733,1513106956.988825,524
query,1513106956.98883,1513106957.1756823,575
query,1513106957.1757257,1513106957.392003,554
query,1513106957.4050453,1513106957.5633469,613
query,1513106957.5633514,1513106957.6885035,35
query,1513106957.6885076,1513106957.847139,5
query,1513106957.8471432,1513106957.998212,16
query,1513106957.9982169,1513106958.1533437,18
query,1513106958.1533484,1513106958.295047,600
query,1513106958.2950635,1513106958.4621165,479
query,1513106958.4621215,1513106958.6062233,148
query,1513106958.6062279,1513106958.7348876,0
query,1513106958.734892,1513106958.9203775,12
query,1513106958.920381,1513106959.0492675,0
query,1513106959.0492713,1513106959.1934257,542
query,1513106959.19343,1513106959.305957,0
query,1513106959.305961,1513106959.4961264,33
query,1513106959.4961305,1513106959.6414344,306
query,1513106959.6414385,1513106959.8304136,161
query,1513106959.8304183,1513106960.0204875,251
query,1513106960.020492,1513106960.1885219,250
query,1513106960.1885273,1513106960.3909523,37
query,1513106960.3909943,1513106960.5620944,532
query,1513106960.5761077,1513106960.7775226,10
query,1513106960.7775266,1513106960.9387403,157
query,1513106960.9387434,1513106961.078983,325
query,1513106961.078988,1513106961.2390876,42
query,1513106961.2390907,1513106961.3763356,488
query,1513106961.37634,1513106961.5476778,657
query,1513106961.5476828,1513106961.7073662,130
query,1513106961.7073708,1513106961.827854,0
query,1513106961.82786,1513106962.009736,714
query,1513106962.0097406,1513106962.1213286,0
query,1513106962.1213324,1513106962.2689903,0
query,1513106962.2689955,1513106962.3891723,0
query,1513106962.3891761,1513106962.5816488,0
query,1513106962.5816529,1513106962.7591584,289
query,1513106962.7591631,1513106962.8739748,0
query,1513106962.8739793,1513106963.014222,629
query,1513106963.0142257,1513106963.1142857,1
query,1513106963.1142898,1513106963.3906384,545
query,1513106963.3906431,1513106963.5785596,184
query,1513106963.5786133,1513106963.7064257,1
query,1513106963.7096474,1513106963.8715239,715
query,1513106963.871528,1513106964.037151,5
query,1513106964.0371556,1513106964.2319884,16
query,1513106964.2319934,1513106964.3888252,178
query,1513106964.388831,1513106964.5112488,209
query,1513106964.5112529,1513106964.6897252,327
query,1513106964.689736,1513106964.8749774,13
query,1513106964.8749812,1513106965.0785205,141
query,1513106965.0785246,1513106965.2598174,313
query,1513106965.259822,1513106965.3972428,212
query,1513106965.3972492,1513106965.5488887,85
query,1513106965.5488935,1513106965.7436879,111
query,1513106965.743691,1513106965.929498,182
query,1513106965.9295027,1513106966.0986207,297
query,1513106966.0986245,1513106966.3286793,105
query,1513106966.3286831,1513106966.5551844,502
query,1513106966.5551891,1513106966.7515028,20
query,1513106966.7515073,1513106966.9546616,662
query,1513106966.9546657,1513106967.069174,1
query,1513106967.069351,1513106967.3089883,13
query,1513106967.317605,1513106967.464825,0
query,1513106967.4648304,1513106967.6912892,269
query,1513106967.6912932,1513106967.9045007,50
query,1513106967.9045062,1513106968.0674858,150
query,1513106968.0674896,1513106968.1959484,99
query,1513106968.1959524,1513106968.3786957,203
query,1513106968.3787005,1513106968.6318767,637
query,1513106968.63188,1513106968.849592,176
query,1513106968.8495967,1513106969.0596626,562
query,1513106969.0596666,1513106969.2277129,494
query,1513106969.2277176,1513106969.3715408,303
query,1513106969.371545,1513106969.536411,300
query,1513106969.5364156,1513106969.6998231,264
query,1513106969.6998277,1513106969.8426447,175
query,1513106969.842649,1513106970.000569,162
query,1513106970.0005739,1513106970.2067351,105
query,1513106970.2067397,1513106970.382257,33
query,1513106970.382263,1513106970.5713482,37
query,1513106970.5713522,1513106970.759486,8
query,1513106970.7595267,1513106970.9914284,9
query,1513106971.00453,1513106971.1672142,626
query,1513106971.1672173,1513106971.3512695,34
query,1513106971.3512743,1513106971.5714135,539
query,1513106971.5714178,1513106971.7882106,907
query,1513106971.7882166,1513106972.019543,758
query,1513106972.0195482,1513106972.171431,621
query,1513106972.1714356,1513106972.2874663,0
query,1513106972.2874699,1513106972.423164,324
query,1513106972.4231675,1513106972.5959568,0
query,1513106972.5959616,1513106972.803355,802
query,1513106972.8033595,1513106972.9901533,50
query,1513106972.9901578,1513106973.1618593,4
query,1513106973.161863,1513106973.3499444,837
query,1513106973.3499486,1513106973.4619153,0
query,1513106973.461919,1513106973.6281972,752
query,1513106973.6282022,1513106973.7792754,823
query,1513106973.779279,1513106973.9138143,606
query,1513106973.9138184,1513106974.0710955,584
query,1513106974.0710995,1513106974.2391405,137
query,1513106974.2391796,1513106974.3993502,81
query,1513106974.4136348,1513106974.5245936,0
query,1513106974.5245972,1513106974.6580822,0
query,1513106974.6580858,1513106974.8212717,0
query,1513106974.821276,1513106975.047801,2
query,1513106975.0478053,1513106975.2431738,305
query,1513106975.24318,1513106975.4362173,523
query,1513106975.4362223,1513106975.5759788,311
query,1513106975.575984,1513106975.7164166,304
query,1513106975.7164211,1513106975.885425,422
query,1513106975.8854291,1513106976.0434167,1
query,1513106976.0434208,1513106976.2203603,133
query,1513106976.2203646,1513106976.365859,272
query,1513106976.3658636,1513106976.5120218,319
query,1513106976.512026,1513106976.7148774,312
query,1513106976.7148821,1513106976.8742647,154
query,1513106976.8742692,1513106977.0115447,647
query,1513106977.011549,1513106977.1855114,188
query,1513106977.185516,1513106977.379631,46
query,1513106977.3796341,1513106977.5932684,320
query,1513106977.5933106,1513106977.8601792,239
query,1513106977.8728616,1513106978.1042256,50
query,1513106978.10423,1513106978.2742712,474
query,1513106978.274275,1513106978.4512126,380
query,1513106978.4512172,1513106978.6098256,792
query,1513106978.6098306,1513106978.855258,226
query,1513106978.8552623,1513106979.011099,789
query,1513106979.0111034,1513106979.2277095,0
query,1513106979.227726,1513106979.4473689,122
query,1513106979.4473736,1513106979.60607,30
query,1513106979.606074,1513106979.8455281,3
query,1513106979.845533,1513106980.0313084,2
query,1513106980.031314,1513106980.2074668,515
query,1513106980.2074711,1513106980.3815374,34
query,1513106980.3815424,1513106980.5428267,804
query,1513106980.542831,1513106980.7524953,810
query,1513106980.7524993,1513106980.9300218,705
query,1513106980.9300268,1513106981.1408026,15
query,1513106981.1408074,1513106981.3094554,132
query,1513106981.30946,1513106981.463074,223
query,1513106981.4631183,1513106981.6623137,39
query,1513106981.6735604,1513106981.8588674,20
query,1513106981.8588707,1513106982.0187793,429
query,1513106982.0187836,1513106982.154322,5
query,1513106982.1543267,1513106982.2740228,0
query,1513106982.2740269,1513106982.3988097,666
query,1513106982.3988156,1513106982.5609808,876
query,1513106982.5609853,1513106982.695503,24
query,1513106982.695509,1513106982.8315437,244
query,1513106982.8315504,1513106982.962947,30
query,1513106982.9629514,1513106983.0910366,180
query,1513106983.0910413,1513106983.2551792,387
query,1513106983.2551835,1513106983.370468,392
query,1513106983.370471,1513106983.6794717,186
query,1513106983.6794755,1513106983.8834777,241
query,1513106983.8834822,1513106984.096245,49
query,1513106984.09625,1513106984.291747,671
query,1513106984.2917519,1513106984.4994051,368
query,1513106984.4994094,1513106984.6519816,1
query,1513106984.6519852,1513106984.8151646,20
query,1513106984.8152,1513106984.998139,79
query,1513106985.0132053,1513106985.1653986,562
query,1513106985.1654034,1513106985.3183675,99
query,1513106985.3183718,1513106985.4666255,1
query,1513106985.466631,1513106985.6028428,639
query,1513106985.6028469,1513106985.8618164,551
query,1513106985.8618205,1513106986.119337,521
query,1513106986.119341,1513106986.3669715,90
query,1513106986.3669763,1513106986.564902,222
query,1513106986.5649061,1513106986.7265553,169
query,1513106986.726558,1513106987.0205016,74
query,1513106987.020506,1513106987.1672897,0
query,1513106987.1672935,1513106987.3888392,742
query,1513106987.3888462,1513106987.563325,294
query,1513106987.5633297,1513106987.7204356,839
query,1513106987.7204404,1513106987.8914983,110
query,1513106987.8915026,1513106988.0393517,30
query,1513106988.0393558,1513106988.207068,625
query,1513106988.207086,1513106988.4109006,601
query,1513106988.4109063,1513106988.5990033,516
query,1513106988.59904,1513106988.874313,329
query,1513106988.8852556,1513106989.056379,203
query,1513106989.0563827,1513106989.1980982,467
query,1513106989.198101,1513106989.455492,78
query,1513106989.4554973,1513106989.6313367,4
query,1513106989.6313405,1513106989.7951958,102
query,1513106989.7952,1513106989.9315708,3
query,1513106989.931575,1513106990.0826075,46
query,1513106990.0826125,1513106990.2269769,638
query,1513106990.2269816,1513106990.3506958,175
query,1513106990.3507006,1513106990.4820936,0
query,1513106990.4820983,1513106990.6353774,187
query,1513106990.635382,1513106990.7812858,28
query,1513106990.7812908,1513106990.928564,7
query,1513106990.92857,1513106991.0882745,345
query,1513106991.088279,1513106991.275711,118
query,1513106991.275716,1513106991.411005,848
query,1513106991.4110096,1513106991.6061828,756
query,1513106991.606187,1513106991.736645,564
query,1513106991.7366495,1513106991.929707,10
query,1513106991.929765,1513106992.1334941,74
query,1513106992.1457963,1513106992.3030748,168
query,1513106992.3030791,1513106992.487847,26
query,1513106992.4878516,1513106992.6342921,718
query,1513106992.6342964,1513106992.768141,80
query,1513106992.768146,1513106992.9609864,165
query,1513106992.960991,1513106993.073507,0
query,1513106993.073513,1513106993.1971266,570
query,1513106993.1971307,1513106993.36009,15
query,1513106993.360096,1513106993.5217984,308
query,1513106993.521803,1513106993.690862,162
query,1513106993.6908665,1513106993.879829,780
query,1513106993.879834,1513106994.0609207,317
query,1513106994.0609248,1513106994.1836712,0
query,1513106994.1836755,1513106994.3577435,518
query,1513106994.3577473,1513106994.492577,187
query,1513106994.4925811,1513106994.7272289,3
query,1513106994.7272334,1513106994.908974,825
query,1513106994.9089785,1513106995.0764732,689
query,1513106995.076477,1513106995.2365909,694
query,1513106995.2366402,1513106995.4200604,137
query,1513106995.4345207,1513106995.607513,43
query,1513106995.6075187,1513106995.7462,96
query,1513106995.7462065,1513106995.9106643,744
query,1513106995.9106684,1513106996.092919,102
query,1513106996.092923,1513106996.250388,411
query,1513106996.2503917,1513106996.3711622,519
query,1513106996.371167,1513106996.4796276,0
query,1513106996.4796317,1513106996.6606696,412
query,1513106996.6606739,1513106996.8467293,779
query,1513106996.846733,1513106996.9946687,394
query,1513106996.9946737,1513106997.1355457,4
query,1513106997.1355515,1513106997.291644,392
query,1513106997.2916489,1513106997.422086,215
query,1513106997.4220898,1513106997.549279,13
query,1513106997.549283,1513106997.6621716,0
query,1513106997.662176,1513106997.7841756,0
query,1513106997.7841802,1513106997.9916189,31
query,1513106997.9916248,1513106998.1602647,455
query,1513106998.1602678,1513106998.304526,398
query,1513106998.3045628,1513106998.4439616,1
query,1513106998.4466343,1513106998.5787416,666
query,1513106998.578745,1513106998.7750456,558
query,1513106998.7750494,1513106998.9715664,687
query,1513106998.9715707,1513106999.1391418,66
query,1513106999.139146,1513106999.287299,96
query,1513106999.2873027,1513106999.5177784,188
query,1513106999.5177824,1513106999.6812472,2
query,1513106999.6812527,1513106999.8468354,709
query,1513106999.8468401,1513106999.9903421,570
query,1513106999.9903486,1513107000.1310797,329
query,1513107000.131085,1513107000.30935,14
query,1513107000.3093538,1513107000.4441037,2
query,1513107000.4441073,1513107000.6276562,603
query,1513107000.6276605,1513107000.7453258,0
query,1513107000.7453299,1513107000.87741,15
query,1513107000.8774137,1513107000.9928393,0
query,1513107000.9928436,1513107001.172257,624
query,1513107001.1722615,1513107001.3190856,62
query,1513107001.3190897,1513107001.4590912,52
query,1513107001.4591236,1513107001.6802523,114
query,1513107001.6930285,1513107001.8880818,129
query,1513107001.8880863,1513107002.068054,822
query,1513107002.068059,1513107002.2271545,0
query,1513107002.2271574,1513107002.5062206,0
query,1513107002.5062268,1513107002.778688,1
query,1513107002.7786925,1513107003.0112748,741
query,1513107003.0112793,1513107003.231126,2
query,1513107003.2311325,1513107003.4173234,848
query,1513107003.4173276,1513107003.5764446,32
query,1513107003.5764492,1513107003.8029633,0
query,1513107003.802967,1513107003.9845343,305
query,1513107003.9845388,1513107004.1919894,168
query,1513107004.1919944,1513107004.3621325,394
query,1513107004.3621376,1513107004.5914707,125
query,1513107004.591474,1513107004.775442,83
query,1513107004.775446,1513107005.0075252,414
query,1513107005.0075305,1513107005.1910353,729
query,1513107005.1910388,1513107005.3388717,14
query,1513107005.3388765,1513107005.4996967,330
query,1513107005.4997458,1513107005.8351383,647
query,1513107005.8475132,1513107006.0667171,766
query,1513107006.0667205,1513107006.2389925,83
query,1513107006.238996,1513107006.438243,8
query,1513107006.4382477,1513107006.5991993,17
query,1513107006.5992036,1513107006.778035,553
query,1513107006.778039,1513107007.0014172,0
query,1513107007.0014212,1513107007.1665096,1
query,1513107007.166513,1513107007.3592746,173
query,1513107007.3592794,1513107007.56318,391
query,1513107007.563185,1513107007.719302,217
query,1513107007.7193072,1513107007.8994074,101
query,1513107007.8994124,1513107008.087286,796
query,1513107008.0872915,1513107008.2306983,634
query,1513107008.2307022,1513107008.399628,282
query,1513107008.399633,1513107008.6115487,36
query,1513107008.611553,1513107008.8194315,34
query,1513107008.819438,1513107008.9470632,174
query,1513107008.9470673,1513107009.1031685,1
query,1513107009.1031728,1513107009.2612977,5
query,1513107009.261343,1513107009.4238515,192
query,1513107009.4384754,1513107009.5840476,4
query,1513107009.5840516,1513107009.6949434,5
query,1513107009.6949465,1513107009.8548865,24
query,1513107009.8548899,1513107010.0752852,286
query,1513107010.0752897,1513107010.1790059,1
query,1513107010.17901,1513107010.3103428,44
query,1513107010.3103468,1513107010.4097204,0
query,1513107010.4097247,1513107010.5833488,323
query,1513107010.5833523,1513107010.8508544,833
query,1513107010.850858,1513107010.999293,3
query,1513107010.9992976,1513107011.155305,7
query,1513107011.155309,1513107011.303126,240
query,1513107011.3031301,1513107011.4652958,336
query,1513107011.4652996,1513107011.6069405,7
query,1513107011.6069446,1513107011.7478085,608
query,1513107011.7478127,1513107011.9325511,13
query,1513107011.9325554,1513107012.0476491,0
query,1513107012.0476534,1513107012.2212949,349
query,1513107012.2212994,1513107012.4000487,16
query,1513107012.4000983,1513107012.7715316,448
query,1513107012.785806,1513107012.9634566,60
query,1513107012.963461,1513107013.1560724,825
query,1513107013.1560764,1513107013.2753718,708
query,1513107013.2753778,1513107013.430815,102
query,1513107013.4308186,1513107013.6270442,186
query,1513107013.6270475,1513107013.7803206,105
query,1513107013.7803252,1513107013.9313858,647
query,1513107013.93139,1513107014.0874374,173
query,1513107014.0874417,1513107014.2597978,303
query,1513107014.2598042,1513107014.4230661,712
query,1513107014.4230707,1513107014.5869548,254
query,1513107014.5869591,1513107014.7280285,277
query,1513107014.7280364,1513107014.8819315,678
query,1513107014.8819358,1513107015.0511327,139
query,1513107015.0511365,1513107015.235197,323
query,1513107015.2352004,1513107015.4227612,647
query,1513107015.4227655,1513107015.5670693,428
query,1513107015.5670733,1513107015.7134433,187
query,1513107015.7134478,1513107015.9283812,4
query,1513107015.92844,1513107016.0590024,2
query,1513107016.0664387,1513107016.2109962,346
query,1513107016.2110004,1513107016.3410165,9
query,1513107016.3410213,1513107016.5416942,275
query,1513107016.5417,1513107016.662121,241
query,1513107016.6621387,1513107016.8329887,4
query,1513107016.8329933,1513107017.0545695,51
query,1513107017.0545728,1513107017.2710307,125
query,1513107017.2710369,1513107017.4530425,459
query,1513107017.453047,1513107017.6074388,335
query,1513107017.607443,1513107017.7953837,9
query,1513107017.7953873,1513107017.9768448,465
query,1513107017.9768484,1513107018.1391823,28
query,1513107018.1391861,1513107018.2917578,2
query,1513107018.2917607,1513107018.4396229,475
query,1513107018.4396281,1513107018.635958,375
query,1513107018.635962,1513107018.8374598,537
query,1513107018.8374643,1513107019.0014167,388
query,1513107019.001421,1513107019.1769881,158
query,1513107019.176992,1513107019.2856913,0
query,1513107019.2857296,1513107019.39918,0
query,1513107019.4008596,1513107019.4935734,0
query,1513107019.4935775,1513107019.6774673,93
query,1513107019.6774716,1513107019.7709832,0
query,1513107019.7709887,1513107019.9200168,54
query,1513107019.9200208,1513107020.0421839,0
query,1513107020.0421886,1513107020.2192023,155
query,1513107020.2192056,1513107020.3366373,1
query,1513107020.3366413,1513107020.5215273,658
query,1513107020.521531,1513107020.7122998,443
query,1513107020.7123048,1513107020.9028914,163
query,1513107020.9028966,1513107021.0432637,154
query,1513107021.0432682,1513107021.2149966,196
query,1513107021.2150006,1513107021.5035894,9
query,1513107021.5035944,1513107021.7633457,471
query,1513107021.7633493,1513107021.957858,359
query,1513107021.9578645,1513107022.129346,818
query,1513107022.12935,1513107022.2400901,0
query,1513107022.240094,1513107022.3913312,22
query,1513107022.3913352,1513107022.542092,92
query,1513107022.5421417,1513107022.7135432,4
query,1513107022.7275856,1513107022.877904,117
query,1513107022.8779082,1513107023.0654883,327
query,1513107023.0654922,1513107023.1913764,0
query,1513107023.1913803,1513107023.3292165,479
query,1513107023.329221,1513107023.5095184,299
query,1513107023.509523,1513107023.6843696,372
query,1513107023.6843739,1513107023.8570457,55
query,1513107023.8570502,1513107024.0190856,170
query,1513107024.0190904,1513107024.1763418,594
query,1513107024.1763465,1513107024.3116639,160
query,1513107024.3116689,1513107024.479141,478
query,1513107024.4791465,1513107024.6397684,283
query,1513107024.6397717,1513107024.7911565,596
query,1513107024.7911606,1513107024.9938543,13
query,1513107024.993858,1513107025.1590447,28
query,1513107025.159049,1513107025.4230368,46
query,1513107025.4230406,1513107025.566849,73
query,1513107025.5668528,1513107025.791424,355
query,1513107025.791428,1513107026.0303726,16
query,1513107026.0304143,1513107026.2104902,701
query,1513107026.2224998,1513107026.464905,701
query,1513107026.4649088,1513107026.6432824,79
query,1513107026.6432865,1513107026.8320155,197
query,1513107026.8320217,1513107027.0152633,511
query,1513107027.0152674,1513107027.127549,0
query,1513107027.127552,1513107027.299464,14
query,1513107027.299468,1513107027.4225416,0
query,1513107027.4225457,1513107027.5501225,0
query,1513107027.5501263,1513107027.6966627,0
query,1513107027.6966677,1513107027.9081717,693
query,1513107027.9081762,1513107028.0093572,1
query,1513107028.0093615,1513107028.1084502,1
query,1513107028.1084542,1513107028.305415,223
query,1513107028.305419,1513107028.4693568,694
query,1513107028.4693599,1513107028.6114428,111
query,1513107028.6114476,1513107028.7752147,39
query,1513107028.7752295,1513107029.047038,13
query,1513107029.0470421,1513107029.2754102,351
query,1513107029.2754161,1513107029.4472635,456
query,1513107029.4473038,1513107029.6858885,480
query,1513107029.7006333,1513107029.8752966,516
query,1513107029.8753006,1513107030.0408835,332
query,1513107030.0408878,1513107030.258115,646
query,1513107030.2581193,1513107030.5387487,59
query,1513107030.538753,1513107030.7622974,0
query,1513107030.7623024,1513107031.0235991,279
query,1513107031.023604,1513107031.2953038,26
query,1513107031.2953086,1513107031.4474282,250
query,1513107031.4474328,1513107031.5791984,95
query,1513107031.5792027,1513107031.7829158,218
query,1513107031.7829204,1513107031.9332757,105
query,1513107031.9332807,1513107032.0944102,37
query,1513107032.0944169,1513107032.2285964,135
query,1513107032.2286007,1513107032.3562152,82
query,1513107032.3562205,1513107032.4985173,38
query,1513107032.498522,1513107032.606147,0
query,1513107032.6061518,1513107032.8022604,496
query,1513107032.802265,1513107032.969385,631
query,1513107032.9693892,1513107033.1956687,878
query,1513107033.1957147,1513107033.371248,32
query,1513107033.385777,1513107033.5847511,16
query,1513107033.5847564,1513107033.7715194,283
query,1513107033.7715228,1513107033.9865859,479
query,1513107033.9865892,1513107034.1374013,572
query,1513107034.1374047,1513107034.2834008,212
query,1513107034.283404,1513107034.4141538,131
query,1513107034.4141567,1513107034.588974,690
query,1513107034.5889795,1513107034.7481284,168
query,1513107034.748134,1513107034.9076545,176
query,1513107034.9076593,1513107035.0350523,620
query,1513107035.035057,1513107035.193264,127
query,1513107035.1932688,1513107035.326206,112
query,1513107035.3262107,1513107035.4731658,0
query,1513107035.4731703,1513107035.6757283,664
query,1513107035.6757333,1513107035.848035,2
query,1513107035.848041,1513107036.0436559,757
query,1513107036.0436614,1513107036.207599,34
query,1513107036.2076037,1513107036.363289,2
query,1513107036.3632953,1513107036.468334,0
query,1513107036.4683764,1513107036.6237502,489
query,1513107036.6367352,1513107036.7869382,514
query,1513107036.7869415,1513107036.9601688,171
query,1513107036.9601727,1513107037.0901163,0
query,1513107037.0901198,1513107037.2398887,13
query,1513107037.239892,1513107037.4174378,225
query,1513107037.4174414,1513107037.53684,0
query,1513107037.5368443,1513107037.7573476,267
query,1513107037.7573524,1513107037.9283233,782
query,1513107037.928327,1513107038.0623238,0
query,1513107038.0623276,1513107038.2432947,62
query,1513107038.2432983,1513107038.4185119,179
query,1513107038.4185174,1513107038.5773504,311
query,1513107038.5773544,1513107038.7389212,19
query,1513107038.7389243,1513107038.8688705,1
query,1513107038.8688748,1513107039.0171833,319
query,1513107039.0171878,1513107039.1822,20
query,1513107039.1822035,1513107039.3526142,9
query,1513107039.3526175,1513107039.496281,0
query,1513107039.4962835,1513107039.6764965,461
query,1513107039.676551,1513107039.8469577,290
query,1513107039.8598676,1513107040.0917773,411
query,1513107040.0917811,1513107040.2493412,318
query,1513107040.2493446,1513107040.4011374,341
query,1513107040.40114,1513107040.6084652,27
query,1513107040.6084692,1513107040.8169606,96
query,1513107040.816966,1513107041.0069625,58
query,1513107041.0069666,1513107041.155317,0
query,1513107041.1553214,1513107041.303485,288
query,1513107041.303489,1513107041.4772096,25
query,1513107041.4772136,1513107041.6060705,0
query,1513107041.6060746,1513107041.7643988,39
query,1513107041.7644033,1513107041.9532464,195
query,1513107041.9532504,1513107042.1411197,6
query,1513107042.1411233,1513107042.3274314,792
query,1513107042.3274345,1513107042.486618,9
query,1513107042.486621,1513107042.6201441,182
query,1513107042.620147,1513107042.7692652,213
query,1513107042.7692697,1513107042.9280748,39
query,1513107042.9280794,1513107043.131762,63
query,1513107043.1318111,1513107043.3148632,633
query,1513107043.3309495,1513107043.5393217,464
query,1513107043.539326,1513107043.8476431,154
query,1513107043.8476477,1513107044.0114968,15
query,1513107044.0115013,1513107044.174807,1
query,1513107044.1748116,1513107044.311213,2
query,1513107044.311217,1513107044.5012863,10
query,1513107044.5012913,1513107044.8273156,129
query,1513107044.82732,1513107045.0117736,390
query,1513107045.0117779,1513107045.2611513,703
query,1513107045.2611558,1513107045.478541,68
query,1513107045.478545,1513107045.5878885,0
query,1513107045.5878925,1513107045.7744188,115
query,1513107045.7744231,1513107045.949895,692
query,1513107045.9499006,1513107046.109167,148
query,1513107046.1091719,1513107046.234727,374
query,1513107046.2347312,1513107046.4005258,12
query,1513107046.4005322,1513107046.5513473,302
query,1513107046.5513513,1513107046.739128,153
query,1513107046.7391317,1513107046.8751316,198
query,1513107046.8751717,1513107047.058487,842
query,1513107047.0749722,1513107047.245627,217
query,1513107047.2456315,1513107047.4433126,149
query,1513107047.4433165,1513107047.6354055,25
query,1513107047.63541,1513107047.8360853,461
query,1513107047.8360891,1513107047.9827778,544
query,1513107047.9827807,1513107048.1586442,534
query,1513107048.1586485,1513107048.2994273,125
query,1513107048.2994318,1513107048.4434547,496
query,1513107048.4434588,1513107048.636403,417
query,1513107048.6364074,1513107048.7993393,377
query,1513107048.799345,1513107049.0115843,182
query,1513107049.0115883,1513107049.1541562,0
query,1513107049.1541607,1513107049.3222156,739
query,1513107049.3222196,1513107049.675481,810
query,1513107049.675498,1513107049.8541877,0
query,1513107049.8541923,1513107050.0908878,104
query,1513107050.0908923,1513107050.3093712,740
query,1513107050.3093748,1513107050.5402799,252
query,1513107050.540284,1513107050.7561057,321
query,1513107050.7561612,1513107050.9343028,635
query,1513107050.9479651,1513107051.0828269,733
query,1513107051.0828311,1513107051.2470074,305
query,1513107051.2470117,1513107051.474449,123
query,1513107051.4744518,1513107051.6521964,928
query,1513107051.6522012,1513107051.820182,15
query,1513107051.8201854,1513107051.97947,682
query,1513107051.979475,1513107052.1855915,8
query,1513107052.1855953,1513107052.3663795,71
query,1513107052.3663828,1513107052.5651515,551
query,1513107052.565155,1513107052.7591946,85
query,1513107052.759198,1513107052.9595652,161
query,1513107052.9595683,1513107053.1400847,179
query,1513107053.140088,1513107053.3323388,732
query,1513107053.332342,1513107053.4977934,192
query,1513107053.4977965,1513107053.6665454,1
query,1513107053.6665497,1513107053.8000078,0
query,1513107053.8000124,1513107053.9301927,2
query,1513107053.930197,1513107054.1078794,145
query,1513107054.1078832,1513107054.2592483,43
query,1513107054.2592914,1513107054.5053566,87
query,1513107054.51931,1513107054.7394216,22
query,1513107054.7394278,1513107054.9473634,16
query,1513107054.947368,1513107055.081205,290
query,1513107055.0812097,1513107055.2639532,399
query,1513107055.2639568,1513107055.373651,0
query,1513107055.373655,1513107055.503192,12
query,1513107055.503196,1513107055.7357614,200
query,1513107055.7357655,1513107055.840894,2
query,1513107055.840898,1513107056.044234,74
query,1513107056.0442383,1513107056.231339,687
query,1513107056.231344,1513107056.3622537,2
query,1513107056.3622577,1513107056.53333,403
query,1513107056.5333343,1513107056.7345932,142
query,1513107056.734597,1513107056.8875706,114
query,1513107056.8875754,1513107057.0164092,2
query,1513107057.0164132,1513107057.1191163,1
query,1513107057.1191208,1513107057.2617104,402
query,1513107057.2617152,1513107057.4566066,711
query,1513107057.4566102,1513107057.666892,72
query,1513107057.6670487,1513107057.8798063,237
query,1513107057.8882518,1513107057.9981196,0
query,1513107057.9981236,1513107058.1516285,468
query,1513107058.1516328,1513107058.27148,4
query,1513107058.2714841,1513107058.4164572,349
query,1513107058.4164627,1513107058.5755956,614
query,1513107058.5755997,1513107058.7108457,68
query,1513107058.7108548,1513107058.9029653,238
query,1513107058.9029698,1513107059.116044,423
query,1513107059.1160479,1513107059.4056487,511
query,1513107059.405652,1513107059.6923115,429
query,1513107059.6923184,1513107059.91563,636
query,1513107059.9156342,1513107060.1235325,418
query,1513107060.1235368,1513107060.2993755,438
query,1513107060.29938,1513107060.4798508,397
query,1513107060.4798558,1513107060.6798344,579
query,1513107060.679839,1513107060.8238332,5
query,1513107060.823838,1513107060.9771838,579
query,1513107060.9771893,1513107061.119428,357
query,1513107061.119443,1513107061.2585661,1
query,1513107061.2589643,1513107061.387171,345
query,1513107061.4006064,1513107061.5796201,145
query,1513107061.5796244,1513107061.7217946,202
query,1513107061.721798,1513107061.863613,231
query,1513107061.863617,1513107062.0426977,376
query,1513107062.0427017,1513107062.186621,113
query,1513107062.1866236,1513107062.3235087,676
query,1513107062.3235154,1513107062.446824,332
query,1513107062.446839,1513107062.57831,266
query,1513107062.5783138,1513107062.8011076,18
query,1513107062.8011115,1513107062.979615,387
query,1513107062.9796197,1513107063.1371014,494
query,1513107063.1371057,1513107063.2947557,0
query,1513107063.2947595,1513107063.4517233,808
query,1513107063.4517286,1513107063.5939982,113
query,1513107063.5940022,1513107063.7436895,2
query,1513107063.743695,1513107063.9354835,90
query,1513107063.935488,1513107064.100972,280
query,1513107064.1009767,1513107064.2571452,207
query,1513107064.2571487,1513107064.3725522,0
query,1513107064.3725786,1513107064.5428634,380
query,1513107064.555799,1513107064.6667159,0
query,1513107064.6667204,1513107064.8297832,344
query,1513107064.8297875,1513107064.9768467,17
query,1513107064.9768507,1513107065.1697886,416
query,1513107065.1697922,1513107065.3724477,519
query,1513107065.3724523,1513107065.6405933,633
query,1513107065.6405976,1513107065.8573828,79
query,1513107065.8573873,1513107066.0281892,113
query,1513107066.0281932,1513107066.1870382,17
query,1513107066.1870418,1513107066.3837245,970
query,1513107066.3837287,1513107066.608298,7
query,1513107066.6083014,1513107066.8334658,300
query,1513107066.8334718,1513107066.9678588,0
query,1513107066.967862,1513107067.182728,708
query,1513107067.1827326,1513107067.3400893,562
query,1513107067.3400934,1513107067.517278,514
query,1513107067.5172808,1513107067.7784655,756
query,1513107067.7784717,1513107067.9510386,374
query,1513107067.9510415,1513107068.095178,0
query,1513107068.0952249,1513107068.240933,4
query,1513107068.24874,1513107068.3868964,533
query,1513107068.386899,1513107068.563087,219
query,1513107068.56309,1513107068.7665143,789
query,1513107068.766519,1513107068.9950264,537
query,1513107068.9950304,1513107069.2055318,260
query,1513107069.205536,1513107069.3865585,2
query,1513107069.3865626,1513107069.6068504,34
query,1513107069.6068532,1513107069.8478808,50
query,1513107069.8479002,1513107070.0436356,37
query,1513107070.0436401,1513107070.2270262,370
query,1513107070.2270293,1513107070.409369,354
query,1513107070.4093728,1513107070.5508676,751
query,1513107070.5508707,1513107070.7469163,561
query,1513107070.746932,1513107070.8947074,2
query,1513107070.8947108,1513107071.052414,454
query,1513107071.052417,1513107071.2498426,289
query,1513107071.2498457,1513107071.4148855,152
query,1513107071.41489,1513107071.5681899,108
query,1513107071.5681944,1513107071.751261,565
query,1513107071.751298,1513107071.9420412,149
query,1513107071.9555547,1513107072.184346,481
query,1513107072.1843495,1513107072.3891134,189
query,1513107072.3891165,1513107072.5137637,36
query,1513107072.513767,1513107072.7289698,758
query,1513107072.7289748,1513107072.9012494,743
query,1513107072.9012535,1513107073.0690403,626
query,1513107073.069044,1513107073.2117147,0
query,1513107073.2117195,1513107073.375367,364
query,1513107073.3753712,1513107073.512207,343
query,1513107073.5122113,1513107073.6688426,2
query,1513107073.668847,1513107073.8352,289
query,1513107073.8352046,1513107073.9739287,45
query,1513107073.973933,1513107074.1861198,179
query,1513107074.186124,1513107074.3462238,190
query,1513107074.3462298,1513107074.5584083,74
query,1513107074.5584145,1513107074.7265618,227
query,1513107074.726566,1513107074.915327,100
query,1513107074.9153306,1513107075.0388484,8
query,1513107075.0388527,1513107075.2329717,913
query,1513107075.2330174,1513107075.4302256,55
query,1513107075.4406369,1513107075.6120048,252
query,1513107075.612009,1513107075.7927966,179
query,1513107075.7928014,1513107075.9662097,280
query,1513107075.9662137,1513107076.128554,546
query,1513107076.1285567,1513107076.2661371,624
query,1513107076.2661414,1513107076.4403944,212
query,1513107076.4403982,1513107076.611469,779
query,1513107076.6114728,1513107076.7576952,183
query,1513107076.7576995,1513107076.8903494,1
query,1513107076.8903537,1513107077.1331809,765
query,1513107077.1331856,1513107077.2987719,50
query,1513107077.2987764,1513107077.459237,612
query,1513107077.4592412,1513107077.6073556,507
query,1513107077.60736,1513107077.7505121,1
query,1513107077.7505162,1513107077.9386656,728
query,1513107077.9386685,1513107078.0904803,12
query,1513107078.0904827,1513107078.234544,753
query,1513107078.234547,1513107078.412597,347
query,1513107078.4126012,1513107078.6380844,790
query,1513107078.6381223,1513107078.8770883,322
query,1513107078.8915985,1513107079.0815783,40
query,1513107079.081584,1513107079.2383623,1
query,1513107079.2383647,1513107079.3549426,0
query,1513107079.3549461,1513107079.5358968,265
query,1513107079.535901,1513107079.738873,814
query,1513107079.7388787,1513107080.0912666,3
query,1513107080.0912712,1513107080.2495162,197
query,1513107080.2495208,1513107080.4272854,862
query,1513107080.4272892,1513107080.5683608,46
query,1513107080.5683649,1513107080.7589097,541
query,1513107080.7589135,1513107080.9458578,58
query,1513107080.9458659,1513107081.1107585,76
query,1513107081.110763,1513107081.2696831,144
query,1513107081.269687,1513107081.4871924,13
query,1513107081.4871967,1513107081.6353388,2
query,1513107081.635343,1513107081.8754358,483
query,1513107081.87544,1513107082.095545,253
query,1513107082.0955493,1513107082.2529879,176
query,1513107082.252992,1513107082.4257975,5
query,1513107082.4258904,1513107082.6011093,147
query,1513107082.6179595,1513107082.7594006,10
query,1513107082.7594047,1513107082.9158423,570
query,1513107082.9158466,1513107083.0635574,761
query,1513107083.0635617,1513107083.2894182,652
query,1513107083.2894213,1513107083.4444854,414
query,1513107083.4444895,1513107083.5827298,0
query,1513107083.5827334,1513107083.7106051,1
query,1513107083.7106094,1513107083.8671134,27
query,1513107083.8671165,1513107083.9996758,440
query,1513107083.9996815,1513107084.1702795,158
query,1513107084.1702843,1513107084.4227116,767
query,1513107084.4227173,1513107084.5873141,60
query,1513107084.5873187,1513107084.7954214,113
query,1513107084.7954261,1513107085.0431018,340
query,1513107085.0431058,1513107085.243735,3
query,1513107085.243739,1513107085.3793647,0
query,1513107085.3793693,1513107085.5279753,9
query,1513107085.527979,1513107085.6720216,9
query,1513107085.6720266,1513107085.8529615,96
query,1513107085.8533564,1513107086.0629215,156
query,1513107086.0809839,1513107086.2811813,669
query,1513107086.2811854,1513107086.494611,1
query,1513107086.4946153,1513107086.667737,136
query,1513107086.6677418,1513107086.8658109,98
query,1513107086.8658147,1513107087.0156615,9
query,1513107087.015666,1513107087.1689482,11
query,1513107087.1689541,1513107087.3101442,79
query,1513107087.3101487,1513107087.43902,0
query,1513107087.439024,1513107087.6148279,156
query,1513107087.6148324,1513107087.7794333,6
query,1513107087.7794378,1513107087.9318113,614
query,1513107087.9318151,1513107088.1298556,233
query,1513107088.1298604,1513107088.2804172,331
query,1513107088.2804215,1513107088.5200324,153
query,1513107088.520037,1513107088.7532365,494
query,1513107088.7532403,1513107088.9861362,730
query,1513107088.9861405,1513107089.1978474,528
query,1513107089.1978521,1513107089.407355,535
query,1513107089.4073591,1513107089.5513737,711
query,1513107089.551416,1513107089.707854,511
query,1513107089.724288,1513107089.9194477,699
query,1513107089.9194517,1513107090.1499999,780
query,1513107090.1500034,1513107090.3474755,443
query,1513107090.34748,1513107090.5507214,573
query,1513107090.550724,1513107090.7123625,280
query,1513107090.7123663,1513107090.851358,427
query,1513107090.8513608,1513107090.9901605,618
query,1513107090.990165,1513107091.149134,197
query,1513107091.1491382,1513107091.2969005,10
query,1513107091.2969067,1513107091.471505,736
query,1513107091.471509,1513107091.655423,225
query,1513107091.6554267,1513107091.847714,64
query,1513107091.8477185,1513107092.0129495,0
query,1513107092.0129545,1513107092.1946313,5
query,1513107092.1946354,1513107092.3434508,445
query,1513107092.3434548,1513107092.471135,5
query,1513107092.4711392,1513107092.6314335,374
query,1513107092.6314378,1513107092.8099957,168
query,1513107092.810001,1513107092.9597094,103
query,1513107092.9597554,1513107093.1371481,7
query,1513107093.1506016,1513107093.2907763,330
query,1513107093.29078,1513107093.5119936,507
query,1513107093.5119984,1513107093.7474074,28
query,1513107093.7474127,1513107093.9112234,148
query,1513107093.9112277,1513107094.0818195,492
query,1513107094.0818233,1513107094.2327483,315
query,1513107094.2327526,1513107094.3436062,3
query,1513107094.34361,1513107094.4973545,23
query,1513107094.4973593,1513107094.6728048,626
query,1513107094.6728115,1513107094.7947645,1
query,1513107094.7947688,1513107094.9243262,146
query,1513107094.9243307,1513107095.0475109,0
query,1513107095.0475152,1513107095.2332778,262
query,1513107095.2332819,1513107095.5194187,545
query,1513107095.519423,1513107095.7360487,429
query,1513107095.7360532,1513107095.9119694,793
query,1513107095.9119768,1513107096.075757,172
query,1513107096.0757606,1513107096.2129998,176
query,1513107096.2130032,1513107096.4068854,5
query,1513107096.4069242,1513107096.6830091,1
query,1513107096.690728,1513107096.950135,0
query,1513107096.9501383,1513107097.1404326,0
query,1513107097.1404371,1513107097.343335,709
query,1513107097.3433409,1513107097.4611573,0
query,1513107097.461163,1513107097.6151743,494
query,1513107097.6151783,1513107097.8106866,296
query,1513107097.8106897,1513107097.9341712,0
query,1513107097.934177,1513107098.0728588,8
query,1513107098.0728645,1513107098.216001,37
query,1513107098.2160056,1513107098.336884,89
query,1513107098.3368893,1513107098.5040443,327
query,1513107098.5040495,1513107098.6919312,143
query,1513107098.691936,1513107098.8471918,149
query,1513107098.8471959,1513107099.0171924,104
query,1513107099.0171988,1513107099.154881,0
query,1513107099.1548846,1513107099.2976851,120
query,1513107099.2976892,1513107099.4797199,12
query,1513107099.479725,1513107099.6334782,372
query,1513107099.6334891,1513107099.7549415,1
query,1513107099.7549849,1513107099.9638252,381
query,1513107099.9824984,1513107100.178614,20
query,1513107100.1786172,1513107100.376295,112
query,1513107100.3762991,1513107100.5466537,807
query,1513107100.5466602,1513107100.6719697,1
query,1513107100.671974,1513107100.7950392,311
query,1513107100.795044,1513107100.9510448,150
query,1513107100.9510505,1513107101.0844154,492
query,1513107101.0844195,1513107101.2286227,106
query,1513107101.2286272,1513107101.3743896,11
query,1513107101.3743937,1513107101.5794902,433
query,1513107101.5794945,1513107101.7414412,192
query,1513107101.7414474,1513107101.9120955,702
query,1513107101.9121003,1513107102.0471885,205
query,1513107102.0471926,1513107102.2553172,493
query,1513107102.2553241,1513107102.3828313,0
query,1513107102.3828359,1513107102.5074048,52
query,1513107102.507409,1513107102.6231897,14
query,1513107102.623195,1513107102.7667542,63
query,1513107102.7667587,1513107102.914288,367
query,1513107102.9143252,1513107103.0778785,34
query,1513107103.0915027,1513107103.2147288,299
query,1513107103.2147324,1513107103.341404,12
query,1513107103.3414073,1513107103.4911547,69
query,1513107103.4911578,1513107103.695979,576
query,1513107103.6959834,1513107103.8674123,58
query,1513107103.8674166,1513107103.9976692,0
query,1513107103.997673,1513107104.1374214,0
query,1513107104.1374247,1513107104.3103755,3
query,1513107104.3103802,1513107104.453558,42
query,1513107104.4535632,1513107104.5745277,1
query,1513107104.574532,1513107104.7854054,315
query,1513107104.7854104,1513107104.92652,1
query,1513107104.926526,1513107105.0955849,824
query,1513107105.095589,1513107105.271003,747
query,1513107105.271006,1513107105.4794369,364
query,1513107105.4794402,1513107105.670449,62
query,1513107105.670453,1513107105.8511949,222
query,1513107105.8511982,1513107106.043736,510
query,1513107106.0437403,1513107106.202247,4
query,1513107106.202294,1513107106.395962,868
query,1513107106.4121711,1513107106.563181,20
query,1513107106.563184,1513107106.7276332,90
query,1513107106.7276382,1513107106.8524587,307
query,1513107106.852464,1513107107.0170288,508
query,1513107107.0170348,1513107107.2306335,0
query,1513107107.2306373,1513107107.3443377,0
query,1513107107.3443422,1513107107.4695475,1
query,1513107107.469552,1513107107.627719,73
query,1513107107.627723,1513107107.7736146,3
query,1513107107.7736187,1513107107.9333127,221
query,1513107107.9333174,1513107108.0706537,662
query,1513107108.0706582,1513107108.3234892,1036
query,1513107108.3234935,1513107108.5440056,552
query,1513107108.5440118,1513107108.7297356,527
query,1513107108.72974,1513107108.9101777,158
query,1513107108.9101813,1513107109.075772,39
query,1513107109.0757766,1513107109.2325368,18
query,1513107109.2325406,1513107109.4028075,572
query,1513107109.4028108,1513107109.5453255,338
query,1513107109.545378,1513107109.690696,169
query,1513107109.7061148,1513107109.8430848,326
query,1513107109.8430882,1513107109.9695797,504
query,1513107109.969584,1513107110.1561198,549
query,1513107110.1561239,1513107110.289498,252
query,1513107110.289502,1513107110.3987536,1
query,1513107110.398758,1513107110.635374,14
query,1513107110.635378,1513107110.8235118,170
query,1513107110.8235161,1513107110.9655929,330
query,1513107110.9656076,1513107111.3435576,98
query,1513107111.3435614,1513107111.4837995,709
query,1513107111.483804,1513107111.6300535,19
query,1513107111.6300623,1513107111.8184133,837
query,1513107111.8184178,1513107111.9783318,510
query,1513107111.978337,1513107112.1497724,49
query,1513107112.1497784,1513107112.2953377,478
query,1513107112.2953415,1513107112.4316247,275
query,1513107112.4316308,1513107112.619209,400
query,1513107112.6192143,1513107112.8554235,584
query,1513107112.8554273,1513107113.0275443,239
query,1513107113.0276074,1513107113.169391,0
query,1513107113.1712015,1513107113.334382,248
query,1513107113.334387,1513107113.5095959,613
query,1513107113.509602,1513107113.6582415,3
query,1513107113.658246,1513107113.8010437,119
query,1513107113.801048,1513107113.9516988,571
query,1513107113.9517026,1513107114.097546,470
query,1513107114.0975494,1513107114.3115366,131
query,1513107114.3115406,1513107114.475589,322
query,1513107114.4755936,1513107114.7366617,14
query,1513107114.7366662,1513107114.9860325,160
query,1513107114.986036,1513107115.1771927,111
query,1513107115.177197,1513107115.3445475,217
query,1513107115.344551,1513107115.4776804,2
query,1513107115.4776847,1513107115.6354926,433
query,1513107115.6354954,1513107115.7502935,0
query,1513107115.7502978,1513107115.8753128,80
query,1513107115.875317,1513107116.0355964,446
query,1513107116.0356,1513107116.2403963,770
query,1513107116.2404027,1513107116.4275525,169
query,1513107116.4276202,1513107116.6074364,13
query,1513107116.6216238,1513107116.81151,290
query,1513107116.8115141,1513107116.9578967,586
query,1513107116.9579005,1513107117.1232698,162
query,1513107117.1232743,1513107117.278756,410
query,1513107117.27876,1513107117.3860385,0
query,1513107117.3860426,1513107117.5350835,49
query,1513107117.5350876,1513107117.6838362,331
query,1513107117.683841,1513107117.8151686,83
query,1513107117.8151731,1513107117.9540715,167
query,1513107117.954077,1513107118.1380959,23
query,1513107118.1381001,1513107118.3310342,779
query,1513107118.3310387,1513107118.544829,112
query,1513107118.5448332,1513107118.698778,665
query,1513107118.698783,1513107118.8361347,44
query,1513107118.836138,1513107119.0576663,319
query,1513107119.05767,1513107119.2668853,2
query,1513107119.2668898,1513107119.4379556,0
query,1513107119.4379587,1513107119.6075578,255
query,1513107119.6075613,1513107119.783142,908
query,1513107119.783176,1513107119.9491227,140
query,1513107119.958456,1513107120.1310043,34
query,1513107120.1310084,1513107120.2658484,0
query,1513107120.265852,1513107120.4511137,480
query,1513107120.451119,1513107120.575046,0
query,1513107120.5750525,1513107120.7486916,50
query,1513107120.748696,1513107120.9526951,364
query,1513107120.9527118,1513107121.1513276,198
query,1513107121.1513324,1513107121.2826731,197
query,1513107121.2826772,1513107121.4500284,65
query,1513107121.450032,1513107121.6770248,327
query,1513107121.6770287,1513107121.9105318,115
query,1513107121.9105363,1513107122.111592,101
query,1513107122.1115954,1513107122.2756872,831
query,1513107122.2756917,1513107122.4929702,260
query,1513107122.4929748,1513107122.6933758,691
query,1513107122.69338,1513107122.8688834,252
query,1513107122.8688889,1513107123.0838223,243
query,1513107123.0838265,1513107123.2602193,736
query,1513107123.260224,1513107123.443103,45
query,1513107123.443164,1513107123.674141,132
query,1513107123.6831312,1513107123.848193,41
query,1513107123.8481991,1513107124.0074513,27
query,1513107124.0074563,1513107124.1628156,139
query,1513107124.1628203,1513107124.3622508,240
query,1513107124.3622549,1513107124.5113614,0
query,1513107124.511365,1513107124.6618881,237
query,1513107124.6618924,1513107124.8256803,233
query,1513107124.8256853,1513107124.9687562,239
query,1513107124.9687614,1513107125.10889,9
query,1513107125.1088953,1513107125.3285887,61
query,1513107125.328594,1513107125.4663734,96
query,1513107125.4663782,1513107125.5884433,322
query,1513107125.5884478,1513107125.7799735,770
query,1513107125.779979,1513107125.922001,289
query,1513107125.922007,1513107126.0798104,230
query,1513107126.079815,1513107126.1883888,446
query,1513107126.1883929,1513107126.34134,947
query,1513107126.3413439,1513107126.5357723,120
query,1513107126.5357776,1513107126.7875946,248
query,1513107126.787642,1513107126.9512832,280
query,1513107126.9624946,1513107127.1023552,560
query,1513107127.1023598,1513107127.272879,319
query,1513107127.2728825,1513107127.4237998,71
query,1513107127.4238036,1513107127.5981052,776
query,1513107127.5981092,1513107127.749879,0
query,1513107127.7498837,1513107127.8820791,787
query,1513107127.8820846,1513107128.0478225,788
query,1513107128.047828,1513107128.169351,0
query,1513107128.1693554,1513107128.3163607,680
query,1513107128.3163648,1513107128.5354328,68
query,1513107128.5354369,1513107128.7522228,576
query,1513107128.7522275,1513107128.947514,95
query,1513107128.9475212,1513107129.1034367,255
query,1513107129.1034412,1513107129.2259016,0
query,1513107129.2259052,1513107129.359025,87
query,1513107129.3590283,1513107129.54421,354
query,1513107129.5442133,1513107129.7749949,142
query,1513107129.7749982,1513107129.9597692,368
query,1513107129.9597743,1513107130.1197596,510
query,1513107130.119801,1513107130.2731059,430
query,1513107130.2871616,1513107130.4521704,704
query,1513107130.4521744,1513107130.6739013,166
query,1513107130.6739056,1513107130.8954282,765
query,1513107130.895432,1513107131.0930266,359
query,1513107131.0930305,1513107131.2131467,0
query,1513107131.21315,1513107131.4041917,18
query,1513107131.4041963,1513107131.5523856,111
query,1513107131.5523925,1513107131.8895526,317
query,1513107131.889558,1513107132.0798063,812
query,1513107132.0798106,1513107132.268607,106
query,1513107132.2686114,1513107132.4848716,769
query,1513107132.4848769,1513107132.62658,0
query,1513107132.626584,1513107132.8315651,110
query,1513107132.8315694,1513107132.996312,245
query,1513107132.996315,1513107133.1582537,81
query,1513107133.158258,1513107133.3395226,349
query,1513107133.3395262,1513107133.4662886,64
query,1513107133.466292,1513107133.622156,27
query,1513107133.6221595,1513107133.9796283,51
query,1513107133.9796674,1513107134.2236283,831
query,1513107134.237028,1513107134.4263625,9
query,1513107134.4263656,1513107134.590903,0
query,1513107134.590907,1513107134.7638295,235
query,1513107134.7638323,1513107134.9833152,11
query,1513107134.9833186,1513107135.1994205,340
query,1513107135.1994233,1513107135.3699946,722
query,1513107135.3699982,1513107135.5194943,70
query,1513107135.5194974,1513107135.6527252,70
query,1513107135.6527288,1513107135.8314276,242
query,1513107135.8314312,1513107136.0083542,177
query,1513107136.0083592,1513107136.1806128,67
query,1513107136.1806176,1513107136.322318,374
query,1513107136.3223214,1513107136.4558868,4
query,1513107136.4558902,1513107136.671893,199
query,1513107136.671897,1513107136.7647433,0
query,1513107136.7647471,1513107136.9282784,409
query,1513107136.9282825,1513107137.1115599,257
query,1513107137.111565,1513107137.2910764,22
query,1513107137.2910802,1513107137.461249,120
query,1513107137.4613066,1513107137.6065164,8
query,1513107137.6175084,1513107137.8113708,10
query,1513107137.8113742,1513107138.0311348,666
query,1513107138.031139,1513107138.2710712,714
query,1513107138.2710748,1513107138.4772565,481
query,1513107138.4772613,1513107138.6546073,237
query,1513107138.6546116,1513107138.827767,352
query,1513107138.8277714,1513107139.0399876,424
query,1513107139.0399928,1513107139.2303154,0
query,1513107139.2303195,1513107139.4324915,399
query,1513107139.4324956,1513107139.6253476,63
query,1513107139.6253524,1513107139.8078508,739
query,1513107139.8078551,1513107139.9585984,33
query,1513107139.958604,1513107140.1460297,448
query,1513107140.1460333,1513107140.3674994,595
query,1513107140.3675044,1513107140.5787125,41
query,1513107140.5787153,1513107140.7992852,10
query,1513107140.7992897,1513107140.962528,0
query,1513107140.9625316,1513107141.1411102,25
query,1513107141.1411145,1513107141.2956493,439
query,1513107141.2956884,1513107141.4833286,158
query,1513107141.4974647,1513107141.698591,40
query,1513107141.6985955,1513107141.8465652,1
query,1513107141.8465698,1513107142.059284,25
query,1513107142.0592887,1513107142.3272583,525
query,1513107142.3272622,1513107142.4372742,0
query,1513107142.437278,1513107142.6043046,558
query,1513107142.604309,1513107142.8276303,573
query,1513107142.8276365,1513107143.0034444,5
query,1513107143.0034485,1513107143.1925416,501
query,1513107143.1925454,1513107143.35155,415
query,1513107143.3515546,1513107143.5021315,38
query,1513107143.5021355,1513107143.661762,447
query,1513107143.6617668,1513107143.8032491,100
query,1513107143.8032544,1513107143.9723122,835
query,1513107143.9723172,1513107144.1065028,109
query,1513107144.1065056,1513107144.270192,1
query,1513107144.2701955,1513107144.4024272,8
query,1513107144.4024298,1513107144.58972,5
query,1513107144.5897355,1513107144.7428539,8
query,1513107144.7429025,1513107144.9295037,768
query,1513107144.9380083,1513107145.0990825,252
query,1513107145.0990863,1513107145.2472467,291
query,1513107145.247251,1513107145.3811564,0
query,1513107145.381161,1513107145.558918,47
query,1513107145.5589228,1513107145.6898189,105
query,1513107145.6898232,1513107145.836988,302
query,1513107145.8369918,1513107146.0166323,141
query,1513107146.0166366,1513107146.1591885,63
query,1513107146.1591926,1513107146.3017123,245
query,1513107146.3017166,1513107146.4280975,127
query,1513107146.4281023,1513107146.5843835,19
query,1513107146.5843878,1513107146.7870536,221
query,1513107146.7870579,1513107146.954324,418
query,1513107146.9543278,1513107147.122687,169
query,1513107147.1226912,1513107147.2534688,103
query,1513107147.2534735,1513107147.4033158,2
query,1513107147.403319,1513107147.680822,705
query,1513107147.6808314,1513107147.9078317,253
query,1513107147.907836,1513107148.0909665,637
