tables,1513042842.7149656,1513043324.779783
query,1513043324.7812517,1513043324.9928148,102
query,1513043325.009258,1513043325.2009823,900
query,1513043325.2009861,1513043325.3833969,1344
query,1513043325.3834012,1513043325.536361,102
query,1513043325.5363662,1513043325.694414,96
query,1513043325.6944199,1513043325.8719869,2053
query,1513043325.871991,1513043326.045443,186
query,1513043326.0454464,1513043326.1719875,63
query,1513043326.1719909,1513043326.3066263,224
query,1513043326.3066306,1513043326.424759,94
query,1513043326.4247632,1513043326.564995,99
query,1513043326.5649993,1513043326.710012,1624
query,1513043326.7100177,1513043326.865218,99
query,1513043326.8652225,1513043327.0130742,1166
query,1513043327.013078,1513043327.120562,195
query,1513043327.1205657,1513043327.254451,728
query,1513043327.2544549,1513043327.3696117,29
query,1513043327.3696153,1513043327.530152,102
query,1513043327.5301561,1513043327.6232705,335
query,1513043327.6232734,1513043327.753877,102
query,1513043327.7539263,1513043327.8696842,423
query,1513043327.8845065,1513043328.0626743,875
query,1513043328.0626783,1513043328.210602,105
query,1513043328.210606,1513043328.549424,1186
query,1513043328.5494285,1513043328.6972713,108
query,1513043328.697275,1513043328.8773422,99
query,1513043328.8773463,1513043329.027523,99
query,1513043329.0275266,1513043329.1906524,99
query,1513043329.1906571,1513043329.3453522,99
query,1513043329.3453572,1513043329.4957132,99
query,1513043329.4957175,1513043329.6443028,135
query,1513043329.6443074,1513043329.7765326,274
query,1513043329.7765381,1513043329.9530604,2117
query,1513043329.9530654,1513043330.1762748,1372
query,1513043330.1762793,1513043330.392968,1944
query,1513043330.3929727,1513043330.6180117,1158
query,1513043330.6180165,1513043330.7725782,475
query,1513043330.7725825,1513043330.9097822,1825
query,1513043330.9097865,1513043331.0891771,1125
query,1513043331.0891814,1513043331.2505505,1132
query,1513043331.2505827,1513043331.4472287,2578
query,1513043331.4599094,1513043331.63987,2629
query,1513043331.6398745,1513043331.9144588,1916
query,1513043331.9144642,1513043332.0698373,3247
query,1513043332.0698416,1513043332.2218869,1105
query,1513043332.2218912,1513043332.3611798,2731
query,1513043332.3612037,1513043332.589242,1667
query,1513043332.5892448,1513043332.785003,2870
query,1513043332.785008,1513043332.9541419,444
query,1513043332.954146,1513043333.0919902,276
query,1513043333.0919945,1513043333.383487,1860
query,1513043333.3834913,1513043333.4828234,0
query,1513043333.4828272,1513043333.7014382,3125
query,1513043333.7014425,1513043334.0060618,1972
query,1513043334.0060656,1513043334.2071788,970
query,1513043334.2071826,1513043334.373054,1597
query,1513043334.3730593,1513043334.5359335,2136
query,1513043334.5359366,1513043334.6900487,1706
query,1513043334.6900535,1513043334.8516078,1501
query,1513043334.8516116,1513043334.976745,496
query,1513043334.9768326,1513043335.0935864,59
query,1513043335.108541,1513043335.2494497,1774
query,1513043335.2494538,1513043335.5138674,3294
query,1513043335.5138721,1513043335.6803837,2282
query,1513043335.680388,1513043335.8488402,640
query,1513043335.8488443,1513043335.9678943,1359
query,1513043335.9679003,1513043336.148327,1081
query,1513043336.148333,1513043336.334951,2211
query,1513043336.3349555,1513043336.49643,2232
query,1513043336.496435,1513043336.6755528,1543
query,1513043336.675556,1513043336.877087,2829
query,1513043336.8770924,1513043337.0764012,2174
query,1513043337.076406,1513043337.2433095,12
query,1513043337.243314,1513043337.3724523,1667
query,1513043337.372456,1513043337.4847424,1306
query,1513043337.4847465,1513043337.5999508,972
query,1513043337.599956,1513043337.7781763,7
query,1513043337.778181,1513043337.9250998,960
query,1513043337.9251058,1513043338.0440972,1182
query,1513043338.0441017,1513043338.2016194,1345
query,1513043338.2016706,1513043338.4186585,2702
query,1513043338.4318497,1513043338.613188,495
query,1513043338.6131914,1513043338.7873178,2348
query,1513043338.7873218,1513043338.9491029,272
query,1513043338.9491065,1513043339.0891745,2268
query,1513043339.0891783,1513043339.225046,1338
query,1513043339.22505,1513043339.3081682,0
query,1513043339.3081727,1513043339.4995174,3226
query,1513043339.499521,1513043339.6322727,534
query,1513043339.6322756,1513043339.7543635,1805
query,1513043339.7543669,1513043339.897301,1660
query,1513043339.8973053,1513043340.0571976,467
query,1513043340.057201,1513043340.181285,1546
query,1513043340.1812894,1513043340.301858,1100
query,1513043340.3018622,1513043340.4259036,584
query,1513043340.4259076,1513043340.6148915,2480
query,1513043340.6148963,1513043340.8080003,974
query,1513043340.8080046,1513043341.0241518,3111
query,1513043341.024155,1513043341.1910586,2454
query,1513043341.191063,1513043341.3919291,2867
query,1513043341.391974,1513043341.5656953,482
query,1513043341.5781782,1513043341.7557967,1408
query,1513043341.7558007,1513043341.9282467,1479
query,1513043341.9282506,1513043342.1333766,394
query,1513043342.1333818,1513043342.3448994,1665
query,1513043342.3449042,1513043342.540279,1277
query,1513043342.5402832,1513043342.72905,3097
query,1513043342.7290533,1513043342.9412162,1947
query,1513043342.941219,1513043343.1154964,512
query,1513043343.1154995,1513043343.2790842,2909
query,1513043343.2790878,1513043343.44594,2894
query,1513043343.4459465,1513043343.6194944,2399
query,1513043343.6194978,1513043343.8128843,742
query,1513043343.8128874,1513043344.0568705,1834
query,1513043344.0568745,1513043344.2329597,1626
query,1513043344.232965,1513043344.4941332,1328
query,1513043344.4941373,1513043344.691766,1447
query,1513043344.6917708,1513043344.8950992,2648
query,1513043344.895103,1513043345.0606186,1534
query,1513043345.0606215,1513043345.2532973,1053
query,1513043345.2533436,1513043345.431706,1264
query,1513043345.4395108,1513043345.5713315,318
query,1513043345.5713356,1513043345.7292426,2893
query,1513043345.7292469,1513043345.8626244,506
query,1513043345.8626287,1513043346.0051346,1272
query,1513043346.0051403,1513043346.1624403,2383
query,1513043346.1624453,1513043346.328763,207
query,1513043346.328821,1513043346.496494,3249
query,1513043346.496497,1513043346.6678226,920
query,1513043346.6678278,1513043346.8984404,2954
query,1513043346.898445,1513043347.0896146,1974
query,1513043347.0896184,1513043347.2455137,1589
query,1513043347.2455163,1513043347.3936543,1126
query,1513043347.393659,1513043347.5724893,977
query,1513043347.5724926,1513043347.7821133,3108
query,1513043347.7821176,1513043347.9480946,114
query,1513043347.9480982,1513043348.0958688,289
query,1513043348.0958717,1513043348.2690232,2686
query,1513043348.269029,1513043348.4118774,903
query,1513043348.411882,1513043348.554652,1003
query,1513043348.5547035,1513043348.780618,1071
query,1513043348.7882268,1513043349.0051363,2814
query,1513043349.00514,1513043349.225203,807
query,1513043349.2252078,1513043349.378115,302
query,1513043349.3781183,1513043349.5329077,2454
query,1513043349.5329127,1513043349.8456078,3408
query,1513043349.845611,1513043350.020935,1359
query,1513043350.020938,1513043350.190489,1219
query,1513043350.190493,1513043350.3216903,2046
query,1513043350.3216958,1513043350.5057027,2126
query,1513043350.5057068,1513043350.6283553,1548
query,1513043350.6283588,1513043350.8174255,22
query,1513043350.817429,1513043351.0091815,2171
query,1513043351.009185,1513043351.1275601,652
query,1513043351.1275644,1513043351.2772405,602
query,1513043351.2772446,1513043351.4014637,278
query,1513043351.4014673,1513043351.5397327,2240
query,1513043351.5397353,1513043351.7032485,1964
query,1513043351.7032523,1513043351.9130623,3148
query,1513043351.9130657,1513043352.161484,3222
query,1513043352.1615317,1513043352.2895832,1132
query,1513043352.3027976,1513043352.4779263,2730
query,1513043352.4779296,1513043352.660913,1081
query,1513043352.6609168,1513043352.8057961,892
query,1513043352.8057997,1513043352.922994,851
query,1513043352.9229968,1513043353.081101,743
query,1513043353.0811043,1513043353.3036454,2451
query,1513043353.3036494,1513043353.537003,2938
query,1513043353.5370069,1513043353.7164032,971
query,1513043353.716408,1513043353.9241357,396
query,1513043353.92414,1513043354.2175329,2742
query,1513043354.2175374,1513043354.3987682,299
query,1513043354.3987727,1513043354.5960302,1597
query,1513043354.5960348,1513043354.823678,1581
query,1513043354.8236818,1513043355.050973,2841
query,1513043355.0509763,1513043355.2376971,2767
query,1513043355.237701,1513043355.3883605,1937
query,1513043355.3883638,1513043355.530839,221
query,1513043355.5308425,1513043355.6778092,2885
query,1513043355.677812,1513043355.8810554,2788
query,1513043355.8811016,1513043356.0448349,1237
query,1513043356.0520973,1513043356.186619,953
query,1513043356.1866233,1513043356.3818054,2369
query,1513043356.3818083,1513043356.559797,3200
query,1513043356.559801,1513043356.7535686,1873
query,1513043356.753573,1513043356.9372847,1718
query,1513043356.9372904,1513043357.0887363,1011
query,1513043357.0887406,1513043357.1984015,167
query,1513043357.1984053,1513043357.3700643,186
query,1513043357.37007,1513043357.5699432,2690
query,1513043357.5699465,1513043357.6782308,430
query,1513043357.6782353,1513043357.7929618,1851
query,1513043357.792965,1513043357.9458272,77
query,1513043357.9458318,1513043358.1492245,1762
query,1513043358.1492279,1513043358.3136387,323
query,1513043358.313643,1513043358.5144014,2955
query,1513043358.514406,1513043358.7929356,1296
query,1513043358.7929413,1513043358.9422371,719
query,1513043358.9422405,1513043359.1415012,1962
query,1513043359.1415048,1513043359.3491404,2667
query,1513043359.3491786,1513043359.6048305,436
query,1513043359.6145773,1513043359.7725563,1013
query,1513043359.7725716,1513043359.918036,1405
query,1513043359.9180403,1513043360.0839357,2134
query,1513043360.0839405,1513043360.2969863,2367
query,1513043360.2969906,1513043360.515778,1465
query,1513043360.515782,1513043360.6593137,2740
query,1513043360.6593184,1513043360.7828534,1010
query,1513043360.7828577,1513043360.96026,3
query,1513043360.9602652,1513043361.1426353,1237
query,1513043361.142639,1513043361.287195,326
query,1513043361.2871997,1513043361.4888754,1406
query,1513043361.4888797,1513043361.7232826,2693
query,1513043361.723287,1513043361.8825703,1275
query,1513043361.8825736,1513043362.0279438,1048
query,1513043362.0279467,1513043362.1614819,1521
query,1513043362.1614857,1513043362.3218203,1442
query,1513043362.3218281,1513043362.467338,1647
query,1513043362.4673429,1513043362.608032,2324
query,1513043362.6080353,1513043362.744486,1453
query,1513043362.744514,1513043362.8920786,1821
query,1513043362.9063647,1513043363.0465355,523
query,1513043363.046542,1513043363.2294388,2179
query,1513043363.2294436,1513043363.3698986,2300
query,1513043363.369902,1513043363.5458336,2764
query,1513043363.5458386,1513043363.7173805,2268
query,1513043363.717385,1513043363.96485,2547
query,1513043363.9648538,1513043364.266735,3396
query,1513043364.2667387,1513043364.4821153,1470
query,1513043364.4821196,1513043364.6232753,2
query,1513043364.6232786,1513043364.8274963,1507
query,1513043364.8275003,1513043365.0404038,1842
query,1513043365.0404105,1513043365.2413516,1595
query,1513043365.2413564,1513043365.3977904,2136
query,1513043365.397796,1513043365.5660083,1197
query,1513043365.5660133,1513043365.6803086,0
query,1513043365.6803122,1513043365.8759887,2590
query,1513043365.8759944,1513043366.07838,2871
query,1513043366.0783844,1513043366.253911,1140
query,1513043366.2539155,1513043366.417008,563
query,1513043366.4171503,1513043366.6860116,1563
query,1513043366.6998622,1513043366.8889241,3003
query,1513043366.8889277,1513043367.0096476,1170
query,1513043367.0096538,1513043367.1578789,2084
query,1513043367.1578832,1513043367.3255544,2881
query,1513043367.3255594,1513043367.4560518,2742
query,1513043367.4560559,1513043367.7052073,1515
query,1513043367.7052102,1513043367.8856144,0
query,1513043367.8856187,1513043368.0776603,139
query,1513043368.0776634,1513043368.2760444,2833
query,1513043368.2760482,1513043368.4603176,408
query,1513043368.4603207,1513043368.637529,71
query,1513043368.6375322,1513043368.8336008,2874
query,1513043368.8336067,1513043368.956562,420
query,1513043368.956565,1513043369.1745708,2709
query,1513043369.1745746,1513043369.393587,2625
query,1513043369.3935914,1513043369.5560694,2376
query,1513043369.5560734,1513043369.7129784,476
query,1513043369.7129822,1513043369.8427796,2
query,1513043369.842784,1513043370.047228,2138
query,1513043370.0472605,1513043370.27738,2653
query,1513043370.2850568,1513043370.4022424,1654
query,1513043370.4022472,1513043370.4864357,1
query,1513043370.4864411,1513043370.6292965,2249
query,1513043370.6293006,1513043370.7638822,2157
query,1513043370.7638896,1513043370.9226463,809
query,1513043370.92265,1513043371.0163805,0
query,1513043371.0163846,1513043371.158355,187
query,1513043371.1583593,1513043371.3265738,1910
query,1513043371.3265786,1513043371.4724011,290
query,1513043371.4724064,1513043371.6317184,28
query,1513043371.6317222,1513043371.8414264,1329
query,1513043371.8414373,1513043371.9988902,24
query,1513043371.9988947,1513043372.1333313,829
query,1513043372.1333354,1513043372.3098693,1393
query,1513043372.3098745,1513043372.6049385,2541
query,1513043372.6049438,1513043372.7513814,1509
query,1513043372.7513857,1513043373.0094109,2405
query,1513043373.009415,1513043373.1726732,1235
query,1513043373.1726778,1513043373.3334663,2337
query,1513043373.3335068,1513043373.4828353,908
query,1513043373.4910996,1513043373.705552,3088
query,1513043373.7055554,1513043373.8687396,1778
query,1513043373.868744,1513043374.0389767,463
query,1513043374.03898,1513043374.3046649,1298
query,1513043374.3046687,1513043374.4576342,1613
query,1513043374.457638,1513043374.6076834,1742
query,1513043374.607688,1513043374.76227,3020
query,1513043374.7622764,1513043374.889517,1235
query,1513043374.889522,1513043374.9983163,365
query,1513043374.9983199,1513043375.1732063,992
query,1513043375.1732094,1513043375.3561182,1730
query,1513043375.3561227,1513043375.528224,3248
query,1513043375.5282276,1513043375.6381161,326
query,1513043375.6381195,1513043375.738384,2
query,1513043375.7383869,1513043375.969536,896
query,1513043375.9695406,1513043376.1277432,83
query,1513043376.1277473,1513043376.3712845,2416
query,1513043376.3712873,1513043376.5986333,2518
query,1513043376.5986366,1513043376.8011122,2561
query,1513043376.801142,1513043376.9627368,756
query,1513043376.9701662,1513043377.1532435,2048
query,1513043377.1532469,1513043377.3290815,1801
query,1513043377.3290858,1513043377.5601203,2719
query,1513043377.5601237,1513043377.7492552,2721
query,1513043377.7492595,1513043377.887914,1473
query,1513043377.8879173,1513043378.0405767,1695
query,1513043378.0405805,1513043378.2124422,1223
query,1513043378.2124472,1513043378.375361,892
query,1513043378.3753648,1513043378.5451145,3190
query,1513043378.5451176,1513043378.7257216,207
query,1513043378.7257257,1513043378.8935616,1188
query,1513043378.8935654,1513043379.0205169,2
query,1513043379.0205202,1513043379.1750634,200
query,1513043379.1750917,1513043379.3256109,3111
query,1513043379.3256147,1513043379.4472356,356
query,1513043379.4472396,1513043379.5925324,2021
query,1513043379.5925367,1513043379.7465708,1852
query,1513043379.7465758,1513043379.8698971,1
query,1513043379.8699007,1513043380.017512,773
query,1513043380.0175552,1513043380.2475863,2949
query,1513043380.2558143,1513043380.3976243,924
query,1513043380.3976285,1513043380.5754,3217
query,1513043380.5754051,1513043380.739559,3107
query,1513043380.7395627,1513043380.89203,1260
query,1513043380.8920336,1513043381.1410732,3042
query,1513043381.1410758,1513043381.3356128,3432
query,1513043381.3356173,1513043381.5049872,1312
query,1513043381.504992,1513043381.6524966,1535
query,1513043381.6525025,1513043381.8545992,2790
query,1513043381.8546038,1513043382.116937,2769
query,1513043382.1169415,1513043382.3534415,2743
query,1513043382.3534467,1513043382.4998412,66
query,1513043382.4998457,1513043382.6334352,1329
query,1513043382.6334383,1513043382.8273182,965
query,1513043382.827321,1513043382.95371,812
query,1513043382.9537141,1513043383.1169524,331
query,1513043383.1169589,1513043383.2954633,2151
query,1513043383.295468,1513043383.4709315,1293
query,1513043383.470936,1513043383.654447,2023
query,1513043383.6544814,1513043383.876813,2316
query,1513043383.8901281,1513043384.070368,2908
query,1513043384.0703719,1513043384.1987088,1935
query,1513043384.1987162,1513043384.351684,220
query,1513043384.3516889,1513043384.5218446,2121
query,1513043384.5218496,1513043384.668029,2193
query,1513043384.6680508,1513043384.8644352,2432
query,1513043384.8644426,1513043385.0439818,2223
query,1513043385.0439851,1513043385.2517495,561
query,1513043385.2517545,1513043385.4432855,3274
query,1513043385.4432914,1513043385.585066,2484
query,1513043385.5850706,1513043385.734548,2353
query,1513043385.7345526,1513043385.8730555,1726
query,1513043385.8730607,1513043385.997293,60
query,1513043385.9972963,1513043386.1919267,1973
query,1513043386.1919336,1513043386.3213267,1209
query,1513043386.3213303,1513043386.4641829,315
query,1513043386.4641871,1513043386.6113052,468
query,1513043386.6113095,1513043386.7372649,2
query,1513043386.7372694,1513043386.8448346,36
query,1513043386.8450468,1513043387.0579004,2788
query,1513043387.0710385,1513043387.3419478,3104
query,1513043387.3419528,1513043387.5226052,1093
query,1513043387.5226095,1513043387.6413996,988
query,1513043387.6414025,1513043387.7666411,1431
query,1513043387.7666438,1513043387.9005742,2647
query,1513043387.9005773,1513043388.0283933,2254
query,1513043388.0283997,1513043388.1814978,1465
query,1513043388.1815038,1513043388.3347836,1362
query,1513043388.3347893,1513043388.509958,2779
query,1513043388.509963,1513043388.694649,628
query,1513043388.6946542,1513043388.8460228,2011
query,1513043388.8460288,1513043388.9739764,936
query,1513043388.9739814,1513043389.1506348,2633
query,1513043389.150641,1513043389.2754002,422
query,1513043389.2754073,1513043389.3887494,668
query,1513043389.3887563,1513043389.5597143,2278
query,1513043389.5597296,1513043389.7477005,1760
query,1513043389.7477062,1513043389.8643272,17
query,1513043389.8643317,1513043389.9930756,1600
query,1513043389.9931295,1513043390.1849318,250
query,1513043390.1994295,1513043390.3071978,474
query,1513043390.3072066,1513043390.443281,907
query,1513043390.4432871,1513043390.5593772,792
query,1513043390.559384,1513043390.726047,2806
query,1513043390.7260537,1513043390.880363,1108
query,1513043390.8803692,1513043391.0370069,174
query,1513043391.037013,1513043391.2195718,891
query,1513043391.2195783,1513043391.3850706,2085
query,1513043391.3850768,1513043391.4925525,0
query,1513043391.492563,1513043391.6629934,2649
query,1513043391.6629982,1513043391.8111806,1709
query,1513043391.8111858,1513043391.968264,1683
query,1513043391.9682689,1513043392.187071,1489
query,1513043392.1870763,1513043392.4144301,1346
query,1513043392.414435,1513043392.6472948,1252
query,1513043392.6472998,1513043392.8166556,2675
query,1513043392.8166606,1513043392.9483013,310
query,1513043392.9483068,1513043393.096127,141
query,1513043393.0961318,1513043393.3061478,2843
query,1513043393.3061976,1513043393.4608626,1952
query,1513043393.4758272,1513043393.5873408,386
query,1513043393.587345,1513043393.7621071,2742
query,1513043393.7621121,1513043394.042576,2505
query,1513043394.042582,1513043394.1937582,1015
query,1513043394.1938148,1513043394.419835,3329
query,1513043394.4198432,1513043394.5829053,2193
query,1513043394.5829103,1513043394.7269816,17
query,1513043394.7269852,1513043394.8968737,2394
query,1513043394.8968773,1513043395.060121,2760
query,1513043395.060126,1513043395.2341533,946
query,1513043395.2341583,1513043395.4428918,2082
query,1513043395.442897,1513043395.707591,1174
query,1513043395.7075965,1513043395.8344214,1317
query,1513043395.834426,1513043395.9577596,719
query,1513043395.9578094,1513043396.1251373,3011
query,1513043396.125142,1513043396.2887576,2361
query,1513043396.288761,1513043396.4073892,186
query,1513043396.407396,1513043396.5841231,2102
query,1513043396.5841365,1513043396.6990495,6
query,1513043396.699353,1513043396.8616738,1768
query,1513043396.8738346,1513043397.0334086,306
query,1513043397.0334127,1513043397.276101,1995
query,1513043397.2761052,1513043397.5196064,2405
query,1513043397.5196106,1513043397.7213109,329
query,1513043397.7213156,1513043397.9598188,3106
query,1513043397.959823,1513043398.2666824,3076
query,1513043398.266689,1513043398.4657052,2179
query,1513043398.46571,1513043398.665671,813
query,1513043398.6656744,1513043398.8124995,92
query,1513043398.8125036,1513043398.9473271,2082
query,1513043398.9473338,1513043399.055605,345
query,1513043399.055609,1513043399.198727,1952
query,1513043399.198733,1513043399.3372288,2851
query,1513043399.337232,1513043399.5592747,2332
query,1513043399.5592782,1513043399.7705994,559
query,1513043399.770604,1513043399.9952643,30
query,1513043399.9952698,1513043400.2210305,2622
query,1513043400.2210333,1513043400.334531,130
query,1513043400.3345356,1513043400.4916203,825
query,1513043400.491686,1513043400.7465858,2048
query,1513043400.7612627,1513043400.9386675,905
query,1513043400.9386709,1513043401.10854,1453
query,1513043401.108555,1513043401.2577436,2055
query,1513043401.2577486,1513043401.4047003,414
query,1513043401.404704,1513043401.6650841,2532
query,1513043401.6650882,1513043401.8489501,480
query,1513043401.8489537,1513043402.092875,2135
query,1513043402.0928807,1513043402.2696989,1834
query,1513043402.2697048,1513043402.417153,2394
query,1513043402.4171574,1513043402.6410213,1574
query,1513043402.6410258,1513043402.7822049,168
query,1513043402.7822099,1513043402.9778907,2784
query,1513043402.977896,1513043403.1274345,713
query,1513043403.127439,1513043403.2966557,2754
query,1513043403.296659,1513043403.5112252,3055
query,1513043403.5112307,1513043403.6930401,3036
query,1513043403.6930447,1513043403.8846838,3118
query,1513043403.8846881,1513043404.0652661,8
query,1513043404.0652695,1513043404.2729568,986
query,1513043404.2730007,1513043404.4351113,1803
query,1513043404.444915,1513043404.5527263,1264
query,1513043404.5527306,1513043404.65862,1352
query,1513043404.6586242,1513043404.818593,2233
query,1513043404.8185976,1513043404.9726849,698
query,1513043404.9726896,1513043405.1690917,2821
query,1513043405.1690967,1513043405.3419855,2955
query,1513043405.34199,1513043405.4864702,1976
query,1513043405.4864752,1513043405.620039,2606
query,1513043405.6200445,1513043405.7743585,1387
query,1513043405.7743635,1513043405.9171436,1046
query,1513043405.9171484,1513043406.0531077,1636
query,1513043406.0531135,1513043406.1688924,390
query,1513043406.1688976,1513043406.3637555,3151
query,1513043406.3637693,1513043406.5243542,405
query,1513043406.5243623,1513043406.6575973,1335
query,1513043406.657602,1513043406.834974,1930
query,1513043406.8349793,1513043407.0056548,1166
query,1513043407.0056584,1513043407.1809895,1723
query,1513043407.1809936,1513043407.3527288,2632
query,1513043407.3527973,1513043407.5685143,2785
query,1513043407.577614,1513043407.7481122,2282
query,1513043407.7481155,1513043407.890888,1271
query,1513043407.8908918,1513043408.0211368,836
query,1513043408.0211427,1513043408.1458497,2178
query,1513043408.145854,1513043408.3241842,1216
query,1513043408.3241882,1513043408.4579477,195
query,1513043408.457952,1513043408.6691835,1910
query,1513043408.669189,1513043408.864853,2001
query,1513043408.8648574,1513043408.9949453,426
query,1513043408.99495,1513043409.1731746,3130
query,1513043409.1731794,1513043409.310351,831
query,1513043409.3103552,1513043409.5228724,3134
query,1513043409.5228758,1513043409.6396058,258
query,1513043409.6396103,1513043409.771869,827
query,1513043409.7718897,1513043409.9798934,2763
query,1513043409.979898,1513043410.1274934,1263
query,1513043410.127497,1513043410.27725,1866
query,1513043410.2772546,1513043410.4644015,2662
query,1513043410.464405,1513043410.6691113,2123
query,1513043410.6693077,1513043410.8311317,5
query,1513043410.843296,1513043411.0057466,2587
query,1513043411.0057511,1513043411.1780348,1443
query,1513043411.1780396,1513043411.2998009,222
query,1513043411.2998054,1513043411.4654114,2138
query,1513043411.4654152,1513043411.5953984,2245
query,1513043411.5954027,1513043411.7925787,3022
query,1513043411.7925825,1513043411.9594471,1995
query,1513043411.9594514,1513043412.1326473,3353
query,1513043412.1326525,1513043412.2950122,2269
query,1513043412.2950175,1513043412.5436738,3095
query,1513043412.543677,1513043412.7145693,1747
query,1513043412.7145724,1513043412.8696787,1340
query,1513043412.8696837,1513043413.076689,1280
query,1513043413.0766945,1513043413.2171514,857
query,1513043413.2171555,1513043413.4959788,3001
query,1513043413.4959824,1513043413.7689571,2839
query,1513043413.7689621,1513043413.985414,2834
query,1513043413.985418,1513043414.1002316,333
query,1513043414.1002357,1513043414.2452836,1652
query,1513043414.2453284,1513043414.3668842,23
query,1513043414.3839285,1513043414.5420687,2873
query,1513043414.5420728,1513043414.7007506,1472
query,1513043414.7007546,1513043414.8610399,1266
query,1513043414.861044,1513043415.0919337,3188
query,1513043415.0919378,1513043415.260536,250
query,1513043415.2605395,1513043415.4606245,1508
query,1513043415.4606304,1513043415.6301572,1728
query,1513043415.630162,1513043415.841855,3357
query,1513043415.8418612,1513043416.0406902,3031
query,1513043416.040695,1513043416.2108881,2803
query,1513043416.210893,1513043416.473936,2779
query,1513043416.4739425,1513043416.6183116,122
query,1513043416.6183164,1513043416.8575482,3234
query,1513043416.8575528,1513043417.0690274,388
query,1513043417.069032,1513043417.2855804,2422
query,1513043417.2855852,1513043417.5481017,1128
query,1513043417.5481055,1513043417.759583,962
query,1513043417.759587,1513043417.9104748,6
query,1513043417.9104793,1513043418.115459,2305
query,1513043418.1155038,1513043418.304879,2204
query,1513043418.3124595,1513043418.4740026,1808
query,1513043418.4740074,1513043418.6362016,1880
query,1513043418.636205,1513043418.7491193,1073
query,1513043418.7491224,1513043418.8779507,852
query,1513043418.8779547,1513043419.06858,12
query,1513043419.0685842,1513043419.225405,1756
query,1513043419.2254088,1513043419.3494024,2172
query,1513043419.3494072,1513043419.5377736,2997
query,1513043419.5377781,1513043419.6724153,377
query,1513043419.672419,1513043419.8252027,451
query,1513043419.8252072,1513043420.0217443,459
query,1513043420.021748,1513043420.3455973,3428
query,1513043420.3456016,1513043420.5869865,2898
query,1513043420.5869908,1513043420.8321779,1510
query,1513043420.8321822,1513043421.0027783,2046
query,1513043421.0027833,1513043421.205097,760
query,1513043421.2051024,1513043421.412567,2468
query,1513043421.412572,1513043421.5749238,2311
query,1513043421.574929,1513043421.7692883,629
query,1513043421.7693295,1513043421.9833057,274
query,1513043421.9967146,1513043422.1859229,1786
query,1513043422.1859279,1513043422.3551176,1788
query,1513043422.3551216,1513043422.5606656,2892
query,1513043422.5606709,1513043422.6953852,1299
query,1513043422.6953905,1513043422.9311147,3027
query,1513043422.93112,1513043423.0485044,579
query,1513043423.0485084,1513043423.2079463,2788
query,1513043423.2079518,1513043423.3398378,1671
query,1513043423.3398428,1513043423.517188,1790
query,1513043423.5171933,1513043423.6580114,1066
query,1513043423.6580162,1513043423.8290634,2473
query,1513043423.8290687,1513043424.0378542,3002
query,1513043424.0378594,1513043424.2717469,1489
query,1513043424.2717516,1513043424.4990737,1356
query,1513043424.4990797,1513043424.710584,3188
query,1513043424.710589,1513043424.9071853,3041
query,1513043424.9071898,1513043425.0868893,3068
query,1513043425.0868948,1513043425.2277935,817
query,1513043425.2277987,1513043425.3842807,201
query,1513043425.3843117,1513043425.572948,449
query,1513043425.5850432,1513043425.701067,6
query,1513043425.7010722,1513043425.8483465,1640
query,1513043425.8483517,1513043425.9942517,422
query,1513043425.9942558,1513043426.1528566,954
query,1513043426.1528623,1513043426.34275,1793
query,1513043426.3427563,1513043426.4969692,593
query,1513043426.4969745,1513043426.6747937,2768
query,1513043426.6747968,1513043426.8562837,864
query,1513043426.8562868,1513043426.9768894,26
query,1513043426.9768932,1513043427.1153135,1465
query,1513043427.115318,1513043427.2507477,2572
query,1513043427.2507522,1513043427.4174411,479
query,1513043427.4174454,1513043427.59776,3212
query,1513043427.5977635,1513043427.8381476,1381
query,1513043427.8381524,1513043428.0046344,393
query,1513043428.0046377,1513043428.196248,2305
query,1513043428.1962528,1513043428.3348455,1339
query,1513043428.334849,1513043428.52867,1907
query,1513043428.528674,1513043428.702344,2428
query,1513043428.70239,1513043428.897064,2831
query,1513043428.9102957,1513043429.0406797,128
query,1513043429.040683,1513043429.253406,2208
query,1513043429.2534106,1513043429.4638827,1808
query,1513043429.4638867,1513043429.5894628,1081
query,1513043429.5894668,1513043429.7331595,902
query,1513043429.7331636,1513043429.8741121,512
query,1513043429.8741179,1513043430.071622,1685
query,1513043430.071626,1513043430.2275126,383
query,1513043430.227517,1513043430.3539598,794
query,1513043430.3539639,1513043430.5144916,1448
query,1513043430.5144966,1513043430.691652,1587
query,1513043430.6916573,1513043430.9164748,2495
query,1513043430.9164803,1513043431.070066,967
query,1513043431.0700712,1513043431.1816738,1485
query,1513043431.181677,1513043431.320502,36
query,1513043431.3205063,1513043431.4932072,2399
query,1513043431.4932117,1513043431.6564264,2729
query,1513043431.6564298,1513043431.812162,2940
query,1513043431.812165,1513043432.023795,300
query,1513043432.0238485,1513043432.2319763,1393
query,1513043432.2489324,1513043432.4180458,416
query,1513043432.4180503,1513043432.5886548,2287
query,1513043432.5886595,1513043432.8303268,2818
query,1513043432.8303313,1513043432.9548967,12
query,1513043432.9549024,1513043433.171161,3349
query,1513043433.1711662,1513043433.321116,1262
query,1513043433.32112,1513043433.4492471,1664
query,1513043433.4492676,1513043433.691211,136
query,1513043433.6912172,1513043433.921426,1557
query,1513043433.9214308,1513043434.1363046,948
query,1513043434.1363091,1513043434.41512,3358
query,1513043434.4151244,1513043434.6105351,2949
query,1513043434.610539,1513043434.732521,6
query,1513043434.7325258,1513043434.8627968,2
query,1513043434.8628035,1513043435.0641873,2395
query,1513043435.0641918,1513043435.2350707,1953
query,1513043435.2350748,1513043435.4228625,3145
query,1513043435.422867,1513043435.5975564,257
query,1513043435.5975606,1513043435.7747648,615
query,1513043435.77482,1513043435.9996169,2676
query,1513043436.0133832,1513043436.2272837,2640
query,1513043436.2272882,1513043436.4218512,1952
query,1513043436.4218552,1513043436.6239264,2860
query,1513043436.6239314,1513043436.7419662,1182
query,1513043436.7419705,1513043436.8954422,2414
query,1513043436.8954458,1513043437.0304658,1781
query,1513043437.0304713,1513043437.1756783,1313
query,1513043437.1756823,1513043437.3518949,2541
query,1513043437.3518994,1513043437.6059687,3352
query,1513043437.6059737,1513043437.7835875,2956
query,1513043437.7835922,1513043437.9480984,1535
query,1513043437.9481037,1513043438.1237254,2572
query,1513043438.1237295,1513043438.3107235,3146
query,1513043438.310728,1513043438.5801024,3075
query,1513043438.5801067,1513043438.8080409,2783
query,1513043438.8080451,1513043439.0566726,2310
query,1513043439.056676,1513043439.2560918,1228
query,1513043439.2560995,1513043439.419979,342
query,1513043439.4199858,1513043439.6055064,2838
query,1513043439.6055584,1513043439.7962162,1924
query,1513043439.8102233,1513043440.0230365,3321
query,1513043440.0230398,1513043440.1693347,206
query,1513043440.1693416,1513043440.3344905,1125
query,1513043440.3344946,1513043440.48177,2303
query,1513043440.481774,1513043440.6396375,2658
query,1513043440.639641,1513043440.79988,3211
query,1513043440.7998836,1513043440.9717035,1875
query,1513043440.971707,1513043441.1210597,2812
query,1513043441.1210647,1513043441.332009,2607
query,1513043441.3320131,1513043441.510771,301
query,1513043441.5107758,1513043441.636765,1395
query,1513043441.6368253,1513043441.7767186,1450
query,1513043441.7767243,1513043441.9245913,2843
query,1513043441.9245973,1513043442.0788248,9
query,1513043442.0788288,1513043442.275747,2517
query,1513043442.2757506,1513043442.441905,2287
query,1513043442.4419107,1513043442.636436,2842
query,1513043442.636441,1513043442.904635,3073
query,1513043442.9046407,1513043443.153286,2560
query,1513043443.153315,1513043443.4097695,2681
query,1513043443.4212253,1513043443.538219,408
query,1513043443.5382237,1513043443.7031572,774
query,1513043443.7031643,1513043443.8598413,2728
query,1513043443.859845,1513043444.0736709,2748
query,1513043444.073674,1513043444.2979188,1940
query,1513043444.2979255,1513043444.463265,1877
query,1513043444.4632695,1513043444.7697399,1819
query,1513043444.7697444,1513043444.9618928,742
query,1513043444.9618971,1513043445.1290615,819
query,1513043445.1290648,1513043445.3371756,2337
query,1513043445.337179,1513043445.5498955,51
query,1513043445.5498998,1513043445.6792257,872
query,1513043445.679229,1513043445.9023795,3106
query,1513043445.9023826,1513043446.1007426,2535
query,1513043446.1007464,1513043446.271802,2412
query,1513043446.2718065,1513043446.4104695,1907
query,1513043446.4104738,1513043446.6431224,2998
query,1513043446.6431265,1513043446.8683605,927
query,1513043446.868365,1513043447.039407,2425
query,1513043447.039443,1513043447.2661672,2798
query,1513043447.2763708,1513043447.407668,757
query,1513043447.4076731,1513043447.620048,2734
query,1513043447.6200535,1513043447.7578812,1637
query,1513043447.7578876,1513043447.8942444,1058
query,1513043447.8942492,1513043448.050715,2888
query,1513043448.0507185,1513043448.1942234,1781
query,1513043448.1942286,1513043448.344707,353
query,1513043448.344711,1513043448.5344574,3208
query,1513043448.534461,1513043448.671689,2356
query,1513043448.6716926,1513043448.784247,859
query,1513043448.7842517,1513043449.0121346,2269
query,1513043449.0121386,1513043449.1629608,2759
query,1513043449.1629677,1513043449.3672233,2574
query,1513043449.3672268,1513043449.509947,33
query,1513043449.5099514,1513043449.6769345,1138
query,1513043449.6769392,1513043449.8111181,481
query,1513043449.811122,1513043449.9561906,2527
query,1513043449.9561944,1513043450.1212847,2051
query,1513043450.1212885,1513043450.305699,2928
query,1513043450.3057432,1513043450.5733185,2015
query,1513043450.5814395,1513043450.8056316,3181
query,1513043450.8056362,1513043451.03603,3098
query,1513043451.036034,1513043451.205306,2007
query,1513043451.2053099,1513043451.342808,1163
query,1513043451.342811,1513043451.4699628,420
query,1513043451.4699693,1513043451.6026278,1056
query,1513043451.6026328,1513043451.8250334,2528
query,1513043451.825038,1513043452.0692499,2822
query,1513043452.0692532,1513043452.3099036,3540
query,1513043452.3099077,1513043452.5741081,2714
query,1513043452.5741122,1513043452.7621584,2362
query,1513043452.7621632,1513043452.9400234,3100
query,1513043452.940028,1513043453.1277504,60
query,1513043453.1277554,1513043453.31134,2152
query,1513043453.3113458,1513043453.4768193,1825
query,1513043453.476823,1513043453.6764686,2662
query,1513043453.6764739,1513043453.8271024,2936
query,1513043453.8271065,1513043453.9533448,2233
query,1513043453.9533477,1513043454.1105018,1662
query,1513043454.1105437,1513043454.2695506,890
query,1513043454.288724,1513043454.4710634,2584
query,1513043454.4710681,1513043454.6432405,1427
query,1513043454.6432445,1513043454.8217676,1827
query,1513043454.8217716,1513043454.9455917,1258
query,1513043454.9455957,1513043455.1053398,1251
query,1513043455.105344,1513043455.3184845,3202
query,1513043455.318489,1513043455.484239,2652
query,1513043455.484243,1513043455.6461377,2837
query,1513043455.646158,1513043455.762312,7
query,1513043455.7623158,1513043455.9237876,2947
query,1513043455.923793,1513043456.0775752,2074
query,1513043456.0775802,1513043456.175931,550
query,1513043456.1759346,1513043456.3333223,2708
query,1513043456.3333268,1513043456.4794664,57
query,1513043456.4794712,1513043456.6152925,684
query,1513043456.6152983,1513043456.8227353,3214
query,1513043456.82274,1513043456.9912348,737
query,1513043456.9912388,1513043457.201587,2334
query,1513043457.2015922,1513043457.420365,3128
query,1513043457.420533,1513043457.649297,2780
query,1513043457.6638298,1513043457.7821176,635
query,1513043457.7821243,1513043457.9631355,2078
query,1513043457.9631395,1513043458.1088436,1538
query,1513043458.1088479,1513043458.2483265,203
query,1513043458.2483313,1513043458.3668506,1652
query,1513043458.3668554,1513043458.4959571,1962
query,1513043458.495962,1513043458.7444189,2949
query,1513043458.744425,1513043458.8650448,1
query,1513043458.8650486,1513043458.9902167,1255
query,1513043458.9902213,1513043459.21417,828
query,1513043459.2141733,1513043459.407914,2651
query,1513043459.407917,1513043459.5781746,2927
query,1513043459.578179,1513043459.7747772,1977
query,1513043459.7747977,1513043459.9536273,699
query,1513043459.9536335,1513043460.1017196,3201
query,1513043460.1017256,1513043460.2803483,3351
query,1513043460.2803524,1513043460.3928666,1516
query,1513043460.3928711,1513043460.5278847,978
query,1513043460.5278885,1513043460.6552863,1930
query,1513043460.6553316,1513043460.819983,851
query,1513043460.832104,1513043460.995668,2663
query,1513043460.995672,1513043461.1532862,3349
query,1513043461.1532903,1513043461.3494816,1
query,1513043461.3494856,1513043461.6107638,3137
query,1513043461.6107666,1513043461.7363355,208
query,1513043461.7363398,1513043461.902452,1426
query,1513043461.9024565,1513043462.1004195,2662
query,1513043462.1004238,1513043462.3026829,1928
query,1513043462.3026874,1513043462.4329245,1492
query,1513043462.432931,1513043462.6046634,168
query,1513043462.6046672,1513043462.7473717,2584
query,1513043462.7473762,1513043462.9752195,2681
query,1513043462.9752235,1513043463.090593,263
query,1513043463.0905967,1513043463.247225,2197
query,1513043463.2472289,1513043463.4253259,1817
query,1513043463.4253302,1513043463.6037169,1309
query,1513043463.6037204,1513043463.8305628,1217
query,1513043463.8305666,1513043464.0899196,1647
query,1513043464.0899298,1513043464.2481787,0
query,1513043464.2482657,1513043464.4336755,2004
query,1513043464.4453704,1513043464.6863673,2164
query,1513043464.686372,1513043464.8322036,1744
query,1513043464.8322093,1513043464.9917953,2018
query,1513043464.991799,1513043465.1015525,931
query,1513043465.1015577,1513043465.2939627,3162
query,1513043465.2939682,1513043465.4572384,1794
query,1513043465.4572418,1513043465.579591,447
query,1513043465.5795941,1513043465.734497,1735
query,1513043465.7345004,1513043465.961564,2426
query,1513043465.9615674,1513043466.1282513,300
query,1513043466.128255,1513043466.3274486,2923
query,1513043466.3274517,1513043466.546572,2324
query,1513043466.546575,1513043466.6980846,2659
query,1513043466.6980894,1513043466.8593857,2464
query,1513043466.8593915,1513043467.1947932,2631
query,1513043467.1947963,1513043467.5615392,1475
query,1513043467.561543,1513043467.6980314,341
query,1513043467.6980376,1513043467.8457136,679
query,1513043467.8457184,1513043467.9817262,1468
query,1513043467.9817624,1513043468.1437995,59
query,1513043468.1579597,1513043468.2983646,487
query,1513043468.2983694,1513043468.4585838,300
query,1513043468.4585876,1513043468.5797968,522
query,1513043468.5798,1513043468.8300889,2868
query,1513043468.8300931,1513043469.0905168,2888
query,1513043469.0905204,1513043469.268664,2542
query,1513043469.2686675,1513043469.4131339,1869
query,1513043469.413137,1513043469.5198696,784
query,1513043469.5198734,1513043469.6561334,469
query,1513043469.6561368,1513043469.8422947,2919
query,1513043469.8422978,1513043470.0324638,1877
query,1513043470.0324678,1513043470.2352335,3464
query,1513043470.235238,1513043470.4079494,2702
query,1513043470.4079525,1513043470.5443091,1548
query,1513043470.5443125,1513043470.7008984,912
query,1513043470.7009017,1513043470.8649874,2966
query,1513043470.8649912,1513043471.0374856,2189
query,1513043471.03749,1513043471.185574,2125
query,1513043471.1855786,1513043471.3457458,2958
query,1513043471.3457859,1513043471.5182848,2673
query,1513043471.5254836,1513043471.659332,2648
query,1513043471.6593354,1513043471.8225176,2208
query,1513043471.822521,1513043471.9350271,642
query,1513043471.93503,1513043472.1185431,2588
query,1513043472.1185465,1513043472.29188,2943
query,1513043472.2918851,1513043472.464703,1295
query,1513043472.4647074,1513043472.5935085,11
query,1513043472.593512,1513043472.7246342,2794
query,1513043472.724638,1513043472.889078,2292
query,1513043472.8890815,1513043473.1175795,707
query,1513043473.117584,1513043473.2421095,0
query,1513043473.2421145,1513043473.3704853,156
query,1513043473.3704894,1513043473.5110264,1741
query,1513043473.5110307,1513043473.6420045,2253
query,1513043473.6420097,1513043473.8331919,2149
query,1513043473.8331964,1513043473.9569237,75
query,1513043473.9569275,1513043474.149269,2942
query,1513043474.1492722,1513043474.307754,856
query,1513043474.307758,1513043474.457215,300
query,1513043474.4572442,1513043474.706,1031
query,1513043474.7163382,1513043474.8982244,3124
query,1513043474.898229,1513043475.0765884,410
query,1513043475.0765924,1513043475.19864,325
query,1513043475.198644,1513043475.351917,480
query,1513043475.3519218,1513043475.5193124,301
query,1513043475.5193174,1513043475.668747,1911
query,1513043475.6687524,1513043475.8203108,2974
query,1513043475.8203158,1513043475.9616544,1610
query,1513043475.9616582,1513043476.1615577,364
query,1513043476.1615613,1513043476.3102179,488
query,1513043476.3102238,1513043476.4463072,264
query,1513043476.4463134,1513043476.6808822,1826
query,1513043476.680887,1513043476.830337,291
query,1513043476.8303416,1513043476.9423008,142
query,1513043476.9423048,1513043477.0653703,316
query,1513043477.0653744,1513043477.1898851,2410
query,1513043477.1898894,1513043477.3733833,2629
query,1513043477.373387,1513043477.5135443,1516
query,1513043477.5135496,1513043477.6633546,2649
query,1513043477.6634028,1513043477.9328046,2397
query,1513043477.9403434,1513043478.106139,1174
query,1513043478.1061435,1513043478.2899957,585
query,1513043478.2899997,1513043478.407132,406
query,1513043478.407138,1513043478.5836873,731
query,1513043478.5836933,1513043478.7205064,753
query,1513043478.720511,1513043478.9546409,97
query,1513043478.9546454,1513043479.1315231,278
query,1513043479.131527,1513043479.2995567,686
query,1513043479.2995603,1513043479.4583163,1738
query,1513043479.4583204,1513043479.7131827,2581
query,1513043479.7131877,1513043479.858053,193
query,1513043479.858058,1513043479.9935067,450
query,1513043479.9935107,1513043480.1807218,504
query,1513043480.1807265,1513043480.330742,1306
query,1513043480.3307474,1513043480.518463,711
query,1513043480.5184681,1513043480.6890981,2826
query,1513043480.6891024,1513043480.879538,2531
query,1513043480.8795426,1513043481.0658147,2317
query,1513043481.06582,1513043481.2504845,3261
query,1513043481.2505302,1513043481.4018948,1902
query,1513043481.4151304,1513043481.649134,3123
query,1513043481.6491382,1513043481.8580809,804
query,1513043481.8580873,1513043482.0021832,491
query,1513043482.0021887,1513043482.158839,298
query,1513043482.1588442,1513043482.3148403,1690
query,1513043482.3148453,1513043482.591758,2432
query,1513043482.5917623,1513043482.7799263,2616
query,1513043482.7799308,1513043482.908311,348
query,1513043482.9083164,1513043483.0475874,992
query,1513043483.047592,1513043483.2240229,2128
query,1513043483.224028,1513043483.4061155,44
query,1513043483.40612,1513043483.5628827,2673
query,1513043483.5628867,1513043483.6941552,239
query,1513043483.6941602,1513043483.8425202,1918
query,1513043483.8425245,1513043484.0106883,2627
query,1513043484.0106936,1513043484.193834,1683
query,1513043484.193841,1513043484.3489878,1249
query,1513043484.348992,1513043484.493246,884
query,1513043484.4932497,1513043484.6234355,1750
query,1513043484.6234741,1513043484.7982075,2354
query,1513043484.810862,1513043484.9579706,1321
query,1513043484.9579747,1513043485.1013646,1418
query,1513043485.1013682,1513043485.2431123,3055
query,1513043485.243119,1513043485.4536378,2003
query,1513043485.453641,1513043485.6673238,2960
query,1513043485.667327,1513043485.865187,3041
query,1513043485.8651912,1513043486.0182376,1624
query,1513043486.0182424,1513043486.1867864,11
query,1513043486.1867902,1513043486.3771262,2940
query,1513043486.3771307,1513043486.4937272,0
query,1513043486.493733,1513043486.6395516,2
query,1513043486.6395562,1513043486.7898424,4
query,1513043486.7898834,1513043486.896059,0
query,1513043486.8960633,1513043487.1841853,2969
query,1513043487.18419,1513043487.2951424,0
query,1513043487.2951467,1513043487.4375117,2858
query,1513043487.437516,1513043487.552319,17
query,1513043487.5523221,1513043487.8223429,2490
query,1513043487.8223462,1513043487.984322,2356
query,1513043487.9843569,1513043488.1295338,296
query,1513043488.1380508,1513043488.320099,2745
query,1513043488.3201034,1513043488.4605827,615
query,1513043488.4605873,1513043488.617064,343
query,1513043488.617068,1513043488.8285792,1492
query,1513043488.8285835,1513043489.0357664,2728
query,1513043489.0357711,1513043489.1989453,2802
query,1513043489.198949,1513043489.3632755,1131
query,1513043489.3632805,1513043489.5019886,1434
query,1513043489.502005,1513043489.668363,1055
query,1513043489.6683683,1513043489.8328319,2014
query,1513043489.8328364,1513043489.9764087,534
query,1513043489.9764116,1513043490.124881,2620
query,1513043490.1248856,1513043490.284918,1020
query,1513043490.2849224,1513043490.426724,1449
query,1513043490.426729,1513043490.5845828,1897
query,1513043490.5845864,1513043490.7824476,2825
query,1513043490.7824523,1513043490.965192,777
query,1513043490.9651976,1513043491.1231506,2974
query,1513043491.1231537,1513043491.2744977,16
query,1513043491.2746027,1513043491.4667008,1116
query,1513043491.4785433,1513043491.6026115,5
query,1513043491.6026146,1513043491.760419,2271
query,1513043491.760422,1513043491.9165752,540
query,1513043491.9165792,1513043492.0894716,1641
query,1513043492.0894752,1513043492.2157292,1280
query,1513043492.2157338,1513043492.3435254,1404
query,1513043492.3435297,1513043492.517174,2801
query,1513043492.5171773,1513043492.743478,2341
query,1513043492.7434824,1513043492.9369822,2997
query,1513043492.9369864,1513043493.0934992,2371
query,1513043493.093503,1513043493.2768779,2756
query,1513043493.2768812,1513043493.4170516,1855
query,1513043493.417055,1513043493.5677662,2485
query,1513043493.5677702,1513043493.7041245,2161
query,1513043493.7041287,1513043493.8544068,2447
query,1513043493.8544118,1513043493.9845095,1378
query,1513043493.9845135,1513043494.1225111,1239
query,1513043494.1225145,1513043494.2793276,1530
query,1513043494.2793322,1513043494.4298353,1558
query,1513043494.4300065,1513043494.609592,1358
query,1513043494.619782,1513043494.7926927,2751
query,1513043494.792696,1513043494.9356868,993
query,1513043494.9356909,1513043495.125263,2329
query,1513043495.1252663,1513043495.2926717,2556
query,1513043495.2926755,1513043495.462081,3104
query,1513043495.4620917,1513043495.6654375,2362
query,1513043495.6654434,1513043495.7901123,0
query,1513043495.7901168,1513043496.136635,2709
query,1513043496.1366403,1513043496.275698,6
query,1513043496.2757015,1513043496.4979737,2910
query,1513043496.4979799,1513043496.6680398,836
query,1513043496.6680443,1513043496.7963078,539
query,1513043496.796313,1513043496.9966023,2591
query,1513043496.9966063,1513043497.0890496,1
query,1513043497.089054,1513043497.2543554,3027
query,1513043497.2543597,1513043497.4574478,2720
query,1513043497.4574528,1513043497.6175218,3043
query,1513043497.6175263,1513043497.7824852,2953
query,1513043497.7824898,1513043497.9751205,1753
query,1513043497.9751737,1513043498.1882052,614
query,1513043498.2010684,1513043498.348447,212
query,1513043498.3484519,1513043498.480357,104
query,1513043498.4803615,1513043498.6394825,108
query,1513043498.6394866,1513043498.776551,136
query,1513043498.7765565,1513043499.000976,2593
query,1513043499.000982,1513043499.1508877,1978
query,1513043499.1508925,1513043499.361461,2608
query,1513043499.3614657,1513043499.5979645,1557
query,1513043499.5979688,1513043499.8082094,2828
query,1513043499.8082156,1513043499.9351525,234
query,1513043499.9351573,1513043500.158975,626
query,1513043500.1589792,1513043500.3719833,2207
query,1513043500.3719893,1513043500.5321991,1437
query,1513043500.5322037,1513043500.6890786,1494
query,1513043500.689083,1513043500.9084194,2307
query,1513043500.9084249,1513043501.1038132,2801
query,1513043501.1038187,1513043501.373371,1828
query,1513043501.3733752,1513043501.5294795,870
query,1513043501.5294836,1513043501.7560446,2486
query,1513043501.756099,1513043502.0159588,2448
query,1513043502.0295372,1513043502.1973388,363
query,1513043502.1973436,1513043502.3330264,2685
query,1513043502.3330305,1513043502.5017838,3020
query,1513043502.5017886,1513043502.6923048,2605
query,1513043502.692309,1513043502.8219767,1604
query,1513043502.8219812,1513043503.0119896,2597
query,1513043503.0119936,1513043503.180873,1
query,1513043503.1808774,1513043503.346024,987
query,1513043503.3460283,1513043503.485342,1588
query,1513043503.4853454,1513043503.621371,612
query,1513043503.6213744,1513043503.7500913,114
query,1513043503.7500958,1513043503.952972,2727
query,1513043503.9529762,1513043504.0813735,933
query,1513043504.0813777,1513043504.27127,3322
query,1513043504.2712753,1513043504.4522038,2904
query,1513043504.45221,1513043504.6301136,2917
query,1513043504.6301184,1513043504.7566643,818
query,1513043504.7566693,1513043504.898828,1708
query,1513043504.8988326,1513043505.0688715,981
query,1513043505.0689108,1513043505.2513194,1428
query,1513043505.264282,1513043505.4352038,673
query,1513043505.4352088,1513043505.5912035,1534
query,1513043505.5912085,1513043505.7415361,256
query,1513043505.7415407,1513043505.8688345,43
query,1513043505.86884,1513043506.0134914,2860
query,1513043506.0134964,1513043506.2039664,2839
query,1513043506.2039711,1513043506.3177428,383
query,1513043506.3177488,1513043506.5123093,2369
query,1513043506.512313,1513043506.6681376,650
query,1513043506.6681437,1513043506.7995555,1117
query,1513043506.7995617,1513043506.9729695,1964
query,1513043506.9729745,1513043507.136761,2968
query,1513043507.1367655,1513043507.2735884,1852
query,1513043507.2735922,1513043507.4531136,2447
query,1513043507.4531167,1513043507.6407955,2166
query,1513043507.6407988,1513043507.8700004,2862
query,1513043507.8700054,1513043508.0659091,1186
query,1513043508.0659192,1513043508.2383556,15
query,1513043508.2383723,1513043508.359538,377
query,1513043508.3596227,1513043508.5297585,2498
query,1513043508.5426412,1513043508.7308342,2518
query,1513043508.730839,1513043508.896025,1441
query,1513043508.8960302,1513043509.0365996,40
query,1513043509.0366046,1513043509.2188797,2095
query,1513043509.218885,1513043509.4182248,2100
query,1513043509.4182315,1513043509.6003883,2395
query,1513043509.6003919,1513043509.7600892,981
query,1513043509.760104,1513043509.899262,2313
query,1513043509.8992672,1513043510.0806954,1143
query,1513043510.0806994,1513043510.221335,513
query,1513043510.22134,1513043510.320046,0
query,1513043510.3200498,1513043510.4908385,3099
query,1513043510.4908447,1513043510.6422772,1118
query,1513043510.6422818,1513043510.8666997,2749
query,1513043510.866704,1513043511.046244,763
query,1513043511.04625,1513043511.2455204,2159
query,1513043511.2455256,1513043511.3873975,2729
query,1513043511.3874025,1513043511.6801157,2615
query,1513043511.6801205,1513043511.8766844,2657
query,1513043511.8769355,1513043512.1302207,2443
query,1513043512.1437466,1513043512.3066075,2061
query,1513043512.306611,1513043512.4613883,2413
query,1513043512.4613914,1513043512.6995656,1181
query,1513043512.6995704,1513043512.8642309,246
query,1513043512.8642354,1513043513.048167,1777
query,1513043513.0481715,1513043513.152808,305
query,1513043513.152812,1513043513.2987485,1045
query,1513043513.2987537,1513043513.5229032,3021
query,1513043513.522908,1513043513.7381392,1848
query,1513043513.7381446,1513043513.8313043,1
query,1513043513.8313088,1513043514.016479,1911
query,1513043514.0164835,1513043514.2256236,1318
query,1513043514.2256293,1513043514.3620284,348
query,1513043514.362033,1513043514.5023108,2828
query,1513043514.5023155,1513043514.632033,1391
query,1513043514.6320393,1513043514.901329,3261
query,1513043514.9013333,1513043515.095748,3143
query,1513043515.0957537,1513043515.245111,2951
query,1513043515.2451165,1513043515.4269836,1545
query,1513043515.427113,1513043515.594533,1774
query,1513043515.6039836,1513043515.7717886,1178
query,1513043515.7717931,1513043515.8810465,662
query,1513043515.8810508,1513043516.1519306,2685
query,1513043516.151935,1513043516.3201632,943
query,1513043516.3201673,1513043516.4530966,1323
query,1513043516.4531012,1513043516.57676,22
query,1513043516.5767634,1513043516.7115228,2616
query,1513043516.711527,1513043516.865686,1330
query,1513043516.8656912,1513043516.9944308,1405
query,1513043516.9944367,1513043517.1515315,2205
query,1513043517.151538,1513043517.3362007,3096
query,1513043517.3362043,1513043517.5028858,1629
query,1513043517.5028906,1513043517.7185724,75
query,1513043517.7185771,1513043517.9078376,2241
query,1513043517.9078414,1513043518.0710597,2350
query,1513043518.0710623,1513043518.221209,650
query,1513043518.221212,1513043518.4114723,2894
query,1513043518.4114764,1513043518.5979562,2821
query,1513043518.5979607,1513043518.7550893,3088
query,1513043518.7551517,1513043518.9200482,1908
query,1513043518.9334772,1513043519.1257296,1166
query,1513043519.1257339,1513043519.284012,2380
query,1513043519.2840164,1513043519.4834185,3083
query,1513043519.4834237,1513043519.622824,760
query,1513043519.6228304,1513043519.757729,1893
query,1513043519.7577336,1513043519.9255254,2845
query,1513043519.9255297,1513043520.0033996,1
query,1513043520.003404,1513043520.2212636,2088
query,1513043520.2212687,1513043520.4122512,3075
query,1513043520.4122558,1513043520.5823967,1299
query,1513043520.5824006,1513043520.736806,373
query,1513043520.7368112,1513043520.9167216,2534
query,1513043520.916728,1513043521.0311735,1540
query,1513043521.0311766,1513043521.1701534,1054
query,1513043521.1701565,1513043521.2979372,110
query,1513043521.297942,1513043521.4042497,6
query,1513043521.4042525,1513043521.515755,835
query,1513043521.5157592,1513043521.6989195,1678
query,1513043521.6989255,1513043521.9072227,2214
query,1513043521.9072661,1513043522.0740361,57
query,1513043522.0865395,1513043522.2876625,3167
query,1513043522.2876668,1513043522.4873543,2357
query,1513043522.487368,1513043522.663619,2683
query,1513043522.6636221,1513043522.7972317,2060
query,1513043522.797236,1513043522.9219854,1186
query,1513043522.921991,1513043523.078128,917
query,1513043523.078132,1513043523.22585,321
query,1513043523.225855,1513043523.3991456,2549
query,1513043523.3991504,1513043523.5912752,2026
query,1513043523.5912802,1513043523.7618,2558
query,1513043523.761805,1513043523.9007092,797
query,1513043523.900715,1513043524.0394452,59
query,1513043524.0394495,1513043524.3417146,3399
query,1513043524.3417192,1513043524.5012922,8
query,1513043524.5012968,1513043524.6577296,281
query,1513043524.6577344,1513043524.8126225,772
query,1513043524.8126268,1513043525.0081408,3377
query,1513043525.0081456,1513043525.1271577,1849
query,1513043525.1271603,1513043525.264213,273
query,1513043525.2642548,1513043525.4865048,2145
query,1513043525.5004842,1513043525.672751,300
query,1513043525.6727567,1513043525.828493,2945
query,1513043525.828497,1513043525.9172597,1
query,1513043525.9172637,1513043526.0754383,9
query,1513043526.0754423,1513043526.2024045,60
query,1513043526.2024093,1513043526.5585215,2841
query,1513043526.5585277,1513043526.6977012,591
query,1513043526.6977072,1513043526.8684902,3024
query,1513043526.8684952,1513043527.0081139,2062
query,1513043527.0081186,1513043527.1637728,68
query,1513043527.1637769,1513043527.4080741,2617
query,1513043527.4080784,1513043527.6619613,300
query,1513043527.6619663,1513043527.8658335,2411
query,1513043527.865838,1513043528.063084,2623
query,1513043528.0630877,1513043528.1953397,2000
query,1513043528.195344,1513043528.3431678,2226
query,1513043528.343172,1513043528.5612166,3415
query,1513043528.5612214,1513043528.7543583,1134
query,1513043528.7543635,1513043528.9422538,2608
query,1513043528.9422884,1513043529.132664,2758
query,1513043529.140166,1513043529.3943365,2427
query,1513043529.394343,1513043529.5828183,1938
query,1513043529.582823,1513043529.771356,778
query,1513043529.7713606,1513043529.8923352,1042
query,1513043529.892339,1513043530.0496578,2805
query,1513043530.0496624,1513043530.1768816,7
query,1513043530.1768847,1513043530.323593,621
query,1513043530.323597,1513043530.4566445,2573
query,1513043530.4566488,1513043530.6152997,2960
query,1513043530.615304,1513043530.8378668,1824
query,1513043530.8378716,1513043530.9760559,723
query,1513043530.9760602,1513043531.203892,3069
query,1513043531.2038968,1513043531.4853253,3222
query,1513043531.4853299,1513043531.7127576,1392
query,1513043531.7127626,1513043531.8767455,1909
query,1513043531.8767498,1513043532.0289383,891
query,1513043532.0289447,1513043532.1766062,2077
query,1513043532.1766095,1513043532.2785156,1
query,1513043532.2785194,1513043532.3978815,250
query,1513043532.3979857,1513043532.5168555,1037
query,1513043532.5318434,1513043532.7143404,1350
query,1513043532.7143536,1513043532.9182987,325
query,1513043532.9183028,1513043533.0414803,2351
query,1513043533.0414846,1513043533.2309911,1427
query,1513043533.2309952,1513043533.4083285,1171
query,1513043533.408333,1513043533.5349083,484
query,1513043533.534914,1513043533.6432025,1
query,1513043533.643207,1513043533.8093472,2536
query,1513043533.8093517,1513043533.9805565,2700
query,1513043533.9805615,1513043534.158209,145
query,1513043534.1582127,1513043534.4491096,678
query,1513043534.449127,1513043534.602617,1713
query,1513043534.602621,1513043534.7602386,3523
query,1513043534.7602427,1513043534.9323776,1015
query,1513043534.9323807,1513043535.1119452,2496
query,1513043535.1119494,1513043535.2815204,1263
query,1513043535.281525,1513043535.419672,6
query,1513043535.4196765,1513043535.6112397,2478
query,1513043535.6112432,1513043535.7540503,245
query,1513043535.75409,1513043535.9372478,2670
query,1513043535.9462159,1513043536.11377,1882
query,1513043536.1137748,1513043536.2808695,2908
query,1513043536.2808888,1513043536.4698412,2977
query,1513043536.469848,1513043536.64211,1910
query,1513043536.642115,1513043536.8315659,3267
query,1513043536.831571,1513043536.9951293,249
query,1513043536.9951339,1513043537.2190568,2572
query,1513043537.2190611,1513043537.4628892,1393
query,1513043537.462894,1513043537.7006571,3080
query,1513043537.700662,1513043537.9114056,3233
query,1513043537.91141,1513043538.0966597,2142
query,1513043538.096664,1513043538.2807155,2479
query,1513043538.2807205,1513043538.4551082,2916
query,1513043538.4551122,1513043538.6085682,2368
query,1513043538.608573,1513043538.734929,3114
query,1513043538.7349334,1513043538.8980465,2576
query,1513043538.8980515,1513043539.0537248,1998
query,1513043539.053729,1513043539.1936698,2123
query,1513043539.1936748,1513043539.312438,1079
query,1513043539.3124862,1513043539.4852498,654
query,1513043539.5005972,1513043539.7013257,2830
query,1513043539.701331,1513043539.8498175,340
query,1513043539.8498216,1513043539.9981918,3039
query,1513043539.998196,1513043540.1308846,2599
query,1513043540.1308887,1513043540.2552536,824
query,1513043540.2552574,1513043540.425333,2291
query,1513043540.4253387,1513043540.6453805,484
query,1513043540.6453846,1513043540.913074,2684
query,1513043540.9130783,1513043541.100487,1897
query,1513043541.1004908,1513043541.2728434,1241
query,1513043541.2728477,1513043541.4854062,2869
query,1513043541.4854097,1513043541.6283877,1512
query,1513043541.628391,1513043541.730677,149
query,1513043541.7306802,1513043541.941886,2350
query,1513043541.9418905,1513043542.1189728,2721
query,1513043542.1189766,1513043542.2588232,2856
query,1513043542.2588277,1513043542.4157321,1908
query,1513043542.4157355,1513043542.5658257,2433
query,1513043542.5658286,1513043542.6834502,33
query,1513043542.6834922,1513043542.8472471,7
query,1513043542.8598506,1513043543.009122,16
query,1513043543.009126,1513043543.17652,2218
query,1513043543.1765244,1513043543.2857783,15
query,1513043543.285783,1513043543.4076948,601
query,1513043543.4076989,1513043543.53149,1
query,1513043543.531493,1513043543.706882,2330
query,1513043543.7068868,1513043543.8584814,56
query,1513043543.858498,1513043544.1181457,3058
query,1513043544.1181502,1513043544.3257542,1567
query,1513043544.3257587,1513043544.4472127,980
query,1513043544.4472172,1513043544.6028547,1008
query,1513043544.6028595,1513043544.8071227,1515
query,1513043544.807128,1513043544.9582815,793
query,1513043544.9582856,1513043545.24518,2467
query,1513043545.2451847,1513043545.453788,2106
query,1513043545.4537923,1513043545.6415443,3165
query,1513043545.6415486,1513043545.763031,0
query,1513043545.7630358,1513043545.9722397,494
query,1513043545.9722443,1513043546.1756961,2390
query,1513043546.175751,1513043546.3656507,610
query,1513043546.3746436,1513043546.5309083,712
query,1513043546.5309124,1513043546.7088022,1564
query,1513043546.7088053,1513043546.8517556,1
query,1513043546.85176,1513043547.047251,2880
query,1513043547.0472553,1513043547.2195232,2615
query,1513043547.2195275,1513043547.4086869,2243
query,1513043547.4086907,1513043547.629011,1100
query,1513043547.629016,1513043547.8319585,302
query,1513043547.8319635,1513043548.0287533,2801
query,1513043548.0287588,1513043548.2134027,1372
query,1513043548.2134068,1513043548.375227,2716
query,1513043548.3752308,1513043548.5095446,1413
query,1513043548.509549,1513043548.6757116,2641
query,1513043548.675716,1513043548.7851064,684
query,1513043548.7851105,1513043548.9124713,728
query,1513043548.9124753,1513043549.0860646,1938
query,1513043549.0860813,1513043549.194784,589
query,1513043549.1947885,1513043549.3111286,2281
query,1513043549.3111331,1513043549.4410515,551
query,1513043549.4410887,1513043549.6041853,2030
query,1513043549.6177797,1513043549.7615824,2734
query,1513043549.7615864,1513043549.9150894,1056
query,1513043549.9150949,1513043550.0710993,898
query,1513043550.0711036,1513043550.197613,2331
query,1513043550.1976173,1513043550.361117,15
query,1513043550.3611217,1513043550.4877925,1332
query,1513043550.4877965,1513043550.597317,120
query,1513043550.5973206,1513043550.8547335,153
query,1513043550.8547385,1513043550.9968808,33
query,1513043550.9968863,1513043551.2005959,2839
query,1513043551.2006006,1513043551.3213255,180
query,1513043551.32133,1513043551.481302,35
query,1513043551.4813063,1513043551.6683567,1662
query,1513043551.668361,1513043551.8530734,1967
query,1513043551.8530777,1513043552.0169122,972
query,1513043552.0169165,1513043552.173287,1130
query,1513043552.173291,1513043552.3658915,205
query,1513043552.3658953,1513043552.5337372,2368
query,1513043552.5337446,1513043552.7130334,2777
query,1513043552.713082,1513043552.9361634,2446
query,1513043552.9502017,1513043553.3557782,2813
query,1513043553.3557825,1513043553.6371202,2188
query,1513043553.6371245,1513043553.8041039,2894
query,1513043553.8041081,1513043554.0628412,1484
query,1513043554.0628457,1513043554.1980104,1
query,1513043554.1980164,1513043554.41125,1264
query,1513043554.411255,1513043554.6301699,143
query,1513043554.6301749,1513043554.7839856,1337
query,1513043554.783991,1513043554.9306304,1586
query,1513043554.930636,1513043555.1258554,1830
query,1513043555.1258605,1513043555.2815804,953
query,1513043555.2815847,1513043555.3997977,706
query,1513043555.399802,1513043555.5417573,1266
query,1513043555.5417633,1513043555.7133846,1864
query,1513043555.71339,1513043555.856101,948
query,1513043555.8561065,1513043556.0766582,175
query,1513043556.076663,1513043556.223546,2526
query,1513043556.2235508,1513043556.4254136,2114
query,1513043556.425418,1513043556.6067772,2904
query,1513043556.606835,1513043556.7922776,1737
query,1513043556.8073788,1513043556.9316216,1458
query,1513043556.9316266,1513043557.0816996,1917
query,1513043557.081704,1513043557.288875,2675
query,1513043557.2888794,1513043557.454867,2545
query,1513043557.4548714,1513043557.6221435,1426
query,1513043557.6221478,1513043557.744622,988
query,1513043557.7446268,1513043557.9106722,2454
query,1513043557.910677,1513043558.0402365,1348
query,1513043558.0402408,1513043558.2330937,2504
query,1513043558.233098,1513043558.4477491,2692
query,1513043558.4477537,1513043558.6862202,1130
query,1513043558.6862245,1513043558.8704588,2779
query,1513043558.870463,1513043558.9938552,161
query,1513043558.9938598,1513043559.1584811,2515
query,1513043559.158486,1513043559.2680604,140
query,1513043559.2680647,1513043559.53065,3125
query,1513043559.530655,1513043559.736371,371
query,1513043559.7363765,1513043559.8554986,664
query,1513043559.8555026,1513043559.9689326,1
query,1513043559.968971,1513043560.1503036,2751
query,1513043560.1634917,1513043560.3932645,2457
query,1513043560.3932676,1513043560.6072218,1749
query,1513043560.6072276,1513043560.715922,1
query,1513043560.715927,1513043560.867285,900
query,1513043560.867289,1513043561.0175676,1512
query,1513043561.0175724,1513043561.2076936,36
query,1513043561.2076983,1513043561.4084604,2603
query,1513043561.408465,1513043561.6033127,2984
query,1513043561.6033173,1513043561.7331007,92
query,1513043561.7331052,1513043561.8943636,2566
query,1513043561.8943684,1513043562.0341644,2486
query,1513043562.0341709,1513043562.1648679,2567
query,1513043562.1648726,1513043562.288442,1607
query,1513043562.2884455,1513043562.4894085,210
query,1513043562.4894135,1513043562.6615818,1709
query,1513043562.6615849,1513043562.7676213,559
query,1513043562.7676258,1513043562.900991,1839
query,1513043562.9009957,1513043563.1130497,442
query,1513043563.1130545,1513043563.2903538,1778
query,1513043563.290398,1513043563.4692018,2609
query,1513043563.482672,1513043563.6437087,2138
query,1513043563.6437125,1513043563.7893257,1526
query,1513043563.78933,1513043563.9389172,1874
query,1513043563.9389212,1513043564.091108,526
query,1513043564.091112,1513043564.263842,2441
query,1513043564.2638462,1513043564.448558,609
query,1513043564.4485617,1513043564.5501897,0
query,1513043564.5501947,1513043564.7094965,1916
query,1513043564.7095015,1513043564.8776908,691
query,1513043564.8776956,1513043565.0442142,339
query,1513043565.0442188,1513043565.2086387,1953
query,1513043565.208643,1513043565.3904796,1006
query,1513043565.390485,1513043565.5812926,485
query,1513043565.5812976,1513043565.7919514,3198
query,1513043565.7919567,1513043565.9296954,966
query,1513043565.9297,1513043566.1333952,2698
query,1513043566.1333997,1513043566.3243852,1315
query,1513043566.3243897,1513043566.460245,2018
query,1513043566.4602492,1513043566.66499,1827
query,1513043566.665035,1513043566.8864157,2043
query,1513043566.899057,1513043567.0907469,1698
query,1513043567.090752,1513043567.2264283,1408
query,1513043567.2264345,1513043567.3355362,1207
query,1513043567.3355396,1513043567.4974375,150
query,1513043567.497442,1513043567.6325202,117
query,1513043567.6325252,1513043567.764124,271
query,1513043567.764129,1513043567.9177344,1123
query,1513043567.9177392,1513043568.1849625,2495
query,1513043568.1849682,1513043568.3600862,3018
query,1513043568.3600898,1513043568.5181596,1152
query,1513043568.5181637,1513043568.7018259,51
query,1513043568.7018304,1513043568.875261,1514
query,1513043568.8752656,1513043569.0664861,3101
query,1513043569.066491,1513043569.1942134,2409
query,1513043569.1942189,1513043569.3725672,2782
query,1513043569.372572,1513043569.506506,577
query,1513043569.5065117,1513043569.680169,2329
query,1513043569.680176,1513043569.860165,663
query,1513043569.860171,1513043570.0261686,2179
query,1513043570.0262105,1513043570.2670832,2898
query,1513043570.2753973,1513043570.4696286,2240
query,1513043570.4696326,1513043570.652648,2270
query,1513043570.652653,1513043570.825915,1945
query,1513043570.8259518,1513043571.0233667,3282
query,1513043571.0233715,1513043571.2464228,2893
query,1513043571.2464268,1513043571.3902788,1890
query,1513043571.3902826,1513043571.5391731,2280
query,1513043571.5391772,1513043571.7573872,2215
query,1513043571.7573922,1513043571.9519699,3043
query,1513043571.9519746,1513043572.0817165,1860
query,1513043572.0817206,1513043572.2894926,898
query,1513043572.2894976,1513043572.4287984,3
query,1513043572.428804,1513043572.5933955,2887
query,1513043572.5933998,1513043572.8451822,3279
query,1513043572.8451865,1513043572.9558113,1
query,1513043572.9558144,1513043573.0989683,1302
query,1513043573.098972,1513043573.3098814,3117
query,1513043573.309886,1513043573.4533923,1804
query,1513043573.4533963,1513043573.5735507,1410
query,1513043573.5735877,1513043573.7758136,2412
query,1513043573.7871754,1513043574.0286405,3103
query,1513043574.0286448,1513043574.186691,782
query,1513043574.1866949,1513043574.364676,1493
query,1513043574.364685,1513043574.554735,3051
query,1513043574.5547383,1513043574.7701662,824
query,1513043574.7701714,1513043575.02844,3225
query,1513043575.0284443,1513043575.1816895,608
query,1513043575.1816947,1513043575.3141475,755
query,1513043575.3141544,1513043575.5072813,2954
query,1513043575.5072858,1513043575.7134972,612
query,1513043575.7135012,1513043575.9214814,831
query,1513043575.9214885,1513043576.1215913,1895
query,1513043576.1215956,1513043576.3519828,2816
query,1513043576.3519883,1513043576.5692503,2157
query,1513043576.569255,1513043576.7336586,231
query,1513043576.7336633,1513043576.8800464,974
query,1513043576.880051,1513043576.9905083,1047
query,1513043576.990513,1513043577.1160235,769
query,1513043577.1160266,1513043577.2799323,420
query,1513043577.2800627,1513043577.437883,2057
query,1513043577.4521196,1513043577.593764,1385
query,1513043577.5937686,1513043577.7311442,414
query,1513043577.7311485,1513043577.9330914,1344
query,1513043577.9330971,1513043578.1058128,2346
query,1513043578.105817,1513043578.241345,2
query,1513043578.2413495,1513043578.3720694,533
query,1513043578.3720746,1513043578.488728,1871
query,1513043578.4887323,1513043578.6743984,1526
query,1513043578.6744032,1513043578.8750842,943
query,1513043578.875089,1513043579.1115417,2932
query,1513043579.111546,1513043579.2296884,233
query,1513043579.2296927,1513043579.3963947,1225
query,1513043579.3963993,1513043579.5500195,584
query,1513043579.550024,1513043579.685676,1890
query,1513043579.6856802,1513043579.7840667,482
query,1513043579.7840712,1513043579.903286,5
query,1513043579.903291,1513043580.0611265,1865
query,1513043580.0611303,1513043580.2197087,2668
query,1513043580.2197134,1513043580.33784,1074
query,1513043580.3378892,1513043580.621414,2250
query,1513043580.6342957,1513043580.794073,9
query,1513043580.7940784,1513043580.9995153,2747
query,1513043580.9995196,1513043581.1430933,259
query,1513043581.1430976,1513043581.3800323,2855
query,1513043581.380036,1513043581.6180155,2182
query,1513043581.6180196,1513043581.7671432,2083
query,1513043581.7671478,1513043581.957192,2606
query,1513043581.9571962,1513043582.159123,2381
query,1513043582.1591277,1513043582.4175699,2033
query,1513043582.4175746,1513043582.6894236,2496
query,1513043582.6894276,1513043582.9623804,2915
query,1513043582.962385,1513043583.145345,1212
query,1513043583.1453505,1513043583.425362,2966
query,1513043583.4253654,1513043583.6080132,2308
query,1513043583.6080174,1513043583.7820945,3293
query,1513043583.7820992,1513043583.9652734,549
query,1513043583.9652786,1513043584.1797197,3200
query,1513043584.179729,1513043584.3212385,2550
query,1513043584.3212442,1513043584.4489784,300
query,1513043584.4490185,1513043584.5957727,1660
query,1513043584.608827,1513043584.7379193,2356
query,1513043584.7379234,1513043584.8656697,878
query,1513043584.8656745,1513043584.984442,1386
query,1513043584.984446,1513043585.125612,1896
query,1513043585.125616,1513043585.2758517,1702
query,1513043585.2758558,1513043585.4436183,3542
query,1513043585.443624,1513043585.6484413,2508
query,1513043585.6484451,1513043585.7989907,1624
query,1513043585.7989957,1513043585.9383743,818
query,1513043585.9383788,1513043586.1691232,2643
query,1513043586.1691275,1513043586.349991,2506
query,1513043586.349995,1513043586.431528,0
query,1513043586.4315321,1513043586.6185083,3085
query,1513043586.6185129,1513043586.7781096,1330
query,1513043586.7781143,1513043586.9112985,799
query,1513043586.9113026,1513043587.083765,2163
query,1513043587.0837688,1513043587.2541966,2342
query,1513043587.2542026,1513043587.4136207,1820
query,1513043587.4136252,1513043587.5071867,1
query,1513043587.5072248,1513043587.7150033,2022
query,1513043587.7311356,1513043587.8175547,0
query,1513043587.8175576,1513043588.0233428,1152
query,1513043588.023346,1513043588.1863732,1357
query,1513043588.1863773,1513043588.3502436,2761
query,1513043588.3502486,1513043588.5497665,2355
query,1513043588.5497706,1513043588.7221735,3059
query,1513043588.7221768,1513043588.8715184,2282
query,1513043588.8715227,1513043589.0954208,1311
query,1513043589.0954256,1513043589.2465003,727
query,1513043589.2465043,1513043589.5215366,3188
query,1513043589.5215414,1513043589.6400669,660
query,1513043589.6400714,1513043589.8195245,1833
query,1513043589.8195302,1513043589.9613307,14
query,1513043589.9613342,1513043590.1421194,2719
query,1513043590.1421247,1513043590.3581438,2629
query,1513043590.3581502,1513043590.5273328,2591
query,1513043590.5273373,1513043590.7260025,2602
query,1513043590.7260077,1513043590.9116733,2391
query,1513043590.911677,1513043591.0715382,40
query,1513043591.0715811,1513043591.280849,453
query,1513043591.2936647,1513043591.514591,2578
query,1513043591.5145953,1513043591.7004209,1014
query,1513043591.7004242,1513043591.8755906,3006
query,1513043591.875595,1513043592.0658662,2898
query,1513043592.0658703,1513043592.231782,2031
query,1513043592.2317867,1513043592.403767,1344
query,1513043592.4037719,1513043592.5200784,563
query,1513043592.5200841,1513043592.6427596,421
query,1513043592.6427655,1513043592.7570693,418
query,1513043592.7570715,1513043592.9463332,2495
query,1513043592.946337,1513043593.144951,1276
query,1513043593.1449552,1513043593.351658,2782
query,1513043593.3516612,1513043593.533815,3430
query,1513043593.5338202,1513043593.6901753,1478
query,1513043593.6901793,1513043593.8698297,2402
query,1513043593.8698337,1513043594.042814,2847
query,1513043594.0428188,1513043594.233199,2076
query,1513043594.233203,1513043594.4370608,1696
query,1513043594.4370644,1513043594.6488864,1982
query,1513043594.6489236,1513043594.9622822,697
query,1513043594.975196,1513043595.1235948,2987
query,1513043595.123599,1513043595.3445585,940
query,1513043595.3445623,1513043595.5149045,1469
query,1513043595.5149088,1513043595.8189075,3000
query,1513043595.8189108,1513043596.0125387,2116
query,1513043596.0125418,1513043596.2425659,3064
query,1513043596.2425709,1513043596.3561964,1
query,1513043596.3562005,1513043596.6252382,2250
query,1513043596.6252425,1513043596.8384736,2561
query,1513043596.8384778,1513043597.0372345,238
query,1513043597.0372384,1513043597.28207,1802
query,1513043597.2820745,1513043597.4699144,1829
query,1513043597.4699185,1513043597.6681535,1491
query,1513043597.668159,1513043597.8296368,2495
query,1513043597.8296416,1513043598.0030818,1228
query,1513043598.003086,1513043598.154239,1573
query,1513043598.1542451,1513043598.2705133,641
query,1513043598.2705193,1513043598.6071913,874
query,1513043598.6072025,1513043598.8933203,2995
query,1513043598.893371,1513043599.102097,580
query,1513043599.115643,1513043599.3137045,849
query,1513043599.313708,1513043599.427235,922
query,1513043599.4272397,1513043599.6258354,1578
query,1513043599.6258395,1513043599.7763162,1865
query,1513043599.7763212,1513043599.9332623,2582
query,1513043599.9332669,1513043600.0616224,1290
query,1513043600.0616276,1513043600.2716587,2510
query,1513043600.2716627,1513043600.4146147,971
query,1513043600.4146183,1513043600.5292048,1050
query,1513043600.5292096,1513043600.7290282,3372
query,1513043600.7290313,1513043600.8383553,599
query,1513043600.83836,1513043601.0330815,2633
query,1513043601.0330863,1513043601.1814065,2377
query,1513043601.18141,1513043601.2858748,281
query,1513043601.2858787,1513043601.505267,3003
query,1513043601.5052722,1513043601.6491554,576
query,1513043601.6491604,1513043601.846083,2944
query,1513043601.8460865,1513043602.082323,2609
query,1513043602.0823278,1513043602.282447,3230
query,1513043602.2824879,1513043602.4162443,2832
query,1513043602.4303155,1513043602.5382838,531
query,1513043602.5382895,1513043602.671892,388
query,1513043602.6718965,1513043602.8278189,80
query,1513043602.8278236,1513043602.9723175,1500
query,1513043602.9723217,1513043603.1881742,3087
query,1513043603.1881797,1513043603.3325744,416
query,1513043603.3325791,1513043603.5071685,2071
query,1513043603.507175,1513043603.765787,3244
query,1513043603.7657912,1513043604.0393734,326
query,1513043604.0393775,1513043604.30473,2466
query,1513043604.304733,1513043604.4386272,1182
query,1513043604.4386306,1513043604.651203,1357
query,1513043604.6512077,1513043604.8371387,2476
query,1513043604.837143,1513043604.977304,971
query,1513043604.9773085,1513043605.1011593,90
query,1513043605.1011639,1513043605.2851586,2565
query,1513043605.2851698,1513043605.4267943,1756
query,1513043605.426797,1513043605.6125433,1452
query,1513043605.6125474,1513043605.7384033,182
query,1513043605.7384481,1513043605.9522448,947
query,1513043605.9647188,1513043606.1330242,228
query,1513043606.133028,1513043606.313829,3281
query,1513043606.313834,1513043606.552755,3237
query,1513043606.5528085,1513043606.7730637,2697
query,1513043606.7730682,1513043606.988846,2464
query,1513043606.9888506,1513043607.1285708,399
query,1513043607.128575,1513043607.3154805,820
query,1513043607.3154848,1513043607.5032706,901
query,1513043607.5032744,1513043607.725534,2576
query,1513043607.7255394,1513043607.9211447,1598
query,1513043607.9211485,1513043608.0960956,2801
query,1513043608.0960996,1513043608.2616346,1404
query,1513043608.2616398,1513043608.4359682,1855
query,1513043608.4359732,1513043608.683456,2799
query,1513043608.68346,1513043608.8361287,407
query,1513043608.8361328,1513043609.044949,33
query,1513043609.0449533,1513043609.2417166,603
query,1513043609.2417212,1513043609.4746928,580
query,1513043609.4746974,1513043609.6425593,1064
query,1513043609.642594,1513043609.8489172,994
query,1513043609.8625762,1513043610.0885117,3104
query,1513043610.088516,1513043610.2256992,232
query,1513043610.225703,1513043610.4047458,2072
query,1513043610.4047487,1513043610.5460079,1537
query,1513043610.5460129,1513043610.673933,1136
query,1513043610.6739385,1513043610.8013976,1117
query,1513043610.8014023,1513043611.0424948,1067
query,1513043611.0424995,1513043611.1628835,0
query,1513043611.1628888,1513043611.3218303,1206
query,1513043611.3218474,1513043611.4631972,624
query,1513043611.463202,1513043611.6863985,2599
query,1513043611.6864078,1513043611.8464975,1508
query,1513043611.8465016,1513043611.9952872,2555
query,1513043611.9952908,1513043612.133326,865
query,1513043612.1333306,1513043612.3150363,3175
query,1513043612.3150406,1513043612.4816768,2683
query,1513043612.481681,1513043612.6566641,2177
query,1513043612.6566684,1513043612.9040012,2578
query,1513043612.9040055,1513043613.1487033,3128
query,1513043613.1487439,1513043613.4710543,2878
query,1513043613.4842336,1513043613.6575785,2894
query,1513043613.6575825,1513043614.0133867,3087
query,1513043614.013392,1513043614.2180226,1994
query,1513043614.218027,1513043614.4046214,3248
query,1513043614.404626,1513043614.6239457,2398
query,1513043614.6239498,1513043614.868606,2975
query,1513043614.8686104,1513043615.097781,3020
query,1513043615.0977855,1513043615.301436,2323
query,1513043615.3014405,1513043615.437509,1116
query,1513043615.4375145,1513043615.6684103,3144
query,1513043615.6684148,1513043616.0469346,1451
query,1513043616.0469384,1513043616.2578728,1503
query,1513043616.2578773,1513043616.3743298,0
query,1513043616.3743336,1513043616.5329,630
query,1513043616.532904,1513043616.7484984,3449
query,1513043616.7485032,1513043616.9557986,894
query,1513043616.9558034,1513043617.1212883,1822
query,1513043617.1212924,1513043617.3515663,2398
query,1513043617.3515708,1513043617.5038555,872
query,1513043617.5038967,1513043617.6326687,514
query,1513043617.6456378,1513043617.8174155,2213
query,1513043617.817419,1513043617.9751508,3012
query,1513043617.9751544,1513043618.2404418,1025
query,1513043618.2404454,1513043618.419709,1898
query,1513043618.4197128,1513043618.624367,1991
query,1513043618.6243708,1513043618.8654218,2116
query,1513043618.8654258,1513043619.0362551,989
query,1513043619.0362587,1513043619.1823478,348
query,1513043619.1823514,1513043619.470429,2438
query,1513043619.470434,1513043619.664939,16
query,1513043619.6649437,1513043619.8227289,2308
query,1513043619.822733,1513043619.9598584,4
query,1513043619.9598627,1513043620.1332033,2434
query,1513043620.1332073,1513043620.309875,2505
query,1513043620.309886,1513043620.4463475,2018
query,1513043620.4463522,1513043620.6849117,2743
query,1513043620.6849172,1513043620.8126557,1270
query,1513043620.8126595,1513043620.9402788,1409
query,1513043620.9402828,1513043621.077116,417
query,1513043621.0771558,1513043621.1915462,122
query,1513043621.2061887,1513043621.3094907,0
query,1513043621.309495,1513043621.4217653,226
query,1513043621.421769,1513043621.6739514,3346
query,1513043621.6739566,1513043621.8435495,381
query,1513043621.8435562,1513043622.0020537,3042
query,1513043622.0020595,1513043622.1542058,2250
query,1513043622.1542118,1513043622.236549,0
query,1513043622.2365534,1513043622.370242,506
query,1513043622.3702471,1513043622.5193815,539
query,1513043622.5193863,1513043622.6712863,1056
query,1513043622.6712935,1513043622.890152,2253
query,1513043622.890157,1513043623.0492923,1709
query,1513043623.0492957,1513043623.208565,2910
query,1513043623.208569,1513043623.3675888,1102
query,1513043623.3675933,1513043623.4919205,38
query,1513043623.491925,1513043623.6597407,1764
query,1513043623.6597452,1513043623.777628,481
query,1513043623.7776322,1513043623.9441752,3043
query,1513043623.9441798,1513043624.0841184,77
query,1513043624.0841923,1513043624.2447023,2314
query,1513043624.2617102,1513043624.3875866,563
query,1513043624.3875947,1513043624.5383291,1610
query,1513043624.538333,1513043624.6950452,2785
query,1513043624.6950495,1513043624.8197193,630
query,1513043624.8197234,1513043624.9980261,2893
query,1513043624.9980311,1513043625.1560473,1173
query,1513043625.1560516,1513043625.325731,2686
query,1513043625.325735,1513043625.4621599,1055
query,1513043625.4621632,1513043625.6237905,696
query,1513043625.6237946,1513043625.7562006,2084
query,1513043625.756205,1513043625.8885596,835
query,1513043625.8885634,1513043626.0708952,2572
query,1513043626.0708995,1513043626.2880182,2902
query,1513043626.288024,1513043626.6017735,2245
query,1513043626.6017778,1513043626.8582516,77
query,1513043626.8582566,1513043627.104312,936
query,1513043627.104318,1513043627.2922928,1454
query,1513043627.2922971,1513043627.4325385,597
query,1513043627.4325433,1513043627.6019616,2873
query,1513043627.6020443,1513043627.8699045,686
query,1513043627.8829913,1513043628.0769067,2841
query,1513043628.0769107,1513043628.2439318,995
query,1513043628.2439363,1513043628.4280791,525
query,1513043628.428084,1513043628.6202593,2889
query,1513043628.6202633,1513043628.797138,332
query,1513043628.7971427,1513043628.9795578,53
query,1513043628.9795623,1513043629.1124184,0
query,1513043629.112422,1513043629.2543344,505
query,1513043629.2543387,1513043629.3719342,1274
query,1513043629.371938,1513043629.5129735,42
query,1513043629.512979,1513043629.7216928,1043
query,1513043629.7216976,1513043629.8577576,333
query,1513043629.8577638,1513043630.05469,3107
query,1513043630.0546944,1513043630.267328,2816
query,1513043630.267333,1513043630.4752972,3197
query,1513043630.475302,1513043630.6599824,1656
query,1513043630.659987,1513043630.8130372,992
query,1513043630.8130407,1513043630.9670715,2528
query,1513043630.9670768,1513043631.088549,458
query,1513043631.0886002,1513043631.2897985,2722
query,1513043631.3064785,1513043631.4542508,1672
query,1513043631.4542563,1513043631.6177478,620
query,1513043631.6177533,1513043631.8047156,2403
query,1513043631.80472,1513043632.0292046,2457
query,1513043632.0292077,1513043632.1316578,1
query,1513043632.1316617,1513043632.2373147,2
query,1513043632.2373216,1513043632.3932526,7
query,1513043632.3932574,1513043632.5676262,837
query,1513043632.5676308,1513043632.7130408,154
query,1513043632.7130456,1513043632.8329432,1207
query,1513043632.8329482,1513043633.0295737,2995
query,1513043633.029578,1513043633.2139535,2848
query,1513043633.2139585,1513043633.3976362,2478
query,1513043633.397641,1513043633.53268,2810
query,1513043633.532685,1513043633.657823,2127
query,1513043633.6578276,1513043633.8025386,2360
query,1513043633.8025448,1513043633.9532757,331
query,1513043633.9532812,1513043634.1437855,2586
query,1513043634.1437902,1513043634.3286679,2773
query,1513043634.3287222,1513043634.4880815,2035
query,1513043634.496621,1513043634.7127945,2631
query,1513043634.7127986,1513043634.9514327,2718
query,1513043634.9514363,1513043635.1767504,2940
query,1513043635.176755,1513043635.3660514,1190
query,1513043635.366055,1513043635.503782,299
query,1513043635.5037858,1513043635.6526766,950
query,1513043635.6526809,1513043635.838077,832
query,1513043635.8380814,1513043636.019529,2635
query,1513043636.0195332,1513043636.144863,1485
query,1513043636.1448677,1513043636.3407316,2917
query,1513043636.340735,1513043636.475418,630
query,1513043636.4754238,1513043636.7116594,3298
query,1513043636.7116656,1513043636.9454005,2962
query,1513043636.9454048,1513043637.1090791,337
query,1513043637.1090841,1513043637.2927623,2497
query,1513043637.292767,1513043637.4714825,2100
query,1513043637.4714882,1513043637.6577005,1953
query,1513043637.6577046,1513043637.8503108,2374
query,1513043637.8503156,1513043638.012925,1105
query,1513043638.012982,1513043638.1263573,2
query,1513043638.1344178,1513043638.3129475,1596
query,1513043638.3129518,1513043638.4788914,2519
query,1513043638.478894,1513043638.6208448,225
query,1513043638.6208487,1513043638.7530854,787
query,1513043638.753091,1513043639.0174797,2719
query,1513043639.0174842,1513043639.258942,2545
query,1513043639.2589455,1513043639.451786,2467
query,1513043639.4517908,1513043639.6830525,2601
query,1513043639.6830566,1513043639.8297305,635
query,1513043639.8297343,1513043639.9612634,352
query,1513043639.9612694,1513043640.0844607,676
query,1513043640.0844646,1513043640.2488477,1626
query,1513043640.2488525,1513043640.4080703,122
query,1513043640.4080746,1513043640.5695612,1639
query,1513043640.5695648,1513043640.7635899,232
query,1513043640.763594,1513043640.929548,499
query,1513043640.9295528,1513043641.1023476,3159
query,1513043641.1023517,1513043641.33921,2701
query,1513043641.3392136,1513043641.5085812,300
query,1513043641.5086381,1513043641.6410532,1195
query,1513043641.65501,1513043641.8090296,1304
query,1513043641.8090336,1513043642.0687912,2817
query,1513043642.0687952,1513043642.3538027,850
query,1513043642.3538055,1513043642.5171506,1803
query,1513043642.5171552,1513043642.7485988,278
query,1513043642.7486033,1513043642.8903396,1297
query,1513043642.8903444,1513043643.3115716,2400
query,1513043643.3115761,1513043643.5182028,849
query,1513043643.5182066,1513043643.714109,749
query,1513043643.7141137,1513043643.8639712,313
query,1513043643.8639758,1513043644.0901842,2737
query,1513043644.0901904,1513043644.246206,1478
query,1513043644.2462113,1513043644.4597926,2893
query,1513043644.4597967,1513043644.67256,675
query,1513043644.6725633,1513043644.8337476,2490
query,1513043644.8337512,1513043644.9842901,82
query,1513043644.9842942,1513043645.128735,169
query,1513043645.128739,1513043645.2981827,2040
query,1513043645.2981873,1513043645.5851667,3168
query,1513043645.5852096,1513043645.770655,1976
query,1513043645.782981,1513043645.9393377,760
query,1513043645.9393415,1513043646.0796888,225
query,1513043646.0796914,1513043646.2393343,2255
query,1513043646.2393372,1513043646.356896,0
query,1513043646.3569002,1513043646.5011508,1166
query,1513043646.501155,1513043646.6561291,1782
query,1513043646.6561356,1513043646.9398985,2647
query,1513043646.939903,1513043647.1818507,2749
query,1513043647.181855,1513043647.3304546,803
query,1513043647.330458,1513043647.564997,2512
query,1513043647.5650012,1513043647.7218463,1416
query,1513043647.7218502,1513043647.9000707,2153
query,1513043647.900075,1513043648.1051726,3282
query,1513043648.1051767,1513043648.2993517,2974
query,1513043648.299356,1513043648.50174,3090
query,1513043648.5017445,1513043648.7110877,2840
query,1513043648.7110915,1513043648.8773932,2092
query,1513043648.8773973,1513043649.1096413,2700
query,1513043649.1096458,1513043649.3381693,1962
query,1513043649.3382144,1513043649.5778627,867
query,1513043649.5907085,1513043649.826424,1710
query,1513043649.8264287,1513043649.9837027,1625
query,1513043649.9837074,1513043650.1742034,583
query,1513043650.174208,1513043650.3657563,2500
query,1513043650.3657596,1513043650.5212321,6
query,1513043650.5212374,1513043650.6952746,2147
query,1513043650.6952786,1513043650.9076748,1378
query,1513043650.9076793,1513043651.0618596,1912
query,1513043651.0618644,1513043651.1796575,1049
query,1513043651.179662,1513043651.34138,414
query,1513043651.3413844,1513043651.4848807,731
query,1513043651.4848847,1513043651.612029,1873
query,1513043651.6120331,1513043651.8532283,3082
query,1513043651.8532338,1513043651.9982266,2605
query,1513043651.9982314,1513043652.119449,1030
query,1513043652.119453,1513043652.299879,2393
query,1513043652.2998824,1513043652.4615278,2909
query,1513043652.4615312,1513043652.593764,944
query,1513043652.5937786,1513043652.7308679,2593
query,1513043652.730902,1513043652.9525678,2369
query,1513043652.967238,1513043653.1973784,2736
query,1513043653.197383,1513043653.389516,2152
query,1513043653.389521,1513043653.538255,725
query,1513043653.5382597,1513043653.8105385,3042
query,1513043653.8105433,1513043653.9847527,4
query,1513043653.9847562,1513043654.165895,3233
query,1513043654.1659,1513043654.3889515,2495
query,1513043654.3889563,1513043654.5335152,0
query,1513043654.5335195,1513043654.7005262,2362
query,1513043654.7005324,1513043654.8779705,2311
query,1513043654.8779752,1513043655.0376832,3125
query,1513043655.0376866,1513043655.1798146,1280
query,1513043655.179819,1513043655.3432226,1965
query,1513043655.3432276,1513043655.4631965,12
query,1513043655.4632025,1513043655.5696113,579
query,1513043655.5696156,1513043655.7337413,2483
query,1513043655.733745,1513043655.8812077,1097
query,1513043655.8812127,1513043656.0727477,2143
query,1513043656.0727532,1513043656.2778032,3011
query,1513043656.2778592,1513043656.4897773,2780
query,1513043656.502654,1513043656.7299638,3084
query,1513043656.729968,1513043656.8635552,302
query,1513043656.863559,1513043657.030776,3216
query,1513043657.03078,1513043657.1815865,2101
query,1513043657.18159,1513043657.3372762,0
query,1513043657.3372808,1513043657.5665646,1185
query,1513043657.566569,1513043657.7792077,2348
query,1513043657.7792113,1513043657.9534795,1662
query,1513043657.9534848,1513043658.1420522,3014
query,1513043658.1420698,1513043658.3280442,873
query,1513043658.328049,1513043658.4933677,3339
query,1513043658.4933722,1513043658.5903988,3
query,1513043658.5904021,1513043658.7351735,1250
query,1513043658.7351809,1513043658.9173367,1824
query,1513043658.917342,1513043659.2524304,997
query,1513043659.2524352,1513043659.4285495,1635
query,1513043659.4285533,1513043659.5955606,500
query,1513043659.5955648,1513043659.739509,393
query,1513043659.7395136,1513043659.955158,2050
query,1513043659.9552014,1513043660.1936593,2973
query,1513043660.2080147,1513043660.3514261,600
query,1513043660.3514292,1513043660.4933286,7
query,1513043660.4933333,1513043660.6298213,2641
query,1513043660.629826,1513043660.8656378,989
query,1513043660.8656433,1513043661.0777,1577
query,1513043661.0777037,1513043661.2701182,2894
query,1513043661.270123,1513043661.3991055,1370
query,1513043661.399111,1513043661.5202448,1625
query,1513043661.5202491,1513043661.670634,2278
query,1513043661.6706388,1513043661.889193,1550
query,1513043661.8891983,1513043662.089379,353
query,1513043662.0893838,1513043662.2947712,2896
query,1513043662.2947755,1513043662.4642515,545
query,1513043662.4642558,1513043662.6354973,2228
query,1513043662.6355026,1513043662.7259505,0
query,1513043662.725955,1513043662.8837461,1267
query,1513043662.883751,1513043663.023246,2107
query,1513043663.0232503,1513043663.1892233,165
query,1513043663.1892283,1513043663.3173575,375
query,1513043663.3174143,1513043663.4644916,836
query,1513043663.4779031,1513043663.5902896,363
query,1513043663.5902941,1513043663.7894351,3109
query,1513043663.7894394,1513043663.964735,2836
query,1513043663.9647398,1513043664.1838667,2630
query,1513043664.1838715,1513043664.3796434,2043
query,1513043664.3796465,1513043664.6076736,2635
query,1513043664.6076772,1513043664.8117056,1839
query,1513043664.8117104,1513043664.9758215,0
query,1513043664.975826,1513043665.1595838,3212
query,1513043665.1595879,1513043665.3572881,1531
query,1513043665.3572922,1513043665.5717885,2993
query,1513043665.5717926,1513043665.7253373,752
query,1513043665.7253416,1513043665.8952463,2371
query,1513043665.8952513,1513043666.078265,1976
query,1513043666.0782716,1513043666.2138722,1329
query,1513043666.213877,1513043666.3941393,560
query,1513043666.3941438,1513043666.4748065,0
query,1513043666.4748108,1513043666.6256003,1148
query,1513043666.625604,1513043666.777855,2127
query,1513043666.7780774,1513043666.9343984,1701
query,1513043666.9467494,1513043667.105399,864
query,1513043667.1054025,1513043667.341817,659
query,1513043667.3418214,1513043667.5491018,645
query,1513043667.5491054,1513043667.7408514,2458
query,1513043667.7408571,1513043667.9184844,4
query,1513043667.9184902,1513043668.0805523,2317
query,1513043668.0805573,1513043668.211026,3093
query,1513043668.2110302,1513043668.3502119,196
query,1513043668.3502164,1513043668.60347,2657
query,1513043668.603487,1513043668.7339108,2123
query,1513043668.7339156,1513043668.8646057,1286
query,1513043668.8646097,1513043669.0367556,2595
query,1513043669.0367594,1513043669.1586459,1472
query,1513043669.1586502,1513043669.340313,2611
query,1513043669.340317,1513043669.4897187,799
query,1513043669.4897237,1513043669.6102061,278
query,1513043669.610211,1513043669.7601075,1279
query,1513043669.760111,1513043669.8592796,238
query,1513043669.8592837,1513043669.9638116,334
query,1513043669.963866,1513043670.1394007,2879
query,1513043670.1517935,1513043670.2692304,2198
query,1513043670.2692342,1513043670.412201,2020
query,1513043670.4122047,1513043670.5201662,3
query,1513043670.5201702,1513043670.6401062,426
query,1513043670.6401122,1513043670.7802382,1098
query,1513043670.7802436,1513043670.9356508,2526
query,1513043670.9356549,1513043671.0612054,1401
query,1513043671.0612104,1513043671.2621255,963
query,1513043671.2621303,1513043671.3796015,1607
query,1513043671.3796055,1513043671.5342112,2327
query,1513043671.5342155,1513043671.715426,1481
query,1513043671.71543,1513043671.9128177,1989
query,1513043671.9128222,1513043672.0960634,2903
query,1513043672.0960681,1513043672.2557223,300
query,1513043672.2557273,1513043672.4308183,1757
query,1513043672.4308248,1513043672.5374548,193
query,1513043672.537459,1513043672.7126737,2935
query,1513043672.7126782,1513043672.8654313,1434
query,1513043672.8654356,1513043673.0298328,2665
